28147
28768
30807
29857
29702
30034
24779
30147
28966
29010
27938
29702
30698
29429
26855
30807
29924
27938
30296
28980
29825
29179
27911
29702
29602
28653
29746
29922
30167
30604
29702
29564
29666
29564
27830
28693
27698
29922
30278
28980
30356
29564
29427
29153
30167
30278
30356
29319
29702
30520
31048
30312
30961
30447
29564
29702
30797
29702
25657
30334
30560
29153
30685
30447
28113
29290
30798
28480
31323
29702
30442
30167
25097
29114
29059
29320
30807
29407
25822
30356
29922
29702
31153
30938
29702
31156
30795
30797
28191
29564
30807
29564
30097
29898
29363
29702
25657
30295
30296
30681
30167
28477
30786
30356
30548
29290
29602
30533
29564
28768
28336
27698
30167
30446
29862
29862
29825
28575
29855
30795
30681
30446
25822
30376
25831
28653
30296
28147
29407
28902
28746
30520
27938
29746
30804
30356
30604
32165
29702
30097
31153
30807
30446
29564
28575
30242
30807
29564
29317
28353
30442
29924
29164
30578
30604
30296
30062
26117
30062
27546
28705
30807
30356
25101
29427
29854
29956
30681
28477
30309
30447
30447
30453
29702
30813
28980
29857
30795
30147
27546
29702
30296
30604
28797
30278
31213
30690
29746
25101
28980
29170
29564
27546
30807
29218
30797
30804
30797
29702
29830
28191
30442
30573
28336
29427
25372
29564
25869
29564
30797
30017
30797
30604
30384
30333
25657
31312
29114
29602
29236
31153
28697
29702
29855
30807
30797
29218
31156
30807
31153
29290
30757
29924
29956
30227
30807
28653
31350
29746
23477
28693
29702
28697
30813
28966
30479
29830
30242
29878
29857
23477
28113
27129
29429
30807
30242
29825
30795
27129
29702
30759
29830
30685
30442
28966
29956
26117
29936
30447
30020
29666
29702
29564
29968
30295
30227
29319
29564
25869
29956
29342
30681
30333
29702
30551
29564
30167
30147
28902
30296
30453
29114
30453
29830
27830
30604
29956
30062
30334
29564
29407
30147
24779
30807
29702
29854
30344
29319
28353
29342
30996
30797
30412
30069
30795
29825
31153
30347
29898
28746
31213
28697
25868
29336
30347
30698
30556
28746
29319
29702
30145
29363
25822
28147
30797
28980
30296
29702
31069
30807
29885
28980
30807
30167
28147
30447
29924
30227
30560
29407
30807
30082
28147
27830
29564
30807
28980
30578
27843
28575
30356
27938
30242
27332
30944
27911
29830
29922
30586
27734
30296
29336
30759
30807
29564
30447
30604
30296
29936
30295
30242
30551
30578
30586
30807
30533
30807
30938
30795
28485
30034
23033
28980
29936
27938
31049
30226
29702
29564
30548
30356
30097
30384
30807
30295
30807
30556
29666
29602
27298
30167
30062
30295
30889
29805
30759
29888
28147
30295
29317
30384
29855
29666
29732
29830
29179
30295
30140
27332
29319
29429
30227
29564
30961
29924
29924
28113
27298
30442
29218
30167
29702
30261
30462
28147
30447
29495
29878
30604
25097
30138
30097
30807
30586
30167
29429
30356
30212
29746
30034
25822
30560
29059
30442
30034
29317
30807
26891
30813
29415
29319
29564
30442
30295
31156
24779
30447
30453
30167
30227
27830
30493
30295
29319
28768
31153
30034
30757
30807
27938
30062
30356
29702
30447
30807
30795
30807
29564
30573
27843
31153
29702
30681
28806
29732
31153
30138
29317
29702
28799
28966
30604
30296
30807
30520
29936
29602
30167
29290
29702
29564
30446
29520
30278
28147
30807
30147
30295
29666
29956
27129
29936
23033
30296
30140
30797
27129
30938
28653
30961
29885
30757
27698
29825
30097
28477
28191
29917
30681
30447
29336
30296
30442
29702
27830
30278
30034
29153
29898
30347
30147
30296
28806
29924
30080
28889
29407
30757
25372
29666
28799
29702
30807
25372
29702
29764
26891
29898
30147
30797
29236
30062
29519
29746
30759
30356
30384
29179
28809
29956
30062
30681
30453
30446
29114
30447
29956
29968
30442
29830
30034
30462
25097
29476
23477
30295
30333
30167
30757
30295
29319
30759
30807
30462
29702
31323
30295
30578
30167
29936
28336
29520
29702
30344
30462
30295
29702
30020
30573
30479
30996
29854
29764
30573
30227
28485
30797
28477
28797
25657
