698 5979
79 371 26346
545 348 27492
350 11 7526
103 419 32337
390 276 26015
200 73 21246
69 99 21812
448 635 11429
405 222 17794
344 128 14713
572 478 21122
613 639 14879
164 590 19362
263 640 20235
170 439 376
691 42 18169
632 236 29035
84 373 28925
353 173 11424
507 42 14812
667 550 2503
177 399 4016
432 378 18854
25 483 30727
650 608 25714
535 398 17392
448 8 19025
67 440 10944
186 337 2973
435 253 8055
314 557 11713
220 427 15871
59 501 30663
236 169 1220
584 247 19947
152 41 1112
188 420 21975
244 251 4638
87 224 9553
395 289 11305
70 617 15228
111 450 27618
637 217 2309
641 56 29189
150 513 26057
292 129 29204
570 96 4831
338 658 15456
22 250 24075
573 60 11557
28 408 14332
404 483 3194
361 442 8429
542 156 32257
270 340 18299
684 85 28816
303 295 9167
600 643 23899
622 96 19827
292 167 25409
520 316 21602
143 134 13884
594 461 5687
390 258 17469
228 668 28295
161 331 10186
613 583 19917
57 237 22068
490 357 17513
69 169 14933
89 400 30635
221 437 28157
8 556 21721
283 313 21415
585 421 15027
65 299 16134
70 418 19433
490 112 30347
15 385 15729
80 652 28923
495 431 18891
118 515 6558
197 99 3731
637 480 27321
110 212 3051
665 147 8533
65 528 21928
211 142 32373
351 26 21578
54 478 18766
335 454 18460
669 195 25383
236 628 11036
314 49 2267
659 380 7795
556 221 10044
226 274 22181
695 329 16076
464 274 1477
470 10 2172
361 553 9552
647 357 12412
137 510 18810
152 622 23865
404 400 26128
387 74 10270
637 31 12613
349 66 31417
325 93 11003
594 16 15944
286 522 20326
679 16 17636
366 152 12836
112 426 6847
608 692 15131
138 7 21296
555 438 4280
625 240 14469
483 334 29542
127 505 22221
609 499 31835
397 557 31008
558 450 26118
574 486 11788
246 149 20164
160 414 4908
433 102 22191
237 397 20757
270 94 8087
97 171 10275
380 207 8843
659 192 969
473 381 4226
507 567 3435
182 305 7158
96 493 30963
81 411 10138
363 603 5280
381 200 31348
101 622 21174
133 331 21495
686 587 24354
110 288 6902
446 317 11314
473 154 30861
530 200 2274
604 382 3149
642 133 6264
382 139 6476
76 148 13928
21 451 9198
162 658 17072
228 291 1659
162 384 21032
308 306 5863
169 154 7048
319 304 8785
524 245 1286
235 135 21281
143 313 16351
650 177 7381
681 80 13863
50 142 5336
17 106 1201
505 371 16887
504 623 7673
608 22 29783
378 576 21573
577 351 13806
207 155 14469
396 374 26615
262 251 18581
661 248 15316
351 395 8947
81 64 30297
358 397 12030
406 685 25215
402 608 12381
218 460 5346
561 494 24872
186 616 13217
303 389 16856
328 154 28279
540 112 7991
376 278 16674
656 491 11711
142 596 3705
363 142 22321
664 32 11452
424 572 16963
274 38 11267
6 335 1458
142 117 1496
439 566 12079
661 39 4450
83 323 7118
421 71 6568
332 232 25344
252 615 23509
461 142 5703
631 696 4485
366 178 10020
593 82 3973
316 576 12783
385 113 31626
62 212 1937
680 61 15303
300 92 26975
373 567 6513
211 656 20873
435 362 11152
371 385 10200
77 291 4525
107 668 13739
186 565 24120
506 654 23928
120 570 24263
220 489 22846
135 691 17523
684 546 24737
341 161 6397
512 365 25273
531 12 32140
559 310 18598
386 138 30232
98 447 19861
168 90 4323
275 375 11704
515 110 7053
542 566 4438
594 74 24488
35 39 31247
336 610 7895
605 353 26583
401 557 19160
567 166 14427
350 616 20499
645 695 16085
691 506 18808
571 657 2925
540 72 10972
152 333 8382
290 301 27409
639 386 15137
529 18 2408
543 26 8379
167 33 619
424 100 654
618 48 30179
628 88 5626
468 160 29837
46 615 2928
212 503 13835
238 608 12864
141 160 26611
315 190 17108
188 593 27916
211 264 16303
119 59 20497
175 379 29445
83 138 28573
597 589 4564
682 444 4360
20 561 20151
444 7 9819
480 646 30196
90 551 14247
674 192 22898
494 691 6756
289 440 11927
221 21 420
536 43 22848
447 330 2103
477 653 18004
278 293 12827
623 155 15769
248 375 5323
143 251 17886
76 223 28231
298 481 10126
156 357 237
691 212 6478
105 314 7806
284 691 32564
649 666 30430
21 301 12466
29 490 3954
185 146 16979
330 488 20013
538 145 10198
33 684 20390
151 265 30799
693 260 25041
234 31 338
221 258 1325
357 667 30550
380 249 21641
226 692 16596
36 294 14250
383 319 26315
384 467 24440
210 57 28846
508 584 19076
634 602 10993
138 278 1787
530 164 24226
530 361 9064
290 591 9690
360 222 20941
469 339 7148
109 573 14595
591 633 31122
582 517 24158
555 639 3216
169 491 1536
413 305 14215
412 523 29295
553 345 4582
350 217 7232
174 452 10556
271 275 24818
122 586 7266
385 67 21592
544 474 7726
238 304 25120
81 602 12456
16 594 21840
672 314 27397
150 28 14811
564 414 11215
169 403 28825
150 607 1534
570 490 18501
463 191 21236
469 4 3662
326 528 27799
504 525 24736
296 608 31233
430 175 9646
396 241 15996
224 273 615
522 637 19903
277 463 32217
165 119 14769
174 216 20654
237 39 3354
682 340 13002
275 160 1025
526 482 25526
628 314 15795
296 400 14997
559 127 28070
161 493 20692
510 273 10155
356 108 26337
389 484 6456
275 436 1155
306 628 9389
679 493 7847
269 218 13530
454 70 19142
64 97 3644
487 255 19500
556 305 12451
573 213 8643
91 46 22335
269 28 15163
229 404 7754
259 147 12957
284 487 7370
315 342 25511
461 213 9750
182 228 3217
275 54 14893
477 536 23552
241 115 15620
696 668 32340
388 314 11330
300 401 28820
456 71 2104
363 667 10666
11 442 20466
266 137 6825
165 504 6569
73 376 11594
514 354 18440
83 77 21496
281 320 29191
12 621 241
610 339 5691
580 180 620
345 617 29680
669 677 24517
691 390 13173
471 199 30747
103 455 13395
277 360 23787
238 184 13160
582 290 17284
603 180 21539
134 550 32363
287 63 16211
6 339 19466
604 185 20288
321 315 31298
593 290 29712
306 677 30384
481 542 27809
342 341 29128
20 88 28513
684 133 20246
200 327 15302
243 113 18244
57 295 6267
473 258 28852
101 188 19293
76 562 27085
171 206 28627
352 287 11349
11 557 1330
224 467 13155
308 110 29224
694 483 9685
355 13 18029
384 124 28642
215 479 17567
317 207 5516
402 477 15216
276 341 460
566 459 11458
541 108 17434
620 196 30300
156 583 25674
413 86 6087
308 409 18303
147 242 2389
380 482 24713
207 643 11032
670 225 5690
377 170 11714
250 330 10913
189 153 12446
338 269 1064
679 189 30492
341 300 5644
669 204 23985
619 614 22433
270 194 26869
290 118 21094
681 224 15170
135 314 23763
153 109 15430
142 191 11366
526 335 6982
265 241 4958
293 533 24573
388 59 3868
287 236 18277
592 205 21039
122 349 198
79 107 16748
604 160 21731
407 538 32161
165 505 9241
679 38 7114
34 660 18893
521 245 11217
32 605 8836
546 655 12855
403 11 32616
653 592 21313
480 460 3385
282 98 11899
418 691 28118
292 5 24495
562 515 19162
614 547 22179
553 692 19721
360 274 18743
247 489 30595
176 123 31677
231 147 14061
500 423 2471
309 473 21528
383 117 19667
644 62 14032
685 242 3106
464 83 20688
620 79 18981
390 423 29204
649 218 29432
685 21 32513
346 62 21673
27 418 22040
413 690 20419
196 385 30254
316 174 5575
369 577 30563
276 458 10693
207 306 30798
612 623 15185
412 309 3602
464 364 28288
658 93 24925
666 293 17344
411 162 15235
314 274 10391
569 425 11816
8 25 22197
26 188 1346
542 125 6372
409 241 9812
598 632 26030
682 90 12595
583 471 3545
163 354 30128
272 687 4360
397 248 28416
549 421 5403
68 664 16572
526 252 3381
620 427 31429
235 420 25436
630 565 121
588 345 1085
367 457 9465
390 403 3705
548 511 12658
672 246 12154
434 226 27552
679 120 30164
232 695 8714
208 94 9615
450 344 4270
68 99 29938
171 697 27656
463 238 6313
379 177 22973
224 593 15447
182 221 25951
626 442 249
334 133 25842
558 233 27809
398 164 5186
352 562 28528
171 201 16172
422 567 20450
585 550 29287
226 93 1213
79 302 10095
221 461 19779
558 82 2970
253 593 18564
641 477 11151
486 333 29398
457 45 17286
536 629 23775
379 632 2591
571 631 12730
593 158 20158
484 188 18969
319 136 1436
624 526 10357
384 622 11026
615 482 24233
119 244 5333
263 150 6029
645 448 8976
54 595 24428
290 318 7325
385 529 23656
221 496 10455
486 174 1063
568 497 7859
670 383 3685
53 153 5155
135 52 31803
48 71 2545
13 285 6714
370 129 3989
146 103 30634
660 221 6068
388 614 30608
205 331 16706
343 317 28746
686 282 25226
482 344 21724
495 262 31359
683 124 12103
263 414 8738
84 30 21887
674 656 31467
322 460 19166
534 320 14447
435 76 15905
690 618 4796
389 644 6231
432 494 31774
270 440 11082
451 192 12365
142 459 20035
530 384 27706
569 475 11841
675 36 9448
577 662 21239
680 325 14621
263 82 27689
106 252 11472
462 657 29511
681 57 20121
668 531 7000
271 466 1682
111 115 32135
402 511 19303
8 662 31482
269 491 9612
413 604 31935
558 393 4559
539 77 8422
391 514 19389
384 368 4141
383 442 23960
474 314 14784
592 574 5839
601 68 6911
689 196 2866
471 202 5967
460 297 19553
361 329 18513
395 73 31777
179 103 10528
210 153 29081
35 375 8036
469 318 17580
396 99 15195
1 161 31209
598 51 9249
633 531 3782
292 651 6116
239 273 6433
183 192 16333
105 34 24124
282 281 26037
211 543 1205
253 449 6260
361 459 21857
83 151 5999
503 668 17928
640 629 24496
192 389 19561
162 281 13063
647 493 26903
266 340 8960
284 123 16367
261 459 32565
187 157 7656
395 694 29412
115 310 12042
129 266 27289
164 107 26045
548 498 16653
122 448 19440
617 270 24203
212 96 19410
174 592 30838
575 290 16644
356 89 1743
57 464 9361
660 481 25535
497 17 13596
172 258 28056
267 170 27126
498 186 32204
688 157 6935
697 14 10178
627 396 24895
16 639 2206
103 577 6303
84 220 3404
638 388 30167
527 141 1649
33 378 4154
518 243 14867
479 647 30084
226 600 28949
465 493 6806
599 621 21205
429 314 6608
19 221 19345
138 151 31509
487 623 19044
25 118 2740
573 506 27125
514 537 23447
72 325 9001
211 540 18059
136 408 2943
586 561 23431
121 564 26844
412 234 6965
434 362 8945
580 462 15912
156 276 24193
533 296 7305
409 530 26929
354 160 17440
245 72 7334
560 228 17408
128 121 5665
269 336 31813
416 420 7130
353 681 9631
531 226 23488
490 116 6054
238 222 26480
601 551 26149
126 241 32641
31 35 3292
606 187 29813
134 265 24181
270 54 11755
569 303 5779
347 438 22766
398 255 6213
549 389 25713
356 160 22867
617 418 24406
206 34 4104
149 579 3475
640 154 15506
221 293 12887
6 70 26648
194 391 11061
410 68 17151
664 642 7367
187 245 31015
519 310 11071
650 230 28167
151 679 6628
568 450 27623
657 188 17013
614 658 30892
122 118 12755
540 492 18423
41 339 27031
372 640 30086
353 27 24150
637 202 9233
368 526 22716
160 87 7193
437 46 29645
18 261 25457
71 40 7403
9 218 20825
696 656 19055
377 558 11400
545 87 9210
345 90 14203
359 165 9161
105 473 1249
367 53 23211
598 67 20734
195 104 2166
339 351 15954
594 186 14596
423 508 760
620 540 6688
572 286 8551
303 629 22766
312 223 676
204 13 5558
9 493 267
275 167 29457
20 38 31275
600 422 494
123 553 9080
13 317 24046
119 116 28851
346 147 17917
663 287 11360
500 13 27453
580 450 16805
577 511 9365
31 440 29787
108 328 16264
86 160 12098
123 106 22303
206 547 31123
588 329 8
420 691 23656
303 658 17722
602 72 21934
610 252 29375
45 557 14753
131 32 5235
613 165 25852
152 697 27862
259 180 12652
485 91 3141
361 388 2785
295 178 11064
370 617 8143
664 196 2643
676 630 16260
362 132 29038
145 48 24860
482 585 739
94 53 21176
451 452 2748
368 195 1026
136 161 18846
402 427 4138
181 63 2429
185 400 27352
145 71 7813
289 53 12492
692 206 24763
569 234 26661
559 124 15159
512 549 17792
38 535 13330
425 558 8818
275 625 23649
270 388 1800
250 261 31174
121 484 19283
552 636 901
485 139 14125
289 245 19234
120 51 30131
242 380 27886
377 406 32558
547 118 32530
689 563 5983
168 497 30194
671 576 30571
318 206 27395
417 571 469
14 12 28522
136 47 17489
285 20 26106
667 509 24142
227 289 6255
32 235 29832
307 34 27123
487 276 30985
570 280 15702
262 182 3163
405 36 28540
101 655 26585
179 668 14061
245 368 27239
273 136 24465
32 87 22513
280 307 17910
602 618 29062
495 284 14265
30 59 3822
434 438 1763
654 419 9213
135 618 15456
154 603 27429
636 561 31187
131 631 7141
227 638 21879
88 566 28462
73 129 23245
490 228 3287
119 565 29001
129 306 9392
280 555 17979
60 83 15067
95 111 2464
67 455 25198
84 617 26025
111 277 4753
491 28 10008
190 80 16785
595 96 8382
126 326 20128
174 525 32450
238 127 20023
500 129 3706
206 689 22110
608 50 1532
252 657 16189
428 219 8881
349 585 16833
49 241 6287
61 264 16712
621 429 21447
142 518 11909
329 274 3337
334 588 8473
538 95 13485
504 542 21150
39 323 21340
220 356 24850
658 263 16155
466 359 30688
401 73 31160
535 483 1539
455 33 18958
348 107 19692
123 138 13221
639 353 10041
533 476 26756
218 562 14173
266 314 16227
654 106 3528
576 146 11383
187 569 4915
589 119 17798
131 139 28439
133 366 2582
145 243 2943
279 619 3788
602 446 3757
237 447 22346
403 431 30800
36 473 11329
659 529 21306
409 258 9064
521 207 28124
34 478 28053
615 442 6889
355 112 25394
487 676 26866
388 156 16828
371 430 23268
36 465 11540
575 376 17567
435 477 24007
77 492 22054
511 688 412
212 647 25886
319 671 17921
505 292 30600
44 457 23609
428 468 17413
516 360 5453
311 310 6918
312 553 2103
99 692 18861
513 360 7871
521 121 21073
105 237 30202
302 621 8161
611 68 17784
429 52 28826
175 579 3193
388 261 27083
434 265 9926
411 357 27036
193 63 13054
253 20 3354
463 449 29307
79 343 20459
600 467 3868
402 137 30840
648 220 3469
646 432 32379
280 320 13040
512 677 4906
149 83 23278
515 121 14707
603 225 14235
310 535 16904
106 486 18093
150 506 21043
346 282 32766
384 290 11680
31 533 28494
293 280 6818
330 355 8120
267 404 13733
312 214 18230
682 10 8314
421 564 13477
418 136 24628
570 454 8191
163 118 28392
158 564 13141
21 266 27978
170 267 4751
147 327 24391
594 311 17421
443 71 14154
287 471 22242
659 569 11868
174 697 27079
441 480 21916
228 62 16905
250 485 709
192 469 1064
461 127 23732
588 24 26595
350 366 11822
19 651 32731
262 122 5213
52 294 28957
631 270 27573
318 334 20781
661 348 22852
672 238 24940
227 91 18330
505 446 5354
420 663 30151
583 496 18952
121 535 7210
335 575 29558
531 171 32255
403 491 9323
524 85 20460
619 31 8750
355 198 31498
608 20 20810
463 129 16653
608 33 7936
252 66 29085
222 680 30676
513 473 2569
2 550 584
659 610 4042
499 625 16681
517 216 2971
358 202 750
385 289 3598
570 134 11293
326 200 26598
653 675 2237
203 443 3998
545 496 29997
651 395 23267
257 58 26884
255 208 3569
375 384 20161
609 520 7181
544 558 10610
259 204 7056
365 680 26020
611 163 13642
292 435 25902
201 520 2589
443 296 28096
200 273 31516
333 583 12342
631 641 16289
580 389 13085
610 165 4617
431 491 5369
632 177 18203
324 202 27420
175 590 11592
244 470 2103
652 615 26693
494 463 16879
230 248 29356
9 2 28439
337 437 21159
10 221 24668
29 65 12244
238 490 5001
318 189 10209
626 547 26034
20 572 19603
304 530 8925
656 483 28980
372 103 4618
290 588 9885
127 419 4772
214 603 19538
556 387 7362
322 563 17011
129 509 1990
474 437 23399
374 228 29494
534 287 32144
518 24 7140
445 48 17511
36 238 23489
526 148 11732
287 424 7408
214 205 19354
119 452 14579
537 681 23088
503 396 8969
343 437 21860
214 617 26899
613 545 30866
561 539 6300
508 483 23384
628 191 32215
663 680 23826
438 333 4279
155 202 8319
297 435 18530
112 345 18014
458 384 1968
46 528 12517
498 140 30078
198 146 13154
365 50 27126
415 256 30821
103 96 13850
116 578 28220
88 377 32054
537 378 31925
465 510 12294
460 647 30814
374 323 1969
656 177 1716
501 58 13036
233 230 17412
105 422 20956
183 610 18162
416 694 28050
697 686 26329
343 430 24121
145 382 16768
337 224 30007
209 380 17596
241 475 21858
530 468 7604
457 359 20437
191 3 16543
60 563 913
632 513 27020
534 260 4731
292 461 23726
75 331 27652
131 368 8011
114 473 13805
446 8 12084
322 199 14602
360 188 6912
105 361 5650
182 36 27762
142 507 27357
320 685 17361
687 100 2711
675 413 7722
542 667 3039
675 154 22948
561 466 17860
244 61 29297
51 373 28952
304 403 30732
166 288 5534
352 19 11701
88 373 17136
10 541 31349
251 463 25405
455 139 3084
457 122 18984
99 103 11667
87 499 3182
433 589 7615
589 161 15646
372 202 31239
22 582 29579
443 304 27414
316 124 2369
242 178 29779
648 162 24986
83 121 27493
225 163 21713
250 78 32255
238 38 5796
70 167 6999
313 39 13532
522 153 25612
383 581 9304
185 449 15993
212 484 21365
657 106 9881
78 688 28384
138 660 6153
78 306 565
360 440 21971
243 642 28673
470 519 9983
78 511 29943
342 345 12321
395 647 6265
352 212 12636
586 345 8398
620 653 28048
448 671 27540
89 164 10930
518 266 31562
170 567 25723
225 509 12560
30 307 16883
529 440 5612
306 446 29567
83 166 22835
252 142 8830
685 149 20966
593 618 23710
270 196 28457
147 340 13414
583 453 10263
672 594 32177
5 32 13730
203 289 26629
128 640 16710
106 292 4627
400 377 18860
334 55 22721
487 361 23196
655 34 27018
354 57 26573
641 657 21276
677 23 12903
175 358 16504
344 221 12132
695 605 2562
145 102 30989
214 295 9539
373 262 64
168 300 1870
41 2 590
132 198 5889
457 299 20097
26 491 9117
126 360 12989
546 335 18791
537 407 2223
393 355 4438
489 526 25984
373 585 14835
689 70 27672
390 591 18169
521 477 17991
293 53 600
295 531 25454
367 358 21671
610 211 23433
14 13 5162
104 453 19360
30 22 28914
373 489 15622
349 566 18890
9 78 15096
148 601 18662
503 258 12920
598 515 30866
326 75 9845
52 174 24407
150 677 13979
545 395 28740
414 434 362
405 392 1900
448 495 6752
81 542 5040
616 218 13143
684 430 18027
132 669 17516
460 25 30372
380 489 7
291 228 10438
256 169 18647
464 448 11544
33 112 15850
674 73 22118
496 543 21794
394 539 14234
338 268 30387
622 458 29239
465 238 11384
319 148 14582
518 607 20021
384 27 4340
523 179 12329
673 393 24874
513 538 19322
600 553 21299
117 411 12387
139 346 14728
493 489 24613
348 237 28339
362 102 306
607 115 15916
170 13 18953
145 568 13028
88 641 4025
144 512 28832
9 623 11017
653 62 21686
206 293 29618
294 243 20429
327 472 29490
4 621 3494
491 28 14627
26 80 24869
216 354 30998
161 285 23046
361 503 24161
637 420 14094
92 684 23658
413 270 25229
374 264 16970
95 359 8336
211 503 3811
440 518 23838
279 509 32446
228 558 28226
667 253 8013
427 13 28892
630 242 27486
646 68 30833
443 321 8940
618 454 26989
26 245 17544
107 480 21138
149 337 22806
364 140 17805
535 559 12946
284 519 22506
618 562 25872
616 350 27862
223 448 11589
419 172 32123
58 60 14889
409 297 6350
41 107 30620
71 158 5424
390 65 5653
554 219 15665
110 599 12221
112 591 28236
652 185 9611
115 246 31616
127 439 12087
115 449 32527
429 553 12065
391 179 28106
50 117 14205
422 477 938
299 627 24678
273 420 21689
57 152 9891
162 156 15973
206 26 6465
500 625 29919
583 338 12375
196 239 17678
564 255 20872
178 548 12097
496 386 22305
145 420 1957
233 528 29924
425 486 8483
278 529 8670
523 125 31812
318 186 20707
597 68 22294
356 391 18810
556 180 7251
329 1 29022
85 668 24383
652 455 23277
15 403 7916
612 349 1805
376 22 18154
686 78 2423
291 327 7308
431 673 13416
447 73 20302
199 551 11551
691 662 2043
296 576 23743
433 566 26017
529 406 10600
636 527 10365
33 696 20892
197 327 10847
204 473 14421
22 42 313
479 584 31320
334 436 5078
434 91 21920
448 288 20969
130 369 20988
534 651 30709
531 125 17974
378 305 7362
668 693 22361
631 9 2389
679 31 30709
538 483 23973
498 304 19306
305 580 5000
133 117 13736
233 413 24199
323 380 23017
606 664 673
72 458 27458
99 118 21790
19 676 2095
644 270 515
23 140 30298
410 233 13772
438 246 1616
698 486 15981
345 362 16103
288 506 26576
679 131 15991
512 86 5958
690 466 5180
213 315 18090
100 350 15998
415 500 19237
38 201 2630
241 226 7374
223 677 22480
566 31 27555
547 570 21251
545 611 909
408 483 4483
31 267 9317
613 140 20549
151 113 21567
39 471 18609
535 4 8547
447 377 22952
7 256 5812
425 597 6934
602 443 8318
267 3 29393
286 91 6365
464 579 30703
190 429 31297
207 316 28136
589 681 7094
171 162 29457
396 325 11766
562 171 13911
468 294 16758
144 220 13895
97 55 15596
420 213 16323
16 599 10489
501 469 11505
240 696 24838
169 492 21834
458 630 25197
232 79 17882
84 157 27271
225 527 17663
200 172 10555
526 310 26456
65 132 20764
383 412 9122
607 468 3896
692 86 29098
78 632 17450
97 316 9380
683 75 1292
450 343 27533
279 377 18008
234 535 16986
467 655 27617
162 334 13599
364 462 8288
332 613 12927
42 14 7248
587 495 23801
524 31 14098
538 394 25327
193 236 3720
647 260 29575
186 94 4264
122 660 31394
199 246 4031
484 67 30889
634 317 5457
686 566 6886
284 565 12509
25 43 16271
612 167 22263
150 325 23776
41 568 23142
201 571 25809
685 404 27731
612 335 18245
83 139 12712
81 140 13005
118 374 11059
526 609 14420
357 525 15142
370 38 4165
562 11 19977
183 212 22
132 231 26179
338 95 21816
181 58 20663
9 63 9945
577 124 28210
426 513 8704
141 440 4249
140 177 7145
255 196 15388
102 261 5293
598 272 31700
665 78 18577
184 475 13971
379 197 30880
487 7 23517
18 3 17233
19 636 10806
89 615 19562
51 189 1868
390 566 8032
79 550 14245
410 66 14821
171 365 1761
489 695 5220
667 111 29352
90 395 23699
389 216 31191
635 31 31344
475 637 7834
408 558 29239
399 319 17767
138 585 22078
429 286 13338
4 650 20914
614 553 23455
500 65 29101
485 583 7156
75 562 17439
51 59 9573
444 588 15484
544 103 19277
645 279 7217
280 402 23494
194 616 29000
103 339 11533
300 163 10187
319 295 23683
517 271 15043
381 268 1169
206 647 22496
430 635 17885
535 31 21814
453 624 13713
327 687 14989
379 693 26016
223 163 26681
673 110 7502
277 583 9076
527 116 18285
19 460 5296
552 690 26880
412 405 7771
562 216 28236
591 356 29448
249 223 5503
415 158 2052
485 82 1393
378 195 32178
241 152 1071
244 48 26958
557 335 5196
284 582 9184
556 68 20784
220 499 28812
179 582 471
598 353 127
213 605 22214
570 419 9509
263 462 29467
82 23 29044
450 388 2565
81 360 12652
155 229 20740
313 410 2842
615 487 7361
109 635 24257
21 663 358
645 691 9210
156 628 4277
348 489 8167
70 240 8015
656 481 29900
194 76 10225
597 516 17832
545 552 16014
414 187 2222
182 398 24200
497 283 14759
576 669 1667
454 261 31138
445 121 22906
614 114 23428
62 506 12328
319 336 13645
318 380 30431
144 419 23606
484 465 13151
344 509 17902
125 534 27477
557 406 13219
646 328 12157
690 496 23452
345 7 6315
113 65 3204
253 36 23319
218 256 4547
67 307 2509
316 660 17015
97 282 1804
230 683 11489
400 282 16370
627 99 20069
444 538 211
404 306 19580
411 16 15620
70 269 15638
36 197 24582
462 568 19814
652 610 30543
63 679 3090
216 403 2861
359 233 22580
237 273 8813
494 305 2234
72 539 32719
366 593 22523
163 76 31089
445 323 3494
553 143 10678
247 292 21837
197 670 30290
539 679 14912
672 449 21889
638 188 29043
681 374 8857
72 160 160
371 165 2672
303 406 32235
531 64 27982
400 420 9642
411 102 22378
94 503 27684
200 622 12831
38 655 3942
260 509 24402
95 423 4472
248 149 24017
355 78 32159
509 691 12427
626 574 31594
331 66 23532
90 355 2238
616 566 13257
452 464 20512
393 88 14753
176 469 743
195 284 15898
49 678 30498
220 389 10750
376 507 5972
232 656 4659
454 33 1620
177 518 22357
536 196 17394
402 638 23807
55 70 12081
282 87 11753
274 357 2361
607 242 31076
686 578 10313
289 246 3034
139 28 27728
452 84 1880
390 420 20221
244 547 595
218 186 10081
91 17 8740
698 194 32120
118 38 5105
590 80 9272
66 122 16887
650 579 20720
364 207 7285
343 462 7458
176 673 5293
648 655 23582
152 291 19885
320 326 4
312 399 23008
126 405 507
296 678 28063
506 72 28602
160 655 3632
669 143 29884
561 170 16887
82 271 32689
205 6 29134
276 503 5390
636 17 21683
405 493 1479
417 254 13902
344 645 11669
464 422 32268
373 55 7778
453 72 24494
501 568 18083
200 496 24486
43 150 16078
450 534 9377
614 496 3637
601 266 15611
121 131 29148
607 23 23072
657 336 27123
81 393 16277
558 653 5371
613 308 8644
421 429 23794
444 474 5483
15 498 2819
190 508 31675
359 622 22777
368 39 23108
388 650 24165
496 1 6305
60 498 16942
468 547 29238
449 25 2548
324 470 20412
280 7 13005
228 75 3985
128 368 30528
534 377 21769
377 99 21643
544 60 5676
60 333 5527
144 204 7340
362 119 29741
586 482 23028
697 283 20799
595 398 6044
684 153 11111
602 96 1201
483 44 26353
92 127 13705
508 173 15610
299 584 12058
110 178 20376
412 329 22545
545 640 32520
273 592 31004
331 404 16458
422 257 8995
697 447 28602
79 310 11621
143 676 31366
472 532 22194
51 661 20500
75 23 15415
648 662 26799
389 124 7582
247 642 24855
604 283 6507
73 307 17096
401 49 32222
567 532 7959
404 70 18883
31 170 14193
663 486 22002
222 545 5983
670 330 11125
482 496 21794
370 93 5000
295 152 13314
559 628 17907
222 10 12198
203 182 3948
300 181 6660
199 517 11519
108 277 32217
642 356 15029
256 365 30121
262 177 17135
499 611 11173
656 226 2349
223 98 20763
72 442 26172
394 399 7225
50 261 17664
685 339 20802
669 570 22097
480 397 6284
296 49 14248
84 322 29919
217 667 23441
62 25 9745
246 119 21528
583 245 12779
202 13 32425
347 352 16827
216 127 20006
199 308 3374
617 470 23319
685 580 15156
533 577 19262
515 664 2082
28 608 22779
90 318 11352
292 445 6212
513 424 265
686 488 23068
564 325 18680
508 137 4297
164 554 24908
51 455 9789
358 539 716
228 460 9073
169 398 13846
16 250 8865
5 656 15800
366 196 8099
588 263 3889
380 197 8411
672 573 4163
339 131 14451
451 697 16416
402 86 20699
52 497 19539
525 136 26828
121 675 24444
152 638 8758
203 68 19502
315 358 9441
605 13 8339
158 385 8372
521 588 16301
315 156 1237
556 335 25406
325 144 6175
649 353 30145
366 379 21672
519 685 5634
70 52 2889
643 183 24107
326 411 13668
218 264 18026
543 261 19038
513 540 16247
656 40 15240
625 455 31651
513 281 13419
445 641 23866
178 52 14004
442 560 14168
32 180 28719
111 599 2700
239 67 3734
244 345 14544
10 152 10273
471 547 25799
20 446 24852
118 406 24133
487 225 5569
293 135 12928
390 243 19898
682 26 16518
690 255 26658
297 365 8901
100 33 6757
510 71 25807
386 251 20919
397 319 26777
485 616 7472
168 470 8423
500 121 18782
19 391 28332
136 513 6046
325 585 3451
524 117 19114
389 541 8031
55 69 28425
683 417 8889
268 307 8564
202 303 31990
62 386 28234
262 83 23344
352 691 3235
544 268 1567
467 688 31913
39 356 30951
183 376 17466
200 261 8867
687 219 30215
108 352 18619
568 137 11939
132 247 5226
656 17 4169
36 429 32766
393 177 20795
58 469 10420
613 118 31239
317 88 4172
486 215 18461
215 70 9622
171 203 7796
182 359 3503
16 204 20786
234 620 12210
316 70 14992
347 635 758
631 132 13944
177 3 9274
7 610 12172
425 227 20561
312 93 9106
291 38 8998
310 538 15997
21 451 28721
500 130 12944
483 116 17844
148 617 6469
158 181 15966
165 305 15360
649 366 15648
49 88 29885
285 592 7513
321 7 13876
660 295 21925
22 386 2086
580 253 5619
435 244 12245
510 593 6579
322 538 9681
684 656 19758
218 308 12711
357 431 4465
281 18 22797
289 33 27731
501 468 5022
546 519 23157
383 97 13649
222 283 22355
117 82 4386
360 640 5057
198 220 17066
256 248 19811
629 99 10398
259 227 23041
163 27 13158
351 581 20434
238 641 4686
523 405 20483
547 347 20225
434 352 27437
247 101 23113
364 19 28535
197 243 15951
251 86 16021
313 414 27084
320 440 7655
201 509 9450
514 455 23902
125 586 3016
622 328 16888
89 168 13278
68 73 26348
249 468 14511
519 213 21730
401 207 8594
582 173 28874
614 451 13690
30 188 11309
156 581 13049
426 145 7948
124 70 20990
677 327 30637
291 21 16890
209 525 1766
625 45 21103
47 413 12223
90 571 27932
481 175 14219
7 654 20533
196 122 28612
231 144 23669
404 381 1355
216 623 7662
376 414 30942
190 279 18388
116 522 29415
239 245 31426
450 418 22762
274 19 10796
347 205 21815
476 552 8430
648 608 29117
499 155 20035
567 104 3327
640 261 31627
615 671 23713
166 533 8348
665 561 29453
535 274 3998
360 481 26130
649 29 29345
153 264 21142
413 560 25701
500 661 7604
36 248 6932
646 160 3538
17 345 30431
108 48 13976
169 617 8119
373 419 18646
35 173 1180
459 656 13232
681 161 21561
594 239 14000
19 593 14790
138 480 7311
126 595 6756
96 147 25800
511 74 3696
359 86 13924
622 415 12164
292 521 8310
605 186 24349
656 60 32056
498 318 13082
630 582 21214
507 316 3220
624 537 22887
38 690 21185
585 657 28436
137 194 20812
261 498 7786
125 531 3527
533 460 29452
388 2 6887
449 590 20454
495 196 26480
337 112 32044
455 84 2596
523 270 11900
58 531 18525
251 497 5958
667 430 102
366 522 30263
419 457 28930
255 608 26648
406 305 1255
265 597 3239
332 255 9239
505 558 26699
561 312 26208
298 466 953
654 149 10596
158 521 9959
660 407 20985
168 186 16086
173 137 13258
425 304 5658
600 84 2930
309 373 5689
110 677 30355
541 626 23594
594 136 12946
606 42 5269
639 670 30206
313 496 25782
548 121 16848
439 523 10983
314 531 24325
279 397 11828
16 50 12864
174 646 30359
140 173 29297
655 32 4006
272 650 28863
94 639 30165
330 509 20256
497 457 29343
656 30 4193
480 442 17970
591 104 10133
281 561 15733
384 677 26138
333 397 18813
221 85 11968
314 506 27080
369 292 31147
334 4 19680
501 322 18446
632 390 818
97 694 30672
513 450 3642
481 165 18099
84 381 2639
421 521 4519
168 151 15294
279 333 18487
541 578 30704
588 695 30050
237 393 18891
653 235 30270
570 591 23706
363 554 19503
463 571 15118
105 531 15260
17 678 22596
540 522 26983
3 532 14038
678 158 14488
112 252 26193
204 215 5878
392 393 2486
56 357 639
538 454 14795
680 643 11018
407 360 27745
564 479 31340
121 454 9698
608 471 21246
648 77 11457
687 359 18262
505 290 20132
604 182 16264
322 67 5465
235 37 16218
89 545 7676
340 143 7713
271 679 11996
191 638 19530
518 593 14576
266 189 2997
102 265 14349
605 312 6005
501 610 28950
54 637 27787
414 435 28632
304 663 2231
455 186 28247
225 250 21878
357 525 3505
178 572 25796
676 251 3304
438 256 29245
288 124 1068
669 442 5808
227 189 11140
117 202 5447
120 463 27102
284 130 28866
64 380 26094
384 144 23690
320 402 9330
154 41 28794
635 132 30630
114 567 6068
290 657 12814
136 245 20960
54 486 17130
349 398 23451
358 502 11496
250 643 32270
206 443 14319
573 84 28386
292 177 25891
409 620 8448
353 642 6240
451 509 31724
2 347 11502
660 473 29338
562 363 21271
8 217 13317
562 255 13023
242 415 32506
457 290 29722
80 98 20430
314 466 1676
346 405 31231
131 207 25816
572 111 6377
347 52 9067
676 105 27161
70 645 30884
39 456 26853
241 503 7659
647 550 13906
255 647 370
527 522 18796
227 140 20178
151 335 25500
430 467 26832
648 324 8618
309 271 6361
597 24 3421
660 522 2342
163 602 7423
398 293 9349
285 24 25912
475 488 17201
249 77 14057
301 101 11848
557 332 17949
62 88 3004
179 213 6187
100 148 17111
130 112 9874
658 437 28065
656 43 12609
13 573 1485
64 250 30275
260 191 15359
192 62 15880
678 692 24193
224 442 13000
247 374 28861
659 268 7849
195 476 10019
38 199 16309
316 298 29502
633 332 12742
603 670 14877
153 100 19943
416 285 17253
675 318 7144
257 397 31144
330 509 24077
693 428 17612
49 53 10279
630 128 11692
395 504 10868
37 67 9791
251 648 11802
618 679 21469
425 58 1047
508 315 8574
198 209 10496
540 676 15890
327 335 28390
529 294 3892
327 356 27695
105 16 6888
376 53 2389
283 390 2866
181 472 8381
585 587 17559
655 144 2856
149 357 9455
7 388 30829
330 25 29203
466 203 26493
259 359 22596
413 388 16860
523 380 9830
615 510 24089
12 48 19043
31 362 18924
1 274 31308
682 370 2039
210 397 1816
383 304 13935
458 645 7184
692 105 11022
406 345 14916
650 396 17943
507 578 8613
117 52 24929
588 392 8598
454 393 8605
504 308 2312
560 143 24396
235 361 12938
99 266 10799
202 69 724
594 394 25869
456 295 12455
257 544 28959
348 5 25382
222 635 10129
241 226 12276
83 619 17610
422 4 21682
307 260 15488
37 423 16315
155 523 32453
409 206 10790
443 691 21898
133 61 14721
425 403 32590
362 412 27070
481 667 22259
516 535 28740
297 685 497
84 65 28456
371 104 5468
263 315 15350
289 98 14201
626 221 16281
530 51 18131
124 346 7482
509 320 20761
158 354 27696
385 127 29470
669 49 30045
326 322 26842
204 516 7818
382 643 28483
150 622 3735
404 319 29511
15 3 11173
459 137 12378
324 618 28802
31 620 9814
611 292 18681
152 68 407
36 175 15578
637 92 410
679 398 16340
618 57 27026
441 163 4215
163 161 25511
355 419 15094
148 287 19161
404 113 9351
42 591 22724
367 183 2669
588 629 2999
15 14 11279
199 420 3798
522 338 31153
664 407 20805
103 690 10659
228 425 6796
248 41 5122
697 693 6578
186 363 14692
678 113 31175
375 14 29441
258 15 16847
603 595 2874
364 20 32588
519 329 29581
12 688 16861
450 198 2387
631 592 5036
551 487 27872
126 675 11674
529 373 26331
190 647 30578
351 671 17897
551 480 17288
5 428 4861
393 487 29325
98 168 1259
336 166 6016
29 402 19481
286 334 7424
27 96 13654
310 44 9335
22 374 20294
61 331 11465
144 55 16356
414 114 20879
48 560 24586
11 547 29966
82 197 4343
237 331 13921
39 446 9303
293 435 654
608 467 10546
275 472 10888
72 41 4297
372 49 326
540 83 29782
300 502 27760
79 693 24862
542 440 22369
336 643 606
5 375 27488
169 435 22773
468 353 8549
495 19 32477
294 46 198
129 542 18634
218 28 31643
654 104 662
576 655 9409
17 481 4914
681 332 17598
575 343 7004
538 525 27124
204 468 11858
342 45 17895
354 316 9771
21 177 19593
533 279 23973
520 85 27576
398 224 22407
291 23 8322
302 450 8174
412 499 31943
421 8 3605
99 599 11079
80 85 3450
271 137 31053
229 546 19319
436 175 13420
248 651 8858
607 28 4111
387 382 28524
422 170 6595
173 344 12896
598 425 21643
83 312 4391
425 543 12962
316 312 32153
228 655 8806
696 277 4846
592 515 3700
691 692 10762
637 519 23061
27 79 19446
8 466 23173
619 299 5613
165 323 25290
319 309 25726
507 277 31498
588 72 17325
160 634 7585
534 237 16426
32 421 9071
416 685 23009
308 687 13835
359 21 4769
290 221 31204
565 323 29575
397 348 31610
279 259 31337
213 7 4649
41 213 15489
284 240 12365
636 631 15873
110 402 19353
176 569 5716
242 86 31229
139 97 1855
69 633 24181
23 551 16671
399 639 24200
546 533 14572
384 10 9329
246 621 17625
679 199 31517
546 21 15005
77 640 26756
35 143 5838
60 306 24585
231 379 22228
527 640 18923
528 107 14171
507 406 15842
408 552 1878
667 292 32382
663 338 17384
588 573 20465
595 134 19406
209 628 55
653 294 14630
692 77 12260
170 566 26275
607 510 29183
79 450 24970
553 491 32435
100 529 7189
283 632 18363
321 165 11273
174 61 3794
287 610 20382
309 40 32150
433 290 26389
62 41 31640
189 324 7047
184 686 27280
25 381 7127
280 291 23023
62 161 16073
100 636 31303
307 510 1453
61 265 28221
570 589 32037
249 241 23044
327 381 25062
26 618 5009
10 25 19846
364 202 25864
166 626 16175
348 191 16487
18 261 28821
543 607 12586
338 271 14913
216 512 5068
607 447 26368
121 429 22211
64 350 17418
11 102 7970
425 143 28337
212 603 24612
186 41 13194
177 148 17945
193 1 32242
686 627 13296
448 691 19713
166 635 6613
69 418 24399
32 563 4250
231 142 22793
167 693 14576
220 505 8277
652 449 11916
145 99 6642
418 86 16080
185 80 25743
46 620 20374
188 471 15197
465 647 20010
353 64 22717
250 401 26521
420 582 6172
243 49 726
455 312 16983
683 421 19059
238 650 29255
3 41 22229
210 592 26433
438 676 2860
397 94 31138
562 232 18079
27 599 18895
584 53 30818
596 97 15406
595 656 16562
599 76 29947
113 17 25073
640 319 23821
511 466 11351
406 430 21732
522 111 5095
189 611 11674
669 400 5046
590 304 22410
265 466 12966
634 309 1224
112 647 15644
274 33 20936
276 308 25690
349 406 28859
50 129 16267
117 610 25745
268 543 29597
517 589 7844
542 543 24194
26 500 24174
577 18 22377
240 269 5345
251 57 14605
166 300 21815
532 473 19517
628 256 6997
297 486 6160
80 38 29713
187 308 27282
486 201 28163
158 650 26576
420 555 14759
629 98 26240
301 560 5617
88 570 10434
426 493 8876
646 148 25771
36 319 1083
479 516 25495
2 546 31888
322 468 4212
91 102 19317
368 221 27783
576 322 23681
301 234 24413
43 326 4934
329 491 477
402 618 30372
530 219 11708
124 249 8770
311 435 4546
477 462 20884
338 451 8354
504 159 6663
332 571 13134
684 202 4635
495 350 30989
311 582 16794
77 333 7884
433 573 23343
682 62 17485
109 633 31234
493 437 12620
697 6 32303
70 490 5556
527 320 14630
453 258 18286
203 304 30558
230 605 13697
151 485 9955
18 317 31596
473 672 29343
117 49 28941
568 446 14449
679 630 4713
370 34 21618
427 395 30774
656 331 26103
236 198 9465
354 664 814
460 534 29707
452 530 22124
653 54 20208
325 143 27776
239 493 17081
193 258 7600
588 118 29294
163 22 803
177 356 1205
507 360 26858
665 380 23082
302 285 12513
289 536 26410
590 691 13603
628 127 18174
153 392 30921
256 296 22437
282 652 27683
123 370 13491
69 680 17842
622 530 3326
500 578 907
170 430 25101
424 143 8431
56 298 4489
1 115 31283
326 494 26650
357 510 19795
315 561 14973
524 355 20421
371 425 27830
288 569 615
670 643 14500
459 435 21146
441 207 15458
242 346 17386
533 123 11843
193 299 24532
124 24 22342
455 239 4489
544 645 30283
138 210 29116
13 167 15747
592 320 27359
146 11 2241
77 132 6237
527 642 1725
114 12 25519
519 118 10347
32 564 14433
347 57 4328
417 465 17504
390 174 17852
681 560 11306
468 121 21074
177 226 29368
230 434 17152
397 257 9012
6 270 6897
62 644 7900
373 275 1482
213 635 23465
94 363 20718
447 678 28808
61 540 414
499 412 4677
547 520 29809
422 126 12426
275 530 10202
206 436 17516
447 250 30382
355 345 10884
111 43 26858
181 179 8329
89 179 12335
144 78 17121
7 106 12971
386 488 16553
499 67 611
245 636 32024
684 78 6175
53 510 2903
299 267 28775
430 172 28192
321 189 3666
690 75 22201
169 594 15123
528 151 22323
449 435 27275
266 556 10731
203 586 19528
585 228 25798
436 289 3510
69 470 14491
513 484 32119
34 582 19911
667 398 26897
220 260 29925
313 320 1397
428 93 20248
512 619 18453
374 501 21360
470 602 6525
566 515 16204
644 457 2983
175 329 7625
634 644 3462
147 476 13984
374 46 17023
241 219 28414
277 634 32710
63 335 1852
298 362 19159
67 371 13950
226 29 23430
164 545 426
442 453 26968
79 543 23856
669 409 16167
690 372 16790
242 499 321
212 14 26833
611 382 4469
299 644 32455
354 546 23000
688 275 14738
138 593 21035
236 471 7773
205 496 7445
6 567 15857
420 619 29125
78 355 76
363 429 31629
467 11 14551
112 298 15501
205 86 17688
135 414 8604
350 108 30195
631 606 9439
424 569 2002
478 300 27093
92 296 2133
600 344 30911
329 686 18514
607 681 30894
342 43 28494
429 281 20126
517 472 438
284 617 11622
156 311 15750
298 64 13672
347 474 10522
257 307 5178
133 661 7773
204 316 29649
626 54 4248
99 648 17865
238 220 21895
465 415 25312
655 367 27266
151 593 24515
120 571 5346
17 661 12219
651 11 26846
392 584 728
543 410 17562
149 532 4276
259 436 13602
525 671 480
276 489 6528
327 209 14740
392 459 15409
300 453 11846
674 17 5542
310 687 6950
184 227 2708
635 185 28089
517 166 20286
340 667 14855
474 469 13564
122 146 1301
427 279 6579
261 91 10412
428 58 2296
122 303 17551
587 277 27912
498 678 28851
226 386 498
280 160 287
665 121 10097
512 410 30574
666 194 15983
377 630 1843
200 299 1327
177 16 10669
194 372 29063
553 85 29328
289 616 27312
233 438 31435
168 636 3233
605 1 6027
99 286 23783
569 583 763
196 369 7539
530 637 26985
256 490 17384
616 354 18643
597 306 7225
408 224 2578
152 151 21446
654 684 536
443 663 9780
173 334 28413
99 365 14256
53 358 22476
280 648 24678
698 450 18263
690 184 23370
277 684 31093
104 310 32395
349 403 3957
130 290 28233
188 257 2991
80 514 10842
478 688 32123
464 525 32337
593 52 15860
233 269 18173
114 539 13133
413 78 17170
289 543 5034
541 475 19661
323 220 25014
41 646 30881
637 430 11373
235 132 14674
588 643 18646
304 414 25619
128 127 6045
333 628 20345
407 273 16848
199 42 24159
610 3 32555
465 642 9239
230 268 15796
26 172 373
649 577 13728
380 107 12958
281 119 26026
256 469 21402
131 616 29549
17 86 30237
392 452 18528
493 603 3334
336 406 20345
66 401 17021
390 256 16565
466 638 21440
13 218 16104
530 46 23033
486 495 422
556 24 2488
398 631 10280
366 190 31454
3 420 29559
202 523 2341
565 137 21826
279 514 24964
642 266 20005
475 339 27424
601 10 20830
23 216 31372
100 646 7436
210 84 13441
12 96 32150
573 228 16731
644 168 6100
30 418 1273
653 533 26879
359 464 1750
567 255 31905
488 533 9329
666 267 14325
480 212 7263
620 630 22394
529 151 2721
634 491 9894
58 75 7951
543 397 25336
454 194 15603
693 438 29409
182 475 24372
492 486 28211
63 624 7833
255 371 14623
652 75 8204
428 572 29673
60 389 3820
64 452 4305
273 384 11203
173 317 20207
677 534 29191
376 3 29676
74 17 30634
143 326 14301
355 423 32676
3 626 15794
394 290 21690
536 105 30708
259 144 29749
151 664 19650
318 125 26696
28 627 32083
453 527 70
226 607 5219
214 98 26888
599 335 15450
75 423 4625
415 181 10508
40 508 23623
312 300 2653
596 153 21858
492 191 5174
555 352 20324
248 81 23948
544 489 1453
484 278 31589
633 138 18832
6 166 7713
368 147 28269
257 358 26228
385 315 29126
262 101 29899
560 255 13759
279 102 12576
82 182 9484
141 686 16987
140 45 19774
80 225 29655
321 381 30954
510 621 11437
489 207 9505
235 11 28610
248 193 26154
421 332 27864
575 689 32146
584 26 18959
19 46 6098
639 172 19096
573 492 29263
484 458 8836
578 410 6751
305 577 28922
396 170 7303
39 18 20800
444 101 26435
34 173 2122
639 5 26350
551 10 22483
204 368 2208
317 115 16697
556 409 28705
78 522 20865
149 379 20805
491 167 15698
62 568 5953
593 262 28370
76 69 25832
115 371 158
463 667 3786
533 605 18525
189 403 3237
484 13 22677
86 486 4531
173 365 5333
535 239 5046
395 83 25672
611 609 5836
589 69 3667
293 596 10356
443 483 10701
457 667 7763
565 285 4837
466 410 32142
694 1 25833
14 609 30167
452 47 19543
104 422 10119
142 616 31492
555 597 3665
116 659 27457
356 694 29301
566 194 16456
672 402 16512
384 538 16721
674 184 11255
606 66 31259
107 206 7044
440 469 18137
597 298 7543
545 302 19135
86 641 6590
630 352 22427
53 493 12961
501 504 29255
214 615 22502
55 21 13011
56 399 2083
412 36 4284
277 662 10861
312 516 2694
143 463 24230
423 142 21903
426 198 11540
651 600 11785
557 421 11788
92 281 18498
304 564 10445
144 670 17602
101 329 27636
131 165 9770
380 581 2648
276 570 10645
586 379 3769
524 100 16969
56 576 21307
179 459 26794
363 403 22966
429 587 21276
300 611 15251
412 562 733
619 193 30780
494 445 499
359 394 29711
216 71 20563
647 543 30688
47 231 11701
111 317 1381
531 179 31462
502 654 28445
568 605 10349
59 503 25240
518 175 25045
177 494 2601
566 223 11282
588 234 10091
461 81 21159
209 244 6679
193 607 4762
369 420 16164
111 3 17247
44 291 557
299 445 7488
78 642 28549
35 65 31206
246 494 8071
318 162 22292
154 582 1031
577 238 19636
570 463 1772
402 325 24260
613 35 5465
55 174 26817
542 298 13552
21 333 9129
315 372 10520
426 580 18603
300 130 3146
83 520 25108
455 231 9679
621 106 18727
691 362 15991
87 605 27354
105 420 22321
258 514 1709
157 434 31375
431 542 541
688 475 32404
366 59 28766
53 562 32358
684 371 24924
486 372 11185
213 182 15416
311 544 26086
694 524 10429
263 38 22938
183 663 10365
526 674 21675
105 272 19353
404 273 3067
247 112 13920
547 646 21983
128 561 17480
607 668 26772
178 30 18929
259 536 3671
602 478 6958
588 281 2294
197 626 23370
441 117 7407
143 353 3334
260 5 125
620 166 9466
461 556 17698
429 566 23661
342 508 21133
415 33 31666
275 295 16365
503 382 6833
660 673 21776
531 81 15149
220 174 20196
530 363 29658
569 629 15150
443 50 29796
295 261 28052
5 556 18937
123 178 17487
662 507 18674
486 439 15644
439 310 11184
195 120 19278
88 515 8133
167 312 1542
490 110 29185
66 551 12798
33 655 7942
94 189 27755
596 288 4443
594 437 25825
42 172 5961
208 88 12870
151 143 27106
127 2 29478
514 506 19448
80 500 9239
190 110 8957
507 492 30436
21 499 17660
325 68 3003
665 389 24101
47 286 18837
506 135 5549
521 647 17802
652 610 19692
674 394 16597
478 650 17660
10 135 21426
127 323 30283
348 533 28507
147 384 17118
283 311 3026
675 305 14128
198 423 9783
681 438 5883
616 156 15066
296 93 19015
352 13 12877
242 215 13463
625 429 23329
32 445 25352
409 443 4626
273 680 8127
601 336 14535
672 477 10241
137 199 8068
418 382 20408
218 691 8269
218 292 6244
75 624 27246
581 371 31396
135 491 29554
592 177 10451
668 555 16093
43 676 13941
278 589 16464
185 434 9066
48 247 5085
450 412 6935
313 176 14006
179 47 5901
375 111 24184
116 155 20952
248 645 6086
400 127 25075
200 67 1264
229 599 15898
249 299 31698
201 12 9074
134 316 28219
156 101 11068
36 637 2676
680 273 8461
429 346 27071
106 340 11205
14 623 236
663 285 27323
553 183 27470
457 260 5586
361 609 8893
276 614 19064
501 439 22372
492 419 18625
228 371 28810
597 422 19217
181 47 23455
149 35 10270
614 270 16685
593 591 25132
427 520 3966
211 1 30669
434 440 6424
543 124 2453
480 325 22877
78 117 1400
457 84 23536
210 457 21455
383 479 21424
189 309 19259
246 255 13415
140 283 18394
399 241 11903
574 235 30606
255 690 20057
170 484 4161
315 178 18721
689 198 1650
137 681 16170
496 223 18791
268 322 60
149 343 22494
360 114 14431
321 651 31507
110 618 27644
3 44 28523
232 624 24698
162 692 2360
687 394 2706
677 310 18751
185 568 28185
47 320 10249
604 168 4848
31 226 28726
449 376 24913
33 654 7996
458 687 27586
216 491 16727
611 404 30535
162 424 26781
156 389 687
262 571 2165
388 282 13328
575 249 30167
101 83 32721
250 315 25124
81 222 7883
43 356 10622
87 494 4465
678 89 3806
676 333 3068
410 534 20319
603 634 19462
454 23 9077
465 219 4650
583 669 8203
641 465 23152
476 300 17083
2 80 1210
93 243 12611
633 57 28032
25 68 23527
178 515 3779
247 620 8441
364 483 5525
460 317 27401
666 274 18078
535 172 985
126 179 8875
273 40 12250
293 621 20165
476 24 27518
178 643 10168
533 335 16707
679 553 5314
83 546 16577
469 158 23463
547 74 15922
497 566 27739
273 390 32541
442 659 25848
410 559 9260
353 328 32145
636 101 10100
597 53 18590
187 605 11996
122 274 7796
547 439 12030
253 483 594
566 11 26982
436 72 30473
374 685 7314
547 450 8566
292 562 16729
433 404 8625
259 184 28575
280 558 25155
174 20 23580
141 332 32507
465 686 1058
611 374 11585
583 312 32162
211 352 19959
62 453 20716
260 408 5444
371 320 3794
47 79 3804
273 645 20789
639 317 17833
63 313 19763
238 697 3037
363 122 25953
193 295 23761
165 267 4059
654 287 9287
153 692 14097
308 142 28382
511 495 19865
588 445 13791
559 273 27757
540 57 11436
316 486 20576
675 108 16506
292 43 14000
432 642 27411
544 472 16886
674 657 8156
110 423 2035
417 300 1626
654 445 32222
231 187 30677
116 107 31806
407 283 24062
651 670 21634
362 666 11930
29 583 16843
230 482 25763
617 621 11172
274 566 4449
440 197 3229
694 230 90
257 234 10246
62 516 32575
548 131 24897
120 587 14101
352 518 19543
526 585 13893
528 450 17122
1 596 25446
588 569 14689
193 647 7896
139 154 4242
512 383 28031
558 65 31600
415 560 12624
274 185 7639
493 40 17510
235 460 4357
199 142 20948
93 237 21108
410 474 4984
683 274 5819
245 262 15988
388 562 23929
640 61 28704
511 91 17529
224 1 27527
487 625 18317
444 531 31703
420 235 10201
324 406 27207
242 195 28794
161 223 13918
249 127 18391
608 232 13738
425 136 17401
318 118 31802
112 377 7612
159 176 386
695 188 12734
335 284 28016
277 46 3917
394 26 26583
226 395 13511
431 268 14466
437 680 22063
157 37 4228
408 415 30176
609 628 1449
48 565 157
284 24 12048
2 581 21882
418 672 32339
696 294 30541
443 397 29390
645 107 26797
515 179 11487
613 310 13471
265 672 17719
192 261 13706
482 490 12439
440 417 6407
549 161 29318
520 272 15013
551 291 493
327 120 2236
358 431 6293
32 209 3554
394 251 5904
678 31 32671
698 372 5638
130 459 73
244 587 23416
116 5 32490
156 227 15407
385 5 30785
323 509 5662
567 687 21372
554 239 29348
212 355 32289
43 503 7980
410 107 14274
685 158 6146
117 84 32165
569 517 3969
3 125 26094
413 410 20450
597 371 30443
518 356 16464
528 286 29320
181 600 1557
334 141 30501
343 579 8441
302 231 3639
237 374 3619
67 356 5761
320 464 32550
214 506 15052
60 86 6912
577 617 10072
298 384 7465
420 286 16271
322 321 2832
188 618 662
99 77 12949
35 438 26829
231 114 17501
144 405 7529
598 132 13082
8 367 24225
585 359 7447
273 592 21548
270 364 30629
187 124 7938
315 124 3147
77 588 5781
271 58 9656
177 317 26381
342 250 7911
418 433 24862
609 330 28934
10 631 6035
150 239 27886
410 22 12208
599 163 4946
47 298 24805
13 379 2807
660 671 21909
520 351 5769
185 186 16863
98 318 13291
355 246 26271
366 22 19740
668 620 9778
64 140 9983
414 170 7573
104 556 5283
32 422 12278
671 499 30190
215 264 27614
155 697 16047
256 51 30831
656 85 16251
674 633 7792
602 250 15343
267 241 21534
510 688 4646
285 497 17401
473 55 25989
494 121 26122
134 155 29485
509 664 16463
73 108 170
663 358 3664
25 369 17861
229 206 14613
201 627 22656
339 24 32744
276 25 3737
44 272 18350
482 62 2614
601 622 2489
39 517 20355
7 19 7270
5 277 24418
118 471 24288
324 325 30601
190 416 32478
212 62 21146
155 665 27196
238 427 8986
457 454 22456
22 229 6740
474 149 31037
656 476 10377
396 151 12163
573 423 22015
342 171 18925
393 525 11465
472 578 20201
402 443 14690
224 593 18495
243 388 15466
296 139 27670
189 306 21043
572 577 1686
241 26 9428
501 220 4458
137 78 17402
39 253 15768
14 509 2498
369 617 10595
507 161 5672
224 128 24372
267 260 29440
593 461 23492
93 137 28787
10 225 2289
209 208 20072
381 376 10250
81 541 24947
607 549 24953
189 355 8729
297 512 26895
373 258 2946
466 696 11620
34 657 27386
567 102 11775
627 243 21456
263 432 10057
289 192 25454
201 380 5243
490 4 28612
595 130 26370
563 162 11864
28 539 4108
313 12 27802
117 262 25662
194 166 8785
222 429 19146
579 52 3385
591 252 24653
453 392 12584
341 28 2892
562 123 6741
106 619 17191
317 425 10138
66 71 19409
29 77 197
245 633 14269
365 165 16722
547 204 28335
393 93 23078
583 72 4995
306 456 19747
356 198 15356
58 418 15280
639 658 21820
473 22 23940
343 555 5243
214 147 26455
227 31 18184
303 189 16716
78 332 1481
502 244 15141
687 400 4012
358 169 16558
590 601 11208
359 639 31447
683 439 16161
677 365 23158
164 644 2890
375 189 20405
590 157 8798
208 526 32133
153 245 20993
315 652 6838
176 437 27241
236 474 31369
324 433 10150
680 659 29907
436 637 29339
186 658 10753
180 559 31848
100 141 31146
131 589 12851
148 183 625
276 186 150
639 207 14423
604 63 9501
234 335 6881
253 695 12688
544 333 26255
552 65 14339
385 261 21914
387 268 10218
200 82 12797
141 452 917
583 54 12068
277 158 4834
335 641 19425
325 36 25364
13 31 28026
196 157 3332
349 68 2789
665 471 12837
91 56 11151
85 689 13851
348 40 16194
595 602 15827
541 358 32006
193 442 15962
44 439 5395
215 207 13540
675 362 9772
449 636 20170
460 358 8440
273 696 9057
404 366 9273
79 442 31478
184 57 29422
537 623 17759
586 64 455
215 177 10197
323 601 19310
547 266 15634
261 601 13202
551 201 5111
2 427 20163
636 476 30740
163 354 31089
147 402 27891
71 323 21168
121 71 20466
600 453 32661
531 495 7695
1 129 8770
576 5 12792
357 301 15360
429 553 17457
245 373 21489
325 184 23101
167 666 17479
237 495 29445
224 3 3582
515 409 28144
153 358 6027
326 643 14191
379 98 21768
93 343 228
294 153 6324
242 564 819
285 414 16622
480 226 21082
188 663 13552
310 526 28130
639 588 13292
337 328 19725
130 25 29291
334 325 30471
322 261 28656
149 249 5763
300 483 25423
650 14 13714
266 259 9789
105 125 14738
459 224 14590
479 537 8323
148 126 23875
686 609 14384
161 137 29582
206 278 23771
618 156 18621
35 233 4223
651 420 27013
79 507 15551
566 214 28683
661 469 279
529 487 9174
305 56 23534
409 643 16080
418 137 6294
96 107 18971
190 145 1381
323 304 23503
418 538 23653
594 486 6930
519 323 20047
152 310 25090
320 560 4812
116 668 11613
616 203 4658
174 84 22524
166 573 31800
239 51 29813
194 509 15447
663 155 384
467 470 1995
216 441 17903
428 76 2681
242 598 26465
562 237 20260
664 33 23283
507 78 13489
232 218 12700
588 357 25968
514 679 2553
498 499 9889
412 402 12211
619 633 17841
484 89 13509
269 144 13791
109 51 11083
140 678 27725
669 617 9892
578 425 420
408 386 24840
200 99 26585
9 98 24295
327 57 26549
678 162 15272
469 607 27942
662 416 928
563 313 14992
548 297 11614
529 521 14988
32 299 30875
101 268 9434
598 100 17264
195 604 22134
234 88 22175
371 369 26120
318 43 20499
336 110 29998
645 690 16102
530 638 21580
387 561 18054
290 202 4585
258 348 18137
558 671 20418
459 57 9581
260 157 1813
194 287 30736
115 629 4827
681 439 2927
555 434 12770
634 657 8328
230 657 3081
612 519 21010
241 567 27918
347 300 28454
624 687 11435
134 300 19157
253 113 28405
83 478 6252
532 614 22842
412 106 31374
363 149 22231
23 682 32633
351 240 26292
390 638 28422
63 55 30059
27 109 8006
252 59 20809
483 495 2770
45 227 7332
229 328 12319
107 439 6211
539 57 25460
550 67 707
44 179 17759
401 6 27451
1 156 3506
17 638 1181
677 227 24431
526 308 5241
204 43 29749
402 657 21293
399 350 11776
636 310 19627
339 68 5220
236 398 22620
100 107 32391
259 194 25545
212 558 15746
74 35 24335
616 603 4857
564 435 27463
88 163 11782
91 540 19057
546 155 23752
196 639 19836
63 485 11065
227 483 26754
316 655 22556
201 65 32338
63 627 28438
288 294 11231
497 79 854
554 450 12591
508 242 2142
102 248 22740
696 283 11969
663 346 16418
387 290 2297
266 547 29087
303 29 8346
137 584 12369
573 305 7828
632 543 28165
262 495 18755
102 354 32674
275 465 29047
369 506 2586
67 127 962
299 558 10152
180 531 26022
644 629 14412
86 411 7807
343 19 464
554 434 6715
663 310 689
96 696 10302
488 602 30923
627 398 17154
491 558 26514
202 345 15706
185 13 13117
478 557 14422
249 340 32055
577 28 20803
559 172 9127
402 125 22843
165 263 26868
643 521 12345
227 263 10641
131 103 7099
476 42 30068
447 45 13641
507 652 12284
554 372 26501
527 524 21572
220 362 28808
140 469 29959
476 400 5826
30 698 22178
535 542 14735
430 80 26335
402 193 14650
80 91 10630
355 121 27190
123 451 16875
31 274 30120
180 534 24817
103 334 15764
621 589 23608
626 628 9561
161 536 24181
30 534 3894
550 406 18977
386 376 1547
299 23 24324
398 454 30366
179 199 18499
655 645 7683
638 362 15357
219 37 31486
491 598 5792
536 97 11888
132 378 11123
462 200 23349
411 67 12561
563 429 20479
149 448 3008
233 560 9737
666 587 4337
186 122 5566
684 482 1610
418 335 7846
384 327 25606
62 596 21045
221 687 5524
266 555 10583
462 165 25778
109 486 23234
97 478 14983
668 118 15490
111 99 16219
288 600 25909
170 476 27905
581 309 4585
3 532 12567
387 380 23468
50 647 5022
109 438 5151
259 238 19355
47 291 17072
377 55 3781
306 596 17480
513 170 2662
144 53 3471
604 307 8950
611 654 5140
108 364 9512
679 384 31995
607 42 20050
580 166 28669
500 10 19320
113 554 25571
56 318 21867
322 155 30143
60 544 13750
101 569 28304
350 529 4941
645 232 4888
203 528 14141
322 602 18436
378 436 22732
91 16 2241
698 574 15820
243 78 14735
329 510 26383
429 96 3500
426 483 27190
528 99 8370
419 504 20828
659 67 3710
297 583 11848
324 60 22327
525 244 21029
162 375 17743
469 104 7163
137 537 27024
374 265 24403
569 329 9632
569 62 20954
647 635 14192
413 502 2514
148 142 22684
430 353 12468
191 689 23208
116 290 29789
222 151 17810
650 602 18054
390 529 28739
680 517 28042
584 517 25266
120 296 6818
234 166 8164
118 364 31000
189 151 18951
602 475 18212
674 680 32094
605 30 21623
637 149 20149
587 564 2966
3 626 8340
13 192 17047
387 361 3699
539 567 17633
144 53 3987
405 393 10997
220 324 15178
219 277 30327
445 71 22253
697 354 22500
224 628 6543
136 321 20670
465 454 27735
367 114 24600
198 72 28190
78 542 24766
385 150 14213
455 190 1911
234 120 22744
95 69 21774
507 67 23877
301 113 8995
454 434 22366
589 501 1019
653 168 10458
522 510 19650
245 259 27662
228 95 7930
145 180 12187
654 480 28944
101 665 9533
411 416 16208
96 311 2763
254 635 1448
602 442 183
696 32 14335
624 11 17338
269 622 29197
98 447 26483
38 5 22770
148 94 19995
522 342 30719
268 280 15771
577 678 3948
568 376 11432
225 688 9979
561 105 17083
293 380 4014
543 88 7156
680 95 10003
31 640 15943
501 456 29670
201 547 24463
669 133 26352
482 346 13394
389 104 31839
400 365 3423
492 87 31012
266 197 7820
29 273 23782
113 332 29501
253 546 11444
209 347 25981
278 7 17275
69 270 29390
295 367 11492
549 365 5632
456 27 1080
298 55 28580
607 425 13381
548 31 3842
581 144 5765
451 664 11157
138 210 7932
140 381 9082
410 483 20349
170 548 11610
558 502 26709
143 254 27819
248 511 1434
585 380 3434
265 370 24455
14 581 18584
530 219 2471
398 263 17688
569 692 8136
587 556 16584
36 460 8423
310 415 23531
231 30 6036
517 206 21819
625 266 27777
457 443 3901
108 192 11065
100 519 26540
173 655 27183
261 590 29582
683 502 21470
408 251 12544
559 237 5687
567 669 28418
353 42 8036
124 283 30348
121 461 27012
376 357 3243
568 118 23200
47 106 9991
92 359 1606
130 193 28541
655 415 9511
179 196 20568
159 351 20420
37 644 19196
25 102 10837
227 407 22830
472 180 24414
622 528 7481
234 544 21437
276 577 16283
499 481 14869
386 580 6412
414 7 25813
239 474 15855
635 605 15706
387 579 15507
79 165 27613
654 616 29138
251 415 20251
176 102 20458
376 26 13327
464 680 24997
614 366 7435
217 127 18475
519 349 9485
310 560 31769
390 604 30513
476 579 19112
401 37 15238
133 378 28175
186 341 4531
646 206 19559
86 567 1834
453 71 27314
302 413 14819
155 364 2526
697 396 22993
108 254 16851
259 389 19082
600 572 21231
604 671 5094
141 535 24708
663 306 27508
21 115 26406
566 643 14872
576 219 6135
342 277 26683
568 88 24113
400 450 16451
139 333 18072
502 498 10839
89 450 22687
429 339 13724
73 221 16232
668 312 8806
476 97 29917
640 263 15900
65 606 2971
7 639 11448
441 30 17517
328 460 1326
603 516 25205
215 460 15646
695 553 15719
413 300 5531
484 301 29537
158 565 24050
323 628 25653
136 363 17076
344 433 24146
589 23 20073
280 264 10634
128 326 3777
492 361 30302
353 609 19480
524 109 14499
274 323 15017
130 6 10904
486 365 21445
665 82 12737
415 307 27363
471 679 12589
210 465 25967
667 366 3302
269 10 3484
411 232 20673
127 650 6048
183 683 8398
93 482 28201
265 692 25611
277 246 1521
81 668 2608
601 110 8622
240 558 29615
383 536 26333
483 26 28470
357 484 14607
247 297 603
274 598 21705
492 451 23353
457 388 25623
418 582 26404
43 576 5715
100 173 11969
320 114 29158
622 147 21025
312 662 29147
584 378 24507
22 576 23199
477 539 22345
230 505 22607
681 149 1532
539 107 15954
410 558 7049
388 104 29499
331 543 28661
400 503 1319
667 26 41
393 266 25104
525 51 15288
359 44 3276
95 76 26720
647 535 12979
451 95 12331
535 532 3872
110 8 30005
325 169 24904
397 479 21130
558 442 11808
116 512 21400
71 334 27456
424 222 29730
516 299 20752
431 426 30912
635 378 16800
525 329 13387
649 413 16110
265 405 26823
122 545 9875
97 570 12966
10 358 8723
508 630 25475
114 72 16947
27 225 28056
503 145 24874
514 650 5030
224 633 31379
146 218 2310
234 669 31062
610 478 7192
600 387 23311
625 133 31057
256 6 17822
345 600 8083
174 518 5847
440 41 20116
483 74 24475
308 437 7808
51 606 29369
228 477 7196
534 669 1381
97 573 18193
678 140 8750
276 45 14376
471 65 12474
521 440 5023
172 142 25512
107 299 20450
675 676 19311
687 87 21317
297 296 26650
280 273 2972
85 89 11548
393 536 30909
507 164 20935
348 329 16206
126 417 19970
233 73 19321
616 361 22094
175 551 25424
488 201 23360
668 305 22277
526 548 20469
520 263 20819
44 388 6198
155 225 13468
92 485 18997
651 6 421
559 601 14648
418 17 2824
288 663 21895
25 209 17573
402 113 9078
442 370 24766
587 531 11885
94 80 13443
13 534 15914
121 450 7225
361 244 962
372 618 23357
626 246 16644
180 425 20117
190 533 26694
615 298 18645
625 326 11218
374 528 9328
322 73 15204
641 128 5591
632 180 21363
663 304 6397
562 420 5445
409 551 3594
91 405 12285
640 478 18281
510 537 538
467 83 32629
74 439 22572
307 159 30322
3 101 6309
219 96 27029
669 47 22029
605 494 14916
231 107 14345
562 179 2267
480 211 16620
451 289 18582
622 467 30931
436 278 31340
99 566 18554
679 408 23301
136 653 7496
153 38 29715
237 294 7490
40 509 15279
122 588 3311
473 41 19594
256 530 25165
576 304 22547
471 114 10081
119 222 20458
619 412 5140
586 600 30248
612 470 31312
574 525 7278
446 520 4261
208 552 26555
99 541 9942
52 171 879
10 539 11545
555 10 22541
214 344 511
107 280 10908
252 601 1077
291 177 4013
338 541 15512
114 347 27000
361 233 27230
330 400 19090
519 342 7737
233 530 7961
635 630 12993
187 316 31867
392 344 8080
639 224 31774
574 447 12739
531 427 8075
649 374 28655
394 84 31985
153 109 10406
457 310 26911
260 309 12824
119 12 4158
95 581 1661
392 483 242
272 239 31815
169 609 9651
655 80 10833
522 204 5748
100 338 26496
436 524 8441
302 181 4756
316 387 28774
96 135 14874
470 471 27889
90 481 9669
331 216 21178
274 325 31116
476 290 11059
389 544 100
31 527 22185
208 542 28534
290 556 15299
583 569 29720
123 149 4372
492 595 28146
250 318 6421
36 105 9246
111 650 8992
392 495 24348
31 292 17475
478 163 27380
134 306 4364
372 191 27615
215 489 15757
472 5 30022
137 667 31572
676 39 17922
639 146 17681
240 6 15896
520 595 5643
565 32 24945
245 169 24523
54 106 22581
653 263 31349
499 371 10448
424 408 23758
457 140 12503
179 414 12004
304 243 31037
131 435 22212
408 698 14230
413 179 212
555 19 29028
559 95 28067
609 439 6038
451 86 3400
402 298 24520
418 475 13488
565 535 28139
433 9 4966
450 197 23632
247 356 4281
373 539 10576
417 177 27985
656 395 22799
668 277 654
499 529 32520
203 228 19270
322 251 13912
447 512 6592
463 154 8467
608 70 3322
16 53 9730
267 345 2973
627 91 8596
166 462 21809
490 660 27127
444 471 10858
102 137 12162
568 42 13218
560 82 14850
574 166 14562
163 22 6285
644 679 266
564 434 23769
108 32 21999
511 440 15443
471 279 18830
691 102 16489
624 266 31911
37 101 23747
605 586 24918
647 698 7521
281 608 21641
175 489 30672
19 559 32615
169 483 29184
563 100 19960
408 321 5722
601 639 31423
154 402 24610
586 162 18168
246 407 15449
376 627 1462
332 498 14984
31 432 13351
528 463 26186
646 56 915
688 458 19816
45 171 2557
213 511 16350
206 439 21613
419 539 11829
572 342 25159
222 449 32737
218 274 13124
245 68 7854
572 497 6625
469 217 5479
177 270 607
358 170 20268
490 351 25266
531 395 4669
140 613 8680
420 538 3111
582 511 1517
600 104 32398
362 40 11461
662 308 8970
521 409 21125
443 154 468
307 417 14264
535 170 2616
615 203 29681
291 170 3330
147 88 28345
502 315 6238
610 120 11553
483 623 29166
683 667 11411
43 25 22267
570 430 13247
336 87 5124
517 237 26813
480 622 15404
508 154 10154
619 156 7720
350 389 6010
430 501 22459
567 129 25263
385 254 27115
257 349 22579
515 410 16234
515 111 7306
647 684 1009
197 177 3603
60 191 18044
14 166 7964
687 393 31138
76 129 16100
225 124 19589
685 377 1772
238 650 23567
645 476 21544
84 470 12146
377 255 19427
432 308 9254
237 513 6779
118 253 11483
536 692 3651
570 484 25625
589 146 6952
304 205 16007
498 492 25577
362 623 29195
125 214 11273
587 360 15936
170 307 8643
587 40 30716
415 184 20899
202 666 23768
690 261 23955
538 554 5366
584 234 20353
669 279 14459
643 596 9189
545 205 31608
240 480 720
207 169 7735
82 277 7757
594 373 14626
614 175 25403
342 398 17096
526 225 9701
212 694 5026
545 130 17928
368 196 32424
337 575 32262
74 548 9950
225 597 16243
73 689 22870
503 173 13126
295 506 12386
304 255 15946
152 400 28645
98 353 23217
15 528 13323
484 540 15817
375 109 712
261 383 11594
262 656 26100
222 447 10679
238 115 14045
578 697 15300
267 489 1440
402 352 20673
191 335 21943
226 375 13948
359 565 5737
685 350 278
264 279 6447
633 641 1466
157 639 8488
519 430 11075
422 600 20012
509 292 11816
101 571 27429
587 469 10064
511 218 23217
114 475 15763
472 22 20033
346 483 30746
388 191 29480
612 351 15328
457 148 7777
94 302 10482
483 126 2798
227 458 23632
58 449 18461
97 35 8567
230 551 19486
194 236 27383
448 431 5288
570 476 2992
51 376 8865
376 410 12922
29 311 16130
313 522 10348
565 688 9845
264 191 22024
424 549 18012
253 352 11742
640 286 28989
626 373 23450
369 530 10699
503 456 3187
246 568 11017
389 530 25198
423 262 31025
391 208 13815
417 44 23143
420 60 16832
586 59 26471
130 325 17127
367 411 17321
597 419 3018
80 231 18862
551 130 4632
410 174 25464
80 573 12542
203 475 12376
369 441 16008
333 524 20633
182 577 16258
682 243 1201
413 574 1923
87 295 4349
43 445 31468
622 448 22579
137 574 1786
235 416 11791
429 514 18495
277 69 20714
47 152 21023
469 652 5177
268 549 10789
508 227 24356
535 528 24644
388 386 2487
217 465 18797
429 184 10333
453 577 21493
377 574 18592
458 505 17862
412 190 21353
465 365 595
501 645 2097
143 576 19133
100 498 8674
462 621 21683
673 558 347
100 254 9460
68 217 724
572 640 24695
27 42 14992
696 331 21412
550 159 2726
579 26 20779
366 34 9929
84 242 21076
583 38 31819
468 464 226
418 281 25563
536 501 5850
354 247 20394
65 528 23250
668 360 9211
160 639 32659
307 52 24906
467 424 25646
439 468 3726
147 480 11742
2 678 14145
386 428 1859
140 534 9269
527 288 2270
367 670 1886
175 235 31958
599 443 29208
627 444 25711
262 620 27284
485 282 28604
157 44 8305
541 434 2152
162 48 27049
555 417 14010
696 29 10332
215 17 5139
347 22 20256
675 48 16542
445 412 15581
44 541 31209
152 570 27235
420 235 3741
63 89 13106
616 391 3986
367 660 12340
6 547 22767
215 560 30298
171 132 28188
580 506 25685
260 518 14760
44 231 20965
436 568 7801
626 465 14454
638 430 31193
427 119 8189
152 394 20030
587 501 3166
102 352 23783
223 414 9909
660 32 2202
359 40 15197
21 135 1578
31 694 12433
694 400 12180
205 561 8944
278 227 21705
97 339 11349
192 461 12680
535 183 20149
47 62 20948
113 185 24593
15 667 14051
59 31 30098
465 605 3234
233 557 31596
146 544 17438
154 582 13345
594 391 365
383 228 5423
564 399 3064
499 177 12382
496 688 26155
35 78 24597
203 183 28151
265 133 4754
3 273 31150
96 63 8914
30 428 23840
230 339 32642
345 450 12543
312 21 16225
583 203 10997
275 71 32723
269 220 24310
383 454 21906
400 194 29358
183 395 192
243 654 12829
118 531 19666
51 595 8380
150 109 23039
388 26 9414
54 164 20796
522 431 21115
681 233 1264
408 320 15210
268 669 4064
102 235 2613
262 608 28935
49 659 11589
33 430 15955
20 1 29535
279 551 8571
316 87 21294
450 43 14710
27 562 13070
502 81 48
393 686 30907
338 553 18314
554 522 187
267 242 4577
416 347 27541
311 566 18804
687 621 823
562 479 30608
35 338 25880
60 20 26445
8 347 11760
575 427 26930
364 196 10798
344 449 1069
131 243 6757
451 435 5526
265 159 32108
527 382 1335
584 286 6631
96 181 5014
13 273 16237
304 436 14312
281 329 31633
668 373 20609
369 239 22894
207 59 25500
521 78 17033
628 460 10183
293 90 20010
572 445 21088
669 192 18552
101 521 4069
518 141 3319
478 186 23807
649 15 2118
694 374 2195
330 612 25378
192 108 17990
125 601 3354
467 105 13868
435 593 10119
352 84 29082
379 631 16785
225 279 22109
437 272 31859
376 228 16572
292 235 6973
652 214 31248
2 520 17341
5 281 9435
350 587 24160
214 499 12443
398 86 8482
265 195 11994
548 568 30185
624 20 4132
464 603 9953
198 171 10978
332 397 7086
502 314 18263
181 687 2199
132 572 4907
238 41 19691
122 45 9291
150 240 28763
80 420 26119
409 242 18171
563 382 15536
177 504 21021
530 561 11055
361 312 2133
136 433 9021
153 262 22843
576 599 13392
53 651 4553
333 412 22105
254 218 19557
304 405 25816
386 205 25594
16 442 21511
177 148 946
534 509 3325
557 122 29982
647 669 32535
583 14 19714
15 606 9231
324 193 6901
282 204 16778
230 78 23189
194 311 28159
400 509 9479
48 666 6213
545 598 6124
353 38 22575
553 576 8993
164 581 29689
9 252 223
410 581 6522
399 311 5137
591 130 6993
78 33 22271
405 675 24966
56 234 30880
311 552 31325
373 287 20781
395 115 9033
135 646 1744
578 73 2878
340 118 8571
123 368 18137
592 57 31062
651 454 17427
333 556 27970
397 386 20088
242 413 14170
612 124 13858
282 517 4996
608 603 15071
494 149 20589
428 655 19018
663 276 23939
618 133 15049
48 572 2250
456 153 18088
435 687 30113
114 217 29123
668 402 29137
691 343 2439
557 484 16506
67 26 25138
338 631 19136
8 283 9613
659 689 29759
202 148 18084
223 307 9651
426 136 19235
394 6 2645
330 595 26203
223 66 3293
281 83 11045
439 181 26414
504 609 12567
425 587 9224
599 135 16074
340 263 21606
89 666 11811
388 57 586
558 27 8405
525 629 10528
360 102 2722
66 182 16393
615 254 25596
141 320 15522
31 532 21274
393 645 30001
538 348 4760
294 433 32559
293 677 9280
590 491 9138
81 150 17294
375 382 21797
86 50 24325
377 78 19008
441 177 28797
600 487 4182
204 514 11233
657 84 6982
116 66 31016
578 574 9130
473 546 22879
388 280 5162
542 671 37
332 669 27893
475 508 25065
272 75 28872
11 538 3270
393 185 12565
378 624 9429
431 421 14120
539 172 7751
320 173 9808
91 9 7855
245 272 22401
335 487 7225
351 528 10476
97 340 11464
420 32 7282
301 135 20526
596 141 30222
276 576 10238
469 578 26494
217 631 21669
575 353 2263
307 5 25293
519 305 30153
448 180 9527
596 397 30140
527 67 22165
523 670 10513
312 301 15363
292 35 24613
494 562 3117
436 507 4334
197 112 26710
380 532 26185
479 473 2985
8 598 12365
521 473 19102
356 374 8008
135 153 24423
240 493 15146
443 570 8593
613 455 1930
605 271 30303
285 634 18573
14 446 21656
321 198 30550
507 445 29099
172 658 13511
93 49 26497
266 166 32693
128 210 10581
523 46 12268
391 135 17253
466 638 18825
66 442 29792
577 655 13459
435 645 214
561 665 21224
528 296 24
560 30 25292
14 573 8012
552 341 9918
257 463 17053
22 528 31586
446 391 21969
277 55 27298
49 499 21677
305 91 30545
323 582 26859
340 526 24311
633 579 16049
233 676 30602
462 17 12745
404 39 11590
551 311 1291
357 395 2277
677 540 17073
259 483 8410
638 408 32669
315 124 30822
679 617 21673
471 173 9629
324 50 18588
561 531 13236
566 274 27236
305 426 10546
441 627 20119
140 380 29142
455 93 21615
484 229 14931
129 145 21954
369 473 8239
366 501 667
603 409 619
556 100 29831
87 29 20412
225 67 20141
453 460 30071
57 324 22350
697 439 7819
490 693 11332
123 18 21529
588 467 22411
604 577 22910
583 169 27145
594 330 23549
464 71 12808
75 199 21057
59 260 28701
619 123 17008
648 294 26741
552 238 9609
491 640 10175
126 695 21821
661 306 6701
426 489 28046
98 339 30780
50 97 24011
540 482 24649
41 105 7370
356 672 1308
274 170 8820
591 321 30954
199 393 31987
430 101 6537
55 236 8743
367 640 19906
494 694 3637
210 52 27906
518 150 26176
620 596 8676
12 120 17075
16 334 11585
583 196 1703
308 359 29388
656 330 21056
440 65 31081
59 31 15399
121 362 22705
514 379 8794
60 223 14963
129 370 7439
346 319 29194
399 428 32359
393 269 1242
312 141 24590
101 84 9822
174 629 7218
445 247 28548
687 372 16715
514 509 19536
153 208 10407
365 410 3060
531 339 26052
209 423 32489
633 512 22734
129 674 27565
203 237 22760
293 457 11815
412 584 15109
177 583 24297
158 373 119
208 233 14022
197 16 17538
149 318 22650
678 498 8856
374 95 3406
170 11 22279
195 364 8959
466 687 23099
600 266 18525
215 650 15078
570 242 21323
593 101 5552
471 578 5685
582 141 18744
350 569 9234
637 536 31624
306 246 27016
5 534 16984
478 271 9941
73 337 20907
636 584 27010
160 388 3238
394 346 30223
420 484 17082
673 449 28951
263 391 22393
22 540 21664
609 506 7591
437 88 10638
65 454 24165
202 102 26233
334 367 27537
144 649 3150
402 546 18606
58 533 28296
505 275 30693
203 285 22503
206 185 24843
278 389 15845
648 476 9905
16 625 17507
614 379 8607
174 597 16446
693 670 13643
563 465 718
200 85 20531
8 71 20864
4 505 16674
10 550 21507
262 61 9913
361 574 18630
427 190 12515
166 579 17080
369 170 17405
185 302 25734
498 555 23503
88 689 19660
576 559 24749
171 508 1017
428 237 2907
512 537 1999
224 228 1163
161 567 22986
608 197 13065
63 678 3282
69 267 14320
319 18 1026
484 614 31365
108 685 14192
166 75 28036
219 385 13619
54 306 30211
649 475 1052
496 560 8251
336 684 23267
94 431 10455
435 30 6573
302 134 24978
128 87 27963
29 4 11861
603 416 18982
33 694 21515
422 393 21487
299 474 9450
582 286 5834
13 380 19942
447 241 3184
656 552 14203
649 322 863
411 308 8224
612 617 32080
612 364 24829
466 240 17602
77 471 15793
306 663 8948
652 599 18005
397 216 5803
64 104 16128
237 266 384
628 193 17009
12 426 17601
623 16 32170
1 36 2047
261 591 166
385 612 13024
223 293 17524
362 334 20690
260 215 16716
224 310 10577
123 458 31499
262 381 9660
295 629 5101
218 679 3419
126 340 9286
608 542 130
490 142 2944
337 343 1012
504 288 12059
94 629 7465
384 230 13586
563 257 27198
25 73 12468
622 270 5102
389 406 27452
669 22 23909
16 650 17366
347 603 26826
246 553 23254
384 112 22736
576 604 27199
42 540 5819
185 73 25079
91 679 396
230 647 10299
640 91 30294
238 616 20268
62 300 19189
147 496 13960
51 75 19341
288 555 31991
651 196 24741
144 538 26220
557 500 1724
457 589 1418
111 215 417
57 583 5139
34 318 1274
376 167 2756
136 254 14529
687 630 17197
584 227 23454
76 138 20075
598 11 7776
127 200 16840
90 230 31502
358 86 5803
453 226 3908
478 188 28010
454 13 13519
587 33 6862
259 5 1231
40 88 30322
57 260 28873
574 607 29757
265 491 31335
436 634 22598
663 643 9464
166 658 20916
315 108 29534
534 10 3088
185 405 23934
215 283 26852
372 53 21852
61 444 28550
150 5 21829
198 273 2379
160 231 23264
547 272 7376
156 264 9890
160 532 28540
287 404 20
690 142 8326
581 376 21671
478 452 21271
668 166 2573
567 366 17779
198 252 7759
497 101 12577
621 10 32537
334 177 29837
691 121 12013
39 8 16543
619 57 10823
206 433 25907
259 385 22482
241 281 28024
197 371 30263
608 366 6568
91 540 16189
672 600 30092
8 551 11044
540 545 25551
594 567 12423
346 15 1040
403 198 23598
309 368 28200
356 218 31118
73 144 26412
181 624 4076
315 502 1290
459 599 353
439 513 15318
531 685 28721
99 34 7202
469 91 1069
647 139 11248
669 76 3357
512 590 19499
344 46 8295
28 145 6816
265 580 32615
636 465 17647
559 221 8506
529 442 23280
496 153 30185
410 300 28541
593 77 12851
441 417 19622
425 497 31340
599 618 15531
649 372 26666
194 131 31588
230 48 31157
492 301 23503
73 471 19315
193 168 7170
460 672 23247
596 388 21945
608 243 20293
661 318 1066
383 278 12697
571 545 18419
591 498 25194
575 402 30773
175 205 22675
84 438 15420
410 600 1319
529 91 27461
638 520 32229
380 391 22593
685 554 4206
491 583 3491
679 291 28592
394 370 24989
262 526 6721
165 543 17754
129 476 13209
191 54 21011
628 291 9065
2 455 27923
539 337 13713
222 195 30729
169 355 31320
382 496 30003
590 618 6633
55 2 24392
71 30 32602
442 342 17203
466 421 32406
371 642 32242
692 285 13826
586 372 27454
166 443 14273
598 226 6236
195 144 31358
531 91 7039
455 103 10145
589 8 30234
235 638 8796
650 652 6231
372 286 2167
614 586 26500
335 109 9800
585 380 10174
197 618 29191
406 252 3276
42 23 20726
403 450 7561
683 648 13329
398 189 5995
588 8 23882
63 260 26624
5 636 8061
592 136 12419
237 500 31387
105 269 11220
675 647 25286
191 436 18806
66 304 7238
81 245 28769
322 35 12203
652 368 12999
497 42 24695
451 561 22565
483 271 5657
231 40 5424
400 270 6706
645 320 8575
631 415 16466
111 461 10499
620 304 19111
560 318 27563
419 311 31842
34 379 18373
360 512 5559
156 502 31741
128 327 16067
472 411 13320
598 265 32193
420 567 32604
130 561 2638
444 143 13192
185 109 29362
170 644 1026
64 580 26980
466 616 22409
313 134 75
483 41 10097
676 159 25693
674 660 3951
130 417 10164
639 265 13496
161 95 8497
462 219 24990
433 437 12353
586 154 12007
89 105 6244
252 467 26259
655 560 31619
263 144 976
109 179 2871
319 152 25155
338 693 10385
57 256 25343
117 232 9995
605 150 6067
557 576 4760
436 32 29947
573 118 536
209 591 13016
146 639 30369
417 448 28349
89 33 23887
37 454 25776
579 608 19617
53 523 15728
354 254 22412
375 439 3489
86 558 8134
643 254 18026
212 369 32255
561 30 4625
625 607 29183
7 46 30571
77 501 26076
407 144 13637
90 562 30412
458 365 8980
22 662 15168
631 188 5758
428 656 12615
416 112 26026
569 636 29030
219 305 11346
530 505 16754
70 505 3595
140 338 11
667 368 23111
225 451 27843
279 609 18160
626 69 23070
343 75 31925
119 449 11757
595 406 31844
544 222 2476
29 32 1756
310 446 22512
649 103 14724
395 621 7434
273 544 3908
611 691 6243
245 133 31352
4 39 20803
682 309 26196
176 32 25856
690 558 11952
126 24 9668
554 205 4918
521 305 8303
691 288 26467
564 543 17733
347 512 21225
162 81 599
587 633 28229
615 493 28665
57 214 30119
262 124 3746
348 96 16519
517 106 21241
92 636 13944
294 401 10256
406 291 10772
569 361 30958
280 289 26903
494 134 2558
639 178 32009
679 80 16382
278 413 6660
323 581 13687
688 38 8564
49 185 248
151 522 31977
208 287 7547
410 417 31057
48 682 21441
179 111 17714
622 642 7822
155 433 21697
45 257 7425
230 400 17639
552 581 3460
650 454 29324
615 370 20745
101 259 28108
490 565 27019
695 629 18649
84 31 6152
189 467 4282
446 261 32121
48 309 4651
590 109 16238
4 128 30527
495 568 31830
616 489 23199
293 658 9375
2 653 13173
341 422 25900
375 583 2404
540 463 1243
232 606 16927
323 530 14862
615 268 8826
331 233 24173
579 55 23305
477 275 22118
423 139 15534
542 647 20242
572 16 2976
357 191 28803
608 375 26581
652 293 7084
114 193 30672
271 537 4705
584 386 32583
594 502 19750
106 177 23837
304 227 5563
545 319 9374
474 221 3754
194 533 13317
579 554 28494
523 530 24240
600 71 14593
267 564 2964
131 434 21871
519 463 6345
144 31 14153
189 561 31559
69 197 3535
392 429 32301
184 534 12510
287 117 18214
289 581 28300
181 596 28109
582 175 9345
106 267 4636
131 479 24188
369 581 583
185 259 24781
221 172 15001
294 507 24757
496 254 27171
463 29 1499
259 455 15722
407 303 30560
143 423 3148
272 449 31796
355 658 15063
669 673 27070
340 487 13516
287 271 3319
266 479 31230
60 310 14714
630 453 17868
651 225 1866
449 11 1646
212 96 21297
271 698 10442
225 598 7941
194 344 17415
686 179 17983
141 268 31772
494 113 28828
543 262 5392
470 244 4043
153 71 14500
484 260 22093
66 279 28313
577 348 17684
477 471 19413
13 397 31370
600 523 30483
30 695 10493
177 508 25061
395 162 21417
603 92 2860
119 377 30935
669 555 23635
170 192 29897
358 341 17648
208 15 31853
132 464 12444
498 152 24583
675 497 24861
173 520 9557
611 4 11064
423 618 17889
520 253 7878
472 346 18805
429 185 21211
324 278 24042
648 195 29994
317 678 17619
647 189 26601
232 78 17583
68 684 15318
614 383 3745
566 284 15417
289 259 2792
245 657 8441
298 318 3464
456 203 24334
296 237 25058
683 694 2566
247 479 14131
555 118 22866
462 175 4395
379 74 14991
641 183 18206
665 270 30228
160 186 8575
24 532 23904
530 549 6304
520 105 21316
446 16 26867
211 131 19419
127 443 28727
303 45 13997
195 333 25695
662 154 12179
258 576 16403
75 613 25394
605 154 2576
49 546 23083
361 198 13284
173 437 27212
418 537 430
237 668 28527
5 424 4071
491 129 13763
477 8 28010
497 659 15795
547 529 12078
159 441 17836
697 203 12396
579 70 24683
313 315 11567
175 27 24226
397 428 24187
251 142 2315
244 135 1679
323 649 9288
239 113 16622
248 83 2593
65 342 15663
483 604 23550
548 120 7378
456 447 175
353 286 19319
309 274 21473
447 437 9819
686 278 14286
507 212 29410
124 120 10761
371 561 19856
492 407 8832
184 399 12746
688 210 28670
687 555 20529
108 34 2004
332 602 27765
133 270 26234
663 182 15596
16 252 15680
274 14 5471
240 577 19813
306 608 21440
610 471 2874
681 579 24776
264 306 1037
316 26 28592
105 48 6167
553 347 20353
636 327 30117
419 672 26028
198 285 29992
193 208 7410
168 230 3584
239 202 1212
155 390 10770
451 39 23663
14 621 12942
199 335 9070
142 324 23150
412 656 20924
603 128 31638
548 696 26240
389 234 24993
297 513 20701
193 261 10677
67 563 11473
274 298 252
610 295 12578
282 70 5014
147 317 19589
667 268 31767
427 185 8051
250 387 2035
280 688 3447
104 61 16234
564 247 23512
350 347 24523
51 312 3299
521 253 27948
382 527 11851
684 116 15588
60 433 30291
25 205 27760
473 262 7873
234 606 12420
114 256 15817
219 392 22140
661 523 15477
305 518 18027
30 20 18222
229 259 24172
642 514 119
654 640 12307
576 556 9979
394 608 3847
494 682 6005
205 255 3114
348 646 26661
486 681 31456
242 314 7880
181 698 1615
39 16 845
85 75 15025
501 29 8385
391 501 19212
585 378 29479
73 62 22003
147 423 23605
546 30 3092
591 675 4651
679 27 29121
429 630 9030
351 517 4286
47 457 11642
169 537 25070
658 577 23923
452 468 3776
408 226 30994
670 347 30820
392 245 30946
229 441 18223
496 616 20789
378 581 11967
121 482 22252
591 93 9143
160 358 29974
269 31 1578
360 93 32745
367 677 20502
73 123 9925
590 47 14712
144 70 10813
93 513 3038
512 457 23644
206 604 7557
515 331 24739
501 353 12394
383 671 28267
421 171 19407
507 697 21432
80 574 10017
474 686 28576
415 666 29519
637 392 8906
433 131 19433
616 296 6586
114 485 27549
152 559 10209
445 627 30702
416 355 31663
317 88 26179
314 59 4878
259 324 12436
257 228 21787
306 36 23136
101 554 24819
612 354 14009
200 460 19179
622 655 1665
156 350 30867
501 339 29231
474 100 24906
254 546 9403
112 249 31834
281 568 30073
646 167 26315
15 5 11532
469 651 6767
441 458 5572
399 314 15576
134 353 16883
240 693 26681
12 232 21288
128 18 10586
221 105 9038
191 459 5422
398 510 3359
657 633 7593
292 221 17267
574 235 227
269 286 16197
551 325 7862
530 270 23184
377 482 81
463 415 16977
6 378 14966
170 656 5191
597 682 24164
615 327 19795
614 549 13969
509 345 13189
10 443 25545
532 195 13103
155 177 25675
90 520 18594
212 255 29175
10 387 6233
90 647 17842
626 43 21950
154 256 32126
372 19 7378
11 660 28680
428 406 32090
194 32 29583
511 31 13922
284 658 22386
661 554 5941
162 483 22220
631 103 14103
468 607 28641
103 407 18280
361 326 8017
489 609 15357
247 622 20289
35 205 29636
287 226 10754
238 343 30
561 155 15584
380 626 13163
612 117 17174
387 293 20412
307 646 23072
455 657 5293
653 610 6116
529 148 6093
523 389 20576
266 124 21796
44 68 7148
449 96 19895
120 10 12327
357 366 26642
697 211 11560
401 679 11084
80 81 28050
167 432 26362
132 346 916
206 125 31495
152 545 9727
11 46 18556
165 328 14330
261 307 28808
510 487 6906
594 691 31093
317 151 28163
126 685 18766
16 517 3687
194 685 13399
463 499 28026
597 201 12723
695 629 27632
273 23 12997
628 159 14050
110 321 10796
694 138 27569
204 366 5490
586 569 24379
117 375 26816
321 658 6690
29 555 7738
699
366 91
525 348
70 522
79 379
238 84
690 338
395 528
275 90
149 124
212 511
597 405
228 49
550 37
324 576
63 600
517 148
186 233
391 418
336 608
694 622
187 598
432 32
457 481
551 631
383 233
67 50
583 128
120 375
385 423
7 456
628 206
599 162
161 630
587 602
248 585
57 42
673 652
627 461
132 121
612 398
197 469
658 271
398 49
309 511
431 397
603 507
197 51
153 467
462 626
296 416
301 653
648 133
673 416
535 674
391 573
500 288
641 367
445 534
537 526
387 99
101 689
438 650
146 201
191 594
226 605
274 307
401 438
605 161
187 520
374 143
33 183
69 556
298 500
315 319
204 534
418 46
566 389
146 416
377 110
107 672
238 12
648 337
297 432
560 615
162 538
348 553
98 140
419 546
135 541
482 151
505 492
317 502
609 291
393 271
10 682
613 74
325 28
367 24
472 325
370 608
553 536
261 412
35 361
331 206
123 464
607 17
525 173
468 87
620 323
664 175
295 38
29 21
491 197
613 519
7 45
288 362
243 228
678 514
27 41
527 88
523 81
645 175
80 247
410 116
31 93
624 401
461 653
634 393
553 558
620 528
37 120
458 155
537 479
327 456
289 668
72 682
448 242
501 457
225 550
116 415
585 291
45 681
202 88
446 124
507 18
458 235
258 541
59 55
196 404
57 220
260 142
673 215
189 119
412 154
693 458
104 672
234 664
234 321
95 219
671 222
51 111
381 209
399 691
215 72
517 384
278 606
33 15
318 307
248 80
646 266
475 17
10 482
89 643
623 333
562 143
271 164
528 620
46 520
148 623
428 119
253 369
29 553
473 529
301 350
132 58
290 665
654 63
598 41
37 75
12 452
627 476
114 31
271 424
27 694
510 517
50 599
579 105
78 11
194 546
366 414
260 520
667 648
99 122
430 70
483 660
249 27
79 454
106 467
578 103
341 570
429 641
264 536
279 379
486 518
13 372
657 320
131 255
453 519
621 428
630 536
646 290
418 696
689 135
80 586
318 33
414 295
240 540
666 178
480 376
171 359
630 475
543 645
155 489
557 156
346 609
666 612
73 68
596 257
31 286
224 142
159 311
547 101
200 657
83 375
581 323
214 183
27 565
526 284
448 75
13 330
263 416
627 70
108 79
187 118
525 329
655 188
360 16
486 564
560 636
415 408
267 278
555 216
251 513
221 278
14 489
675 614
660 236
339 568
250 243
250 600
476 548
566 211
33 43
157 365
211 324
113 276
325 531
465 64
559 204
416 68
241 686
466 268
351 656
100 294
363 49
476 91
164 466
241 299
87 307
365 588
19 276
39 427
432 620
166 497
237 345
388 353
166 109
240 30
235 182
58 15
600 176
149 115
562 466
630 520
401 444
544 381
223 438
249 629
517 271
26 231
587 184
547 492
395 20
298 250
515 162
173 478
157 327
19 263
547 246
283 694
404 546
425 560
286 71
607 478
250 444
513 464
192 605
380 220
653 624
346 154
649 561
179 128
497 582
276 435
424 329
396 659
551 350
503 42
401 692
19 133
324 421
147 422
232 335
693 685
143 565
309 521
55 186
320 181
695 85
634 650
344 474
540 42
302 47
54 189
606 227
68 396
249 598
492 374
638 281
559 109
486 188
251 348
280 498
653 322
227 451
172 617
566 681
98 508
102 209
631 423
429 371
678 497
674 321
390 49
564 82
372 145
293 330
344 223
74 365
308 105
100 225
319 241
535 226
400 135
686 469
401 403
558 621
227 385
441 87
180 148
482 46
225 107
441 77
276 308
124 67
400 380
480 462
517 242
389 454
377 319
397 178
463 58
397 601
356 419
151 191
496 209
233 649
96 21
79 406
541 300
531 668
308 508
274 580
309 370
337 194
283 341
583 426
78 214
45 23
427 281
619 494
642 79
282 283
401 480
115 540
414 133
616 450
32 413
224 340
193 497
472 269
108 11
318 44
632 645
142 46
348 251
345 654
64 388
387 180
44 546
386 159
10 631
434 693
48 621
661 654
695 65
183 192
314 397
166 259
274 512
41 443
421 364
134 88
482 54
266 268
461 580
320 21
287 139
618 441
603 166
150 64
503 150
215 301
553 494
511 1
672 59
412 455
141 672
496 646
306 250
332 560
67 114
371 681
324 27
479 372
398 79
372 282
503 2
647 286
214 406
554 636
298 386
489 690
172 395
99 450
106 364
295 385
655 674
692 243
625 465
681 444
665 523
582 23
366 466
84 548
627 293
557 497
443 34
234 491
292 53
140 94
10 640
520 554
305 241
296 679
554 498
373 40
427 168
322 401
562 563
691 178
69 104
485 465
602 649
267 641
130 653
599 589
213 236
634 571
396 113
611 309
277 105
211 651
538 456
119 232
424 249
291 488
195 392
478 331
254 541
469 582
406 468
574 649
465 561
296 689
648 95
639 584
178 158
75 326
306 563
281 109
671 370
268 11
337 217
458 416
534 427
677 501
298 276
695 650
510 620
445 511
669 597
407 544
9 443
496 71
171 190
555 343
219 651
567 120
303 637
516 686
624 483
104 14
264 213
673 143
420 197
35 427
501 495
305 384
401 282
687 168
461 416
429 306
224 428
433 183
407 482
529 129
546 534
674 108
464 167
470 377
299 46
693 179
74 6
198 55
68 551
360 290
580 130
414 411
470 553
425 355
119 579
657 322
427 528
42 573
130 5
375 266
465 571
553 296
450 608
469 550
1 379
75 196
404 101
613 167
341 93
402 103
38 266
576 314
685 59
87 442
556 161
304 539
684 239
538 657
410 117
315 523
521 489
313 395
319 386
58 86
20 446
293 379
613 139
441 423
298 278
626 264
599 271
574 284
87 508
132 494
638 517
695 408
146 365
78 47
524 206
238 553
492 410
571 168
674 41
656 574
666 551
662 643
363 500
320 256
231 350
210 562
275 205
100 433
256 613
539 460
367 44
177 85
171 492
346 521
294 302
554 448
429 402
627 136
462 293
511 416
572 332
249 154
254 124
141 430
314 448
655 312
370 327
622 600
440 696
157 522
679 533
570 145
573 400
174 220
624 322
236 336
83 669
305 162
695 574
621 31
661 286
153 309
51 649
475 94
579 561
427 663
131 214
613 222
22 539
463 250
313 461
418 663
672 227
581 95
100 249
390 641
349 545
78 627
