32358
32305
32362
31856
32030
32373
32352
32200
31769
32379
32358
32358
32158
31769
31448
32158
32143
31769
32004
32409
32379
32352
32305
32184
32166
32036
32291
32358
32153
32337
31711
32401
31918
31906
32099
32264
32360
32373
32017
32352
31980
32154
32284
32250
32358
32292
32358
32226
31769
32373
32358
32318
32358
32104
32318
32318
31714
32180
32200
32340
31970
32064
32055
32405
31677
31936
31979
32305
32017
32244
32352
31711
32366
32180
31448
32336
31856
32333
32367
32292
32318
32300
32358
32234
32338
32165
32099
31940
32318
32158
31592
32362
31787
32231
32100
32263
32154
32309
32138
32358
32358
31886
32359
32186
32099
32158
31644
31769
31404
32226
31725
32235
32405
32104
32358
32264
32316
32362
32188
32036
31764
32055
32347
32317
32352
31574
31802
32391
32358
32392
32305
32376
32405
32269
31661
31936
32048
32099
31801
32336
32184
32359
32143
31592
31352
32323
32352
31947
32358
32104
32105
32158
32138
32045
32323
32064
32359
32352
32392
31592
32358
32244
32358
32321
32367
32158
32202
32352
32373
31856
32305
32358
32352
30581
32199
32358
32088
32358
32104
32104
32310
32276
32251
32438
32270
32088
32222
32359
32015
32292
32352
32338
32199
32360
31787
32362
31936
32309
31117
32362
32166
32317
32202
32409
32358
32226
32180
32359
31117
32036
32394
32088
31478
31847
31936
31801
32234
31708
32306
32186
31679
32405
32352
32318
32185
32358
32373
32382
32263
32352
32352
32088
32343
32366
32104
32143
32310
31747
31947
32329
32310
32310
32264
31117
32222
32322
32284
32244
32358
32158
32166
32352
32360
30581
32358
32391
32322
31574
32382
32369
32250
32362
32317
32225
32373
32369
31526
31789
32358
31661
32276
32323
32332
32324
32615
32154
32159
32292
32352
32267
32292
31574
32250
32165
32264
32234
32310
32352
32050
31801
32358
32333
32364
32165
32310
31945
32202
32352
31708
32231
32362
32202
32329
31953
32030
32358
32323
32373
32362
31602
32180
32367
32153
32364
32305
31708
32139
32352
32158
32045
31906
32401
32358
32352
32405
32332
32391
32233
32270
32352
32305
31404
32104
32078
31906
32104
32088
32264
32292
32166
32373
32352
32019
32337
32088
32358
32104
32358
31789
32373
32377
32352
32318
32292
32352
32153
31747
32292
32140
32352
32202
32373
31947
32318
32288
32045
32352
32367
32310
32329
32236
32317
32242
32352
32048
32358
32310
32358
31789
31787
31051
32358
32358
32313
32309
32242
31007
32024
31764
32323
31725
32358
32143
31574
32358
32299
31626
31940
32250
32373
32352
32358
32188
32030
32199
32180
32306
32064
32100
31980
32297
32004
31679
32139
32104
32318
32299
32359
32338
32373
31906
32318
32333
32358
32373
32222
32318
32267
32358
32373
32405
32373
32030
32352
31526
32250
32358
32325
31906
32358
31490
32352
32158
32071
32106
32024
32394
32358
32030
32333
32158
32360
31579
32318
32367
32004
31926
32305
31644
31579
32322
32352
32329
31859
32154
32202
31886
32236
32153
32367
31936
31051
32292
32358
32338
32322
31974
32021
31789
31650
32405
32352
31714
32323
32055
31873
32401
31205
32373
32306
32318
32352
32310
32030
32270
32359
31711
32281
32318
32373
32154
32293
32323
32165
32358
32358
32180
31847
32285
32358
32288
32352
31719
32379
32318
32358
32263
32292
32352
32088
32369
32285
32352
32024
32367
32438
32352
32259
32394
32358
31759
31404
31974
31764
32358
31974
32358
31051
32358
31019
32358
32318
32180
32383
32318
32305
32366
32285
32199
31894
32359
32332
32231
31953
32036
31729
30581
32352
32019
32373
32292
32373
32305
32367
32358
32292
32105
32270
32352
32192
32294
31759
31725
31859
32350
32270
32225
32305
32352
32358
32139
32364
32447
31644
32158
32364
32352
30581
32373
32017
32180
31729
32127
32104
32185
32305
32292
32299
32332
32202
31764
31936
32276
32405
32270
32030
32359
32264
32352
31787
32199
32352
31936
32320
32166
32285
31815
32352
31878
32305
31874
32108
32262
32373
32355
31769
32352
32048
31478
31340
32108
32367
31660
32373
32405
32323
31910
31945
32358
32352
31669
32401
32373
32318
31448
32310
32309
32358
32379
31910
32285
31980
32367
31985
32019
32362
32352
32032
32358
31862
32367
32021
32358
32166
32158
32352
32405
31946
32036
32337
32352
32358
32199
32292
32064
32638
32358
32166
32366
32184
32153
32242
32352
32318
32338
31886
32310
31980
32078
32373
32360
32317
32030
32158
32004
32317
32017
32145
32405
32300
32352
31602
32250
32359
32317
32300
31947
32331
31936
32310
32343
32373
32318
32235
32045
32270
31974
32360
31936
32288
32373
32379
32323
32380
32358
32317
32184
32264
32583
32418
31847
31602
32249
32322
32192
32669
32292
32352
31404
32358
32177
32318
32305
32143
31051
31714
32332
31644
32030
32358
32380
32359
32104
32358
32352
32305
31873
32352
32462
32108
31769
31490
32383
32310
32352
32143
31940
32292
31970
32236
32415
31940
32318
32235
32064
32360
31579
32069
32362
32327
32352
32078
32291
32242
32310
31769
32373
32036
32358
31856
32359
32139
32313
31051
32358
32088
31729
31019
31526
32367
32332
32184
32359
32376
32358
32064
32317
32596
31886
32270
32088
32166
32358
31789
32352
32297
32358
32106
32367
32367
32360
32505
32477
32146
32300
32391
32338
32362
32358
32292
32139
32233
31765
31940
32352
32073
32380
32373
32244
32396
32352
32352
32305
32032
31764
32358
32358
31602
32358
32270
32332
31769
32521
32379
31878
32262
32373
31815
