32252
32188
32233
32340
31690
32289
32182
32011
31865
32206
32333
32225
32252
32233
31984
32056
32100
32340
32092
31497
31713
32263
31697
32284
32158
31655
31283
31972
32182
32221
32225
32167
32289
31790
32059
32366
32221
31849
32069
32143
32143
32236
32242
32070
32212
32324
31342
32392
32407
31932
32148
31556
31701
32206
32225
32239
32167
32324
32367
32191
31829
32321
32158
31590
31919
31896
32404
31942
32182
31815
32101
32188
32324
32236
31715
31652
31448
32118
32235
32188
32012
32211
31920
32212
32289
31938
32418
31659
32241
32070
31886
31920
32239
32252
32418
31977
32221
32012
31631
32093
32324
31909
32092
30791
32076
31707
32253
32340
32206
32017
32189
32340
32264
31963
32085
31158
32122
31528
32340
32245
32263
32191
32366
32340
32235
32206
32091
32173
32124
31642
32059
32148
32121
30042
32289
31923
31523
32012
32012
32394
32173
32078
32235
32241
32206
32333
32206
32017
32212
32120
31794
32333
32275
32045
32189
32207
32407
32208
31528
32324
32340
32221
32206
32173
31518
32115
32324
32212
32212
32340
32340
32121
32141
32206
32212
32238
32198
32106
31652
32410
31642
32100
31366
32121
32281
32360
32131
32220
30791
32366
32264
32162
32174
32418
31815
31886
31697
32301
32211
32428
32194
32122
32233
31528
32210
31697
32100
32055
30791
32393
31589
32012
31375
32076
32009
32223
31348
32221
31838
31103
32403
31962
32388
31806
32247
32017
32324
32264
32106
31158
32201
32367
31651
32101
31690
32367
31786
32212
32115
32250
32250
32301
32206
32264
32065
32223
32115
32235
32078
32225
32212
31284
31896
31896
32206
31962
32221
32145
32215
31742
32340
31903
31920
31362
32131
32244
31825
32235
32611
32121
31896
31839
32143
32088
32158
32275
32233
32118
32247
32241
32394
31403
31962
31938
31919
31497
32204
32285
32012
32012
32321
32275
31846
32366
32143
32238
31746
32324
32340
32008
31896
32315
32100
32225
32225
31923
32321
32115
32086
32223
32242
32100
32100
32179
32238
31839
31791
32221
32017
31840
32317
32236
31449
31991
32138
31945
32245
31932
32017
32106
32275
32100
32221
32324
32008
32071
32056
32106
32106
32333
32263
32188
32223
32238
31523
32093
32091
32054
32324
32317
31829
31701
30168
32055
32145
32100
32078
31840
31690
31829
32283
31984
32213
32301
32206
32289
32324
31890
32201
32189
32115
32419
32206
32010
32360
32091
31942
31187
32055
32201
31518
32092
31843
32198
32091
32324
31909
32250
31701
31984
32059
32245
32240
31518
31103
32206
32059
32366
32317
32012
32252
32252
32206
32088
31846
32301
32324
31849
32091
32069
32353
32249
31923
32198
32236
32189
31449
32091
32169
32100
32167
32011
31701
32324
32245
32264
32182
31962
32245
32085
32225
32403
31793
32206
32008
31793
32115
31977
31923
32428
32223
30168
32100
32091
32221
32377
32333
32345
32333
31556
32220
32219
31786
32012
30791
31825
32189
32221
32359
32241
32078
32333
31879
32078
32324
32340
31972
31707
32324
32148
32206
32061
32069
31787
32012
32210
31802
32340
32078
31868
31977
32158
32167
31103
32211
32241
32078
31802
31829
31846
31449
31909
32092
32241
32169
32325
32340
32317
32122
32263
32275
31342
32206
32233
31746
31793
32324
31890
32167
31972
32403
32264
32235
32324
31839
32403
32407
32169
31523
32210
32235
32201
32428
32390
32206
32239
32194
32324
32432
31652
32324
32213
32206
31903
31926
31713
31374
32274
32369
32186
32407
31948
31977
32101
32186
31932
31901
31746
32206
32101
31938
29981
31802
32418
32188
31786
32366
32324
31631
31284
32167
31901
32088
32115
31556
32301
32340
31493
32366
32115
32369
32213
32206
32324
31945
32392
32107
32076
31701
32235
31707
32206
31701
31351
32085
32017
32198
32305
31886
32065
32295
32418
32221
32333
31991
31919
32221
32100
32207
31528
32141
32252
32245
32194
32191
32035
32100
32065
31923
31896
32174
32212
32221
32115
32140
31713
31909
31655
32085
32369
31642
32188
32368
32452
31746
32078
31690
32340
32223
31984
31776
32427
32022
32061
31886
31989
31940
31940
32253
32091
31655
32092
32284
32173
32324
31449
32228
32121
31963
32125
31932
32317
32118
32022
31794
32148
32141
32324
31825
32206
32179
31923
31791
32428
31879
32340
32013
32340
32366
32340
32100
31829
32145
32340
31868
32206
32244
32289
32141
32173
32091
32324
32317
32228
32274
32056
31342
32070
32100
32235
32212
32211
32427
31590
32212
31920
32059
31362
32221
31351
32340
32324
32106
32100
31886
31989
32279
31868
31919
31962
32122
32091
31963
32012
32407
32012
32300
32264
31989
32091
32235
32011
32315
32299
30791
31590
32065
32221
32264
32167
31642
32189
31348
31896
31707
31965
32198
32078
32306
32264
32085
32327
31590
32289
32274
32019
31707
32210
30168
32275
31802
32317
32315
32158
31860
31652
32011
32131
32252
31690
32078
32407
31766
31860
32315
32106
32345
32088
32206
31690
32121
31707
31728
31984
31786
32264
32247
31707
32115
32106
31448
32366
31794
32365
31849
32013
32206
32167
32324
32368
32393
32052
32324
32055
32172
32221
32083
32008
32106
32085
32322
32019
31806
32221
31690
32240
32300
32264
32085
32233
32236
31528
32191
32250
31896
32377
31556
32471
32009
32428
32289
31948
31523
32182
31528
32143
32182
32225
32366
31879
32106
32122
32093
32340
32106
31103
32236
31886
32321
32101
32091
32241
32324
32100
32247
32407
32239
