930
7.7 1.2
-23110 -138
-7276 -99
-18937 -587
-11389 -386
-11866 -592
-29601 -1549
-18408 -976
-9575 -553
-17275 -1072
-15019 -954
-6148 -436
-13740 -1077
-9074 -831
-15579 -1453
-10009 -949
-13355 -1349
-10191 -1104
-8259 -940
-10643 -1288
-4938 -635
-23970 -3100
-1385 -195
-24310 -3548
-4104 -625
-28947 -4703
-10474 -1808
-15804 -2788
-10875 -1925
-16322 -3079
-9444 -1835
-23064 -4636
-13280 -2696
-15766 -3223
-5934 -1310
-12923 -2876
-15152 -3380
-13382 -3008
-15363 -3542
-26092 -6174
-12467 -3027
-21682 -5735
-567 -159
-17919 -5179
-2151 -628
-25202 -7397
-3612 -1062
-9745 -2867
-16878 -5361
-13845 -4484
-14153 -4885
-11985 -4194
-22941 -8133
-21746 -7814
-5040 -1814
-6297 -2278
-16672 -6045
-16881 -6191
-13314 -4955
-10933 -4404
-12868 -5298
-26093 -10903
-18202 -7644
-9686 -4095
-13032 -5556
-16304 -7065
-20288 -9481
-10946 -5201
-19062 -9076
-12395 -5933
-17262 -8326
-22388 -10996
-9196 -4522
-7357 -3655
-15732 -7855
-4814 -2407
-17262 -8635
-13078 -6593
-14517 -7332
-23101 -11836
-29646 -15304
-14746 -7735
-9966 -5244
-6101 -3387
-30728 -17152
-19131 -10793
-8158 -4662
-5377 -3083
-19542 -11759
-10229 -6205
-12982 -7941
-14344 -8845
-12945 -8090
-23476 -14692
-22880 -14393
-3852 -2431
-10576 -6733
-9976 -6365
-20143 -13160
-16883 -11053
-22561 -14810
-3466 -2305
-14543 -9797
-16001 -10944
-9879 -6758
-9922 -7009
-14093 -10951
-7610 -5932
-13691 -10707
-30911 -24567
-17905 -14487
-16081 -13119
-13740 -11602
-7466 -6325
-8186 -6974
-5106 -4375
-7609 -6567
-11437 -9894
-24000 -20865
-15356 -14201
-26160 -24619
-5776 -5471
-17035 -16421
-20380 -19649
-7650 -7414
-14750 -14533
-10710 -10706
-24202 -24393
-10115 -10268
-18064 -18426
-12409 -12757
-13762 -14248
-5755 -5963
-18536 -19206
-23133 -24635
-13127 -14118
-12393 -13342
-1852 -2011
-3451 -3763
-13440 -15951
-17086 -20289
-12281 -14715
-9739 -12003
-19034 -23847
-14574 -18834
-15724 -20452
-8916 -11699
-15573 -20660
-7210 -9743
-9510 -13373
-20268 -28808
-6385 -9450
-5270 -7809
-7076 -10500
-10501 -16256
-8197 -12774
-4687 -7310
-3676 -6363
-6512 -12850
-9468 -18774
-9422 -19637
-7853 -16965
-3456 -7510
-11043 -24564
-4731 -10645
-6750 -15483
-1055 -2471
-5904 -13992
-5023 -12044
-4417 -11044
-1116 -2907
-4185 -11054
-3914 -11007
-8442 -23913
-2413 -7256
-4102 -12700
-6170 -19600
-3358 -10830
-3068 -10014
-6390 -21021
-5597 -18742
-2420 -8646
-4528 -16266
-6255 -24683
-5939 -24047
-5480 -22274
-1990 -8764
-3111 -14038
-1874 -9297
-2638 -13706
-3662 -19290
-1641 -9207
-4456 -27304
-276 -1694
-2164 -14236
-4044 -27298
-186 -1267
-1517 -10338
-4280 -29787
-2418 -19766
-1641 -15235
-968 -9265
-631 -6244
-593 -5944
-901 -10726
-2618 -32361
-420 -5600
-1955 -30267
-172 -3167
-1353 -26595
-244 -4956
-823 -17326
-445 -10716
-1054 -27050
-385 -10103
-204 -6380
-192 -12441
-76 -10377
-35 -7110
12 -11375
504 -21200
445 -11758
991 -22404
656 -14424
1226 -22739
289 -5337
661 -8842
903 -10079
2112 -23053
409 -3653
2603 -21386
3066 -24783
432 -3360
4107 -29733
1982 -14228
608 -4120
993 -6469
2609 -16577
2506 -15806
3032 -18008
2218 -12451
3026 -16619
1210 -6596
596 -3175
3286 -17207
5016 -25047
1953 -9081
1030 -4756
4306 -18957
3927 -17147
4330 -18808
4933 -21129
4666 -19467
2282 -9410
7497 -30793
5985 -24578
3218 -12863
2909 -11623
4093 -15861
3152 -12020
2584 -9793
7244 -27014
7256 -26141
4264 -13849
7979 -25667
1443 -4386
5064 -14396
8072 -21216
7675 -18922
6077 -14751
4638 -11225
2311 -5470
11584 -26618
3100 -6916
12590 -27635
6301 -13704
7234 -15632
12622 -27250
7108 -15070
5383 -10974
2910 -5859
4828 -9426
8330 -15253
15278 -27673
3240 -5864
12366 -22317
2187 -3847
3936 -6922
12049 -21146
6729 -11752
4050 -6925
14245 -24260
11986 -19999
6600 -10651
8697 -13936
11911 -18564
8440 -12954
4625 -7010
11322 -16363
18073 -25989
5889 -8218
7830 -10652
6602 -8721
5684 -7494
9728 -12350
5355 -6743
5012 -6281
12227 -15281
8039 -9961
3494 -4173
20806 -23995
13459 -15514
4410 -5015
23420 -26609
4495 -5092
27334 -30778
4090 -4603
14011 -15251
6783 -6986
12139 -12288
14099 -14057
16099 -15779
8903 -8687
13795 -13438
402 -391
6779 -6502
14522 -13886
15013 -14341
12955 -12203
20322 -18680
11501 -10535
14922 -13659
17716 -16036
12127 -10934
11295 -10115
7313 -6457
13665 -11989
7320 -6387
27378 -23437
4024 -3296
9083 -7274
3201 -2522
17964 -13977
5637 -4383
8469 -6505
14952 -11308
4624 -3486
26610 -18578
12326 -8495
8173 -5612
13556 -9254
8337 -5670
1819 -1224
15165 -10194
19274 -12584
21353 -13149
4820 -2949
8161 -4938
6586 -3956
14718 -8713
15357 -8648
13551 -7588
25408 -14171
21016 -11612
6774 -3715
18269 -9982
20848 -11004
7249 -3818
15999 -8300
19354 -9995
22091 -11166
18264 -8862
6790 -3188
16604 -7670
29369 -12330
8389 -3508
3942 -1631
16935 -6999
17993 -7218
12651 -4977
10711 -4178
24794 -9413
19347 -7274
7823 -2921
23518 -8702
17494 -6402
10967 -3933
11014 -3939
23551 -8196
13954 -4659
28844 -9542
7269 -2307
7524 -2306
22110 -6743
13585 -4108
17077 -5161
7575 -2244
24013 -6957
9649 -2684
24416 -6569
29116 -7732
15092 -3979
13419 -3527
18349 -4647
26155 -6603
22221 -4985
29647 -6462
13995 -2745
19037 -3703
20875 -3842
11506 -1997
22507 -3750
17688 -2938
17232 -2825
11965 -1893
26661 -3942
19800 -2338
15617 -1761
15656 -1705
17272 -1790
20114 -1958
14811 -1422
11133 -1024
17275 -1491
20878 -1796
27875 -2272
21671 -1689
7701 -551
13957 -927
4073 -245
8636 -472
9872 -521
13242 -636
20406 -935
10344 -400
23145 -822
11757 -363
28092 -305
17515 -149
9801 -79
20373 -87
22174 -78
9504 62
13331 140
15152 187
12896 229
26500 714
10974 357
7524 246
12704 440
9552 332
27743 1088
4589 239
27280 1645
26617 1663
16373 1181
10624 778
12505 918
13270 1013
17225 1326
9737 760
8586 704
21514 1902
17133 1571
13376 1232
10176 954
16751 1580
30801 3064
12131 1227
20149 2048
10752 1101
1732 183
21208 2310
23044 2661
18443 2153
3840 449
15282 1793
6598 796
9619 1186
28254 3697
17957 2456
21428 2996
4118 576
9322 1376
30189 4713
20435 3350
15668 2615
21099 3724
2195 394
19588 3736
21456 4202
12499 2451
5886 1178
7683 1767
7073 1682
20800 5460
13650 3584
18766 5483
23673 7092
26544 8072
18912 5892
12241 3825
9608 3104
9663 3129
20820 7465
5341 1930
24735 8947
27838 10087
24239 9997
17518 7245
26235 10886
14790 6475
12777 5831
4427 2032
5029 2323
17806 8299
18999 9136
13649 6572
20650 10027
7979 3945
18066 9411
12006 6342
5991 3171
11306 6039
19742 10586
25311 13602
4279 2340
18048 9923
2115 1182
15702 8891
5049 2885
8714 5359
14300 8903
6190 3869
8035 5104
23135 14863
20284 13374
23804 15721
7314 4847
20856 14934
9770 7227
20288 15111
7305 5533
20601 15679
11819 9107
7632 5942
563 440
21889 17107
29526 23327
16273 13267
26015 21238
30596 25247
15412 12742
9000 7506
3220 2703
21165 17987
10773 9365
12630 11080
2792 2479
26758 23821
14123 12645
10852 9881
8128 7423
8516 7827
21612 19904
16714 15458
5842 5452
6693 6282
18386 17320
10623 10159
5365 5217
18036 18127
20669 21505
12427 12959
15648 16485
16239 17152
14485 15307
20980 22317
11989 12826
15104 16540
5709 6275
4135 4611
7946 8882
17262 19304
6175 6918
17172 20125
4405 5275
22418 26846
1584 1911
2690 3356
8369 10571
13116 16887
13773 17800
10801 14146
17488 23159
15210 20319
8944 11989
13217 17828
5829 7866
12884 18549
10874 15698
16238 23582
8218 12409
14889 22625
15780 24092
6931 11236
2435 3973
6269 10276
9244 15236
9847 16268
5625 9939
11485 20452
8192 15430
5773 11116
9935 19209
2007 3900
6895 13451
6733 13979
11971 25248
2439 5175
4957 10704
4411 9742
6399 14352
6773 15495
4624 10707
9119 21251
2487 5898
10731 25512
8719 20803
9401 22474
4684 11216
12890 30933
9715 24213
3554 8887
11781 30283
11123 29237
8883 24364
4414 12546
9570 28285
2945 8747
3392 10095
3732 11162
8711 26115
5830 17640
4059 12345
2860 8709
5666 17669
4716 14827
6351 20015
2925 9672
4031 13945
3843 14147
4167 15780
4491 17078
2224 8855
6337 27788
775 3536
4906 22555
4961 25022
2738 16737
3103 19649
2736 21073
859 7193
2719 24982
1657 16845
2859 29256
708 8053
2097 27090
210 2925
1692 25579
793 16141
709 15086
919 22442
191 9562
29 6411
-6 8064
-8 5417
-145 8161
-104 3610
-650 18599
-432 12035
-773 21112
-942 25410
-979 20747
-866 16086
-648 10981
-725 11272
-1389 21024
-691 9497
-832 10637
-1587 20116
-2687 28923
-1399 14605
-2452 22395
-1280 11095
-2974 25472
-2055 16902
-723 5908
-781 6280
-3519 26769
-4111 27334
-3589 21860
-2956 17137
-2634 14659
-4396 24287
-2938 14002
-3096 14620
-4237 19646
-3251 14820
-2784 12366
-2227 9824
-6521 27196
-699 2908
-6455 25739
-3654 14432
-1503 5751
-3816 13988
-494 1747
-3077 10723
-5539 19279
-2558 8883
-2855 9692
-1794 6038
-2855 9432
-6475 21322
-4141 13547
-4375 13794
-3510 11056
-4971 15223
-652 1996
-4324 13021
-4023 11556
-3002 8525
-1629 4351
-4927 13016
-4112 10489
-9373 23568
-11430 28429
-11554 27329
-7115 16581
-5059 11343
-10529 22415
-7774 16529
-6393 13304
-12102 24615
-8024 15548
-10178 19686
-9469 17541
-5658 10402
-15861 29154
-2808 5150
-13535 24685
-8380 14949
-3348 5969
-16286 28495
-7385 12751
-5890 10041
-14620 24670
-6724 11152
-6043 9635
-12050 18788
-8616 13112
-11443 16987
-9243 13130
-8938 12683
-7586 10754
-12577 17779
-6112 8537
-18718 26027
-6394 8789
-14537 19492
-9298 11652
-6892 8236
-5739 6762
-10523 12324
-17686 20536
-9700 11154
-11421 13080
-9420 10784
-977 1112
-10844 12294
-20520 21883
-3839 4093
-4376 4599
-1459 1528
-15636 16372
-18487 18961
-17710 17293
-6277 5937
-17510 15799
-11239 10119
-12788 11457
-14250 12662
-11459 10103
-5931 5189
-14511 12626
-5992 5122
-23541 20018
-2698 2211
-30568 24502
-6422 5113
-22747 18076
-12204 9613
-27697 21812
-7872 6132
-19879 15414
-15014 11473
-18075 13568
-10929 8184
-21346 15976
-11126 8315
-20227 15050
-14962 11127
-23116 17141
-11520 8538
-21870 15797
-8276 5958
-6135 4383
-6573 4591
-31559 21773
-20128 13764
-9116 6006
-20834 13442
-18295 11672
-25965 16564
-28513 17859
-29003 18072
-19478 12039
-18571 11032
-26438 14922
-15752 8877
-11209 6316
-14740 8290
-9104 5116
-10341 5778
-4637 2575
-12256 6627
-19905 10727
-26710 13964
-25366 13247
-24045 12479
-9946 5123
-11536 5807
-18949 8971
-23886 11192
-25441 11913
-11719 5138
-17023 7308
-8292 3492
-22586 9432
-7115 2951
-30428 12527
-18850 7646
-13134 5171
-5396 2080
-29753 11437
-15947 6092
-26071 9935
-12563 4730
-13644 5055
-24679 9096
-9384 3447
-10127 3672
-27782 9928
-22788 8130
-3330 1172
-19609 6901
-20794 7262
-15072 5011
-8240 2549
-4989 1508
-12428 3743
-16806 4827
-10894 3090
-7556 2088
-5450 1497
-10429 2860
-22250 6045
-21048 5570
-24665 6450
-17455 4327
-13540 3130
-16795 3495
-16497 3399
-19643 3996
-12369 2388
-31781 5831
-24132 4390
-6785 1230
-8625 1561
-16169 2902
-21073 3775
-15398 2757
-6136 1084
-25725 4099
-26542 4229
-20249 3222
-12148 1897
-9576 1431
-8356 1181
-10573 1484
-4330 571
-23239 2957
-23311 2875
-15611 1776
-16320 1685
-8218 840
-26232 2520
-8042 750
-14676 1230
-10084 486
-7927 354
-4971 213
-13480 428
-27735 646
-27281 555
-31299 610
-3666 51
-14510 201
-11472 63
-29303 118
-54706 -44990
-63464 -51341
-56429 -61409
-47148 -42420
-59141 -74924
-65623 -60862
-63174 -58391
-64799 -51468
-72625 -47945
-74527 -60310
