120
5.0 1.0
637 -1879
-1395 600
1691 -161
-1219 1878
1509 32
943 2459
1672 258
1755 -1280
1793 2459
2361 1533
2091 -313
2118 385
2105 1183
1976 619
2093 -1555
2074 -1584
1886 -1884
497 -715
138 -59
1698 -1184
1567 -266
-634 355
89 -923
280 -831
-112 -158
-444 229
-521 245
-41 -456
111 -821
14 -589
-112 -371
-383 -33
-74 -497
-251 -213
-100 -414
-150 -371
-137 -372
-204 -279
-154 -353
-168 -340
-180 -322
-95 -461
29 -633
-45 -536
36 -755
-242 -253
-235 -315
-67 -627
-133 -515
-524 165
-559 277
1530 -545
1571 -769
1189 -616
227 -111
1521 -704
989 -504
1236 -606
1356 -658
1210 -620
1309 -660
1548 -723
1306 -484
513 -200
740 -255
245 -52
484 -187
1325 -566
553 -244
556 -249
243 -89
-321 156
90 -40
365 -920
1453 -2098
-828 -2048
-2133 -2469
-1338 -1873
-2261 296
-1956 -239
-680 -331
98 -1696
-941 -2022
-1081 -1263
-1619 -941
-1038 -1156
-730 -773
-1502 -360
-1213 -443
-1828 -259
-660 -415
-781 -1928
-1036 -1183
-814 -1977
-112 -1384
-471 -1500
-491 -1507
-499 -1181
-612 -1749
-690 -1044
-662 -1476
-676 -1494
-720 -1605
-651 -1526
-696 -1627
-660 -1689
-647 -1457
-651 -1551
-635 -1620
-661 -1729
-630 -1677
-740 -1874
-744 -1850
-699 -953
-722 -1216
-743 -1545
-727 -1412
-730 -1488
-727 -1486
-761 -1885
