500
4.2 1
17023 63
9608 160
4348 216
9849 269
22050 358
23588 381
8494 484
19324 511
-2119 585
2285 666
-10709 751
-14792 772
-4580 855
-19158 937
-16946 1021
-32706 1102
-48329 1140
-35190 1165
-44447 1206
-50540 1285
-79351 1311
-74795 1364
-77119 1473
-77545 1537
-76804 1599
-107021 1641
-88106 1664
-92136 1760
-89745 1864
-61148 1975
-64714 2001
-85964 2005
-75397 2059
-60805 2142
-56554 2264
-70538 2342
-92917 2417
-103010 2482
-104588 2575
-121173 2650
-145124 2659
-133443 2702
-121725 2804
-123387 2839
-123824 2882
-109360 2910
-106921 2933
-115724 2963
-101446 3000
-116715 3071
-140846 3079
-140480 3195
-146716 3203
-132920 3230
-119091 3326
-135830 3380
-136413 3484
-157150 3545
-178296 3659
-157117 3752
-149986 3802
-168552 3866
-165545 3967
-182836 4043
-182372 4073
-175539 4138
-187770 4158
-186287 4260
-187762 4377
-176937 4490
-198261 4530
-187201 4537
-172709 4587
-167110 4615
-165514 4728
-145076 4729
-171663 4749
-169697 4834
-190572 4929
-194999 4942
-183797 5014
-169896 5038
-151966 5114
-170173 5134
-166335 5242
-192110 5266
-210510 5290
-189863 5353
-196018 5439
-196264 5508
-212961 5591
-241183 5613
-238555 5688
-236207 5780
-244297 5902
-238530 5905
-227529 5974
-225870 6083
-236577 6175
-258564 6295
-253058 6377
-248060 6409
-261496 6435
-271828 6527
-283700 6569
-292837 6655
-299364 6686
-314107 6726
-303271 6758
-294828 6871
-292448 6931
-287559 6949
-286072 7051
-273905 7166
-291156 7213
-301929 7298
-302340 7300
-301713 7391
-288627 7438
-287134 7504
-308517 7565
-295086 7668
-305863 7679
-311822 7758
-340125 7866
-309107 7957
-290188 8049
-273655 8119
-268629 8186
-249495 8274
-258113 8385
-264842 8469
-266054 8495
-266911 8578
-245368 8652
-245905 8765
-254005 8813
-228582 8933
-233074 9035
-232919 9137
-234528 9178
-217948 9272
-202605 9359
-220998 9370
-205434 9478
-195599 9533
-225977 9586
-197325 9676
-181269 9677
-182377 9714
-187276 9776
-187398 9796
-169440 9820
-179260 9902
-188824 9943
-163481 9988
-163926 10105
-169088 10139
-189022 10167
-184928 10192
-169908 10276
-168410 10350
-154947 10457
-173388 10575
-190699 10643
-183006 10679
-161378 10756
-151301 10807
-157524 10826
-133651 10838
-113694 10913
-117329 10934
-126755 10956
-129976 11074
-131964 11093
-124986 11155
-102560 11236
-110408 11316
-94002 11342
-98542 11455
-104471 11464
-110783 11553
-95615 11633
-83557 11638
-67211 11669
-81305 11769
-63673 11858
-72902 11881
-61230 11917
-55710 12015
-50854 12051
-40068 12161
-28047 12183
-18271 12301
-37521 12380
-41553 12487
-43159 12535
-43134 12547
-15898 12564
-4275 12652
-5686 12672
13902 12691
31538 12771
55440 12795
68650 12884
74105 12933
74123 12988
93011 13034
88171 13064
118554 13122
119765 13178
121898 13217
98765 13313
96168 13399
97228 13402
86461 13412
99892 13472
111350 13502
85872 13584
85608 13629
88761 13691
87407 13729
84919 13772
86040 13876
89975 13970
84374 14023
70769 14038
82528 14146
75407 14163
74169 14172
91510 14185
106202 14199
88700 14259
89589 14337
98582 14404
120772 14523
118686 14599
107119 14654
116675 14770
125148 14856
134402 14934
121296 15016
124151 15118
141938 15144
153709 15146
163840 15260
179562 15379
180949 15451
201137 15477
200995 15501
199286 15567
217570 15594
190769 15630
186587 15739
184012 15752
176871 15808
146864 15893
138680 15903
135253 15995
127162 16104
109916 16173
124156 16251
99173 16280
83993 16323
75289 16363
84630 16468
103203 16543
119872 16544
131341 16600
141660 16708
127802 16748
147918 16762
161138 16878
167817 16976
173762 17067
173020 17106
159386 17227
146297 17244
141420 17335
149333 17396
135486 17504
138403 17587
139245 17685
139419 17739
130060 17800
136407 17901
151725 18001
143198 18024
135025 18091
161210 18141
142769 18224
128180 18276
116899 18314
128638 18392
147140 18484
153467 18529
162801 18551
171493 18595
180972 18604
201464 18683
195149 18747
220280 18759
211979 18783
232358 18842
224792 18919
250626 18954
249811 19016
239201 19084
260912 19087
262481 19172
272879 19286
261562 19331
257593 19388
252210 19456
248689 19487
233874 19582
231209 19642
225699 19743
226168 19796
249081 19810
240407 19913
251482 19976
232736 20098
228936 20149
198978 20223
208766 20265
216756 20288
236930 20380
229221 20488
245154 20579
259601 20690
261355 20768
280893 20873
255488 20937
249427 20996
245729 21079
247635 21157
248568 21200
256713 21220
242692 21257
256271 21379
273607 21400
279314 21454
288896 21478
296445 21512
298634 21527
269469 21630
270271 21679
275041 21796
285558 21823
290116 21903
292658 21966
285435 22063
297043 22131
303935 22143
287092 22150
308244 22266
322870 22370
327246 22400
315046 22484
313295 22583
316293 22628
321066 22750
335633 22842
339892 22893
357421 22916
354859 22947
343031 22973
345464 23080
320033 23086
316982 23098
324277 23164
317194 23248
302351 23319
297194 23432
323105 23530
305636 23572
280679 23631
259851 23753
256543 23864
252304 23977
246414 24000
231470 24086
228739 24125
220535 24146
202844 24156
211109 24196
202285 24263
213489 24386
233694 24442
240811 24527
230240 24552
221319 24606
216392 24640
205009 24685
174692 24807
172940 24840
178490 24864
189356 24946
213345 24998
237793 25018
247608 25025
246969 25098
240755 25181
235517 25303
210276 25419
205968 25484
219409 25583
237379 25632
251517 25701
234065 25811
242596 25921
232584 25960
236315 25997
205384 26110
201567 26119
189663 26199
186155 26235
190949 26351
178280 26460
155562 26500
130984 26517
117980 26624
112673 26645
116958 26668
122010 26683
133015 26774
127958 26822
118423 26874
125781 26976
107237 26981
128398 26989
132573 27092
126187 27150
113885 27185
118569 27228
111284 27248
122098 27361
119570 27428
120770 27439
106346 27480
85117 27496
96766 27504
90944 27532
102172 27607
122196 27679
142761 27773
151615 27815
169866 27820
186741 27869
206744 27934
198685 28001
192027 28102
205518 28132
222715 28210
216421 28313
226353 28436
227130 28530
217112 28554
226402 28630
233137 28705
214205 28806
205814 28881
221694 28969
234701 29041
231932 29044
235846 29105
224476 29132
221716 29175
196350 29298
189845 29395
162997 29460
153532 29501
131624 29546
134582 29584
132087 29604
153901 29628
165237 29637
176236 29716
176027 29781
200658 29865
194550 29919
210520 29992
223558 30089
229916 30203
223114 30322
201507 30339
198563 30380
182742 30469
186077 30580
197610 30595
182526 30661
193966 30696
197541 30735
194289 30824
193572 30945
188931 30968
203036 31003
198788 31116
211836 31161
201966 31191
199354 31299
213290 31322
212575 31427
190861 31444
168757 31478
164110 31600
148669 31648
136852 31746
136122 31749
148653 31830
135408 31909
154643 32010
151401 32095
143040 32141
123870 32181
124040 32300
114455 32365
99181 32402
102232 32447
107818 32468
96578 32499
98477 32601
111274 32632
117105 32732
125521 32743
147450 32800
163203 32887
161251 32980
153870 33103
167226 33194
169225 33281
159265 33337
160611 33422
155373 33448
128826 33471
125495 33568
122715 33655
121756 33702
129159 33705
141090 33735
134227 33775
137340 33882
112558 33973
130717 34077
114815 34179
130402 34254
107481 34360
102963 34413
106151 34435
96749 34549
94453 34634
87423 34637
106519 34707
96238 34726
104020 34763
99269 34802
114411 34844
112412 34946
111495 35037
117943 35154
117886 35276
97780 35310
96115 35430
115837 35493
110635 35541
117746 35595
124346 35607
123663 35615
133712 35653
129272 35664
136784 35716
138931 35753
128892 35862
126454 35866
117587 35926
93647 36031
94198 36152
90842 36202
96560 36295
80887 36356
98166 36378
85438 36450
105719 36485
106033 36552
119067 36579
126797 36662
130298 36666
152201 36741
150450 36852
141428 36970
143276 36991
153309 37032
145962 37068
132434 37090
132279 37131
107232 37239
113744 37333
141654 37405
142428 37524
119153 37557
97233 37626
100543 37631
112914 37697
83234 37780
90480 37787
72500 37792
55127 37911
70656 37995
50821 38055
62401 38100
55261 38220
50860 38332
57018 38361
59894 38452
59346 38495
79508 38531
87553 38581
82011 38589
103311 38690
104337 38795
122585 38797
128023 38860
126822 38946
129192 39045
142531 39136
139745 39213
164548 39259
182296 39276
169726 39328
175142 39413
184718 39417
173739 39444
155530 39565
134779 39624
139193 39644
136761 39762
121435 39859
100933 39923
117546 40036
118656 40072
94428 40085
104614 40186
88015 40226
84771 40264
81319 40368
85418 40440
68094 40553
84479 40620
81025 40737
104625 40780
109324 40865
125109 40881
150171 40950
134687 40982
152625 41063
133748 41183
127751 41186
108098 41297
88987 41382
75526 41457
82808 41478
73092 41567
49104 41630
51229 41640
75070 41677
90577 41798
77129 41887
49630 41976
30336 41984
14665 42010
-1461 42044
-3409 42138
-8260 42141
-29142 42242
-19192 42294
-27075 42350
-24197 42419
-29705 42451
-24586 42529
-2096 42618
22104 42703
31213 42808
47214 42913
69586 42917
58675 42945
32423 43031
41863 43105
55451 43202
73647 43207
80142 43235
73011 43300
91778 43388
84213 43449
88710 43516
83355 43526
69409 43639
65700 43748
77399 43805
59576 43910
76776 43985
85527 44023
80474 44069
72755 44095
50148 44180
51163 44189
58596 44258
85886 44298
108752 44404
103278 44522
84982 44620
76337 44715
54108 44761
47419 44774
47523 44880
54441 44974
35516 45036
35028 45154
57796 45164
67294 45229
