2402
0.000000 0.000000
1.000000 0.000000
2.000000 0.000000
2.500000 0.866025
2.000000 1.732051
0.500000 0.866025
1.000000 1.732051
1.500000 2.598076
2.000000 3.464102
2.500000 4.330127
1.000000 3.464102
0.500000 4.330127
1.000000 5.196152
2.000000 5.196152
3.000000 5.196152
4.000000 5.196152
5.000000 5.196152
3.500000 6.062178
4.000000 6.928203
5.000000 6.928203
5.500000 6.062178
6.000000 5.196152
6.500000 4.330127
7.000000 3.464102
7.000000 5.196152
8.000000 5.196152
8.500000 4.330127
8.000000 3.464102
7.500000 2.598076
6.000000 1.732051
4.500000 0.866025
6.000000 3.464102
4.500000 4.330127
3.000000 3.464102
3.000000 1.732051
3.000000 0.000000
3.500000 -0.866025
4.000000 -1.732051
5.000000 -1.732051
5.500000 -0.866025
4.000000 0.000000
5.000000 0.000000
6.000000 0.000000
7.000000 0.000000
8.000000 0.000000
6.500000 0.866025
7.000000 1.732051
8.000000 1.732051
8.500000 0.866025
9.000000 0.000000
9.500000 -0.866025
10.000000 -1.732051
11.000000 -1.732051
11.500000 -0.866025
10.000000 0.000000
11.000000 0.000000
12.000000 0.000000
13.000000 0.000000
14.000000 0.000000
12.500000 0.866025
13.000000 1.732051
14.000000 1.732051
14.500000 0.866025
15.000000 0.000000
15.000000 -1.732051
15.000000 -3.464102
13.500000 -4.330127
12.000000 -3.464102
13.500000 -0.866025
12.000000 -1.732051
10.500000 -2.598076
10.000000 -3.464102
9.500000 -4.330127
10.000000 -5.196152
11.000000 -5.196152
11.000000 -3.464102
11.500000 -4.330127
12.000000 -5.196152
12.500000 -6.062178
13.000000 -6.928203
14.000000 -6.928203
14.500000 -6.062178
13.000000 -5.196152
14.000000 -5.196152
15.000000 -5.196152
16.000000 -5.196152
17.000000 -5.196152
17.500000 -4.330127
17.000000 -3.464102
15.500000 -4.330127
16.000000 -3.464102
16.500000 -2.598076
17.000000 -1.732051
17.500000 -0.866025
16.000000 -1.732051
15.500000 -0.866025
16.000000 0.000000
17.000000 0.000000
18.000000 0.000000
19.000000 0.000000
20.000000 0.000000
20.500000 0.866025
20.000000 1.732051
18.500000 0.866025
19.000000 1.732051
19.500000 2.598076
20.000000 3.464102
20.500000 4.330127
19.000000 3.464102
18.500000 4.330127
19.000000 5.196152
20.000000 5.196152
21.000000 5.196152
22.500000 4.330127
24.000000 3.464102
24.000000 1.732051
22.500000 0.866025
21.000000 3.464102
21.000000 1.732051
21.000000 0.000000
21.500000 -0.866025
22.000000 -1.732051
23.000000 -1.732051
23.500000 -0.866025
22.000000 0.000000
23.000000 0.000000
24.000000 0.000000
25.000000 0.000000
26.000000 0.000000
26.500000 0.866025
26.000000 1.732051
24.500000 0.866025
25.000000 1.732051
25.500000 2.598076
26.000000 3.464102
26.500000 4.330127
26.000000 5.196152
25.000000 5.196152
25.000000 3.464102
24.500000 4.330127
24.000000 5.196152
23.500000 6.062178
23.000000 6.928203
23.000000 5.196152
22.000000 5.196152
21.500000 6.062178
22.000000 6.928203
22.500000 7.794229
23.000000 8.660254
23.500000 9.526279
23.000000 10.392305
22.000000 10.392305
22.000000 8.660254
21.500000 9.526279
21.000000 10.392305
20.500000 11.258330
20.000000 12.124356
20.000000 10.392305
19.000000 10.392305
18.500000 11.258330
19.000000 12.124356
19.500000 12.990381
21.000000 13.856406
22.500000 14.722432
24.000000 13.856406
24.000000 12.124356
21.000000 12.124356
22.500000 11.258330
24.000000 10.392305
25.000000 10.392305
26.000000 10.392305
26.500000 11.258330
26.000000 12.124356
24.500000 11.258330
25.000000 12.124356
25.500000 12.990381
26.000000 13.856406
26.500000 14.722432
26.000000 15.588457
25.000000 15.588457
25.000000 13.856406
24.500000 14.722432
24.000000 15.588457
23.500000 16.454483
23.000000 17.320508
22.000000 17.320508
21.500000 16.454483
23.000000 15.588457
22.000000 15.588457
21.000000 15.588457
20.000000 15.588457
19.000000 15.588457
20.500000 14.722432
20.000000 13.856406
19.000000 13.856406
18.500000 14.722432
18.000000 15.588457
18.000000 13.856406
18.000000 12.124356
16.500000 11.258330
15.000000 12.124356
16.500000 14.722432
15.000000 13.856406
13.500000 12.990381
12.000000 12.124356
10.500000 11.258330
12.000000 13.856406
10.500000 14.722432
9.000000 13.856406
9.000000 12.124356
9.000000 10.392305
10.500000 7.794229
12.000000 5.196152
15.000000 5.196152
16.500000 7.794229
12.000000 10.392305
15.000000 10.392305
18.000000 10.392305
19.500000 9.526279
21.000000 8.660254
21.000000 6.928203
19.500000 6.062178
18.000000 8.660254
18.000000 6.928203
18.000000 5.196152
18.000000 3.464102
18.000000 1.732051
16.500000 0.866025
15.000000 1.732051
16.500000 4.330127
15.000000 3.464102
13.500000 2.598076
12.000000 1.732051
10.500000 0.866025
9.000000 1.732051
9.000000 3.464102
12.000000 3.464102
10.500000 4.330127
9.000000 5.196152
7.500000 6.062178
6.000000 6.928203
9.000000 6.928203
9.000000 8.660254
7.500000 9.526279
6.000000 8.660254
4.500000 7.794229
5.000000 8.660254
5.500000 9.526279
5.000000 10.392305
4.000000 10.392305
4.000000 8.660254
3.500000 9.526279
3.000000 10.392305
2.500000 11.258330
2.000000 12.124356
2.000000 10.392305
1.000000 10.392305
0.500000 11.258330
1.000000 12.124356
1.500000 12.990381
2.000000 13.856406
2.500000 14.722432
1.000000 13.856406
0.500000 14.722432
1.000000 15.588457
2.000000 15.588457
3.000000 15.588457
4.000000 15.588457
5.000000 15.588457
3.500000 16.454483
4.000000 17.320508
5.000000 17.320508
5.500000 16.454483
6.000000 15.588457
6.000000 13.856406
6.000000 12.124356
4.500000 14.722432
3.000000 13.856406
3.000000 12.124356
4.500000 11.258330
6.000000 10.392305
7.000000 10.392305
8.000000 10.392305
8.500000 11.258330
8.000000 12.124356
6.500000 11.258330
7.000000 12.124356
7.500000 12.990381
8.000000 13.856406
8.500000 14.722432
7.000000 13.856406
6.500000 14.722432
7.000000 15.588457
8.000000 15.588457
9.000000 15.588457
10.000000 15.588457
11.000000 15.588457
11.500000 16.454483
11.000000 17.320508
9.500000 16.454483
10.000000 17.320508
10.500000 18.186533
11.000000 19.052559
11.500000 19.918584
10.000000 19.052559
9.500000 19.918584
10.000000 20.784610
11.000000 20.784610
12.000000 20.784610
13.500000 19.918584
15.000000 19.052559
15.000000 17.320508
13.500000 16.454483
12.000000 19.052559
12.000000 17.320508
12.000000 15.588457
12.500000 14.722432
13.000000 13.856406
14.000000 13.856406
14.500000 14.722432
13.000000 15.588457
14.000000 15.588457
15.000000 15.588457
16.000000 15.588457
17.000000 15.588457
17.500000 16.454483
17.000000 17.320508
15.500000 16.454483
16.000000 17.320508
16.500000 18.186533
17.000000 19.052559
17.500000 19.918584
17.000000 20.784610
16.000000 20.784610
16.000000 19.052559
15.500000 19.918584
15.000000 20.784610
14.500000 21.650635
14.000000 22.516660
14.000000 20.784610
13.000000 20.784610
12.500000 21.650635
13.000000 22.516660
13.500000 23.382686
14.000000 24.248711
14.500000 25.114737
14.000000 25.980762
13.000000 25.980762
13.000000 24.248711
12.500000 25.114737
12.000000 25.980762
11.500000 26.846788
11.000000 27.712813
11.000000 25.980762
10.000000 25.980762
9.500000 26.846788
10.000000 27.712813
10.500000 28.578838
11.000000 29.444864
11.500000 30.310889
10.000000 29.444864
9.500000 30.310889
10.000000 31.176915
11.000000 31.176915
12.000000 31.176915
13.000000 31.176915
14.000000 31.176915
12.500000 32.042940
13.000000 32.908965
14.000000 32.908965
14.500000 32.042940
15.000000 31.176915
15.000000 29.444864
15.000000 27.712813
13.500000 30.310889
12.000000 29.444864
12.000000 27.712813
13.500000 26.846788
15.000000 25.980762
16.000000 25.980762
17.000000 25.980762
17.500000 26.846788
17.000000 27.712813
15.500000 26.846788
16.000000 27.712813
16.500000 28.578838
17.000000 29.444864
17.500000 30.310889
16.000000 29.444864
15.500000 30.310889
16.000000 31.176915
17.000000 31.176915
18.000000 31.176915
19.000000 31.176915
20.000000 31.176915
20.500000 32.042940
20.000000 32.908965
18.500000 32.042940
19.000000 32.908965
19.500000 33.774991
20.000000 34.641016
20.500000 35.507042
19.000000 34.641016
18.500000 35.507042
19.000000 36.373067
20.000000 36.373067
21.000000 36.373067
22.500000 35.507042
24.000000 34.641016
24.000000 32.908965
22.500000 32.042940
21.000000 34.641016
21.000000 32.908965
21.000000 31.176915
21.500000 30.310889
22.000000 29.444864
23.000000 29.444864
23.500000 30.310889
22.000000 31.176915
23.000000 31.176915
24.000000 31.176915
25.000000 31.176915
26.000000 31.176915
26.500000 32.042940
26.000000 32.908965
24.500000 32.042940
25.000000 32.908965
25.500000 33.774991
26.000000 34.641016
26.500000 35.507042
26.000000 36.373067
25.000000 36.373067
25.000000 34.641016
24.500000 35.507042
24.000000 36.373067
23.500000 37.239092
23.000000 38.105118
23.000000 36.373067
22.000000 36.373067
21.500000 37.239092
22.000000 38.105118
22.500000 38.971143
21.000000 38.105118
19.500000 37.239092
18.000000 38.105118
18.000000 39.837169
21.000000 39.837169
19.500000 40.703194
18.000000 41.569219
16.500000 42.435245
15.000000 43.301270
18.000000 43.301270
18.000000 45.033321
16.500000 45.899346
15.000000 45.033321
13.500000 44.167296
12.000000 43.301270
10.500000 42.435245
12.000000 45.033321
10.500000 45.899346
9.000000 45.033321
9.000000 43.301270
9.000000 41.569219
9.000000 39.837169
9.000000 38.105118
7.500000 40.703194
6.000000 39.837169
6.000000 38.105118
7.500000 37.239092
9.000000 36.373067
12.000000 36.373067
15.000000 36.373067
10.500000 38.971143
12.000000 41.569219
15.000000 41.569219
16.500000 38.971143
18.000000 36.373067
18.000000 34.641016
18.000000 32.908965
16.500000 32.042940
15.000000 32.908965
16.500000 35.507042
15.000000 34.641016
13.500000 33.774991
12.000000 32.908965
10.500000 32.042940
12.000000 34.641016
10.500000 35.507042
9.000000 34.641016
9.000000 32.908965
9.000000 31.176915
8.500000 32.042940
8.000000 32.908965
7.000000 32.908965
6.500000 32.042940
8.000000 31.176915
7.000000 31.176915
6.000000 31.176915
5.000000 31.176915
4.000000 31.176915
5.500000 30.310889
5.000000 29.444864
4.000000 29.444864
3.500000 30.310889
3.000000 31.176915
2.500000 32.042940
2.000000 32.908965
2.000000 31.176915
1.000000 31.176915
0.500000 32.042940
1.000000 32.908965
1.500000 33.774991
2.000000 34.641016
2.500000 35.507042
1.000000 34.641016
0.500000 35.507042
1.000000 36.373067
2.000000 36.373067
3.000000 36.373067
4.500000 35.507042
6.000000 34.641016
3.000000 34.641016
3.000000 32.908965
4.500000 32.042940
6.000000 32.908965
7.500000 33.774991
8.000000 34.641016
8.500000 35.507042
8.000000 36.373067
7.000000 36.373067
7.000000 34.641016
6.500000 35.507042
6.000000 36.373067
5.500000 37.239092
5.000000 38.105118
5.000000 36.373067
4.000000 36.373067
3.500000 37.239092
4.000000 38.105118
4.500000 38.971143
5.000000 39.837169
5.500000 40.703194
5.000000 41.569219
4.000000 41.569219
4.000000 39.837169
3.500000 40.703194
3.000000 41.569219
2.500000 42.435245
2.000000 43.301270
2.000000 41.569219
1.000000 41.569219
0.500000 42.435245
1.000000 43.301270
1.500000 44.167296
2.000000 45.033321
2.500000 45.899346
1.000000 45.033321
0.500000 45.899346
1.000000 46.765372
2.000000 46.765372
3.000000 46.765372
4.000000 46.765372
5.000000 46.765372
3.500000 47.631397
4.000000 48.497423
5.000000 48.497423
5.500000 47.631397
6.000000 46.765372
6.000000 45.033321
6.000000 43.301270
4.500000 45.899346
3.000000 45.033321
3.000000 43.301270
4.500000 42.435245
6.000000 41.569219
7.000000 41.569219
8.000000 41.569219
8.500000 42.435245
8.000000 43.301270
6.500000 42.435245
7.000000 43.301270
7.500000 44.167296
8.000000 45.033321
8.500000 45.899346
7.000000 45.033321
6.500000 45.899346
7.000000 46.765372
8.000000 46.765372
9.000000 46.765372
10.000000 46.765372
11.000000 46.765372
11.500000 47.631397
11.000000 48.497423
9.500000 47.631397
10.000000 48.497423
10.500000 49.363448
11.000000 50.229473
11.500000 51.095499
10.000000 50.229473
9.500000 51.095499
10.000000 51.961524
11.000000 51.961524
12.000000 51.961524
13.000000 51.961524
14.000000 51.961524
12.500000 52.827550
13.000000 53.693575
14.000000 53.693575
14.500000 52.827550
15.000000 51.961524
15.500000 51.095499
16.000000 50.229473
16.000000 51.961524
17.000000 51.961524
17.500000 51.095499
17.000000 50.229473
16.500000 49.363448
15.000000 48.497423
13.500000 47.631397
15.000000 50.229473
13.500000 51.095499
12.000000 50.229473
12.000000 48.497423
12.000000 46.765372
12.500000 45.899346
13.000000 45.033321
14.000000 45.033321
14.500000 45.899346
13.000000 46.765372
14.000000 46.765372
15.000000 46.765372
16.000000 46.765372
17.000000 46.765372
15.500000 47.631397
16.000000 48.497423
17.000000 48.497423
17.500000 47.631397
18.000000 46.765372
18.500000 45.899346
19.000000 45.033321
20.000000 45.033321
20.500000 45.899346
19.000000 46.765372
20.000000 46.765372
21.000000 46.765372
22.000000 46.765372
23.000000 46.765372
21.500000 47.631397
22.000000 48.497423
23.000000 48.497423
23.500000 47.631397
24.000000 46.765372
24.000000 45.033321
24.000000 43.301270
22.500000 42.435245
21.000000 43.301270
22.500000 45.899346
21.000000 45.033321
19.500000 44.167296
19.000000 43.301270
18.500000 42.435245
19.000000 41.569219
20.000000 41.569219
20.000000 43.301270
20.500000 42.435245
21.000000 41.569219
21.500000 40.703194
22.000000 39.837169
23.000000 39.837169
23.500000 40.703194
22.000000 41.569219
23.000000 41.569219
24.000000 41.569219
25.000000 41.569219
26.000000 41.569219
26.500000 42.435245
26.000000 43.301270
24.500000 42.435245
25.000000 43.301270
25.500000 44.167296
26.000000 45.033321
26.500000 45.899346
25.000000 45.033321
24.500000 45.899346
25.000000 46.765372
26.000000 46.765372
27.000000 46.765372
28.000000 46.765372
29.000000 46.765372
29.500000 47.631397
29.000000 48.497423
27.500000 47.631397
28.000000 48.497423
28.500000 49.363448
29.000000 50.229473
29.500000 51.095499
28.000000 50.229473
27.500000 51.095499
28.000000 51.961524
29.000000 51.961524
30.000000 51.961524
31.000000 51.961524
32.000000 51.961524
30.500000 52.827550
31.000000 53.693575
32.000000 53.693575
32.500000 52.827550
33.000000 51.961524
33.500000 51.095499
34.000000 50.229473
34.000000 51.961524
35.000000 51.961524
35.500000 51.095499
35.000000 50.229473
34.500000 49.363448
33.000000 48.497423
31.500000 47.631397
33.000000 50.229473
31.500000 51.095499
30.000000 50.229473
30.000000 48.497423
30.000000 46.765372
30.500000 45.899346
31.000000 45.033321
32.000000 45.033321
32.500000 45.899346
31.000000 46.765372
32.000000 46.765372
33.000000 46.765372
34.000000 46.765372
35.000000 46.765372
33.500000 47.631397
34.000000 48.497423
35.000000 48.497423
35.500000 47.631397
36.000000 46.765372
36.500000 45.899346
37.000000 45.033321
38.000000 45.033321
38.500000 45.899346
37.000000 46.765372
38.000000 46.765372
39.000000 46.765372
40.000000 46.765372
41.000000 46.765372
39.500000 47.631397
40.000000 48.497423
41.000000 48.497423
41.500000 47.631397
42.000000 46.765372
42.000000 45.033321
42.000000 43.301270
40.500000 42.435245
39.000000 43.301270
40.500000 45.899346
39.000000 45.033321
37.500000 44.167296
37.000000 43.301270
36.500000 42.435245
37.000000 41.569219
38.000000 41.569219
38.000000 43.301270
38.500000 42.435245
39.000000 41.569219
39.500000 40.703194
40.000000 39.837169
41.000000 39.837169
41.500000 40.703194
40.000000 41.569219
41.000000 41.569219
42.000000 41.569219
43.000000 41.569219
44.000000 41.569219
44.500000 42.435245
44.000000 43.301270
42.500000 42.435245
43.000000 43.301270
43.500000 44.167296
44.000000 45.033321
44.500000 45.899346
43.000000 45.033321
42.500000 45.899346
43.000000 46.765372
44.000000 46.765372
45.000000 46.765372
43.500000 47.631397
42.000000 48.497423
42.000000 50.229473
43.500000 51.095499
45.000000 48.497423
45.000000 50.229473
45.000000 51.961524
45.000000 53.693575
45.000000 55.425626
46.500000 52.827550
48.000000 53.693575
48.000000 55.425626
46.500000 56.291651
45.000000 57.157677
43.500000 58.023702
42.000000 58.889727
45.000000 58.889727
45.000000 60.621778
43.500000 61.487804
42.000000 60.621778
40.500000 59.755753
39.000000 58.889727
37.500000 58.023702
39.000000 60.621778
37.500000 61.487804
36.000000 60.621778
36.000000 58.889727
36.000000 57.157677
37.500000 54.559600
39.000000 51.961524
39.000000 57.157677
42.000000 57.157677
43.500000 54.559600
42.000000 51.961524
40.500000 49.363448
39.000000 48.497423
37.500000 47.631397
36.000000 48.497423
36.000000 50.229473
39.000000 50.229473
37.500000 51.095499
36.000000 51.961524
34.500000 52.827550
33.000000 53.693575
36.000000 53.693575
36.000000 55.425626
34.500000 56.291651
33.000000 55.425626
31.500000 54.559600
32.000000 55.425626
32.500000 56.291651
32.000000 57.157677
31.000000 57.157677
31.000000 55.425626
30.500000 56.291651
30.000000 57.157677
29.500000 58.023702
29.000000 58.889727
29.000000 57.157677
28.000000 57.157677
27.500000 58.023702
28.000000 58.889727
28.500000 59.755753
29.000000 60.621778
29.500000 61.487804
28.000000 60.621778
27.500000 61.487804
28.000000 62.353829
29.000000 62.353829
30.000000 62.353829
31.000000 62.353829
32.000000 62.353829
30.500000 63.219854
31.000000 64.085880
32.000000 64.085880
32.500000 63.219854
33.000000 62.353829
33.000000 60.621778
33.000000 58.889727
31.500000 61.487804
30.000000 60.621778
30.000000 58.889727
31.500000 58.023702
33.000000 57.157677
34.000000 57.157677
35.000000 57.157677
35.500000 58.023702
35.000000 58.889727
33.500000 58.023702
34.000000 58.889727
34.500000 59.755753
35.000000 60.621778
35.500000 61.487804
34.000000 60.621778
33.500000 61.487804
34.000000 62.353829
35.000000 62.353829
36.000000 62.353829
37.000000 62.353829
38.000000 62.353829
38.500000 63.219854
38.000000 64.085880
36.500000 63.219854
37.000000 64.085880
37.500000 64.951905
38.000000 65.817931
38.500000 66.683956
37.000000 65.817931
36.500000 66.683956
37.000000 67.549981
38.000000 67.549981
39.000000 67.549981
40.000000 67.549981
41.000000 67.549981
39.500000 68.416007
40.000000 69.282032
41.000000 69.282032
41.500000 68.416007
42.000000 67.549981
42.500000 66.683956
43.000000 65.817931
43.000000 67.549981
44.000000 67.549981
44.500000 66.683956
44.000000 65.817931
43.500000 64.951905
42.000000 64.085880
40.500000 63.219854
42.000000 65.817931
40.500000 66.683956
39.000000 65.817931
39.000000 64.085880
39.000000 62.353829
39.500000 61.487804
40.000000 60.621778
41.000000 60.621778
41.500000 61.487804
40.000000 62.353829
41.000000 62.353829
42.000000 62.353829
43.000000 62.353829
44.000000 62.353829
42.500000 63.219854
43.000000 64.085880
44.000000 64.085880
44.500000 63.219854
45.000000 62.353829
45.500000 61.487804
46.000000 60.621778
47.000000 60.621778
47.500000 61.487804
46.000000 62.353829
47.000000 62.353829
48.000000 62.353829
49.000000 62.353829
50.000000 62.353829
48.500000 63.219854
49.000000 64.085880
50.000000 64.085880
50.500000 63.219854
51.000000 62.353829
51.500000 61.487804
52.000000 60.621778
52.000000 62.353829
53.000000 62.353829
53.500000 61.487804
53.000000 60.621778
52.500000 59.755753
52.000000 58.889727
51.500000 58.023702
53.000000 58.889727
53.500000 58.023702
53.000000 57.157677
52.000000 57.157677
51.000000 57.157677
49.500000 58.023702
48.000000 58.889727
51.000000 58.889727
51.000000 60.621778
49.500000 61.487804
48.000000 60.621778
46.500000 59.755753
46.000000 58.889727
45.500000 58.023702
46.000000 57.157677
47.000000 57.157677
47.000000 58.889727
47.500000 58.023702
48.000000 57.157677
48.500000 56.291651
49.000000 55.425626
49.000000 57.157677
50.000000 57.157677
50.500000 56.291651
50.000000 55.425626
49.500000 54.559600
49.000000 53.693575
48.500000 52.827550
49.000000 51.961524
50.000000 51.961524
50.000000 53.693575
50.500000 52.827550
51.000000 51.961524
51.500000 51.095499
52.000000 50.229473
52.000000 51.961524
53.000000 51.961524
53.500000 51.095499
53.000000 50.229473
52.500000 49.363448
51.000000 48.497423
49.500000 47.631397
48.000000 48.497423
48.000000 50.229473
51.000000 50.229473
49.500000 51.095499
48.000000 51.961524
47.000000 51.961524
46.000000 51.961524
45.500000 51.095499
46.000000 50.229473
47.500000 51.095499
47.000000 50.229473
46.500000 49.363448
46.000000 48.497423
45.500000 47.631397
46.000000 46.765372
47.000000 46.765372
47.000000 48.497423
47.500000 47.631397
48.000000 46.765372
48.500000 45.899346
49.000000 45.033321
50.000000 45.033321
50.500000 45.899346
49.000000 46.765372
50.000000 46.765372
51.000000 46.765372
52.000000 46.765372
53.000000 46.765372
51.500000 47.631397
52.000000 48.497423
53.000000 48.497423
53.500000 47.631397
54.000000 46.765372
54.500000 45.899346
55.000000 45.033321
56.000000 45.033321
56.500000 45.899346
55.000000 46.765372
56.000000 46.765372
57.000000 46.765372
58.000000 46.765372
59.000000 46.765372
57.500000 47.631397
58.000000 48.497423
59.000000 48.497423
59.500000 47.631397
60.000000 46.765372
60.500000 45.899346
61.000000 45.033321
61.000000 46.765372
62.000000 46.765372
62.500000 45.899346
62.000000 45.033321
61.500000 44.167296
61.000000 43.301270
60.500000 42.435245
62.000000 43.301270
62.500000 42.435245
62.000000 41.569219
61.000000 41.569219
60.000000 41.569219
58.500000 42.435245
57.000000 43.301270
60.000000 43.301270
60.000000 45.033321
58.500000 45.899346
57.000000 45.033321
55.500000 44.167296
55.000000 43.301270
54.500000 42.435245
55.000000 41.569219
56.000000 41.569219
56.000000 43.301270
56.500000 42.435245
57.000000 41.569219
57.500000 40.703194
58.000000 39.837169
58.000000 41.569219
59.000000 41.569219
59.500000 40.703194
59.000000 39.837169
58.500000 38.971143
58.000000 38.105118
57.500000 37.239092
58.000000 36.373067
59.000000 36.373067
59.000000 38.105118
59.500000 37.239092
60.000000 36.373067
60.500000 35.507042
61.000000 34.641016
61.000000 36.373067
62.000000 36.373067
62.500000 35.507042
62.000000 34.641016
61.500000 33.774991
60.000000 32.908965
58.500000 32.042940
57.000000 32.908965
57.000000 34.641016
60.000000 34.641016
58.500000 35.507042
57.000000 36.373067
56.000000 36.373067
55.000000 36.373067
54.500000 35.507042
55.000000 34.641016
56.500000 35.507042
56.000000 34.641016
55.500000 33.774991
55.000000 32.908965
54.500000 32.042940
55.000000 31.176915
56.000000 31.176915
56.000000 32.908965
56.500000 32.042940
57.000000 31.176915
57.500000 30.310889
58.000000 29.444864
59.000000 29.444864
59.500000 30.310889
58.000000 31.176915
59.000000 31.176915
60.000000 31.176915
61.000000 31.176915
62.000000 31.176915
60.500000 32.042940
61.000000 32.908965
62.000000 32.908965
62.500000 32.042940
63.000000 31.176915
63.000000 32.908965
63.000000 34.641016
64.500000 35.507042
66.000000 34.641016
64.500000 32.042940
66.000000 32.908965
67.500000 33.774991
69.000000 34.641016
70.500000 35.507042
69.000000 32.908965
70.500000 32.042940
72.000000 32.908965
72.000000 34.641016
72.000000 36.373067
72.000000 38.105118
72.000000 39.837169
73.500000 37.239092
75.000000 38.105118
75.000000 39.837169
73.500000 40.703194
72.000000 41.569219
70.500000 42.435245
69.000000 43.301270
72.000000 43.301270
72.000000 45.033321
70.500000 45.899346
69.000000 45.033321
67.500000 44.167296
66.000000 41.569219
64.500000 38.971143
69.000000 41.569219
70.500000 38.971143
69.000000 36.373067
66.000000 36.373067
63.000000 36.373067
61.500000 37.239092
60.000000 38.105118
60.000000 39.837169
61.500000 40.703194
63.000000 38.105118
63.000000 39.837169
63.000000 41.569219
63.000000 43.301270
63.000000 45.033321
64.500000 42.435245
66.000000 43.301270
66.000000 45.033321
64.500000 45.899346
63.000000 46.765372
64.000000 46.765372
65.000000 46.765372
65.500000 47.631397
65.000000 48.497423
63.500000 47.631397
64.000000 48.497423
64.500000 49.363448
65.000000 50.229473
65.500000 51.095499
64.000000 50.229473
63.500000 51.095499
64.000000 51.961524
65.000000 51.961524
66.000000 51.961524
67.000000 51.961524
68.000000 51.961524
66.500000 52.827550
67.000000 53.693575
68.000000 53.693575
68.500000 52.827550
69.000000 51.961524
69.500000 51.095499
70.000000 50.229473
70.000000 51.961524
71.000000 51.961524
71.500000 51.095499
71.000000 50.229473
70.500000 49.363448
69.000000 48.497423
67.500000 47.631397
69.000000 50.229473
67.500000 51.095499
66.000000 50.229473
66.000000 48.497423
66.000000 46.765372
66.500000 45.899346
67.000000 45.033321
68.000000 45.033321
68.500000 45.899346
67.000000 46.765372
68.000000 46.765372
69.000000 46.765372
70.000000 46.765372
71.000000 46.765372
69.500000 47.631397
70.000000 48.497423
71.000000 48.497423
71.500000 47.631397
72.000000 46.765372
72.500000 45.899346
73.000000 45.033321
74.000000 45.033321
74.500000 45.899346
73.000000 46.765372
74.000000 46.765372
75.000000 46.765372
76.000000 46.765372
77.000000 46.765372
75.500000 47.631397
76.000000 48.497423
77.000000 48.497423
77.500000 47.631397
78.000000 46.765372
78.500000 45.899346
79.000000 45.033321
79.000000 46.765372
80.000000 46.765372
80.500000 45.899346
80.000000 45.033321
79.500000 44.167296
79.000000 43.301270
78.500000 42.435245
80.000000 43.301270
80.500000 42.435245
80.000000 41.569219
79.000000 41.569219
78.000000 41.569219
76.500000 42.435245
75.000000 43.301270
78.000000 43.301270
78.000000 45.033321
76.500000 45.899346
75.000000 45.033321
73.500000 44.167296
73.000000 43.301270
72.500000 42.435245
73.000000 41.569219
74.000000 41.569219
74.000000 43.301270
74.500000 42.435245
75.000000 41.569219
75.500000 40.703194
76.000000 39.837169
76.000000 41.569219
77.000000 41.569219
77.500000 40.703194
77.000000 39.837169
76.500000 38.971143
76.000000 38.105118
75.500000 37.239092
76.000000 36.373067
77.000000 36.373067
77.000000 38.105118
77.500000 37.239092
78.000000 36.373067
78.500000 35.507042
79.000000 34.641016
79.000000 36.373067
80.000000 36.373067
80.500000 35.507042
80.000000 34.641016
79.500000 33.774991
79.000000 32.908965
78.500000 32.042940
80.000000 32.908965
80.500000 32.042940
80.000000 31.176915
79.000000 31.176915
78.000000 31.176915
77.000000 31.176915
76.000000 31.176915
77.500000 30.310889
77.000000 29.444864
76.000000 29.444864
75.500000 30.310889
75.000000 31.176915
75.000000 32.908965
75.000000 34.641016
76.500000 32.042940
78.000000 32.908965
78.000000 34.641016
76.500000 35.507042
75.000000 36.373067
74.000000 36.373067
73.000000 36.373067
72.500000 35.507042
73.000000 34.641016
74.500000 35.507042
74.000000 34.641016
73.500000 33.774991
73.000000 32.908965
72.500000 32.042940
74.000000 32.908965
74.500000 32.042940
74.000000 31.176915
73.000000 31.176915
72.000000 31.176915
71.000000 31.176915
70.000000 31.176915
69.500000 30.310889
70.000000 29.444864
71.500000 30.310889
71.000000 29.444864
70.500000 28.578838
70.000000 27.712813
69.500000 26.846788
71.000000 27.712813
71.500000 26.846788
71.000000 25.980762
70.000000 25.980762
69.000000 25.980762
67.500000 26.846788
66.000000 27.712813
66.000000 29.444864
67.500000 30.310889
69.000000 27.712813
69.000000 29.444864
69.000000 31.176915
68.500000 32.042940
68.000000 32.908965
67.000000 32.908965
66.500000 32.042940
68.000000 31.176915
67.000000 31.176915
66.000000 31.176915
65.000000 31.176915
64.000000 31.176915
63.500000 30.310889
64.000000 29.444864
65.500000 30.310889
65.000000 29.444864
64.500000 28.578838
64.000000 27.712813
63.500000 26.846788
64.000000 25.980762
65.000000 25.980762
65.000000 27.712813
65.500000 26.846788
66.000000 25.980762
66.500000 25.114737
67.000000 24.248711
67.000000 25.980762
68.000000 25.980762
68.500000 25.114737
68.000000 24.248711
67.500000 23.382686
66.000000 22.516660
64.500000 21.650635
63.000000 22.516660
63.000000 24.248711
66.000000 24.248711
64.500000 25.114737
63.000000 25.980762
61.500000 26.846788
60.000000 27.712813
63.000000 27.712813
63.000000 29.444864
61.500000 30.310889
60.000000 29.444864
58.500000 28.578838
57.000000 27.712813
55.500000 26.846788
57.000000 29.444864
55.500000 30.310889
54.000000 29.444864
54.000000 27.712813
54.000000 25.980762
54.000000 24.248711
54.000000 22.516660
52.500000 25.114737
51.000000 24.248711
51.000000 22.516660
52.500000 21.650635
54.000000 20.784610
57.000000 20.784610
60.000000 20.784610
55.500000 23.382686
57.000000 25.980762
60.000000 25.980762
61.500000 23.382686
63.000000 20.784610
63.000000 19.052559
63.000000 17.320508
61.500000 16.454483
60.000000 17.320508
61.500000 19.918584
60.000000 19.052559
58.500000 18.186533
57.000000 17.320508
55.500000 16.454483
57.000000 19.052559
55.500000 19.918584
54.000000 19.052559
54.000000 17.320508
54.000000 15.588457
54.000000 13.856406
54.000000 12.124356
52.500000 11.258330
51.000000 12.124356
52.500000 14.722432
51.000000 13.856406
49.500000 12.990381
48.000000 12.124356
46.500000 11.258330
48.000000 13.856406
46.500000 14.722432
45.000000 13.856406
45.000000 12.124356
45.000000 10.392305
46.500000 7.794229
48.000000 5.196152
51.000000 5.196152
52.500000 7.794229
48.000000 10.392305
51.000000 10.392305
54.000000 10.392305
55.500000 9.526279
57.000000 8.660254
57.000000 6.928203
55.500000 6.062178
54.000000 8.660254
54.000000 6.928203
54.000000 5.196152
54.000000 3.464102
54.000000 1.732051
52.500000 0.866025
51.000000 1.732051
52.500000 4.330127
51.000000 3.464102
49.500000 2.598076
48.000000 1.732051
46.500000 0.866025
45.000000 1.732051
45.000000 3.464102
48.000000 3.464102
46.500000 4.330127
45.000000 5.196152
43.500000 6.062178
42.000000 6.928203
45.000000 6.928203
45.000000 8.660254
43.500000 9.526279
42.000000 8.660254
40.500000 7.794229
42.000000 10.392305
43.500000 12.990381
42.000000 15.588457
39.000000 15.588457
39.000000 10.392305
37.500000 12.990381
36.000000 15.588457
34.500000 18.186533
33.000000 20.784610
33.000000 15.588457
30.000000 15.588457
28.500000 18.186533
30.000000 20.784610
31.500000 23.382686
33.000000 25.980762
34.500000 28.578838
30.000000 25.980762
28.500000 28.578838
30.000000 31.176915
33.000000 31.176915
36.000000 31.176915
39.000000 31.176915
42.000000 31.176915
37.500000 33.774991
39.000000 36.373067
42.000000 36.373067
43.500000 33.774991
45.000000 31.176915
45.000000 25.980762
45.000000 20.784610
40.500000 28.578838
36.000000 25.980762
36.000000 20.784610
40.500000 18.186533
45.000000 15.588457
48.000000 15.588457
51.000000 15.588457
52.500000 18.186533
51.000000 20.784610
46.500000 18.186533
48.000000 20.784610
49.500000 23.382686
51.000000 25.980762
52.500000 28.578838
48.000000 25.980762
46.500000 28.578838
48.000000 31.176915
51.000000 31.176915
54.000000 31.176915
52.500000 32.042940
51.000000 32.908965
51.000000 34.641016
52.500000 35.507042
54.000000 32.908965
54.000000 34.641016
54.000000 36.373067
54.000000 38.105118
54.000000 39.837169
55.500000 37.239092
57.000000 38.105118
57.000000 39.837169
55.500000 40.703194
54.000000 41.569219
52.500000 42.435245
51.000000 43.301270
54.000000 43.301270
54.000000 45.033321
52.500000 45.899346
51.000000 45.033321
49.500000 44.167296
48.000000 43.301270
46.500000 42.435245
48.000000 45.033321
46.500000 45.899346
45.000000 45.033321
45.000000 43.301270
45.000000 41.569219
46.500000 38.971143
48.000000 36.373067
48.000000 41.569219
51.000000 41.569219
52.500000 38.971143
51.000000 36.373067
49.500000 33.774991
48.000000 32.908965
46.500000 32.042940
45.000000 32.908965
45.000000 34.641016
48.000000 34.641016
46.500000 35.507042
45.000000 36.373067
43.500000 37.239092
42.000000 38.105118
45.000000 38.105118
45.000000 39.837169
43.500000 40.703194
42.000000 39.837169
40.500000 38.971143
39.000000 38.105118
37.500000 37.239092
36.000000 38.105118
36.000000 39.837169
39.000000 39.837169
37.500000 40.703194
36.000000 41.569219
34.500000 42.435245
33.000000 43.301270
36.000000 43.301270
36.000000 45.033321
34.500000 45.899346
33.000000 45.033321
31.500000 44.167296
30.000000 43.301270
28.500000 42.435245
30.000000 45.033321
28.500000 45.899346
27.000000 45.033321
27.000000 43.301270
27.000000 41.569219
27.000000 39.837169
27.000000 38.105118
25.500000 40.703194
24.000000 39.837169
24.000000 38.105118
25.500000 37.239092
27.000000 36.373067
30.000000 36.373067
33.000000 36.373067
28.500000 38.971143
30.000000 41.569219
33.000000 41.569219
34.500000 38.971143
36.000000 36.373067
36.000000 34.641016
36.000000 32.908965
34.500000 32.042940
33.000000 32.908965
34.500000 35.507042
33.000000 34.641016
31.500000 33.774991
30.000000 32.908965
28.500000 32.042940
30.000000 34.641016
28.500000 35.507042
27.000000 34.641016
27.000000 32.908965
27.000000 31.176915
27.000000 29.444864
27.000000 27.712813
25.500000 26.846788
24.000000 27.712813
25.500000 30.310889
24.000000 29.444864
22.500000 28.578838
21.000000 27.712813
19.500000 26.846788
21.000000 29.444864
19.500000 30.310889
18.000000 29.444864
18.000000 27.712813
18.000000 25.980762
18.000000 24.248711
18.000000 22.516660
16.500000 25.114737
15.000000 24.248711
15.000000 22.516660
16.500000 21.650635
18.000000 20.784610
19.500000 19.918584
21.000000 19.052559
18.000000 19.052559
18.000000 17.320508
19.500000 16.454483
21.000000 17.320508
22.500000 18.186533
24.000000 20.784610
25.500000 23.382686
21.000000 20.784610
19.500000 23.382686
21.000000 25.980762
24.000000 25.980762
27.000000 25.980762
28.500000 25.114737
30.000000 24.248711
30.000000 22.516660
28.500000 21.650635
27.000000 24.248711
27.000000 22.516660
27.000000 20.784610
27.000000 19.052559
27.000000 17.320508
25.500000 19.918584
24.000000 19.052559
24.000000 17.320508
25.500000 16.454483
27.000000 15.588457
28.500000 14.722432
30.000000 13.856406
30.000000 12.124356
28.500000 11.258330
27.000000 13.856406
27.000000 12.124356
27.000000 10.392305
27.000000 8.660254
27.000000 6.928203
25.500000 9.526279
24.000000 8.660254
24.000000 6.928203
25.500000 6.062178
27.000000 5.196152
30.000000 5.196152
33.000000 5.196152
34.500000 7.794229
33.000000 10.392305
28.500000 7.794229
30.000000 10.392305
31.500000 12.990381
33.000000 13.856406
34.500000 14.722432
36.000000 13.856406
36.000000 12.124356
33.000000 12.124356
34.500000 11.258330
36.000000 10.392305
37.500000 9.526279
39.000000 8.660254
39.000000 6.928203
37.500000 6.062178
36.000000 8.660254
36.000000 6.928203
36.000000 5.196152
36.000000 3.464102
36.000000 1.732051
34.500000 0.866025
33.000000 1.732051
34.500000 4.330127
33.000000 3.464102
31.500000 2.598076
30.000000 1.732051
28.500000 0.866025
30.000000 3.464102
28.500000 4.330127
27.000000 3.464102
27.000000 1.732051
27.000000 0.000000
27.500000 -0.866025
28.000000 -1.732051
29.000000 -1.732051
29.500000 -0.866025
28.000000 0.000000
29.000000 0.000000
30.000000 0.000000
31.000000 0.000000
32.000000 0.000000
30.500000 0.866025
31.000000 1.732051
32.000000 1.732051
32.500000 0.866025
33.000000 0.000000
33.500000 -0.866025
34.000000 -1.732051
34.000000 0.000000
35.000000 0.000000
35.500000 -0.866025
35.000000 -1.732051
34.500000 -2.598076
34.000000 -3.464102
33.500000 -4.330127
35.000000 -3.464102
35.500000 -4.330127
35.000000 -5.196152
34.000000 -5.196152
33.000000 -5.196152
31.500000 -4.330127
30.000000 -3.464102
33.000000 -3.464102
33.000000 -1.732051
31.500000 -0.866025
30.000000 -1.732051
28.500000 -2.598076
28.000000 -3.464102
27.500000 -4.330127
28.000000 -5.196152
29.000000 -5.196152
29.000000 -3.464102
29.500000 -4.330127
30.000000 -5.196152
30.500000 -6.062178
31.000000 -6.928203
31.000000 -5.196152
32.000000 -5.196152
32.500000 -6.062178
32.000000 -6.928203
31.500000 -7.794229
31.000000 -8.660254
30.500000 -9.526279
31.000000 -10.392305
32.000000 -10.392305
32.000000 -8.660254
32.500000 -9.526279
33.000000 -10.392305
33.500000 -11.258330
34.000000 -12.124356
34.000000 -10.392305
35.000000 -10.392305
35.500000 -11.258330
35.000000 -12.124356
34.500000 -12.990381
33.000000 -13.856406
31.500000 -14.722432
30.000000 -13.856406
30.000000 -12.124356
33.000000 -12.124356
31.500000 -11.258330
30.000000 -10.392305
29.000000 -10.392305
28.000000 -10.392305
27.500000 -11.258330
28.000000 -12.124356
29.500000 -11.258330
29.000000 -12.124356
28.500000 -12.990381
28.000000 -13.856406
27.500000 -14.722432
28.000000 -15.588457
29.000000 -15.588457
29.000000 -13.856406
29.500000 -14.722432
30.000000 -15.588457
30.500000 -16.454483
31.000000 -17.320508
32.000000 -17.320508
32.500000 -16.454483
31.000000 -15.588457
32.000000 -15.588457
33.000000 -15.588457
34.000000 -15.588457
35.000000 -15.588457
33.500000 -14.722432
34.000000 -13.856406
35.000000 -13.856406
35.500000 -14.722432
36.000000 -15.588457
36.500000 -16.454483
37.000000 -17.320508
38.000000 -17.320508
38.500000 -16.454483
37.000000 -15.588457
38.000000 -15.588457
39.000000 -15.588457
40.000000 -15.588457
41.000000 -15.588457
39.500000 -14.722432
40.000000 -13.856406
41.000000 -13.856406
41.500000 -14.722432
42.000000 -15.588457
42.000000 -17.320508
42.000000 -19.052559
40.500000 -19.918584
39.000000 -19.052559
40.500000 -16.454483
39.000000 -17.320508
37.500000 -18.186533
37.000000 -19.052559
36.500000 -19.918584
37.000000 -20.784610
38.000000 -20.784610
38.000000 -19.052559
38.500000 -19.918584
39.000000 -20.784610
39.500000 -21.650635
40.000000 -22.516660
41.000000 -22.516660
41.500000 -21.650635
40.000000 -20.784610
41.000000 -20.784610
42.000000 -20.784610
43.000000 -20.784610
44.000000 -20.784610
44.500000 -19.918584
44.000000 -19.052559
42.500000 -19.918584
43.000000 -19.052559
43.500000 -18.186533
44.000000 -17.320508
44.500000 -16.454483
43.000000 -17.320508
42.500000 -16.454483
43.000000 -15.588457
44.000000 -15.588457
45.000000 -15.588457
46.000000 -15.588457
47.000000 -15.588457
47.500000 -14.722432
47.000000 -13.856406
45.500000 -14.722432
46.000000 -13.856406
46.500000 -12.990381
47.000000 -12.124356
47.500000 -11.258330
46.000000 -12.124356
45.500000 -11.258330
46.000000 -10.392305
47.000000 -10.392305
48.000000 -10.392305
49.500000 -11.258330
51.000000 -12.124356
51.000000 -13.856406
49.500000 -14.722432
48.000000 -12.124356
48.000000 -13.856406
48.000000 -15.588457
48.500000 -16.454483
49.000000 -17.320508
50.000000 -17.320508
50.500000 -16.454483
49.000000 -15.588457
50.000000 -15.588457
51.000000 -15.588457
52.000000 -15.588457
53.000000 -15.588457
53.500000 -14.722432
53.000000 -13.856406
51.500000 -14.722432
52.000000 -13.856406
52.500000 -12.990381
53.000000 -12.124356
53.500000 -11.258330
53.000000 -10.392305
52.000000 -10.392305
52.000000 -12.124356
51.500000 -11.258330
51.000000 -10.392305
50.500000 -9.526279
50.000000 -8.660254
50.000000 -10.392305
49.000000 -10.392305
48.500000 -9.526279
49.000000 -8.660254
49.500000 -7.794229
48.000000 -8.660254
46.500000 -9.526279
45.000000 -8.660254
45.000000 -6.928203
48.000000 -6.928203
46.500000 -6.062178
45.000000 -5.196152
43.500000 -4.330127
42.000000 -3.464102
45.000000 -3.464102
45.000000 -1.732051
43.500000 -0.866025
42.000000 -1.732051
40.500000 -2.598076
39.000000 -5.196152
37.500000 -7.794229
39.000000 -10.392305
42.000000 -10.392305
42.000000 -5.196152
43.500000 -7.794229
45.000000 -10.392305
45.000000 -12.124356
45.000000 -13.856406
43.500000 -14.722432
42.000000 -13.856406
43.500000 -11.258330
42.000000 -12.124356
40.500000 -12.990381
39.000000 -13.856406
37.500000 -14.722432
36.000000 -13.856406
36.000000 -12.124356
39.000000 -12.124356
37.500000 -11.258330
36.000000 -10.392305
34.500000 -9.526279
33.000000 -8.660254
33.000000 -6.928203
34.500000 -6.062178
36.000000 -8.660254
36.000000 -6.928203
36.000000 -5.196152
36.000000 -3.464102
36.000000 -1.732051
37.500000 -4.330127
39.000000 -3.464102
39.000000 -1.732051
37.500000 -0.866025
36.000000 0.000000
37.000000 0.000000
38.000000 0.000000
38.500000 0.866025
38.000000 1.732051
36.500000 0.866025
37.000000 1.732051
37.500000 2.598076
38.000000 3.464102
38.500000 4.330127
37.000000 3.464102
36.500000 4.330127
37.000000 5.196152
38.000000 5.196152
39.000000 5.196152
40.000000 5.196152
41.000000 5.196152
39.500000 6.062178
40.000000 6.928203
41.000000 6.928203
41.500000 6.062178
42.000000 5.196152
42.500000 4.330127
43.000000 3.464102
43.000000 5.196152
44.000000 5.196152
44.500000 4.330127
44.000000 3.464102
43.500000 2.598076
42.000000 1.732051
40.500000 0.866025
42.000000 3.464102
40.500000 4.330127
39.000000 3.464102
39.000000 1.732051
39.000000 0.000000
39.500000 -0.866025
40.000000 -1.732051
41.000000 -1.732051
41.500000 -0.866025
40.000000 0.000000
41.000000 0.000000
42.000000 0.000000
43.000000 0.000000
44.000000 0.000000
42.500000 0.866025
43.000000 1.732051
44.000000 1.732051
44.500000 0.866025
45.000000 0.000000
45.500000 -0.866025
46.000000 -1.732051
47.000000 -1.732051
47.500000 -0.866025
46.000000 0.000000
47.000000 0.000000
48.000000 0.000000
49.000000 0.000000
50.000000 0.000000
48.500000 0.866025
49.000000 1.732051
50.000000 1.732051
50.500000 0.866025
51.000000 0.000000
51.000000 -1.732051
51.000000 -3.464102
49.500000 -4.330127
48.000000 -3.464102
49.500000 -0.866025
48.000000 -1.732051
46.500000 -2.598076
46.000000 -3.464102
45.500000 -4.330127
46.000000 -5.196152
47.000000 -5.196152
47.000000 -3.464102
47.500000 -4.330127
48.000000 -5.196152
48.500000 -6.062178
49.000000 -6.928203
50.000000 -6.928203
50.500000 -6.062178
49.000000 -5.196152
50.000000 -5.196152
51.000000 -5.196152
52.000000 -5.196152
53.000000 -5.196152
53.500000 -4.330127
53.000000 -3.464102
51.500000 -4.330127
52.000000 -3.464102
52.500000 -2.598076
53.000000 -1.732051
53.500000 -0.866025
52.000000 -1.732051
51.500000 -0.866025
52.000000 0.000000
53.000000 0.000000
54.000000 0.000000
55.000000 0.000000
56.000000 0.000000
56.500000 0.866025
56.000000 1.732051
54.500000 0.866025
55.000000 1.732051
55.500000 2.598076
56.000000 3.464102
56.500000 4.330127
55.000000 3.464102
54.500000 4.330127
55.000000 5.196152
56.000000 5.196152
57.000000 5.196152
58.000000 5.196152
59.000000 5.196152
57.500000 6.062178
58.000000 6.928203
59.000000 6.928203
59.500000 6.062178
60.000000 5.196152
60.500000 4.330127
61.000000 3.464102
61.000000 5.196152
62.000000 5.196152
62.500000 4.330127
62.000000 3.464102
61.500000 2.598076
60.000000 1.732051
58.500000 0.866025
60.000000 3.464102
58.500000 4.330127
57.000000 3.464102
57.000000 1.732051
57.000000 0.000000
57.500000 -0.866025
58.000000 -1.732051
59.000000 -1.732051
59.500000 -0.866025
58.000000 0.000000
59.000000 0.000000
60.000000 0.000000
61.000000 0.000000
62.000000 0.000000
60.500000 0.866025
61.000000 1.732051
62.000000 1.732051
62.500000 0.866025
63.000000 0.000000
63.500000 -0.866025
64.000000 -1.732051
65.000000 -1.732051
65.500000 -0.866025
64.000000 0.000000
65.000000 0.000000
66.000000 0.000000
67.000000 0.000000
68.000000 0.000000
66.500000 0.866025
67.000000 1.732051
68.000000 1.732051
68.500000 0.866025
69.000000 0.000000
69.000000 -1.732051
69.000000 -3.464102
67.500000 -4.330127
66.000000 -3.464102
67.500000 -0.866025
66.000000 -1.732051
64.500000 -2.598076
64.000000 -3.464102
63.500000 -4.330127
64.000000 -5.196152
65.000000 -5.196152
65.000000 -3.464102
65.500000 -4.330127
66.000000 -5.196152
66.500000 -6.062178
67.000000 -6.928203
68.000000 -6.928203
68.500000 -6.062178
67.000000 -5.196152
68.000000 -5.196152
69.000000 -5.196152
70.000000 -5.196152
71.000000 -5.196152
71.500000 -4.330127
71.000000 -3.464102
69.500000 -4.330127
70.000000 -3.464102
70.500000 -2.598076
71.000000 -1.732051
71.500000 -0.866025
70.000000 -1.732051
69.500000 -0.866025
70.000000 0.000000
71.000000 0.000000
72.000000 0.000000
70.500000 0.866025
69.000000 1.732051
69.000000 3.464102
70.500000 4.330127
72.000000 1.732051
72.000000 3.464102
72.000000 5.196152
72.000000 6.928203
72.000000 8.660254
73.500000 6.062178
75.000000 6.928203
75.000000 8.660254
73.500000 9.526279
72.000000 10.392305
70.500000 11.258330
69.000000 12.124356
72.000000 12.124356
72.000000 13.856406
70.500000 14.722432
69.000000 13.856406
67.500000 12.990381
66.000000 12.124356
64.500000 11.258330
66.000000 13.856406
64.500000 14.722432
63.000000 13.856406
63.000000 12.124356
63.000000 10.392305
64.500000 7.794229
66.000000 5.196152
66.000000 10.392305
69.000000 10.392305
70.500000 7.794229
69.000000 5.196152
67.500000 2.598076
66.000000 1.732051
64.500000 0.866025
63.000000 1.732051
63.000000 3.464102
66.000000 3.464102
64.500000 4.330127
63.000000 5.196152
61.500000 6.062178
60.000000 6.928203
63.000000 6.928203
63.000000 8.660254
61.500000 9.526279
60.000000 8.660254
58.500000 7.794229
59.000000 8.660254
59.500000 9.526279
59.000000 10.392305
58.000000 10.392305
58.000000 8.660254
57.500000 9.526279
57.000000 10.392305
56.500000 11.258330
56.000000 12.124356
56.000000 10.392305
55.000000 10.392305
54.500000 11.258330
55.000000 12.124356
55.500000 12.990381
56.000000 13.856406
56.500000 14.722432
55.000000 13.856406
54.500000 14.722432
55.000000 15.588457
56.000000 15.588457
57.000000 15.588457
58.000000 15.588457
59.000000 15.588457
57.500000 16.454483
58.000000 17.320508
59.000000 17.320508
59.500000 16.454483
60.000000 15.588457
60.000000 13.856406
60.000000 12.124356
58.500000 14.722432
57.000000 13.856406
57.000000 12.124356
58.500000 11.258330
60.000000 10.392305
61.000000 10.392305
62.000000 10.392305
62.500000 11.258330
62.000000 12.124356
60.500000 11.258330
61.000000 12.124356
61.500000 12.990381
62.000000 13.856406
62.500000 14.722432
61.000000 13.856406
60.500000 14.722432
61.000000 15.588457
62.000000 15.588457
63.000000 15.588457
64.000000 15.588457
65.000000 15.588457
65.500000 16.454483
65.000000 17.320508
63.500000 16.454483
64.000000 17.320508
64.500000 18.186533
65.000000 19.052559
65.500000 19.918584
64.000000 19.052559
63.500000 19.918584
64.000000 20.784610
65.000000 20.784610
66.000000 20.784610
67.000000 20.784610
68.000000 20.784610
66.500000 21.650635
67.000000 22.516660
68.000000 22.516660
68.500000 21.650635
69.000000 20.784610
69.500000 19.918584
70.000000 19.052559
70.000000 20.784610
71.000000 20.784610
71.500000 19.918584
71.000000 19.052559
70.500000 18.186533
69.000000 17.320508
67.500000 16.454483
69.000000 19.052559
67.500000 19.918584
66.000000 19.052559
66.000000 17.320508
66.000000 15.588457
66.500000 14.722432
67.000000 13.856406
68.000000 13.856406
68.500000 14.722432
67.000000 15.588457
68.000000 15.588457
69.000000 15.588457
70.000000 15.588457
71.000000 15.588457
69.500000 16.454483
70.000000 17.320508
71.000000 17.320508
71.500000 16.454483
72.000000 15.588457
72.500000 14.722432
73.000000 13.856406
74.000000 13.856406
74.500000 14.722432
73.000000 15.588457
74.000000 15.588457
75.000000 15.588457
76.000000 15.588457
77.000000 15.588457
75.500000 16.454483
76.000000 17.320508
77.000000 17.320508
77.500000 16.454483
78.000000 15.588457
78.500000 14.722432
79.000000 13.856406
79.000000 15.588457
80.000000 15.588457
80.500000 14.722432
80.000000 13.856406
79.500000 12.990381
79.000000 12.124356
78.500000 11.258330
80.000000 12.124356
80.500000 11.258330
80.000000 10.392305
79.000000 10.392305
78.000000 10.392305
76.500000 11.258330
75.000000 12.124356
78.000000 12.124356
78.000000 13.856406
76.500000 14.722432
75.000000 13.856406
73.500000 12.990381
73.000000 12.124356
72.500000 11.258330
73.000000 10.392305
74.000000 10.392305
74.000000 12.124356
74.500000 11.258330
75.000000 10.392305
75.500000 9.526279
76.000000 8.660254
76.000000 10.392305
77.000000 10.392305
77.500000 9.526279
77.000000 8.660254
76.500000 7.794229
76.000000 6.928203
75.500000 6.062178
76.000000 5.196152
77.000000 5.196152
77.000000 6.928203
77.500000 6.062178
78.000000 5.196152
78.500000 4.330127
79.000000 3.464102
79.000000 5.196152
80.000000 5.196152
80.500000 4.330127
80.000000 3.464102
79.500000 2.598076
78.000000 1.732051
76.500000 0.866025
75.000000 1.732051
75.000000 3.464102
78.000000 3.464102
76.500000 4.330127
75.000000 5.196152
74.000000 5.196152
73.000000 5.196152
72.500000 4.330127
73.000000 3.464102
74.500000 4.330127
74.000000 3.464102
73.500000 2.598076
73.000000 1.732051
72.500000 0.866025
73.000000 0.000000
74.000000 0.000000
74.000000 1.732051
74.500000 0.866025
75.000000 0.000000
75.500000 -0.866025
76.000000 -1.732051
77.000000 -1.732051
77.500000 -0.866025
76.000000 0.000000
77.000000 0.000000
78.000000 0.000000
79.000000 0.000000
80.000000 0.000000
78.500000 0.866025
79.000000 1.732051
80.000000 1.732051
80.500000 0.866025
81.000000 0.000000
2401
1 2
2 3
3 4
4 5
5 6
6 7
7 8
8 9
9 10
10 11
11 12
12 13
13 14
14 15
15 16
16 17
17 18
18 19
19 20
20 21
21 22
22 23
23 24
24 25
25 26
26 27
27 28
28 29
29 30
30 31
31 32
32 33
33 34
34 35
35 36
36 37
37 38
38 39
39 40
40 41
41 42
42 43
43 44
44 45
45 46
46 47
47 48
48 49
49 50
50 51
51 52
52 53
53 54
54 55
55 56
56 57
57 58
58 59
59 60
60 61
61 62
62 63
63 64
64 65
65 66
66 67
67 68
68 69
69 70
70 71
71 72
72 73
73 74
74 75
75 76
76 77
77 78
78 79
79 80
80 81
81 82
82 83
83 84
84 85
85 86
86 87
87 88
88 89
89 90
90 91
91 92
92 93
93 94
94 95
95 96
96 97
97 98
98 99
99 100
100 101
101 102
102 103
103 104
104 105
105 106
106 107
107 108
108 109
109 110
110 111
111 112
112 113
113 114
114 115
115 116
116 117
117 118
118 119
119 120
120 121
121 122
122 123
123 124
124 125
125 126
126 127
127 128
128 129
129 130
130 131
131 132
132 133
133 134
134 135
135 136
136 137
137 138
138 139
139 140
140 141
141 142
142 143
143 144
144 145
145 146
146 147
147 148
148 149
149 150
150 151
151 152
152 153
153 154
154 155
155 156
156 157
157 158
158 159
159 160
160 161
161 162
162 163
163 164
164 165
165 166
166 167
167 168
168 169
169 170
170 171
171 172
172 173
173 174
174 175
175 176
176 177
177 178
178 179
179 180
180 181
181 182
182 183
183 184
184 185
185 186
186 187
187 188
188 189
189 190
190 191
191 192
192 193
193 194
194 195
195 196
196 197
197 198
198 199
199 200
200 201
201 202
202 203
203 204
204 205
205 206
206 207
207 208
208 209
209 210
210 211
211 212
212 213
213 214
214 215
215 216
216 217
217 218
218 219
219 220
220 221
221 222
222 223
223 224
224 225
225 226
226 227
227 228
228 229
229 230
230 231
231 232
232 233
233 234
234 235
235 236
236 237
237 238
238 239
239 240
240 241
241 242
242 243
243 244
244 245
245 246
246 247
247 248
248 249
249 250
250 251
251 252
252 253
253 254
254 255
255 256
256 257
257 258
258 259
259 260
260 261
261 262
262 263
263 264
264 265
265 266
266 267
267 268
268 269
269 270
270 271
271 272
272 273
273 274
274 275
275 276
276 277
277 278
278 279
279 280
280 281
281 282
282 283
283 284
284 285
285 286
286 287
287 288
288 289
289 290
290 291
291 292
292 293
293 294
294 295
295 296
296 297
297 298
298 299
299 300
300 301
301 302
302 303
303 304
304 305
305 306
306 307
307 308
308 309
309 310
310 311
311 312
312 313
313 314
314 315
315 316
316 317
317 318
318 319
319 320
320 321
321 322
322 323
323 324
324 325
325 326
326 327
327 328
328 329
329 330
330 331
331 332
332 333
333 334
334 335
335 336
336 337
337 338
338 339
339 340
340 341
341 342
342 343
343 344
344 345
345 346
346 347
347 348
348 349
349 350
350 351
351 352
352 353
353 354
354 355
355 356
356 357
357 358
358 359
359 360
360 361
361 362
362 363
363 364
364 365
365 366
366 367
367 368
368 369
369 370
370 371
371 372
372 373
373 374
374 375
375 376
376 377
377 378
378 379
379 380
380 381
381 382
382 383
383 384
384 385
385 386
386 387
387 388
388 389
389 390
390 391
391 392
392 393
393 394
394 395
395 396
396 397
397 398
398 399
399 400
400 401
401 402
402 403
403 404
404 405
405 406
406 407
407 408
408 409
409 410
410 411
411 412
412 413
413 414
414 415
415 416
416 417
417 418
418 419
419 420
420 421
421 422
422 423
423 424
424 425
425 426
426 427
427 428
428 429
429 430
430 431
431 432
432 433
433 434
434 435
435 436
436 437
437 438
438 439
439 440
440 441
441 442
442 443
443 444
444 445
445 446
446 447
447 448
448 449
449 450
450 451
451 452
452 453
453 454
454 455
455 456
456 457
457 458
458 459
459 460
460 461
461 462
462 463
463 464
464 465
465 466
466 467
467 468
468 469
469 470
470 471
471 472
472 473
473 474
474 475
475 476
476 477
477 478
478 479
479 480
480 481
481 482
482 483
483 484
484 485
485 486
486 487
487 488
488 489
489 490
490 491
491 492
492 493
493 494
494 495
495 496
496 497
497 498
498 499
499 500
500 501
501 502
502 503
503 504
504 505
505 506
506 507
507 508
508 509
509 510
510 511
511 512
512 513
513 514
514 515
515 516
516 517
517 518
518 519
519 520
520 521
521 522
522 523
523 524
524 525
525 526
526 527
527 528
528 529
529 530
530 531
531 532
532 533
533 534
534 535
535 536
536 537
537 538
538 539
539 540
540 541
541 542
542 543
543 544
544 545
545 546
546 547
547 548
548 549
549 550
550 551
551 552
552 553
553 554
554 555
555 556
556 557
557 558
558 559
559 560
560 561
561 562
562 563
563 564
564 565
565 566
566 567
567 568
568 569
569 570
570 571
571 572
572 573
573 574
574 575
575 576
576 577
577 578
578 579
579 580
580 581
581 582
582 583
583 584
584 585
585 586
586 587
587 588
588 589
589 590
590 591
591 592
592 593
593 594
594 595
595 596
596 597
597 598
598 599
599 600
600 601
601 602
602 603
603 604
604 605
605 606
606 607
607 608
608 609
609 610
610 611
611 612
612 613
613 614
614 615
615 616
616 617
617 618
618 619
619 620
620 621
621 622
622 623
623 624
624 625
625 626
626 627
627 628
628 629
629 630
630 631
631 632
632 633
633 634
634 635
635 636
636 637
637 638
638 639
639 640
640 641
641 642
642 643
643 644
644 645
645 646
646 647
647 648
648 649
649 650
650 651
651 652
652 653
653 654
654 655
655 656
656 657
657 658
658 659
659 660
660 661
661 662
662 663
663 664
664 665
665 666
666 667
667 668
668 669
669 670
670 671
671 672
672 673
673 674
674 675
675 676
676 677
677 678
678 679
679 680
680 681
681 682
682 683
683 684
684 685
685 686
686 687
687 688
688 689
689 690
690 691
691 692
692 693
693 694
694 695
695 696
696 697
697 698
698 699
699 700
700 701
701 702
702 703
703 704
704 705
705 706
706 707
707 708
708 709
709 710
710 711
711 712
712 713
713 714
714 715
715 716
716 717
717 718
718 719
719 720
720 721
721 722
722 723
723 724
724 725
725 726
726 727
727 728
728 729
729 730
730 731
731 732
732 733
733 734
734 735
735 736
736 737
737 738
738 739
739 740
740 741
741 742
742 743
743 744
744 745
745 746
746 747
747 748
748 749
749 750
750 751
751 752
752 753
753 754
754 755
755 756
756 757
757 758
758 759
759 760
760 761
761 762
762 763
763 764
764 765
765 766
766 767
767 768
768 769
769 770
770 771
771 772
772 773
773 774
774 775
775 776
776 777
777 778
778 779
779 780
780 781
781 782
782 783
783 784
784 785
785 786
786 787
787 788
788 789
789 790
790 791
791 792
792 793
793 794
794 795
795 796
796 797
797 798
798 799
799 800
800 801
801 802
802 803
803 804
804 805
805 806
806 807
807 808
808 809
809 810
810 811
811 812
812 813
813 814
814 815
815 816
816 817
817 818
818 819
819 820
820 821
821 822
822 823
823 824
824 825
825 826
826 827
827 828
828 829
829 830
830 831
831 832
832 833
833 834
834 835
835 836
836 837
837 838
838 839
839 840
840 841
841 842
842 843
843 844
844 845
845 846
846 847
847 848
848 849
849 850
850 851
851 852
852 853
853 854
854 855
855 856
856 857
857 858
858 859
859 860
860 861
861 862
862 863
863 864
864 865
865 866
866 867
867 868
868 869
869 870
870 871
871 872
872 873
873 874
874 875
875 876
876 877
877 878
878 879
879 880
880 881
881 882
882 883
883 884
884 885
885 886
886 887
887 888
888 889
889 890
890 891
891 892
892 893
893 894
894 895
895 896
896 897
897 898
898 899
899 900
900 901
901 902
902 903
903 904
904 905
905 906
906 907
907 908
908 909
909 910
910 911
911 912
912 913
913 914
914 915
915 916
916 917
917 918
918 919
919 920
920 921
921 922
922 923
923 924
924 925
925 926
926 927
927 928
928 929
929 930
930 931
931 932
932 933
933 934
934 935
935 936
936 937
937 938
938 939
939 940
940 941
941 942
942 943
943 944
944 945
945 946
946 947
947 948
948 949
949 950
950 951
951 952
952 953
953 954
954 955
955 956
956 957
957 958
958 959
959 960
960 961
961 962
962 963
963 964
964 965
965 966
966 967
967 968
968 969
969 970
970 971
971 972
972 973
973 974
974 975
975 976
976 977
977 978
978 979
979 980
980 981
981 982
982 983
983 984
984 985
985 986
986 987
987 988
988 989
989 990
990 991
991 992
992 993
993 994
994 995
995 996
996 997
997 998
998 999
999 1000
1000 1001
1001 1002
1002 1003
1003 1004
1004 1005
1005 1006
1006 1007
1007 1008
1008 1009
1009 1010
1010 1011
1011 1012
1012 1013
1013 1014
1014 1015
1015 1016
1016 1017
1017 1018
1018 1019
1019 1020
1020 1021
1021 1022
1022 1023
1023 1024
1024 1025
1025 1026
1026 1027
1027 1028
1028 1029
1029 1030
1030 1031
1031 1032
1032 1033
1033 1034
1034 1035
1035 1036
1036 1037
1037 1038
1038 1039
1039 1040
1040 1041
1041 1042
1042 1043
1043 1044
1044 1045
1045 1046
1046 1047
1047 1048
1048 1049
1049 1050
1050 1051
1051 1052
1052 1053
1053 1054
1054 1055
1055 1056
1056 1057
1057 1058
1058 1059
1059 1060
1060 1061
1061 1062
1062 1063
1063 1064
1064 1065
1065 1066
1066 1067
1067 1068
1068 1069
1069 1070
1070 1071
1071 1072
1072 1073
1073 1074
1074 1075
1075 1076
1076 1077
1077 1078
1078 1079
1079 1080
1080 1081
1081 1082
1082 1083
1083 1084
1084 1085
1085 1086
1086 1087
1087 1088
1088 1089
1089 1090
1090 1091
1091 1092
1092 1093
1093 1094
1094 1095
1095 1096
1096 1097
1097 1098
1098 1099
1099 1100
1100 1101
1101 1102
1102 1103
1103 1104
1104 1105
1105 1106
1106 1107
1107 1108
1108 1109
1109 1110
1110 1111
1111 1112
1112 1113
1113 1114
1114 1115
1115 1116
1116 1117
1117 1118
1118 1119
1119 1120
1120 1121
1121 1122
1122 1123
1123 1124
1124 1125
1125 1126
1126 1127
1127 1128
1128 1129
1129 1130
1130 1131
1131 1132
1132 1133
1133 1134
1134 1135
1135 1136
1136 1137
1137 1138
1138 1139
1139 1140
1140 1141
1141 1142
1142 1143
1143 1144
1144 1145
1145 1146
1146 1147
1147 1148
1148 1149
1149 1150
1150 1151
1151 1152
1152 1153
1153 1154
1154 1155
1155 1156
1156 1157
1157 1158
1158 1159
1159 1160
1160 1161
1161 1162
1162 1163
1163 1164
1164 1165
1165 1166
1166 1167
1167 1168
1168 1169
1169 1170
1170 1171
1171 1172
1172 1173
1173 1174
1174 1175
1175 1176
1176 1177
1177 1178
1178 1179
1179 1180
1180 1181
1181 1182
1182 1183
1183 1184
1184 1185
1185 1186
1186 1187
1187 1188
1188 1189
1189 1190
1190 1191
1191 1192
1192 1193
1193 1194
1194 1195
1195 1196
1196 1197
1197 1198
1198 1199
1199 1200
1200 1201
1201 1202
1202 1203
1203 1204
1204 1205
1205 1206
1206 1207
1207 1208
1208 1209
1209 1210
1210 1211
1211 1212
1212 1213
1213 1214
1214 1215
1215 1216
1216 1217
1217 1218
1218 1219
1219 1220
1220 1221
1221 1222
1222 1223
1223 1224
1224 1225
1225 1226
1226 1227
1227 1228
1228 1229
1229 1230
1230 1231
1231 1232
1232 1233
1233 1234
1234 1235
1235 1236
1236 1237
1237 1238
1238 1239
1239 1240
1240 1241
1241 1242
1242 1243
1243 1244
1244 1245
1245 1246
1246 1247
1247 1248
1248 1249
1249 1250
1250 1251
1251 1252
1252 1253
1253 1254
1254 1255
1255 1256
1256 1257
1257 1258
1258 1259
1259 1260
1260 1261
1261 1262
1262 1263
1263 1264
1264 1265
1265 1266
1266 1267
1267 1268
1268 1269
1269 1270
1270 1271
1271 1272
1272 1273
1273 1274
1274 1275
1275 1276
1276 1277
1277 1278
1278 1279
1279 1280
1280 1281
1281 1282
1282 1283
1283 1284
1284 1285
1285 1286
1286 1287
1287 1288
1288 1289
1289 1290
1290 1291
1291 1292
1292 1293
1293 1294
1294 1295
1295 1296
1296 1297
1297 1298
1298 1299
1299 1300
1300 1301
1301 1302
1302 1303
1303 1304
1304 1305
1305 1306
1306 1307
1307 1308
1308 1309
1309 1310
1310 1311
1311 1312
1312 1313
1313 1314
1314 1315
1315 1316
1316 1317
1317 1318
1318 1319
1319 1320
1320 1321
1321 1322
1322 1323
1323 1324
1324 1325
1325 1326
1326 1327
1327 1328
1328 1329
1329 1330
1330 1331
1331 1332
1332 1333
1333 1334
1334 1335
1335 1336
1336 1337
1337 1338
1338 1339
1339 1340
1340 1341
1341 1342
1342 1343
1343 1344
1344 1345
1345 1346
1346 1347
1347 1348
1348 1349
1349 1350
1350 1351
1351 1352
1352 1353
1353 1354
1354 1355
1355 1356
1356 1357
1357 1358
1358 1359
1359 1360
1360 1361
1361 1362
1362 1363
1363 1364
1364 1365
1365 1366
1366 1367
1367 1368
1368 1369
1369 1370
1370 1371
1371 1372
1372 1373
1373 1374
1374 1375
1375 1376
1376 1377
1377 1378
1378 1379
1379 1380
1380 1381
1381 1382
1382 1383
1383 1384
1384 1385
1385 1386
1386 1387
1387 1388
1388 1389
1389 1390
1390 1391
1391 1392
1392 1393
1393 1394
1394 1395
1395 1396
1396 1397
1397 1398
1398 1399
1399 1400
1400 1401
1401 1402
1402 1403
1403 1404
1404 1405
1405 1406
1406 1407
1407 1408
1408 1409
1409 1410
1410 1411
1411 1412
1412 1413
1413 1414
1414 1415
1415 1416
1416 1417
1417 1418
1418 1419
1419 1420
1420 1421
1421 1422
1422 1423
1423 1424
1424 1425
1425 1426
1426 1427
1427 1428
1428 1429
1429 1430
1430 1431
1431 1432
1432 1433
1433 1434
1434 1435
1435 1436
1436 1437
1437 1438
1438 1439
1439 1440
1440 1441
1441 1442
1442 1443
1443 1444
1444 1445
1445 1446
1446 1447
1447 1448
1448 1449
1449 1450
1450 1451
1451 1452
1452 1453
1453 1454
1454 1455
1455 1456
1456 1457
1457 1458
1458 1459
1459 1460
1460 1461
1461 1462
1462 1463
1463 1464
1464 1465
1465 1466
1466 1467
1467 1468
1468 1469
1469 1470
1470 1471
1471 1472
1472 1473
1473 1474
1474 1475
1475 1476
1476 1477
1477 1478
1478 1479
1479 1480
1480 1481
1481 1482
1482 1483
1483 1484
1484 1485
1485 1486
1486 1487
1487 1488
1488 1489
1489 1490
1490 1491
1491 1492
1492 1493
1493 1494
1494 1495
1495 1496
1496 1497
1497 1498
1498 1499
1499 1500
1500 1501
1501 1502
1502 1503
1503 1504
1504 1505
1505 1506
1506 1507
1507 1508
1508 1509
1509 1510
1510 1511
1511 1512
1512 1513
1513 1514
1514 1515
1515 1516
1516 1517
1517 1518
1518 1519
1519 1520
1520 1521
1521 1522
1522 1523
1523 1524
1524 1525
1525 1526
1526 1527
1527 1528
1528 1529
1529 1530
1530 1531
1531 1532
1532 1533
1533 1534
1534 1535
1535 1536
1536 1537
1537 1538
1538 1539
1539 1540
1540 1541
1541 1542
1542 1543
1543 1544
1544 1545
1545 1546
1546 1547
1547 1548
1548 1549
1549 1550
1550 1551
1551 1552
1552 1553
1553 1554
1554 1555
1555 1556
1556 1557
1557 1558
1558 1559
1559 1560
1560 1561
1561 1562
1562 1563
1563 1564
1564 1565
1565 1566
1566 1567
1567 1568
1568 1569
1569 1570
1570 1571
1571 1572
1572 1573
1573 1574
1574 1575
1575 1576
1576 1577
1577 1578
1578 1579
1579 1580
1580 1581
1581 1582
1582 1583
1583 1584
1584 1585
1585 1586
1586 1587
1587 1588
1588 1589
1589 1590
1590 1591
1591 1592
1592 1593
1593 1594
1594 1595
1595 1596
1596 1597
1597 1598
1598 1599
1599 1600
1600 1601
1601 1602
1602 1603
1603 1604
1604 1605
1605 1606
1606 1607
1607 1608
1608 1609
1609 1610
1610 1611
1611 1612
1612 1613
1613 1614
1614 1615
1615 1616
1616 1617
1617 1618
1618 1619
1619 1620
1620 1621
1621 1622
1622 1623
1623 1624
1624 1625
1625 1626
1626 1627
1627 1628
1628 1629
1629 1630
1630 1631
1631 1632
1632 1633
1633 1634
1634 1635
1635 1636
1636 1637
1637 1638
1638 1639
1639 1640
1640 1641
1641 1642
1642 1643
1643 1644
1644 1645
1645 1646
1646 1647
1647 1648
1648 1649
1649 1650
1650 1651
1651 1652
1652 1653
1653 1654
1654 1655
1655 1656
1656 1657
1657 1658
1658 1659
1659 1660
1660 1661
1661 1662
1662 1663
1663 1664
1664 1665
1665 1666
1666 1667
1667 1668
1668 1669
1669 1670
1670 1671
1671 1672
1672 1673
1673 1674
1674 1675
1675 1676
1676 1677
1677 1678
1678 1679
1679 1680
1680 1681
1681 1682
1682 1683
1683 1684
1684 1685
1685 1686
1686 1687
1687 1688
1688 1689
1689 1690
1690 1691
1691 1692
1692 1693
1693 1694
1694 1695
1695 1696
1696 1697
1697 1698
1698 1699
1699 1700
1700 1701
1701 1702
1702 1703
1703 1704
1704 1705
1705 1706
1706 1707
1707 1708
1708 1709
1709 1710
1710 1711
1711 1712
1712 1713
1713 1714
1714 1715
1715 1716
1716 1717
1717 1718
1718 1719
1719 1720
1720 1721
1721 1722
1722 1723
1723 1724
1724 1725
1725 1726
1726 1727
1727 1728
1728 1729
1729 1730
1730 1731
1731 1732
1732 1733
1733 1734
1734 1735
1735 1736
1736 1737
1737 1738
1738 1739
1739 1740
1740 1741
1741 1742
1742 1743
1743 1744
1744 1745
1745 1746
1746 1747
1747 1748
1748 1749
1749 1750
1750 1751
1751 1752
1752 1753
1753 1754
1754 1755
1755 1756
1756 1757
1757 1758
1758 1759
1759 1760
1760 1761
1761 1762
1762 1763
1763 1764
1764 1765
1765 1766
1766 1767
1767 1768
1768 1769
1769 1770
1770 1771
1771 1772
1772 1773
1773 1774
1774 1775
1775 1776
1776 1777
1777 1778
1778 1779
1779 1780
1780 1781
1781 1782
1782 1783
1783 1784
1784 1785
1785 1786
1786 1787
1787 1788
1788 1789
1789 1790
1790 1791
1791 1792
1792 1793
1793 1794
1794 1795
1795 1796
1796 1797
1797 1798
1798 1799
1799 1800
1800 1801
1801 1802
1802 1803
1803 1804
1804 1805
1805 1806
1806 1807
1807 1808
1808 1809
1809 1810
1810 1811
1811 1812
1812 1813
1813 1814
1814 1815
1815 1816
1816 1817
1817 1818
1818 1819
1819 1820
1820 1821
1821 1822
1822 1823
1823 1824
1824 1825
1825 1826
1826 1827
1827 1828
1828 1829
1829 1830
1830 1831
1831 1832
1832 1833
1833 1834
1834 1835
1835 1836
1836 1837
1837 1838
1838 1839
1839 1840
1840 1841
1841 1842
1842 1843
1843 1844
1844 1845
1845 1846
1846 1847
1847 1848
1848 1849
1849 1850
1850 1851
1851 1852
1852 1853
1853 1854
1854 1855
1855 1856
1856 1857
1857 1858
1858 1859
1859 1860
1860 1861
1861 1862
1862 1863
1863 1864
1864 1865
1865 1866
1866 1867
1867 1868
1868 1869
1869 1870
1870 1871
1871 1872
1872 1873
1873 1874
1874 1875
1875 1876
1876 1877
1877 1878
1878 1879
1879 1880
1880 1881
1881 1882
1882 1883
1883 1884
1884 1885
1885 1886
1886 1887
1887 1888
1888 1889
1889 1890
1890 1891
1891 1892
1892 1893
1893 1894
1894 1895
1895 1896
1896 1897
1897 1898
1898 1899
1899 1900
1900 1901
1901 1902
1902 1903
1903 1904
1904 1905
1905 1906
1906 1907
1907 1908
1908 1909
1909 1910
1910 1911
1911 1912
1912 1913
1913 1914
1914 1915
1915 1916
1916 1917
1917 1918
1918 1919
1919 1920
1920 1921
1921 1922
1922 1923
1923 1924
1924 1925
1925 1926
1926 1927
1927 1928
1928 1929
1929 1930
1930 1931
1931 1932
1932 1933
1933 1934
1934 1935
1935 1936
1936 1937
1937 1938
1938 1939
1939 1940
1940 1941
1941 1942
1942 1943
1943 1944
1944 1945
1945 1946
1946 1947
1947 1948
1948 1949
1949 1950
1950 1951
1951 1952
1952 1953
1953 1954
1954 1955
1955 1956
1956 1957
1957 1958
1958 1959
1959 1960
1960 1961
1961 1962
1962 1963
1963 1964
1964 1965
1965 1966
1966 1967
1967 1968
1968 1969
1969 1970
1970 1971
1971 1972
1972 1973
1973 1974
1974 1975
1975 1976
1976 1977
1977 1978
1978 1979
1979 1980
1980 1981
1981 1982
1982 1983
1983 1984
1984 1985
1985 1986
1986 1987
1987 1988
1988 1989
1989 1990
1990 1991
1991 1992
1992 1993
1993 1994
1994 1995
1995 1996
1996 1997
1997 1998
1998 1999
1999 2000
2000 2001
2001 2002
2002 2003
2003 2004
2004 2005
2005 2006
2006 2007
2007 2008
2008 2009
2009 2010
2010 2011
2011 2012
2012 2013
2013 2014
2014 2015
2015 2016
2016 2017
2017 2018
2018 2019
2019 2020
2020 2021
2021 2022
2022 2023
2023 2024
2024 2025
2025 2026
2026 2027
2027 2028
2028 2029
2029 2030
2030 2031
2031 2032
2032 2033
2033 2034
2034 2035
2035 2036
2036 2037
2037 2038
2038 2039
2039 2040
2040 2041
2041 2042
2042 2043
2043 2044
2044 2045
2045 2046
2046 2047
2047 2048
2048 2049
2049 2050
2050 2051
2051 2052
2052 2053
2053 2054
2054 2055
2055 2056
2056 2057
2057 2058
2058 2059
2059 2060
2060 2061
2061 2062
2062 2063
2063 2064
2064 2065
2065 2066
2066 2067
2067 2068
2068 2069
2069 2070
2070 2071
2071 2072
2072 2073
2073 2074
2074 2075
2075 2076
2076 2077
2077 2078
2078 2079
2079 2080
2080 2081
2081 2082
2082 2083
2083 2084
2084 2085
2085 2086
2086 2087
2087 2088
2088 2089
2089 2090
2090 2091
2091 2092
2092 2093
2093 2094
2094 2095
2095 2096
2096 2097
2097 2098
2098 2099
2099 2100
2100 2101
2101 2102
2102 2103
2103 2104
2104 2105
2105 2106
2106 2107
2107 2108
2108 2109
2109 2110
2110 2111
2111 2112
2112 2113
2113 2114
2114 2115
2115 2116
2116 2117
2117 2118
2118 2119
2119 2120
2120 2121
2121 2122
2122 2123
2123 2124
2124 2125
2125 2126
2126 2127
2127 2128
2128 2129
2129 2130
2130 2131
2131 2132
2132 2133
2133 2134
2134 2135
2135 2136
2136 2137
2137 2138
2138 2139
2139 2140
2140 2141
2141 2142
2142 2143
2143 2144
2144 2145
2145 2146
2146 2147
2147 2148
2148 2149
2149 2150
2150 2151
2151 2152
2152 2153
2153 2154
2154 2155
2155 2156
2156 2157
2157 2158
2158 2159
2159 2160
2160 2161
2161 2162
2162 2163
2163 2164
2164 2165
2165 2166
2166 2167
2167 2168
2168 2169
2169 2170
2170 2171
2171 2172
2172 2173
2173 2174
2174 2175
2175 2176
2176 2177
2177 2178
2178 2179
2179 2180
2180 2181
2181 2182
2182 2183
2183 2184
2184 2185
2185 2186
2186 2187
2187 2188
2188 2189
2189 2190
2190 2191
2191 2192
2192 2193
2193 2194
2194 2195
2195 2196
2196 2197
2197 2198
2198 2199
2199 2200
2200 2201
2201 2202
2202 2203
2203 2204
2204 2205
2205 2206
2206 2207
2207 2208
2208 2209
2209 2210
2210 2211
2211 2212
2212 2213
2213 2214
2214 2215
2215 2216
2216 2217
2217 2218
2218 2219
2219 2220
2220 2221
2221 2222
2222 2223
2223 2224
2224 2225
2225 2226
2226 2227
2227 2228
2228 2229
2229 2230
2230 2231
2231 2232
2232 2233
2233 2234
2234 2235
2235 2236
2236 2237
2237 2238
2238 2239
2239 2240
2240 2241
2241 2242
2242 2243
2243 2244
2244 2245
2245 2246
2246 2247
2247 2248
2248 2249
2249 2250
2250 2251
2251 2252
2252 2253
2253 2254
2254 2255
2255 2256
2256 2257
2257 2258
2258 2259
2259 2260
2260 2261
2261 2262
2262 2263
2263 2264
2264 2265
2265 2266
2266 2267
2267 2268
2268 2269
2269 2270
2270 2271
2271 2272
2272 2273
2273 2274
2274 2275
2275 2276
2276 2277
2277 2278
2278 2279
2279 2280
2280 2281
2281 2282
2282 2283
2283 2284
2284 2285
2285 2286
2286 2287
2287 2288
2288 2289
2289 2290
2290 2291
2291 2292
2292 2293
2293 2294
2294 2295
2295 2296
2296 2297
2297 2298
2298 2299
2299 2300
2300 2301
2301 2302
2302 2303
2303 2304
2304 2305
2305 2306
2306 2307
2307 2308
2308 2309
2309 2310
2310 2311
2311 2312
2312 2313
2313 2314
2314 2315
2315 2316
2316 2317
2317 2318
2318 2319
2319 2320
2320 2321
2321 2322
2322 2323
2323 2324
2324 2325
2325 2326
2326 2327
2327 2328
2328 2329
2329 2330
2330 2331
2331 2332
2332 2333
2333 2334
2334 2335
2335 2336
2336 2337
2337 2338
2338 2339
2339 2340
2340 2341
2341 2342
2342 2343
2343 2344
2344 2345
2345 2346
2346 2347
2347 2348
2348 2349
2349 2350
2350 2351
2351 2352
2352 2353
2353 2354
2354 2355
2355 2356
2356 2357
2357 2358
2358 2359
2359 2360
2360 2361
2361 2362
2362 2363
2363 2364
2364 2365
2365 2366
2366 2367
2367 2368
2368 2369
2369 2370
2370 2371
2371 2372
2372 2373
2373 2374
2374 2375
2375 2376
2376 2377
2377 2378
2378 2379
2379 2380
2380 2381
2381 2382
2382 2383
2383 2384
2384 2385
2385 2386
2386 2387
2387 2388
2388 2389
2389 2390
2390 2391
2391 2392
2392 2393
2393 2394
2394 2395
2395 2396
2396 2397
2397 2398
2398 2399
2399 2400
2400 2401
2401 2402
1.618
0.0001 0.001 0.01 0.1
