414
5.000000 100.000000
15.000000 100.000000
5.000000 90.000000
15.000000 90.000000
5.000000 95.000000
15.000000 95.000000
7.943000 86.000000
0.000000 86.000000
7.943000 78.057000
0.000000 78.057000
0.000000 82.028500
7.943000 82.028500
12.057000 78.057000
12.057000 86.000000
20.000000 78.057000
20.000000 86.000000
16.028500 86.000000
16.028500 78.057000
0.000000 74.057000
0.000000 67.747000
6.310000 74.057000
6.310000 67.747000
3.155000 74.057000
3.155000 67.747000
13.690000 74.057000
20.000000 74.057000
13.690000 67.747000
20.000000 67.747000
13.690000 70.902000
20.000000 70.902000
0.000000 63.747000
0.000000 58.735000
5.012000 63.747000
5.012000 58.735000
2.506000 63.747000
2.506000 58.735000
7.494000 58.735000
7.494000 63.747000
12.506000 58.735000
12.506000 63.747000
10.000000 63.747000
10.000000 58.735000
14.988000 58.735000
14.988000 63.747000
20.000000 58.735000
20.000000 63.747000
17.494000 63.747000
17.494000 58.735000
0.000000 50.754000
0.000000 54.735000
3.981000 50.754000
3.981000 54.735000
1.990500 54.735000
1.990500 50.754000
8.009500 54.735000
8.009500 50.754000
11.990500 54.735000
11.990500 50.754000
10.000000 54.735000
10.000000 50.754000
16.019000 54.735000
20.000000 54.735000
16.019000 50.754000
20.000000 50.754000
16.019000 52.744500
20.000000 52.744500
0.000000 46.754000
3.162000 46.754000
0.000000 43.592000
3.162000 43.592000
0.000000 45.173000
3.162000 45.173000
5.612667 46.754000
8.774667 46.754000
5.612667 43.592000
8.774667 43.592000
5.612667 45.173000
8.774667 45.173000
14.387333 46.754000
11.225333 46.754000
14.387333 43.592000
11.225333 43.592000
11.225333 45.173000
14.387333 45.173000
16.838000 46.754000
20.000000 46.754000
16.838000 43.592000
20.000000 43.592000
16.838000 45.173000
20.000000 45.173000
2.512000 39.592000
0.000000 39.592000
2.512000 37.080000
0.000000 37.080000
0.000000 38.336000
2.512000 38.336000
8.341333 39.592000
5.829333 39.592000
8.341333 37.080000
5.829333 37.080000
5.829333 38.336000
8.341333 38.336000
11.658667 37.080000
11.658667 39.592000
14.170667 37.080000
14.170667 39.592000
12.914667 39.592000
12.914667 37.080000
20.000000 39.592000
17.488000 39.592000
20.000000 37.080000
17.488000 37.080000
17.488000 38.336000
20.000000 38.336000
0.000000 33.080000
0.000000 31.085000
1.995000 33.080000
1.995000 31.085000
0.997500 33.080000
0.997500 31.085000
6.496250 33.080000
4.501250 33.080000
6.496250 31.085000
4.501250 31.085000
4.501250 32.082500
6.496250 32.082500
9.002500 33.080000
9.002500 31.085000
10.997500 33.080000
10.997500 31.085000
10.000000 33.080000
10.000000 31.085000
13.503750 31.085000
13.503750 33.080000
15.498750 31.085000
15.498750 33.080000
14.501250 33.080000
14.501250 31.085000
18.005000 33.080000
20.000000 33.080000
18.005000 31.085000
20.000000 31.085000
18.005000 32.082500
20.000000 32.082500
0.000000 27.085000
0.000000 25.500000
1.585000 27.085000
1.585000 25.500000
0.792500 27.085000
0.792500 25.500000
3.683000 25.500000
3.683000 27.085000
5.268000 25.500000
5.268000 27.085000
4.475500 27.085000
4.475500 25.500000
7.366000 27.085000
8.951000 27.085000
7.366000 25.500000
8.951000 25.500000
7.366000 26.292500
8.951000 26.292500
11.049000 27.085000
11.049000 25.500000
12.634000 27.085000
12.634000 25.500000
11.841500 27.085000
11.841500 25.500000
14.732000 25.500000
14.732000 27.085000
16.317000 25.500000
16.317000 27.085000
15.524500 27.085000
15.524500 25.500000
20.000000 27.085000
18.415000 27.085000
20.000000 25.500000
18.415000 25.500000
18.415000 26.292500
20.000000 26.292500
1.259000 21.500000
0.000000 21.500000
1.259000 20.241000
0.000000 20.241000
0.000000 20.870500
1.259000 20.870500
3.123500 20.241000
3.123500 21.500000
4.382500 20.241000
4.382500 21.500000
3.753000 21.500000
3.753000 20.241000
7.506000 21.500000
6.247000 21.500000
7.506000 20.241000
6.247000 20.241000
6.247000 20.870500
7.506000 20.870500
9.370500 20.241000
9.370500 21.500000
10.629500 20.241000
10.629500 21.500000
10.000000 21.500000
10.000000 20.241000
12.494000 21.500000
13.753000 21.500000
12.494000 20.241000
13.753000 20.241000
12.494000 20.870500
13.753000 20.870500
15.617500 21.500000
15.617500 20.241000
16.876500 21.500000
16.876500 20.241000
16.247000 21.500000
16.247000 20.241000
20.000000 21.500000
18.741000 21.500000
20.000000 20.241000
18.741000 20.241000
18.741000 20.870500
20.000000 20.870500
1.000000 16.241000
0.000000 16.241000
1.000000 15.241000
0.000000 15.241000
0.000000 15.741000
1.000000 15.741000
3.714286 16.241000
2.714286 16.241000
3.714286 15.241000
2.714286 15.241000
2.714286 15.741000
3.714286 15.741000
5.428571 15.241000
5.428571 16.241000
6.428571 15.241000
6.428571 16.241000
5.928571 16.241000
5.928571 15.241000
9.142857 16.241000
8.142857 16.241000
9.142857 15.241000
8.142857 15.241000
8.142857 15.741000
9.142857 15.741000
11.857143 16.241000
10.857143 16.241000
11.857143 15.241000
10.857143 15.241000
10.857143 15.741000
11.857143 15.741000
13.571429 15.241000
13.571429 16.241000
14.571429 15.241000
14.571429 16.241000
14.071429 16.241000
14.071429 15.241000
16.285714 16.241000
17.285714 16.241000
16.285714 15.241000
17.285714 15.241000
16.285714 15.741000
17.285714 15.741000
19.000000 16.241000
20.000000 16.241000
19.000000 15.241000
20.000000 15.241000
19.000000 15.741000
20.000000 15.741000
0.000000 11.241000
0.000000 10.448000
0.793000 11.241000
0.793000 10.448000
0.396500 11.241000
0.396500 10.448000
2.743857 11.241000
3.536857 11.241000
2.743857 10.448000
3.536857 10.448000
2.743857 10.844500
3.536857 10.844500
6.280714 11.241000
5.487714 11.241000
6.280714 10.448000
5.487714 10.448000
5.487714 10.844500
6.280714 10.844500
8.231571 11.241000
9.024571 11.241000
8.231571 10.448000
9.024571 10.448000
8.231571 10.844500
9.024571 10.844500
10.975429 11.241000
10.975429 10.448000
11.768429 11.241000
11.768429 10.448000
11.371929 11.241000
11.371929 10.448000
14.512286 11.241000
13.719286 11.241000
14.512286 10.448000
13.719286 10.448000
13.719286 10.844500
14.512286 10.844500
16.463143 11.241000
16.463143 10.448000
17.256143 11.241000
17.256143 10.448000
16.859643 11.241000
16.859643 10.448000
19.207000 10.448000
19.207000 11.241000
20.000000 10.448000
20.000000 11.241000
19.603500 11.241000
19.603500 10.448000
0.000000 6.448000
0.631000 6.448000
0.000000 5.817000
0.631000 5.817000
0.000000 6.132500
0.631000 6.132500
2.767000 6.448000
3.398000 6.448000
2.767000 5.817000
3.398000 5.817000
2.767000 6.132500
3.398000 6.132500
6.165000 6.448000
5.534000 6.448000
6.165000 5.817000
5.534000 5.817000
5.534000 6.132500
6.165000 6.132500
8.932000 6.448000
8.301000 6.448000
8.932000 5.817000
8.301000 5.817000
8.301000 6.132500
8.932000 6.132500
11.068000 6.448000
11.699000 6.448000
11.068000 5.817000
11.699000 5.817000
11.068000 6.132500
11.699000 6.132500
13.835000 6.448000
14.466000 6.448000
13.835000 5.817000
14.466000 5.817000
13.835000 6.132500
14.466000 6.132500
16.602000 5.817000
16.602000 6.448000
17.233000 5.817000
17.233000 6.448000
16.917500 6.448000
16.917500 5.817000
19.369000 6.448000
19.369000 5.817000
20.000000 6.448000
20.000000 5.817000
19.684500 6.448000
19.684500 5.817000
0.501000 1.817000
0.000000 1.817000
0.501000 1.316000
0.000000 1.316000
0.000000 1.566500
0.501000 1.566500
2.785571 1.316000
2.785571 1.817000
3.286571 1.316000
3.286571 1.817000
3.036071 1.817000
3.036071 1.316000
5.571143 1.316000
5.571143 1.817000
6.072143 1.316000
6.072143 1.817000
5.821643 1.817000
5.821643 1.316000
8.356714 1.817000
8.356714 1.316000
8.857714 1.817000
8.857714 1.316000
8.607214 1.817000
8.607214 1.316000
11.142286 1.316000
11.142286 1.817000
11.643286 1.316000
11.643286 1.817000
11.392786 1.817000
11.392786 1.316000
13.927857 1.817000
13.927857 1.316000
14.428857 1.817000
14.428857 1.316000
14.178357 1.817000
14.178357 1.316000
16.713429 1.316000
16.713429 1.817000
17.214429 1.316000
17.214429 1.817000
16.963929 1.817000
16.963929 1.316000
19.499000 1.817000
19.499000 1.316000
20.000000 1.817000
20.000000 1.316000
19.749500 1.817000
19.749500 1.316000
276
1 2
3 4
5 6
2 4
7 8
9 10
11 12
8 10
13 14
15 16
17 18
14 16
19 20
21 22
23 24
20 22
25 26
27 28
29 30
26 28
31 32
33 34
35 36
32 34
37 38
39 40
41 42
38 40
43 44
45 46
47 48
44 46
49 50
51 52
53 54
50 52
55 56
57 58
59 60
56 58
61 62
63 64
65 66
62 64
67 68
69 70
71 72
68 70
73 74
75 76
77 78
74 76
79 80
81 82
83 84
80 82
85 86
87 88
89 90
86 88
91 92
93 94
95 96
92 94
97 98
99 100
101 102
98 100
103 104
105 106
107 108
104 106
109 110
111 112
113 114
110 112
115 116
117 118
119 120
116 118
121 122
123 124
125 126
122 124
127 128
129 130
131 132
128 130
133 134
135 136
137 138
134 136
139 140
141 142
143 144
140 142
145 146
147 148
149 150
146 148
151 152
153 154
155 156
152 154
157 158
159 160
161 162
158 160
163 164
165 166
167 168
164 166
169 170
171 172
173 174
170 172
175 176
177 178
179 180
176 178
181 182
183 184
185 186
182 184
187 188
189 190
191 192
188 190
193 194
195 196
197 198
194 196
199 200
201 202
203 204
200 202
205 206
207 208
209 210
206 208
211 212
213 214
215 216
212 214
217 218
219 220
221 222
218 220
223 224
225 226
227 228
224 226
229 230
231 232
233 234
230 232
235 236
237 238
239 240
236 238
241 242
243 244
245 246
242 244
247 248
249 250
251 252
248 250
253 254
255 256
257 258
254 256
259 260
261 262
263 264
260 262
265 266
267 268
269 270
266 268
271 272
273 274
275 276
272 274
277 278
279 280
281 282
278 280
283 284
285 286
287 288
284 286
289 290
291 292
293 294
290 292
295 296
297 298
299 300
296 298
301 302
303 304
305 306
302 304
307 308
309 310
311 312
308 310
313 314
315 316
317 318
314 316
319 320
321 322
323 324
320 322
325 326
327 328
329 330
326 328
331 332
333 334
335 336
332 334
337 338
339 340
341 342
338 340
343 344
345 346
347 348
344 346
349 350
351 352
353 354
350 352
355 356
357 358
359 360
356 358
361 362
363 364
365 366
362 364
367 368
369 370
371 372
368 370
373 374
375 376
377 378
374 376
379 380
381 382
383 384
380 382
385 386
387 388
389 390
386 388
391 392
393 394
395 396
392 394
397 398
399 400
401 402
398 400
403 404
405 406
407 408
404 406
409 410
411 412
413 414
410 412
0.25
0.0001 0.001 0.01 0.1
