100
10 64
57 64
9 57
21 57
74 10
87 9
80 10
36 10
8 36
38 9
76 64
43 57
20 87
18 76
52 76
70 18
27 52
54 38
53 8
32 27
72 20
98 8
28 38
100 20
1 64
34 98
40 70
79 28
6 76
7 8
37 8
60 76
4 80
66 70
62 70
3 80
33 87
42 18
12 70
15 38
67 80
58 70
41 57
16 54
17 8
90 98
96 17
83 37
45 7
65 6
84 34
31 87
2 70
26 80
99 74
19 40
92 41
30 27
63 43
55 33
78 42
68 40
29 20
85 57
71 31
88 6
81 65
44 27
69 31
59 52
89 26
86 90
25 41
82 26
77 20
14 80
24 76
56 15
73 59
5 17
13 89
50 80
97 20
35 10
39 54
93 12
22 7
47 96
48 98
95 67
91 20
11 95
49 96
51 63
46 99
23 48
75 28
61 69
94 79
