3239 2127
8493 80
4224 73
5633 86
5394 97
5587 88
7646 83
1004 56
4565 88
4570 71
7937 91
1762 78
6963 89
5250 99
1909 76
8800 92
9034 83
6906 73
4866 98
3134 71
3210 88
7599 79
8192 99
4096 90
2126 89
5097 81
4364 89
8149 79
5239 82
8994 87
9151 84
7229 77
3114 77
4900 81
6603 70
8134 76
1358 75
9143 74
5418 94
8997 53
1471 76
8803 70
9573 44
9053 78
7049 58
6572 84
9009 66
1995 89
2844 68
7549 80
1091 89
3591 100
3854 88
3682 71
6920 83
1921 85
9689 67
8622 94
7611 72
4622 45
3559 49
2241 66
6971 82
5890 84
2215 78
2091 59
3756 79
3975 80
5746 52
1402 73
3964 82
2383 86
9137 65
1346 81
3681 69
9589 88
4542 89
8330 73
5942 82
1120 97
5629 83
2731 70
4701 87
4930 100
7974 75
7738 87
3123 81
8696 42
1766 81
3500 81
2286 81
4316 72
6809 91
1917 72
2525 63
4077 76
8919 80
7236 86
9489 77
8183 85
1017 92
4109 80
4666 50
3586 93
2876 90
5283 88
2447 54
3934 99
7983 78
8952 98
7284 81
4009 94
9570 78
6980 77
6136 86
9854 80
8090 78
7470 72
7529 95
8402 95
4718 79
6219 72
3602 99
9681 61
1328 95
7583 81
9073 85
4606 88
1498 79
6003 78
9459 86
6789 89
9521 88
8762 85
1387 98
9807 78
1952 64
3201 64
6544 96
5156 79
2441 89
2566 74
5566 77
1175 80
3638 68
8991 79
9530 63
9748 89
7518 85
9914 46
7481 74
5179 72
4269 84
9751 88
2756 86
3766 71
7233 98
9810 98
9606 71
4863 77
1518 74
8666 88
3886 73
2231 80
6759 99
2055 75
3298 40
9289 72
2815 93
5576 73
8016 80
4535 68
2536 89
2276 53
9410 74
7175 49
9672 53
5028 71
5200 72
3375 85
6262 80
9909 78
6432 92
6475 74
2259 72
3883 97
9938 98
4433 98
6015 76
3009 85
8821 74
4556 79
3167 79
9271 79
3378 87
4633 75
9670 55
8671 86
2570 74
7429 100
8067 97
4233 84
4681 70
5839 81
1038 48
1718 96
5000 90
6088 85
7307 81
2367 54
3628 84
1854 97
3238 58
3632 74
2089 54
4408 71
2587 83
5001 80
2498 73
3370 81
5361 92
5987 84
2000 86
2308 45
7283 84
8461 81
2415 70
3475 82
2892 87
2700 82
3684 70
5885 75
2712 84
5383 79
6643 79
2618 92
4993 93
5378 87
1369 89
1206 77
3743 87
3790 72
2137 44
9312 96
6376 84
7721 72
9319 56
2516 91
7312 88
8348 76
7458 82
9655 70
9219 70
4694 89
1224 97
3084 76
8257 48
8914 69
7207 53
1196 88
7581 94
6279 87
5247 77
2014 77
8879 94
2699 66
7693 85
8482 92
9442 86
6659 92
3813 86
8837 59
7905 87
1158 50
7325 52
2640 88
4035 83
3916 86
7443 84
9330 40
1835 72
9369 88
6479 51
6382 80
3909 86
4292 96
1065 83
9042 83
6821 85
3864 95
1587 84
4641 70
4639 85
9817 85
4970 79
2800 85
5537 75
3291 86
5265 51
9340 42
9403 78
3494 67
4291 89
3416 89
2431 79
1684 86
4825 64
4920 74
4132 85
4705 78
8921 88
9832 77
1655 94
1001 73
8478 70
9633 90
2287 72
5131 77
7131 57
5659 100
2774 72
4599 71
7110 76
6139 83
6725 76
3443 76
9946 84
5132 59
1875 94
8057 98
8483 78
1827 88
6563 79
8658 67
4277 89
6293 78
8195 46
5024 88
7358 81
8268 99
5494 78
8325 82
4056 89
3268 84
3824 85
3441 89
5154 56
8986 82
2020 79
4445 76
2465 89
2828 79
9064 89
2909 73
6570 88
7563 88
7373 79
8498 76
8352 89
3169 81
2439 96
6543 84
1127 96
8987 100
6749 66
9737 78
9846 91
2236 88
7551 96
3440 72
9370 78
9046 100
2728 50
1287 80
9919 72
6932 73
6424 70
1645 89
3103 88
1934 70
9869 88
5337 40
4593 80
2790 88
1331 95
7569 73
7281 99
9567 95
4090 96
3713 82
8205 89
5602 89
3679 98
6260 75
7025 88
5673 80
7643 88
6760 74
2691 95
2585 82
8130 88
8023 78
5313 80
6992 71
1477 55
3352 51
6897 75
2710 89
9791 50
8108 82
3919 56
2526 82
3905 41
9216 87
1901 80
9464 82
9372 76
4390 75
8599 73
5449 90
7980 71
9351 72
4140 80
2403 87
9867 74
1683 71
2802 93
3279 87
1502 71
8652 93
5547 89
7092 73
8750 40
4859 78
5436 82
2648 76
3320 75
6867 87
2511 45
3894 72
9864 72
5806 70
6693 71
1351 43
2053 76
2532 86
1966 70
6694 80
2763 97
9654 75
5241 40
5423 84
8848 82
9860 87
7929 75
6030 96
4161 71
5544 74
1007 67
4529 100
2720 71
1757 76
1310 98
3745 88
1541 98
1795 81
9236 76
3082 80
2455 98
3465 97
3811 96
6452 89
7541 91
1031 87
8037 79
9397 97
5286 83
4904 85
9189 61
5266 70
3308 78
9799 77
4724 75
2484 51
4516 97
9889 84
1325 96
2598 83
1719 82
8649 70
6858 70
7627 73
5161 74
8502 82
5149 63
6227 76
4149 94
4002 85
4073 50
3533 72
6196 88
3917 70
5770 75
2713 77
3345 73
7949 96
7687 87
1495 86
9597 84
1051 71
1570 85
7127 74
3698 65
2982 86
2461 84
3394 99
3160 89
6788 49
1626 86
6979 85
1244 77
2429 77
9532 76
6986 88
3506 87
1082 74
3055 88
2950 77
2097 65
6144 87
5762 49
7870 72
2368 47
6289 77
3523 70
4532 83
3164 84
7821 84
2772 76
2940 78
9385 74
2211 81
2142 74
4112 77
3986 84
5656 80
9491 78
1025 72
5073 83
4553 58
5531 87
7564 86
6239 74
7181 89
8644 87
2150 55
7095 53
4393 78
9947 70
1650 100
8017 98
9394 76
2416 66
8851 71
6044 77
9111 92
6108 78
1973 80
9661 70
9434 84
5706 76
4763 86
7176 70
6580 77
7500 73
6712 74
4457 70
6910 85
2015 95
9241 86
9806 76
5556 83
6542 75
2553 73
6157 78
2356 90
1914 89
5554 52
4155 85
6093 84
2540 88
6142 53
7248 89
6410 96
5924 90
6744 85
8163 40
1781 100
1922 72
6110 88
3856 98
4284 77
9210 93
9273 91
3139 42
3673 84
2079 73
6334 78
9043 85
5433 79
4333 75
6548 69
6757 81
8533 91
5089 54
2795 83
7087 77
7121 51
3707 74
2988 88
9601 71
4407 64
5796 88
8965 78
1692 89
9252 75
1603 92
6112 75
5756 86
1978 88
5296 96
6988 97
3368 73
7636 70
4241 100
2857 84
8724 90
8194 78
1424 87
9620 72
6808 65
6576 72
3026 78
2197 72
6111 95
3737 78
3951 96
7654 99
5229 87
8976 76
4243 76
1011 73
9536 82
4533 79
4989 92
9398 76
8820 95
6425 73
6888 98
6999 45
6630 90
5206 100
1229 83
7055 79
7148 71
8270 71
1536 85
5507 70
4126 81
5058 75
4370 46
3944 86
6343 89
6975 74
8934 49
2702 73
1885 83
2818 81
1907 60
2879 82
1385 75
5990 72
2524 69
4338 80
6526 80
3213 75
1080 75
9278 76
1558 80
9659 86
7035 75
7660 74
3187 73
5526 72
4285 88
6866 94
6150 92
3985 88
3794 87
2001 61
7748 81
6802 84
2947 78
6117 72
8250 95
1261 79
5359 76
8449 45
4901 84
4709 89
8388 87
7885 76
3184 70
9848 80
7948 81
4858 85
6859 59
4489 74
7401 71
6523 94
5082 71
5136 85
3584 80
7875 71
1419 94
9318 74
4702 72
9663 71
5907 84
1436 73
4903 54
8560 81
9361 98
4032 87
3969 83
3412 88
8855 81
9533 94
2177 84
9544 81
6130 84
2544 66
1432 44
9084 84
5311 84
9727 66
7139 70
5697 91
8722 80
8849 80
5330 97
7333 76
9986 75
9374 94
5565 77
7104 40
2666 88
2148 84
9684 98
7993 80
2209 86
7360 96
4089 98
9197 83
6598 81
9267 70
7678 70
2500 75
2519 80
8570 83
4932 88
4050 72
9647 80
6909 80
6050 94
9725 86
5011 85
1407 76
2326 60
8428 83
2604 53
7328 41
5776 71
9690 89
8453 93
4420 84
8366 82
3697 88
6578 87
7640 72
3897 93
2799 53
6841 72
7656 71
3510 66
3367 83
7160 97
1549 87
9284 70
1988 84
6328 75
9693 70
1542 62
5943 40
8443 88
4146 97
8567 79
2435 49
4805 81
6642 41
4979 80
1743 73
2843 72
2807 81
6679 86
6710 86
5486 88
2607 95
9550 75
3538 87
7862 82
4545 76
5628 93
2131 80
8833 84
8433 80
8095 78
4660 80
8756 89
2518 80
5930 47
1074 42
4872 72
4017 100
9719 85
1440 89
2434 88
6473 79
5190 81
3800 83
6940 100
3338 45
4482 73
1443 84
1881 75
9057 88
5730 96
3834 90
3576 78
1722 72
9686 85
7906 86
3719 89
8201 60
6893 88
9820 88
4186 83
1554 99
9667 79
3932 41
1096 93
2412 80
2264 70
6164 82
7766 57
8508 78
9018 99
8387 61
7451 84
4947 100
3565 98
9902 94
5563 90
2084 95
2603 90
8729 76
9286 61
7566 82
5242 98
1769 79
1644 77
1726 81
1830 79
4921 81
6814 99
9411 89
1987 88
3456 61
4004 43
5126 79
8393 74
4613 87
3577 71
4772 74
2885 82
8594 84
1029 88
3446 71
1019 87
8862 72
2708 79
9313 70
9495 72
2917 82
5856 96
2124 65
6014 73
8327 86
3136 81
6480 75
5447 92
7940 78
3051 84
8535 88
4158 86
7954 71
4298 78
8394 88
6840 44
8430 98
6836 81
1361 80
6865 90
5522 95
8276 72
8754 80
5676 79
9093 82
3765 83
7889 58
3071 89
9572 100
1997 83
3290 82
7013 66
5396 74
6645 72
9355 70
3397 88
2707 78
8405 73
7428 72
1687 54
3520 62
1755 89
7399 82
5272 58
8782 77
5245 76
1857 89
2657 49
1124 93
8651 73
8890 74
5789 45
1990 64
2169 95
3562 89
8138 77
9744 85
7694 82
4438 75
5564 75
6120 78
4792 86
5062 82
7479 88
4131 99
6730 91
1268 54
3915 78
2186 79
5039 43
6558 83
8416 88
2402 82
9593 86
1265 73
9734 84
2188 70
6119 70
8142 83
1653 61
9110 70
2845 71
3405 79
1908 73
6114 85
7683 91
2077 73
9527 85
8101 77
8041 87
8216 86
8839 73
6987 60
7881 85
3217 91
8514 99
2695 88
6330 78
9958 100
1763 82
9428 86
6810 83
7996 56
1522 72
7219 71
7405 88
7183 92
3231 51
9809 87
5764 98
1035 97
5166 96
4329 82
3652 80
8542 93
6792 73
8632 90
4918 79
6071 98
9185 79
3768 85
6418 72
1039 76
3833 72
5294 82
7338 84
4756 70
6959 47
1898 75
8107 86
3490 90
1680 88
5956 42
3111 95
7467 92
1146 73
5790 81
8974 79
4506 69
4240 83
3955 62
2948 78
8469 74
1109 97
4125 70
5072 76
1393 91
1950 87
8446 64
9644 66
5595 86
4963 73
9444 100
8775 87
4415 71
6075 94
2332 85
3425 82
3503 70
7586 75
7468 89
5947 100
8128 88
6508 81
1731 88
8491 57
7471 72
1138 69
3330 100
8166 99
6206 79
6520 90
5177 91
2279 59
2939 87
2521 98
7490 80
1327 78
3867 72
8526 88
6292 70
8463 49
8062 87
3433 77
2921 79
3757 93
4196 80
7967 96
1056 88
8751 72
1971 82
2674 79
5111 67
3093 81
5251 100
5622 84
3400 76
6766 80
3948 72
6285 86
5610 85
2362 75
7805 86
4779 53
8278 71
7089 77
1638 86
5509 84
6955 68
7214 94
1108 86
7023 75
5387 89
6305 86
7506 84
2045 78
5829 93
5446 74
9104 80
9978 81
3360 74
6666 83
9055 80
9310 72
2354 76
6762 89
1736 78
4787 73
7803 89
2789 83
2254 93
5225 75
6433 77
2082 72
4914 98
4618 84
7016 75
1777 78
5180 85
8369 87
6457 83
2770 42
5479 80
2226 94
6518 96
3884 98
8177 87
2057 93
3775 75
2291 86
5704 99
4432 99
4686 76
4044 95
6265 51
6904 83
5414 45
1802 71
7242 83
6551 100
3561 87
4826 84
5016 84
1985 81
5453 94
5609 71
7237 76
3893 73
7441 55
3973 71
4413 96
1022 91
3052 85
7655 100
1009 41
2671 77
9232 99
7648 86
5580 63
8445 76
5624 86
3571 88
4218 59
5560 73
4036 96
4180 98
1556 99
9223 70
7168 85
1613 85
3068 92
8007 92
4994 75
4632 79
8604 85
9584 85
8332 77
9437 89
7020 85
8946 91
8801 44
4615 79
8603 71
9755 98
5419 97
9642 81
5164 75
5623 90
1307 46
4202 82
7077 57
7317 89
3759 70
8342 46
6974 96
3618 78
3976 93
5852 99
9011 76
7610 56
1050 68
6029 81
2229 80
7215 83
8905 85
1715 79
9537 81
5798 97
1446 100
9653 77
9600 90
6537 75
1768 85
2596 90
2224 77
7251 87
7877 72
3318 77
7392 73
8941 83
9299 81
4234 72
8197 55
2551 84
1058 74
6474 89
8557 96
9617 100
6767 83
2376 81
8313 70
8104 78
9855 92
9060 62
3045 98
1347 82
9347 84
1129 77
9004 72
7162 87
6597 63
2971 70
9424 79
6719 73
2594 75
1652 80
2196 64
6685 79
8331 85
8642 89
5721 83
7776 52
9482 89
1421 88
4487 100
6566 79
6128 79
9092 81
6483 76
6235 83
6212 83
1809 47
1204 89
1601 78
1771 84
8009 82
6205 99
1459 86
5773 51
3438 89
6380 64
8235 97
9396 77
5812 43
3024 83
4484 61
9677 84
7015 72
6011 41
2764 55
4058 89
3869 55
7856 100
6019 71
1681 61
5457 78
2463 81
5837 46
5115 98
4840 78
8828 68
3846 77
8794 71
5608 80
4882 85
2221 79
3408 70
3269 83
8318 84
8702 58
5660 84
9594 75
4548 83
8265 47
7293 53
6482 99
6373 96
5248 70
9811 88
9829 88
1812 99
2410 89
8076 71
3936 76
6069 76
2534 90
5978 79
9083 82
8043 75
6533 83
9326 70
9512 76
5198 70
6116 44
8688 86
6320 89
4151 70
2775 50
7750 83
3491 62
8659 73
6398 94
7140 71
7296 66
1452 71
8943 63
9164 82
7299 92
6895 73
2983 85
2834 80
6969 80
3996 73
1826 71
1640 72
7245 94
3435 74
6436 80
4326 79
4357 65
4045 71
4496 78
6208 76
4799 74
4843 70
9007 88
1228 55
3677 85
3445 88
6160 73
4135 44
4806 99
5771 78
5718 97
4384 89
9142 91
3388 97
8907 43
2617 54
7669 64
2743 83
1764 80
3350 84
7318 80
8247 81
6621 85
3998 60
5860 96
5307 72
7367 80
6126 90
7314 93
9627 87
7717 87
7764 96
6107 81
8672 76
1744 99
7469 91
8111 86
4671 83
8540 79
8417 80
3237 70
7806 44
1694 92
3273 88
8244 49
8866 85
3708 89
9648 70
6561 77
5971 71
4697 87
4541 83
2990 59
1313 78
2222 89
8370 78
8920 95
7635 79
5797 74
6127 71
9896 88
4576 68
5570 78
3062 71
6185 69
1239 85
7185 77
9769 70
6733 70
7926 62
5150 80
8611 92
7205 64
8635 73
9969 86
3302 85
9558 88
5312 82
5299 53
9948 94
3629 82
7608 73
4730 75
9072 40
5253 100
2773 72
1376 81
5420 79
5492 81
1501 85
6302 79
4870 50
1720 79
8856 72
5282 81
6796 99
6412 91
2380 79
9316 88
4345 79
2454 86
9081 91
3644 81
7150 79
7038 81
3035 90
9762 88
3828 87
8891 57
3774 78
4230 82
3643 84
3786 84
4217 81
4147 83
9529 76
3222 85
1690 79
1824 95
5904 70
1275 72
8735 91
8805 70
5329 82
6166 79
7353 89
3536 78
2785 71
7265 84
3881 63
2569 97
8494 88
1203 82
9314 72
9501 53
4343 43
4954 96
6393 99
7461 77
5460 83
9454 83
3939 86
6938 98
3126 98
5725 79
3453 65
9091 72
8274 78
2309 72
6146 69
8536 87
4074 76
8798 62
8226 86
4266 87
5821 47
4740 86
8310 85
5548 64
2183 81
7904 78
9611 89
9641 83
7516 73
6500 70
7465 75
1277 80
1943 85
8497 67
6501 82
1870 77
8963 80
4159 74
2615 88
4752 73
1967 89
4727 65
8240 72
9822 42
2831 80
6546 83
9421 100
4995 92
6813 76
1936 55
7797 81
4822 82
5276 94
6172 70
3763 84
2146 88
9181 50
7047 85
6993 74
5408 83
5326 81
1449 85
6924 80
8683 74
7596 46
9680 86
9008 71
8027 86
1413 75
2116 97
3348 78
3593 97
9496 80
7022 84
7927 86
8661 73
1103 89
1262 85
2111 78
8655 78
5054 71
2861 75
5389 76
1760 98
6191 73
4503 72
7528 86
8510 81
8815 81
3104 73
6055 76
5630 87
3902 77
7427 73
2808 85
5260 52
9743 65
7228 66
4800 85
4902 74
6082 75
1390 76
3661 79
2060 88
6741 75
8261 73
7259 87
1394 91
3128 81
8096 87
8147 77
3829 94
2345 72
1758 67
5905 78
6225 72
8802 93
8945 80
3760 79
2066 79
9941 75
9420 78
1882 77
3444 95
7346 89
5720 98
4609 50
3958 74
9291 45
3346 73
3264 83
8001 81
2584 89
2741 46
2751 68
5212 78
8749 84
2847 84
3543 89
4972 56
1460 40
9592 81
4273 81
3954 75
5696 84
2779 46
8161 85
4928 79
5717 83
6267 70
8279 59
4481 74
9070 79
5768 72
6803 83
8948 88
5896 80
4414 75
2714 84
9359 86
2336 71
6354 90
6728 81
4127 53
9904 73
4692 46
9167 81
2277 59
6006 88
5226 98
7019 100
7841 82
3654 73
9202 41
2733 83
4402 70
5545 79
4631 82
7202 76
6634 88
3675 95
3211 78
2646 69
6756 61
9825 93
3524 59
1890 76
5292 73
6629 66
8543 86
9675 91
6200 74
8078 76
8010 87
1648 86
3117 72
7048 82
5677 85
3252 96
1716 78
4685 78
9470 75
2360 77
7998 85
8496 81
8980 95
3610 85
5221 73
8769 42
4179 61
6848 57
9115 83
5056 93
5063 83
7789 57
7638 41
7499 79
7184 74
2652 83
3448 79
2653 66
3650 80
6317 75
4874 81
6708 79
7059 72
9591 97
7324 78
9188 89
7925 74
7147 72
8522 75
1668 79
3751 95
1200 89
4239 95
5473 94
9736 71
5147 94
7217 82
5919 46
2609 75
2890 66
8280 84
1453 82
8647 74
9682 94
7341 88
2471 65
4804 70
9549 90
6930 89
4598 74
1027 87
8813 86
7733 76
2357 89
6246 97
3449 97
3581 89
5317 73
9554 70
3793 88
9122 93
1846 74
8472 73
9824 62
2475 74
1775 82
9349 72
5661 85
7568 80
5291 74
2482 71
8462 100
8709 88
7772 78
2205 71
5489 75
1506 95
5727 42
9138 87
7699 70
7917 99
9146 53
8140 73
4193 86
7802 89
4424 86
9244 87
8685 73
9657 75
1284 87
5787 61
1904 75
6280 57
6411 73
5084 92
5285 85
2451 67
3090 84
8285 77
8308 74
7525 56
8239 83
7560 99
7744 84
7543 95
2144 84
3362 60
1226 71
4394 75
8191 90
4507 81
8185 83
8669 85
4788 72
7216 98
8377 87
3965 70
3274 98
6459 100
1151 83
6169 79
2539 74
3877 73
2877 59
7692 81
4272 80
1077 86
5086 80
3911 57
3157 73
8975 82
5700 85
5458 84
8225 53
6463 81
1915 83
5744 86
8013 75
3161 79
6589 73
5794 82
3313 71
8245 79
4389 82
9327 64
4030 84
6873 85
8406 73
3564 53
7017 95
8165 77
2340 53
1586 94
1451 71
5644 74
2239 86
8168 71
3596 80
7709 70
4488 73
4563 92
6600 43
2493 79
8985 89
6699 83
2681 99
3844 70
9922 83
7371 59
8627 83
2893 73
4070 67
2864 79
7631 43
3020 83
4543 87
6726 79
9107 84
8114 87
7070 54
7651 87
5742 75
5831 65
3845 75
3478 83
2758 86
2300 72
1342 79
6662 76
7863 81
6654 79
5996 72
8863 63
2199 90
8305 79
7602 70
4290 73
9432 69
6213 50
9447 70
3214 100
6582 70
4019 70
4693 48
6827 57
8861 87
1528 45
3175 82
3943 68
9631 79
8581 100
5046 52
8902 48
7706 70
9158 75
5119 78
6149 74
7604 93
7222 80
7271 78
2119 81
6202 78
3920 73
7093 73
8733 43
6297 75
2887 76
7708 41
3817 79
1131 72
7057 72
3517 77
5356 73
5293 91
1783 76
4453 50
4626 84
8323 83
6606 76
6617 87
1030 70
5953 74
2054 55
8021 54
6427 72
8556 75
1391 72
5318 42
5310 57
2662 72
3030 92
4986 76
6778 80
6346 84
9970 79
2641 62
1483 100
5964 100
4078 96
3319 44
2313 44
1615 70
8563 89
9585 85
1660 83
6355 79
6469 84
4336 87
8768 77
8973 72
1791 78
9955 83
7813 89
1751 81
1123 83
4026 80
3310 78
4677 79
6889 72
5122 74
1697 87
3337 96
3769 42
5970 86
8125 73
9183 56
2703 95
2404 93
6443 87
4274 79
1883 76
4944 50
1520 88
8100 74
6901 74
4560 80
2792 71
6156 99
1156 77
7817 72
3037 99
8210 86
8972 90
5753 90
5403 74
8818 95
5527 75
7783 48
3859 62
6692 86
7876 48
9307 55
5306 45
5346 80
8664 66
9391 82
7851 82
3153 81
7712 83
6711 73
2021 60
2589 94
7798 80
3639 75
8867 56
1964 49
7628 45
3620 88
2602 73
5472 83
5617 85
4311 89
3631 70
8319 88
7947 80
5118 71
5739 42
2692 89
8790 99
5360 72
8786 83
4282 87
3483 72
6254 80
9165 81
7734 42
5341 75
7374 70
2184 57
9324 90
1628 83
3096 82
1209 82
4531 58
4673 72
1447 81
7697 71
5244 74
3472 82
2149 87
7793 93
8758 85
6001 86
2387 86
7298 86
4198 83
8698 96
7166 81
5174 71
2669 64
1649 41
3798 70
1396 52
1598 91
8033 92
1567 74
9035 84
9353 68
1754 81
8051 84
5140 85
1514 95
2780 90
2201 82
8436 72
8233 58
4513 75
6232 54
9030 85
5243 86
1119 95
4267 96
5540 76
8019 88
6972 53
9436 73
3431 76
8358 86
3457 73
7220 95
3569 72
7591 83
1400 45
9134 76
4525 53
1312 77
9145 92
7984 53
5324 81
2994 83
3049 72
6525 97
6819 95
2718 97
5392 72
9026 83
8383 74
8788 84
1594 70
5597 72
4638 95
3129 73
5674 78
6034 71
7726 81
3309 91
9180 74
2694 79
3284 75
7501 90
3664 49
2318 78
5100 82
5181 79
3305 95
5400 72
7900 79
4483 92
3028 85
4566 72
3244 97
5914 70
7513 77
7171 87
1691 89
2870 61
2430 47
6869 75
4419 85
1698 96
7832 85
3270 70
8338 69
5698 95
4504 85
8745 71
4047 65
7943 72
3849 85
3575 54
9323 84
5124 96
8321 82
2275 77
6326 80
1563 65
9016 100
5992 85
1566 89
2265 98
9602 77
1389 71
1546 74
9783 79
6228 92
8329 48
1983 81
9505 76
2869 51
3212 50
9764 72
6805 89
2749 72
8680 52
7511 49
9160 81
8577 74
7855 57
9950 71
6386 89
8507 70
4759 98
8064 77
2958 71
1500 92
3635 71
7613 82
9095 87
2913 98
4106 83
2172 70
5022 96
8521 77
2223 74
7773 78
4286 73
3259 72
4812 77
3195 49
9952 83
3777 99
2338 52
1887 71
5069 86
2170 79
4559 53
6872 75
4958 83
3823 86
8906 83
5983 59
9877 63
3029 50
5129 84
9320 89
7423 73
3013 78
2803 82
3521 84
3355 78
4733 81
9910 78
7208 74
8135 83
9581 71
9233 81
7512 76
7282 77
1266 78
1211 49
4567 70
8773 95
9041 78
6556 62
1377 71
5412 86
4458 73
8996 88
1930 86
1963 100
9508 84
4795 75
5525 85
8752 74
3501 84
2044 70
9913 73
2374 92
8024 87
5015 64
3474 71
3023 80
6421 84
8418 69
3587 73
6097 86
5364 64
3262 84
7844 73
1689 68
9400 78
2571 84
4113 74
8066 81
6155 93
2370 93
5429 87
5163 81
3057 93
1137 73
6735 84
8766 69
3879 93
6471 87
7498 70
4088 87
2127 52
1259 88
3977 98
8464 82
6026 92
3205 76
6426 78
6037 61
6770 100
3945 40
5504 84
4936 72
6259 88
8454 79
7503 92
3466 81
6388 58
1255 66
4474 93
3053 77
1357 88
9974 71
9321 71
1291 97
2424 70
7618 46
9089 77
1187 73
6090 74
2341 57
4321 85
7632 70
7840 86
1707 88
8326 74
3821 99
3255 87
7361 86
4378 49
8468 72
5093 98
9488 95
8693 70
8969 84
6038 79
5948 78
7001 77
4123 55
6218 88
8137 83
8356 92
7725 90
8503 56
2419 83
7434 100
8770 87
2934 84
6299 72
9246 60
7941 70
4075 77
3601 71
7871 86
8434 100
3761 84
7682 88
7456 99
6638 73
6913 83
5480 86
3403 92
5169 86
1333 81
8307 88
7781 72
3725 96
3906 50
1000 77
1087 84
2185 83
7164 85
7755 86
8450 91
4984 82
3168 81
2002 59
9469 84
1565 73
9741 74
9977 72
3808 78
1118 95
4569 79
4212 87
4252 86
9402 88
4426 91
6039 71
8020 80
3125 73
7400 83
5668 84
1574 53
4562 87
6926 94
6849 80
3686 80
2955 90
1428 81
6224 72
2414 86
4071 87
1801 81
1512 71
1332 83
3479 72
6783 86
3001 73
7866 94
3341 78
5475 87
2987 44
8708 82
5846 82
5646 72
5626 61
4802 48
5747 75
6012 77
3734 84
7129 83
4594 74
6678 81
5144 84
1466 67
3321 71
7705 97
3605 55
2757 90
4495 91
3110 90
5323 40
4437 86
2771 88
7763 93
9013 87
7953 70
4807 82
5363 85
1245 47
4895 75
1662 80
8335 89
1340 89
6086 98
1686 70
8804 84
3557 88
3997 88
4957 97
9754 100
7509 85
4620 51
1176 84
1845 92
2687 74
5270 44
9384 87
1414 85
3588 88
7760 80
2654 86
7815 52
8039 83
7223 63
8236 54
8598 77
2406 62
9850 97
3396 55
1311 99
8381 71
7433 65
7504 88
5104 82
7000 77
2597 86
1249 98
5223 86
8075 72
9708 94
2022 82
8760 73
6390 73
1876 84
4177 74
2972 100
1805 78
5533 75
2216 63
3340 63
2011 71
4386 74
9076 75
7879 96
1641 87
4064 73
9147 83
6484 82
4871 81
4583 87
7968 92
2986 92
7884 74
7152 87
4124 65
6765 83
8746 68
3353 43
4644 78
8289 90
5465 77
5618 58
5750 42
2696 87
2446 54
6234 87
9298 42
7254 93
1979 73
5784 54
7149 78
4522 95
2202 87
8211 76
5017 56
6031 42
9732 74
4942 84
8544 80
9465 80
7288 86
8893 96
8086 68
4490 78
6850 91
4526 85
3831 97
5374 100
4165 92
3988 84
6535 70
1592 83
9463 73
1438 47
2359 99
3724 76
2297 78
1804 49
4473 91
3317 92
8030 77
8936 66
7260 76
6092 79
9761 81
4592 78
2895 76
3299 89
4385 74
9480 74
6131 76
6281 49
2069 87
6308 85
7791 85
6384 76
6968 80
1672 88
2228 84
6879 90
4498 71
1895 76
2578 62
9467 86
4081 74
1539 84
6511 79
7517 82
4354 96
3544 90
1582 79
5766 94
2243 57
2337 95
7966 71
9516 72
1534 88
4478 82
2882 73
3770 86
2492 89
5284 81
8275 93
5842 79
3527 70
1893 70
7309 60
2157 92
1956 81
4395 98
9823 79
3646 77
9377 49
2796 87
4926 55
9281 93
9821 87
5853 54
4845 99
3898 86
5268 69
4219 72
3060 99
5007 89
8631 84
3098 95
8291 56
7524 81
5686 71
2697 66
7142 99
7836 86
4783 81
3463 71
2040 87
9382 87
7279 81
3806 59
1397 95
8002 70
5759 69
4886 82
3607 78
5204 85
1920 52
5101 70
9852 77
6300 54
2533 65
3736 82
6081 42
6237 88
3689 87
1793 76
3941 84
4853 84
7779 46
5671 84
1469 70
5271 87
1976 88
5466 89
3235 50
5386 89
9699 85
1999 80
1516 79
5146 89
1034 71
9317 76
2250 74
9484 40
4325 72
5125 70
1183 92
5303 73
6818 78
7105 40
4462 75
1491 59
8873 84
4265 57
9245 74
7562 80
5397 73
9698 96
7594 82
6978 88
9001 65
2470 83
5434 94
7071 54
7172 86
2334 48
9098 82
7700 40
1568 73
5675 78
4392 93
7519 85
9842 88
9409 74
7357 72
1682 71
4355 70
9388 74
1409 70
1928 85
5025 81
8953 89
8780 100
1116 91
4468 73
6310 86
5830 75
5445 92
8238 58
1951 80
8460 66
8692 92
8832 58
8822 90
6855 59
8269 64
2392 53
4480 40
9538 67
4206 87
5139 89
6720 71
6949 88
6028 86
6952 71
2871 84
9717 88
9212 55
7187 93
8315 82
8977 79
3266 77
9090 90
7054 73
1814 75
3327 82
5045 78
3937 43
6868 64
3393 77
5421 79
6180 66
3107 78
5555 85
1360 62
6307 81
9100 55
6465 94
6192 84
8490 75
3820 79
6529 78
6022 95
1250 87
4197 61
3073 82
9206 82
6908 100
8892 79
6774 72
6377 74
5877 63
1348 50
5932 88
7442 100
2122 89
6707 88
2350 78
2432 75
5110 86
8806 99
6615 96
5542 78
1153 82
8619 74
5810 83
5201 85
8691 81
6616 83
6689 81
4774 96
7589 71
8399 79
6304 76
2456 81
7573 94
7376 92
4588 47
6531 84
7555 55
4223 76
8956 97
3406 71
1161 44
1960 84
2327 76
6880 70
7278 72
7383 77
6045 76
2936 88
5238 84
7829 73
7878 96
6271 90
2676 44
3496 77
8028 74
3784 82
1297 93
4568 86
6965 82
6105 71
9191 75
4436 73
5347 77
2335 77
3119 99
1982 83
5683 64
8052 85
5553 71
4875 90
7046 76
9991 93
7688 73
7666 84
1079 95
8174 81
8309 75
9178 88
4911 74
5817 81
4868 76
2442 80
7102 50
9451 74
7828 84
4121 92
5143 74
7090 47
4278 70
3498 73
7664 70
4203 71
4634 70
2298 86
2365 81
9443 81
8004 92
4069 58
2886 99
2725 82
9982 79
9742 97
3861 81
9329 100
6245 86
6079 84
5302 64
8227 60
3436 76
5026 65
3081 74
8312 58
1288 48
9835 100
5781 73
1359 96
6530 62
7082 74
6914 96
8674 86
4471 100
8029 87
3419 74
4810 83
9927 85
2153 82
4551 87
4005 85
4087 71
6768 87
4227 90
4818 85
3839 100
8422 84
8845 94
6567 99
1040 76
6236 71
6497 76
6951 76
5338 82
7625 53
5315 81
9205 80
5008 71
4409 80
9101 89
9045 78
5067 88
3390 76
5461 72
3272 81
8761 61
7921 73
2742 89
7103 72
1994 74
4037 72
7882 81
4016 51
5454 78
4242 72
7135 81
5172 71
5578 70
7914 49
2282 90
5652 71
5572 92
2793 89
9275 83
6844 86
5944 82
9336 76
3627 74
3560 85
1962 100
7240 42
5663 76
9068 81
5926 97
1529 78
5868 100
9478 74
3032 42
7301 79
8814 59
2592 82
8173 75
7902 47
2154 77
4427 70
3469 79
9701 78
7819 66
7438 84
5918 64
2472 82
1879 94
5410 44
5219 43
2417 84
2187 77
5514 78
1704 100
7396 98
5036 83
3855 78
7477 71
9174 74
2838 84
9961 87
5237 85
6072 80
2428 73
7011 55
6941 99
4287 88
5304 72
1113 81
6723 76
6456 91
6672 99
7515 50
9498 62
7414 92
5029 72
4635 81
8488 71
7063 74
5889 86
7538 87
4665 72
5240 81
5070 84
7342 79
5600 89
1557 88
8827 82
5295 99
6087 75
9413 70
6640 74
1961 72
1371 58
7424 83
4502 49
6722 86
7534 88
7289 72
5898 79
8988 82
3294 93
4461 79
6080 64
2945 71
2115 76
6340 79
7138 97
2816 46
7652 77
2422 78
4188 69
7378 78
6486 79
9148 87
6696 74
4520 63
9574 61
5838 94
9000 77
8467 77
9782 41
3312 87
3492 91
8843 66
4720 54
3010 79
8301 52
9487 55
7079 78
1735 98
1532 86
8139 75
3042 86
9468 75
2109 70
2619 79
3439 76
4838 89
2632 77
4120 78
9429 98
5931 87
5050 92
5332 87
1174 70
5801 94
1940 80
4034 95
8662 95
7474 51
8853 78
7550 59
5168 81
5135 77
4337 87
5740 92
3194 81
9379 87
3105 87
9873 71
8438 85
5989 76
2466 77
9226 82
4867 73
7592 86
2106 96
7961 72
8740 82
8686 74
5431 82
2938 76
7437 77
2174 73
4318 100
4249 71
3102 54
8615 80
4678 73
3809 80
5897 73
9264 43
2495 85
6652 77
6619 71
7403 53
2384 70
9816 73
2032 88
7350 98
4052 46
2481 78
5871 88
1278 71
2028 75
2837 85
4447 58
9015 76
4260 72
4046 56
5596 69
1379 58
6016 78
9052 77
2672 83
1701 53
3984 95
1364 76
7249 82
9204 80
7978 83
3541 61
4137 78
3094 85
5197 76
7280 86
6338 88
8116 83
9749 80
4854 66
9996 47
9200 89
5529 73
3461 88
4595 98
9133 97
3228 70
9813 82
7173 55
4817 80
4324 73
6536 55
7671 78
3202 79
4561 83
7130 95
7331 79
2382 85
1454 80
7391 97
9705 82
2711 91
4645 84
1207 65
1747 77
7313 77
5611 85
4581 72
2545 87
1480 78
7728 61
5416 78
5827 73
4101 96
6846 91
1166 95
7735 86
7587 80
3624 94
5065 84
6214 71
6776 55
9746 53
3549 86
2851 87
5715 88
9691 70
1580 93
7416 62
1134 89
1853 81
5138 77
2105 92
8199 49
3753 73
1482 79
5767 76
6397 76
3657 78
3108 78
1014 77
8538 71
4945 83
4129 74
6417 79
8529 94
4573 77
4814 85
8532 78
4057 66
6493 86
5481 92
9882 87
2996 80
4722 43
5173 67
7005 87
9629 75
6773 82
6365 89
2663 78
1910 60
8838 79
8241 49
2168 98
1792 48
6528 78
7099 79
2459 78
8707 82
9184 81
5881 76
3512 81
4856 50
8188 96
5823 84
3256 75
6898 62
3505 95
8243 72
9622 62
4757 84
5657 76
1972 70
6472 70
9405 92
