100 20
8001 74
1520 83
4100 48
8845 89
9304 97
6786 73
7314 70
4393 97
7101 89
7273 88
8526 84
1446 73
1969 73
5045 80
3227 98
6286 63
2121 71
2534 83
3167 81
9109 94
7728 97
9414 78
2234 86
2783 76
4425 52
1486 74
9297 79
2905 67
3352 72
5120 98
1182 98
4470 89
6249 80
8289 88
7513 70
2263 84
7263 41
7493 79
8134 84
6119 74
8710 46
2577 62
6866 84
6242 99
7986 61
2064 72
6912 75
6596 53
2119 82
9845 76
1764 48
7773 83
2302 41
6591 70
7073 86
9059 75
6012 99
9271 76
1834 75
2283 45
8321 70
9573 72
9254 89
7828 70
4649 52
4989 75
5944 98
2044 72
6991 72
2705 68
2634 73
5401 81
2726 70
6434 75
4807 100
2253 63
5574 75
8561 81
8520 74
9604 77
8741 73
2029 87
3646 74
2191 77
3615 70
1961 94
9404 72
7642 79
8719 71
2894 74
4640 75
9336 85
6090 73
7547 79
4604 88
2343 83
5336 83
7739 75
7754 69
8378 76
