1500 400
5194 99
9431 71
1015 79
6593 78
6004 73
6723 61
4770 82
5187 70
5814 98
8748 43
8914 82
4612 85
9830 74
6554 81
7251 74
1046 78
5325 47
3410 80
8193 99
4856 88
7081 82
4103 40
2604 69
8988 90
9171 70
1758 87
6290 72
7497 59
5385 85
9528 79
8811 84
9212 87
2662 80
9323 75
1320 78
9999 86
3923 95
4839 43
4640 84
6705 87
5565 97
4643 84
4755 99
2448 93
9096 97
1204 95
7196 65
6253 86
2978 98
4144 90
7670 75
7481 84
7864 71
5044 96
4069 92
2215 91
8793 94
2883 96
3577 89
9463 82
7631 80
9131 86
7749 77
7104 72
4360 72
1254 78
4883 80
8969 81
7685 80
7012 56
3378 94
9816 68
6638 95
8896 47
3783 70
6560 93
4858 81
7998 93
5364 83
8999 97
5287 75
8274 92
8727 89
3026 88
1129 95
1455 83
7305 75
3810 76
6374 87
1116 42
7937 93
6488 94
6737 98
6543 81
9369 70
4328 47
5113 82
7299 85
9114 99
2509 79
4394 88
8820 50
7583 74
2429 54
9322 48
7304 80
7344 58
2988 73
8016 80
6729 91
6352 43
8147 82
2312 96
9194 82
9021 97
3036 56
3455 91
4910 77
3548 95
9700 61
5802 77
3004 75
7272 91
2577 40
8706 79
2315 88
2886 90
7983 78
6159 89
1887 98
5077 91
3623 87
7479 80
3396 92
6944 77
8620 78
3237 86
2304 83
8056 84
7873 49
4892 65
2759 72
1532 97
1367 74
8564 74
1113 86
9203 89
1906 78
4630 86
8933 74
8316 67
3571 73
8719 43
4441 93
4835 71
3149 84
7977 99
7327 83
3822 42
7687 82
1150 53
1333 88
4439 73
3460 58
7067 76
4915 92
6378 66
7120 73
2937 85
9019 83
3627 83
4914 74
9788 79
3211 99
2497 75
3791 93
7686 80
1465 86
2463 78
4197 70
1463 71
1728 90
6439 88
2950 74
2228 96
8176 88
1380 74
6176 74
3215 79
5320 87
5302 74
8527 96
1623 78
9377 84
2816 81
5568 69
9126 88
8515 84
8823 64
6288 70
4249 75
7532 84
4413 92
1531 70
9050 76
2229 45
2952 79
9268 73
9578 86
1734 85
1215 71
9954 89
2622 90
3742 88
6988 74
2592 89
1424 90
9753 94
5462 85
2970 61
3468 71
9749 71
5907 47
5395 91
6565 92
4355 56
3100 83
4233 92
1435 80
6315 72
2537 80
3428 89
2972 76
6860 86
2359 77
9074 70
3656 61
3934 57
5080 75
8623 88
1862 78
4694 80
8136 74
9596 82
1593 81
4577 80
6091 77
8011 86
4435 77
2620 95
2748 82
5426 73
9932 90
6549 75
8122 76
5628 83
8912 87
3285 87
8730 73
8500 77
4154 97
5235 78
5552 73
6092 44
8389 72
6385 50
2675 86
5216 79
2621 96
8555 100
5117 45
6922 51
3865 61
8438 73
5920 83
6431 74
4300 82
7463 82
9706 74
9073 98
5648 89
1865 91
8078 52
4264 85
4414 79
7107 80
5794 100
2439 79
6237 87
9865 65
1207 84
8576 84
5813 73
2945 71
7018 66
6759 72
7413 79
5408 47
2197 72
2705 85
3150 83
5792 48
8151 86
1736 86
1067 80
3089 95
8042 41
6893 77
4885 87
2198 93
5586 100
2734 89
9416 98
2489 71
8207 80
5164 68
6496 70
8987 89
7117 76
1676 75
3804 76
4442 87
6750 70
2408 81
3867 94
3849 73
8992 77
4299 73
5862 81
9002 81
5493 79
1361 93
6614 100
4806 84
6223 84
6658 72
2765 87
9070 59
6926 99
7143 83
8931 85
3985 78
9565 97
7326 75
8613 84
3172 83
2639 74
6990 89
8703 75
4514 70
8117 86
2240 86
1818 71
4791 58
4045 69
5357 92
5671 77
3096 93
5894 71
2519 71
9494 79
8139 91
5646 74
5993 84
6798 67
9887 75
8737 71
5330 71
7782 100
7441 97
8463 87
1072 98
9813 74
9170 87
3830 87
7480 79
4611 68
6190 84
1637 88
3178 80
9563 87
5219 95
2024 75
8485 81
6386 52
3131 92
4965 79
1705 95
6049 86
1563 70
2564 74
8167 79
6277 83
3313 85
8237 70
9640 84
8705 88
3389 81
6368 85
1014 89
2139 88
3403 81
8353 82
7989 83
6362 83
9703 87
5285 93
9127 77
4838 70
3666 71
5446 71
5519 84
2100 84
8481 44
4314 71
4420 81
1084 86
1698 80
9891 77
2809 95
3717 82
7436 88
1131 76
3670 99
6228 79
1756 66
9151 74
7147 77
2808 72
7702 72
5276 70
9685 79
8097 92
9545 84
2773 89
1934 95
8494 85
3073 92
8922 84
7431 81
5988 54
4760 59
7010 79
1494 80
7945 75
9292 50
8024 87
5520 79
7762 68
5227 75
5528 85
5322 83
3274 75
9512 66
9571 78
6107 50
4043 81
3001 90
4178 83
6404 99
4734 73
1877 88
8048 87
3061 89
5107 77
8424 57
4508 77
3593 70
3898 70
9735 95
2068 70
2232 98
4234 63
6899 76
9488 87
9569 74
7834 88
4055 69
6746 75
3771 74
1378 82
5900 51
9449 76
3202 70
9058 87
1042 82
7008 69
9579 82
4021 63
9895 46
1936 69
1153 91
2878 72
4890 88
2238 75
3320 74
5018 90
8241 66
5345 85
2859 58
5060 62
2221 87
6139 74
1221 82
1432 75
7999 70
9893 88
1947 76
6185 72
4808 73
7171 86
1806 85
6971 99
7059 96
3277 94
6127 72
1546 88
7418 71
8091 73
3161 81
6765 87
6466 70
3720 87
7046 78
4310 74
2345 76
6243 79
7466 88
5919 82
2775 74
3047 71
6662 72
7898 70
8072 40
3579 76
3838 96
6963 94
8336 78
6500 91
8132 83
1841 73
8411 89
3591 89
8674 83
9645 75
7187 80
2736 78
3864 85
8690 89
3323 78
9679 58
5598 50
9606 65
2887 70
4139 85
7156 74
6620 77
3434 80
3977 71
1410 53
9806 84
4380 74
8192 75
4684 95
6131 72
1081 87
1591 96
9412 82
1392 73
1957 91
5346 67
1891 71
7539 91
6907 88
7146 88
7833 63
6520 80
8196 80
3730 95
2660 81
5766 77
1573 45
1448 85
4453 73
9534 92
7403 98
9448 98
1057 100
1613 71
7814 72
5049 74
9089 74
4063 75
7933 81
1075 86
4070 86
7715 93
6076 47
1556 72
9880 99
3426 76
3799 98
2303 81
1844 72
9462 86
8126 84
8023 81
4351 75
2668 92
2281 68
6418 52
2514 84
9392 74
1359 75
7253 76
9680 70
1124 79
1700 91
7384 72
5129 86
8924 46
8422 85
7753 89
4402 90
2889 75
2458 79
8732 84
4790 89
3171 87
7881 72
2503 75
8641 89
1622 74
1137 70
5581 64
2713 81
2502 74
2957 72
9484 71
7572 81
9216 65
5910 70
7859 54
9404 73
7540 97
2735 77
6986 72
4798 72
3125 84
3105 88
5496 73
9789 73
3636 80
1744 71
8971 79
6273 76
9644 97
9552 96
1638 88
3616 49
6497 85
6625 87
3574 79
9636 54
4223 72
1548 71
7602 84
8276 75
3661 76
2892 76
2003 88
7030 71
3692 88
7508 90
6479 89
4078 85
1163 72
6215 81
6674 86
3056 81
2932 62
6649 85
6530 89
5563 88
7036 93
3893 40
1032 89
2669 80
7371 87
2643 77
8229 71
6884 72
7345 91
1741 43
1197 90
5487 90
6146 84
7992 47
7467 80
4013 71
9633 95
7754 93
8765 85
9567 72
2369 97
1986 74
6300 78
9988 76
4114 85
8863 76
9837 89
5888 87
6857 59
8537 71
8264 97
9513 73
3809 74
8486 78
5762 86
2974 77
4844 94
5673 70
6354 88
7400 93
4576 63
8636 62
7346 79
2896 80
2311 84
7785 89
5906 81
5954 74
3141 73
6633 74
9064 77
8702 85
3594 81
1984 87
8213 89
5118 78
5161 70
4460 72
7911 74
8995 87
4972 73
5702 90
2789 73
2928 78
9871 73
3704 84
1666 45
8071 77
2612 75
2147 73
1911 88
8360 94
1394 83
4481 87
6326 88
6795 86
2891 70
3973 86
8159 98
6409 94
3023 89
4749 93
9653 96
8948 82
8595 97
2183 90
2384 87
3214 83
2943 83
1570 80
3345 72
1610 72
9657 70
8962 55
8257 75
2365 88
1825 97
6436 75
9069 72
9815 85
1659 43
4000 93
3852 82
1599 91
3140 70
5271 97
7759 78
9539 85
3218 96
4236 76
1403 88
9428 73
4978 99
2214 73
1658 58
6219 87
6722 86
6542 78
2720 80
4382 79
4421 85
7915 94
1216 84
4172 72
3235 82
2166 85
3659 82
7888 79
2027 83
8699 74
1839 80
6981 85
4143 95
9589 74
2487 97
9566 91
4350 80
5667 72
8957 99
6275 99
2525 65
8163 97
8017 82
8968 75
2691 61
8762 71
6157 91
4016 88
6942 66
3601 59
1930 79
8543 73
4270 70
9984 89
7001 52
9141 43
9978 97
9911 54
8178 78
5251 93
8280 77
9098 73
7570 80
4618 58
5623 75
8328 83
8982 75
9254 85
9120 82
6718 76
1963 87
6540 74
7861 54
3390 81
5135 43
8297 82
3768 81
7603 70
4989 85
3597 76
8244 76
2206 96
1543 97
4991 48
4274 75
1905 83
9176 89
5019 72
5883 90
4995 41
2728 74
9560 88
8014 95
2269 84
1133 87
8579 76
1439 84
9191 72
9858 85
9479 83
9451 49
3098 54
7113 70
8356 49
1366 55
9409 98
8062 81
1875 70
4946 45
6257 76
9324 51
4474 85
4923 68
2464 80
8302 73
1300 78
1030 73
5172 53
4714 81
9483 59
1418 90
8368 91
8606 87
9969 41
5495 46
1992 88
9285 86
4680 71
4475 70
1228 66
2372 78
4595 87
7370 75
9841 87
3826 70
1620 78
3729 77
5684 70
5303 73
7133 87
2077 80
4712 79
7473 77
5549 99
8544 89
7427 77
9532 84
8101 73
8476 78
7268 86
2803 83
5959 91
3600 86
9233 92
1280 80
1938 71
8475 80
7033 76
4451 84
9926 96
3547 59
2474 75
5733 89
8650 90
4359 73
8405 73
7411 98
7134 98
6725 66
9078 71
7848 61
4505 85
6822 66
8725 74
9741 62
9174 89
9767 96
7485 73
4334 86
2149 78
2882 76
1044 71
3598 79
5855 73
2881 73
5058 70
3526 52
1541 82
4843 70
6953 85
6605 82
5700 85
4928 99
1722 86
6930 75
1738 84
1791 88
5048 83
9300 88
4629 49
3083 82
3463 74
8407 83
5613 79
2477 92
4001 78
9247 75
1743 55
7360 69
2557 92
6794 86
4152 83
7582 81
9714 83
8524 96
1248 75
2260 76
6783 88
2852 85
2146 82
9950 79
3611 85
5411 79
2496 75
4132 96
4786 97
3072 47
5344 49
7017 87
7422 86
7323 98
1048 90
3356 85
8162 99
7393 95
5237 91
1225 87
3021 82
8261 53
9245 84
2392 80
1656 79
2333 91
6062 78
2755 83
5650 72
2043 91
2084 84
6566 89
3880 75
4412 76
4773 83
1345 89
9972 78
2951 76
3352 82
7953 72
4315 85
3605 82
8831 43
1065 73
1870 76
3304 100
4934 80
7556 55
5653 68
1882 71
3851 53
7908 81
8001 82
3836 99
9959 71
7034 100
1308 77
8379 70
7526 100
2605 85
1090 76
9467 94
5404 86
2488 70
9207 90
7628 94
2484 88
4308 77
2959 88
5112 89
5868 72
6809 87
1353 81
2279 71
1268 83
4778 76
3223 100
2839 64
3509 76
7758 91
4104 76
1723 73
4245 54
6468 67
7727 98
7009 86
2638 87
2011 68
4076 78
8546 86
8343 53
1101 59
7432 75
5174 70
8197 86
1021 86
5176 78
5525 100
3284 98
3823 80
2170 81
9737 41
3983 70
5696 98
6287 85
7878 100
9013 97
5564 98
4641 87
6967 74
4558 91
7544 77
1672 93
2418 98
2036 96
9824 84
6979 87
7194 85
5204 86
8989 80
5402 78
4854 76
8314 89
2092 95
3374 75
7742 98
1814 97
3675 81
6198 73
3997 76
7943 48
1503 89
4503 99
8678 81
6630 80
9632 77
7635 96
1347 97
2550 88
3436 70
2176 79
8716 89
8175 97
7350 62
6948 88
8265 81
5004 76
9549 81
8423 72
4987 50
7502 72
2784 77
8350 74
9047 77
1536 87
1959 82
5444 58
3176 79
7425 47
6217 40
7790 77
6322 86
8045 82
8239 98
2191 96
1404 54
7947 78
4852 59
6373 83
2901 65
9882 83
4998 77
8759 75
9963 86
7569 71
5007 44
8222 78
9859 91
2246 79
3371 83
7242 70
1609 70
4495 87
9713 45
2326 98
5466 46
9055 91
5085 76
6218 43
6748 81
9381 76
8012 53
6061 87
4135 71
4985 71
1405 72
2126 92
4849 83
6307 97
5315 75
5631 98
1590 97
2841 85
7789 58
9725 93
5571 72
9240 52
2861 72
9325 70
8563 61
5754 71
4500 80
6042 83
6697 100
7243 69
4096 56
3888 94
3590 70
3754 80
4940 86
2948 83
1219 70
8381 71
6780 87
7649 82
3226 74
9527 91
7935 79
5878 75
4762 85
8437 81
5591 87
2820 86
5222 81
1708 92
2135 57
3807 80
9189 88
2834 95
9923 76
2531 78
3570 46
6659 100
5820 87
1727 93
4674 84
8745 96
7807 70
2364 74
3560 71
2843 83
2871 100
5206 43
8322 76
2815 72
3527 70
5997 70
7189 67
2428 74
3067 80
1687 97
5990 79
6148 86
8828 89
3766 74
9805 86
5708 73
6686 78
7465 74
4357 82
2395 82
1166 52
5904 88
6701 45
9508 86
1686 76
4269 92
5604 99
8153 78
7318 75
3523 79
6998 78
6840 97
6679 87
5001 77
5725 83
8672 87
4116 76
4061 76
2726 99
8466 86
3433 75
2890 74
3746 85
8895 75
6284 79
3510 70
1618 82
3451 71
6654 90
1444 74
2593 89
7302 70
9351 51
7595 84
1706 85
7218 91
9365 83
3090 75
3868 70
1452 84
3244 85
1029 75
1461 76
1733 82
7579 93
2239 76
2380 76
7965 87
3998 99
6477 83
4561 84
1462 70
4343 62
5915 74
7967 82
5830 83
1965 47
7094 77
9037 80
1585 80
1362 95
1830 96
6438 70
7166 85
3049 84
6693 80
5952 89
4312 72
9273 72
4562 98
8549 81
4547 90
9104 92
6938 79
8929 80
9538 81
1526 47
5857 50
2706 82
2799 78
2079 82
2098 67
3187 81
9705 74
1136 96
8756 70
9020 99
3032 80
9123 93
5083 94
2444 88
2770 96
4711 84
3380 86
1290 84
4006 93
5165 73
2814 74
7224 89
7847 88
5410 83
6847 91
8632 89
7658 96
3066 100
5874 78
6632 87
4908 75
2822 81
7543 95
8410 83
1890 78
8930 99
2697 77
2062 70
2205 92
2453 94
2093 50
9093 63
6544 76
2590 86
2097 81
9246 75
9112 86
9698 75
3657 77
3700 84
1328 91
8755 96
5558 70
9282 57
9227 95
1981 88
3487 88
3837 88
7581 84
6743 74
5239 72
3624 91
8698 88
7366 84
7775 81
7976 76
4649 84
8334 71
3987 93
9982 62
3625 98
5281 83
8298 96
4536 99
5358 81
8818 96
1179 70
5341 99
6449 80
2017 75
1953 79
2971 74
9157 71
9062 98
6346 82
3792 82
8269 71
2124 75
7578 94
7823 99
9080 73
7252 88
8654 74
1263 88
9391 80
5378 86
4130 73
3242 83
4454 98
4955 61
7701 76
8792 74
9864 96
2121 72
3392 84
4958 44
5540 85
5635 90
9208 78
6877 85
7477 93
1390 78
7114 74
6735 89
5092 97
3311 78
3145 72
3116 76
2227 78
2019 89
1692 89
4087 77
5793 82
8203 84
5666 87
1433 75
5016 99
2300 90
9140 97
5030 80
2091 58
4768 73
9733 91
5930 63
1109 66
7483 72
1145 67
9736 95
5956 85
6803 97
9289 100
8286 72
5901 75
9803 66
4918 81
2782 99
2973 81
4817 55
5655 83
6360 82
5339 73
