400 120
7874 48
5693 73
1091 71
5269 74
8538 78
7968 75
7931 96
8823 50
8811 51
9203 87
6797 74
1171 73
6668 46
2396 87
7954 80
8735 76
1480 70
3821 83
4605 82
5804 89
6293 85
3870 100
8836 84
1908 87
8509 79
1992 89
9610 89
9958 74
5469 70
6980 70
7345 75
9799 48
9624 58
1053 76
6864 79
3372 74
2809 75
3044 86
7264 49
5089 49
9609 83
8856 64
5297 88
6313 89
5223 85
3725 51
4152 70
1689 78
3661 76
4515 80
3632 89
3316 74
4439 64
7734 75
9528 89
1706 41
3249 95
9984 87
5429 63
2030 82
9018 86
9269 84
9509 96
4221 75
6373 86
2270 87
3282 71
3318 81
5601 100
2154 80
3541 74
3809 85
1447 58
1334 84
2382 46
6386 75
4857 82
7220 85
1940 97
6275 84
8855 88
2224 74
4126 84
8327 59
5603 77
2024 73
4831 92
6197 92
5940 60
2941 75
3508 70
1286 83
2765 89
2135 79
7926 82
1469 82
2834 92
9237 70
7204 87
9848 97
9581 78
6956 66
5624 91
7701 87
1924 93
6214 46
5524 73
1995 70
9690 78
6870 66
8483 97
3873 84
6406 82
3416 80
1188 83
6453 83
5702 80
7269 83
8226 100
6223 74
1355 83
3905 85
6380 85
7093 97
2664 79
7834 88
5331 78
2176 71
4796 88
3097 77
2067 82
6058 84
1983 92
3555 78
9771 88
4908 45
2137 70
5057 86
8468 88
2014 83
5312 92
6030 91
8410 75
5408 88
2298 74
5923 98
7509 73
1205 97
6569 76
5093 89
1232 60
7765 78
3069 89
5316 89
8738 82
6274 97
9351 81
8485 82
4327 83
1389 84
6886 95
9665 89
5590 73
5641 93
9998 76
9619 74
3304 43
2374 73
6427 85
7869 94
3691 89
4233 99
3208 78
7333 72
2488 71
9844 62
9423 88
5522 78
3932 62
5787 80
1570 98
7841 89
2828 89
1562 81
5509 70
5284 72
6702 76
9608 74
2719 90
3975 81
6974 85
2641 83
4530 83
2489 73
5838 76
2738 75
8094 87
9058 86
2617 84
6572 76
6236 71
7904 89
3883 87
2139 83
8117 59
5934 77
3594 94
6400 98
1061 91
6426 85
2445 72
4823 71
6321 100
6720 89
1430 79
5086 100
3046 40
5571 73
3152 80
8378 69
2398 72
5261 86
3047 60
2861 70
1956 81
3218 81
4935 85
7720 89
4737 87
6546 93
9212 82
3791 86
3099 40
9823 51
4809 70
2204 81
9031 97
4610 87
5514 96
3402 80
2839 71
8777 73
6708 84
6852 67
3612 76
2582 63
9525 87
9210 75
1145 97
3649 77
2395 89
7927 59
9320 83
4011 72
4146 89
2883 82
6674 89
2111 74
7085 99
5355 88
8939 88
4191 78
6121 74
3624 83
8078 84
9120 64
6457 75
3974 59
4961 70
1249 82
6382 74
5772 50
3168 87
3653 98
9634 72
5368 79
1325 84
7992 71
1321 62
5824 74
8978 41
9524 56
5621 68
2012 59
7374 81
3824 87
4450 80
2816 82
7694 84
5998 79
8200 76
8526 78
1035 74
2805 75
7225 57
8325 61
7285 98
6224 88
4709 97
1383 76
3879 81
8623 87
8700 77
7829 80
9142 86
9887 85
2178 72
5493 66
8138 86
4698 89
8750 75
8403 80
9904 73
9592 74
9709 88
3605 79
3838 81
7580 57
7319 80
9463 88
1528 80
8100 43
9074 81
4713 69
6530 86
8903 80
5895 86
6795 91
3029 54
5608 44
7859 70
7149 96
6139 86
7068 65
8886 44
1354 85
9488 78
9922 49
5760 72
6832 96
5434 59
2713 70
9176 87
3121 69
5505 82
5352 85
6724 87
2212 79
9361 55
9625 85
1364 88
1421 99
8952 83
5034 82
4947 85
3550 98
7292 74
6780 80
9813 44
9504 99
1080 89
1683 87
3665 84
3850 85
7210 78
4876 77
8794 90
1599 82
2954 85
2238 48
3432 79
4382 91
2622 80
4119 71
5616 85
5857 89
1224 42
4409 73
2105 86
4206 89
5991 80
9865 72
9273 84
8598 77
4443 87
4643 80
7581 88
3331 94
1356 49
8234 87
8312 85
9499 87
5812 92
7373 63
3359 100
1546 89
8998 81
8754 66
9977 87
8404 93
