3 0.60
7 30 2
237.2818 520.9683
302.7716 862.7696
159.5160 413.2092
159.1502 412.3690
1267.1278 1349.2163
903.7232 1660.7417
167.9552 433.2605
270.6608 733.4107 72.1621 585.2007
232.6356 966.1992 408.7205 908.2648
824.4034 196.4955 885.1316 294.6390
339.5518 148.7404 164.0008 218.5415
734.4516 780.5089 635.9983 590.4336
820.6486 563.4583 715.3034 653.7042
611.0861 470.7837 363.4989 458.3672
349.7132 726.7492 132.1178 629.8710
969.5417 915.6282 886.9784 902.1578
201.0572 420.6269 254.5848 381.2320
920.4449 233.8097 755.6697 52.6521
511.7818 643.8803 497.2663 812.2630
504.1002 542.7763 718.7873 554.5837
828.2276 592.4432 808.8562 411.4108
438.8536 941.2700 455.3960 813.2547
818.0088 983.6743 825.9946 992.8785
594.1032 874.7044 520.2128 967.8325
821.5734 509.5166 848.2303 539.2589
442.2611 290.8115 345.7025 126.6335
121.4776 477.8944 125.3974 309.2935
617.0252 641.3479 803.5890 531.7738
869.8154 346.1589 718.0002 491.7861
42.5430 924.4328 159.5340 753.5522
993.2076 134.5216 875.4640 184.9324
529.8599 763.0390 423.1307 902.8302
248.5744 194.2348 203.4369 305.5878
820.7139 888.6586 839.5935 851.5583
826.1030 591.4045 881.9635 721.9824
536.7226 222.2734 370.7876 130.8867
553.4184 91.8625 730.2933 179.4332
