3 0.60
2 1000 1
54.7904 932.9838
694.9646 87.9584
216.7063 757.0744 369.3539 786.8421
104.1071 493.5963 128.9685 675.3836
758.6393 610.4354 702.3588 594.8169
245.4650 139.9351 298.6580 258.9996
196.5215 662.3252 401.9927 566.0141
618.4960 941.0166 712.3898 826.5168
939.5656 670.5358 971.4036 696.2655
554.9369 250.8819 313.7938 229.7208
576.3221 385.7486 476.0494 429.7544
160.7898 536.2950 352.5457 528.5133
247.9565 304.5449 383.9679 270.1101
414.7246 440.2461 428.7322 493.1615
477.9397 484.3349 551.9880 713.1864
359.5237 157.5190 532.9250 163.4242
798.3771 735.9919 948.5008 815.7199
679.0932 7.0012 533.5103 137.2610
215.4987 808.5110 166.5311 658.6349
519.8105 301.7618 608.2350 407.1915
964.8097 857.3158 772.1908 827.1921
448.4636 358.4285 216.3097 403.8669
488.2364 808.4802 395.5572 707.0328
628.0336 432.9948 502.3084 441.9612
28.2847 683.5967 3.0736 758.0073
506.0260 489.3682 571.9645 584.8596
639.3407 708.2162 463.8315 851.1537
881.1530 188.7339 718.5335 252.7821
102.8737 727.8310 59.2261 699.0346
298.6973 537.5993 433.3518 511.2180
175.9998 426.9449 258.3952 280.1917
341.9334 167.0583 342.8438 136.4200
520.8468 382.8598 597.7833 355.4622
705.9258 464.9827 934.0373 513.9814
179.6020 218.9140 299.2215 9.6748
96.9781 37.0728 97.3020 262.3913
57.0829 345.1495 71.7104 297.1057
473.3327 509.8237 493.7548 614.6458
397.9234 385.4617 189.3934 285.5756
214.6937 389.0035 66.8865 212.5345
888.6120 540.1097 939.7183 726.4919
975.4848 716.2215 826.3344 747.2416
929.2906 508.1896 729.1589 442.6169
471.4418 502.1528 467.1756 441.1001
115.2286 830.5094 7.5848 687.0001
913.3605 430.6279 896.8941 605.8383
338.6927 705.9529 390.6947 602.0124
836.6093 520.7367 810.3387 665.0926
55.8774 57.3966 81.9730 59.0950
789.2411 554.8449 937.3272 386.4055
218.8822 379.3426 221.6481 264.1902
965.6033 422.2303 916.5284 345.9888
780.3642 229.7139 827.4355 325.3573
492.6076 118.0278 603.8979 73.8697
968.8355 262.8549 835.9319 403.9133
754.8453 498.5130 864.3843 547.4161
525.5500 574.5094 500.5508 501.8611
976.0519 133.8600 891.0456 163.8026
496.7463 446.9468 608.6381 553.6573
265.0814 516.0132 74.7000 428.8481
795.1335 211.0372 716.2590 248.0820
348.8665 614.5360 315.3588 623.6414
25.3218 616.3318 68.4363 542.3339
230.8786 495.3628 281.6177 504.0741
96.9884 92.8933 47.5042 37.6367
186.1000 894.8756 105.4344 815.8713
980.5625 580.3822 953.2349 483.9056
356.8095 533.3556 293.1609 597.6592
963.0315 398.8929 847.6629 205.7127
511.3328 815.3670 589.6920 763.5018
739.8890 47.3924 782.8468 123.2765
887.5267 679.4757 845.1435 719.3641
726.7442 47.2774 908.5985 91.8931
563.4601 161.1079 425.8304 171.6269
994.5176 186.7925 773.9278 160.4652
194.9443 883.3278 141.9033 765.5590
252.2271 330.7981 301.1301 348.1730
656.6085 566.6637 633.2903 344.0439
426.5299 118.8315 584.6649 26.8001
173.9746 473.4275 276.0859 491.7996
641.4171 762.6637 642.3558 708.3905
684.0560 555.5391 709.4607 557.6618
523.6426 729.2806 513.1740 803.7361
156.6670 750.7429 253.5046 878.4981
712.8299 951.0946 885.0174 892.5344
230.2580 912.2464 191.2631 857.3916
177.7522 751.3627 123.4645 573.8159
466.9592 712.9532 421.1069 700.7766
311.8848 818.8330 286.7664 802.6276
814.6045 843.0017 727.9665 816.0370
617.8966 699.1198 586.7700 745.0091
542.3645 283.3308 375.0801 343.5758
689.9824 817.5745 877.0988 803.2263
468.2640 564.8833 460.3315 374.5079
981.4847 160.8430 817.4799 201.4838
367.2448 464.2462 419.4022 498.0087
729.0228 645.4369 663.4484 603.0759
359.7666 54.9166 324.5174 108.3949
531.2513 80.1661 312.0143 121.4608
485.8158 238.5045 613.4677 128.6408
69.8887 783.9665 3.1846 878.5607
914.5899 86.3233 947.7370 102.8356
464.7980 926.1488 639.6335 907.9628
952.2800 937.1568 824.8038 948.0803
825.0143 111.8808 748.2938 143.3892
438.0937 269.1462 462.4250 382.6530
143.2928 237.0415 112.4663 194.6389
693.7517 227.8213 657.0186 133.3227
539.5003 361.9110 477.4860 317.1083
147.7434 819.8753 19.2310 665.7450
486.3990 693.7564 483.3356 791.0747
219.2270 570.3986 307.8336 544.1951
337.0192 546.2532 303.1910 557.0486
303.5330 400.8630 328.1464 396.2236
718.3563 727.0059 712.5387 656.4862
591.8156 339.9858 561.2099 266.8702
566.2827 987.0214 515.7343 975.9348
718.6362 676.2048 688.8427 625.6312
835.3126 878.9505 716.3539 865.1544
55.1056 64.6424 41.1499 248.3371
967.6411 507.4666 974.5418 413.7318
994.1781 250.3896 997.9095 13.7724
23.9220 242.0961 4.4629 451.0614
15.6382 231.5193 18.2907 8.1394
718.5657 655.1513 745.9916 784.8572
947.0585 303.0141 991.7729 479.0515
238.9747 967.9486 207.3495 985.1266
311.3042 991.5834 298.5875 980.1895
365.8042 124.7174 299.6551 254.2444
510.8960 743.4565 507.3472 792.9882
820.8186 227.2538 894.8919 306.9325
416.2273 900.0696 327.1769 916.3178
679.6021 687.8773 877.4274 734.6325
787.3654 743.1069 933.3257 814.0711
116.4318 329.9079 11.0373 188.2420
347.9738 64.0697 270.4622 89.6713
66.1313 846.6804 122.3889 850.0403
629.2680 841.4995 461.1761 858.7266
263.5609 255.6835 127.8092 250.9215
146.3346 556.3552 61.5232 406.6525
415.5542 802.5184 227.4030 727.5189
53.4885 46.8530 0.0877 107.2143
297.0088 885.4705 398.3575 829.8063
379.0338 562.9135 229.7652 633.0419
332.1194 851.2528 397.1516 749.6173
241.9740 130.3381 299.6348 138.8300
641.7516 640.1226 621.8193 710.3511
823.8140 384.9096 653.6862 482.7009
72.4046 537.7519 30.9856 388.4323
407.7083 943.1631 519.5194 926.4742
734.8878 481.7801 799.0135 501.8301
612.6482 870.0523 604.1765 856.6549
964.0793 931.6776 944.8767 859.2743
108.8178 367.9744 33.6377 389.8948
779.7787 37.1116 915.3183 2.5247
752.8567 206.1235 622.2025 75.3541
321.6291 444.2356 190.5496 467.8699
984.2222 824.9640 799.7058 828.6418
635.3159 294.2970 740.0875 342.8703
879.8439 586.8881 893.7769 657.3550
803.1208 121.9849 900.6196 125.4538
638.8593 335.2856 742.4439 553.9102
282.2385 882.7794 182.9299 773.8922
932.0368 760.6081 993.4742 735.0809
324.3207 477.2265 323.2205 459.2000
413.2855 311.3331 279.7190 315.4187
170.3056 171.2845 206.2029 48.8104
688.4956 516.1504 786.7841 639.1362
739.0314 593.1644 740.0058 586.4591
43.9026 659.7960 77.0230 659.0154
397.0127 194.8008 487.0612 194.2843
266.0016 43.6399 254.1178 36.8506
412.8402 643.9634 426.2479 600.0443
73.9928 973.0538 50.6955 982.0936
135.2134 100.0263 145.8592 183.9262
635.8333 239.3446 631.8744 310.3403
730.8560 508.3477 673.6794 562.1929
697.6286 342.6274 743.0000 264.6068
438.9739 917.8411 316.5802 996.5106
520.0089 628.5999 458.1574 685.8802
913.7735 297.9973 990.8119 237.3547
667.9096 397.7236 829.4436 362.5159
988.3839 918.6537 979.4065 993.7976
770.8775 646.7116 663.2245 570.4165
759.3610 355.5116 699.4232 391.4190
558.3468 606.1330 581.5509 720.1206
325.8296 435.0088 397.2341 468.3636
150.7866 542.2095 192.1975 678.3999
757.5174 386.5199 759.1280 415.4401
338.9063 457.2044 388.0391 419.6264
11.1989 806.6452 53.5997 796.2065
638.4375 257.7645 813.1225 371.8863
352.1367 731.6221 303.9017 654.1839
617.4475 659.9361 609.4958 531.9761
492.1355 477.4690 581.8498 698.5166
205.6089 770.4914 268.2884 771.5583
736.4778 952.0229 614.8769 995.6716
222.4802 988.0644 65.9464 991.5989
311.0921 649.7891 350.8570 647.2600
63.3741 916.8534 61.0455 828.1821
238.0892 649.2847 260.0336 722.0730
570.5451 545.1563 559.5476 550.6300
235.6287 673.3621 198.5326 708.5441
883.3669 508.7272 888.3297 624.6508
145.4015 403.6580 112.1225 294.3675
732.7703 97.6031 664.5747 50.0864
845.3152 11.8853 637.3005 68.8610
106.6488 51.7113 253.9780 16.1574
970.7925 780.1109 934.3249 807.7994
347.1433 723.7825 448.4486 511.9894
246.5987 549.0268 186.8134 576.5300
319.7813 902.9082 444.9138 873.5770
294.6543 695.1812 290.2027 661.6678
229.4111 363.7698 263.2929 372.7276
49.8939 33.1090 88.1178 61.5081
14.5277 397.2152 14.0064 462.3905
712.2075 268.0380 652.1101 171.9316
75.3365 681.6929 166.6584 718.5498
662.0326 263.9808 726.9807 272.3609
380.5248 868.7589 469.3661 876.7566
585.0546 995.4245 739.5652 898.6136
344.2238 474.7793 325.4484 458.3517
97.5475 511.4705 76.8791 612.7830
707.4769 808.8196 676.8833 797.3581
951.7109 229.6133 911.3593 267.1404
151.4509 361.1488 133.9888 299.3663
708.6513 794.7561 799.3314 788.9446
461.8422 443.5304 435.3923 438.0069
445.9151 233.4039 338.0131 201.7951
457.2271 73.0175 438.2960 27.7265
97.6690 760.2984 171.0034 850.7993
433.4183 380.9456 222.5806 452.7979
851.6374 405.5929 831.7614 421.3977
644.4089 318.6101 693.3226 391.4608
186.2154 369.3578 118.7901 307.6675
22.5968 268.3205 14.6837 459.3075
427.5603 931.0644 517.9566 923.4589
945.2000 891.5795 851.5492 868.1028
630.1899 703.0674 642.2107 669.4286
183.1768 117.3740 157.3541 43.1673
595.3554 247.4314 546.0910 260.2850
451.4199 636.6836 385.5412 716.8192
926.2872 5.9852 916.6412 10.4825
26.3460 570.5617 26.6399 540.3306
418.7001 922.8017 302.3313 918.1993
756.6136 336.4533 764.6949 370.5394
96.1565 950.5445 279.2573 949.4400
272.0394 763.4768 250.6290 738.4793
206.4068 725.7416 288.1455 770.6263
18.7975 380.9630 30.5690 243.0108
825.3322 878.9040 856.5761 898.8961
830.3334 667.6359 867.2544 636.1660
358.1793 863.5212 597.7308 844.5783
652.0516 122.1592 679.2638 154.3768
473.7981 768.2101 435.6917 710.6248
861.9243 581.9003 825.6032 629.8761
188.6519 908.2126 154.4338 871.1926
117.9106 727.1003 126.3877 708.2934
417.3988 665.4526 478.7184 585.8449
685.8534 246.5190 665.3162 245.1229
497.3821 988.4116 411.7395 997.0188
905.3561 6.8746 808.2598 37.0350
83.0294 982.9278 76.6073 967.4840
804.7870 456.9344 829.6959 461.1244
162.2800 424.5313 120.7357 377.2264
177.9289 546.4876 206.1799 548.8280
724.3997 109.3591 724.4281 147.4131
411.2626 901.9920 432.0858 895.5002
707.6974 930.9391 813.4350 879.8504
137.2485 804.5198 38.5711 686.9571
214.4806 633.8561 169.8284 556.1146
42.0005 779.4829 46.5398 775.4360
272.5814 879.2916 281.3704 903.3169
622.6793 418.4496 600.5224 193.4056
797.3678 453.4396 895.2412 423.1144
701.8530 988.0985 936.3995 976.3594
239.2177 112.9983 181.9832 131.8899
348.4518 399.1577 179.7630 437.7656
274.0547 897.0556 271.2618 894.5996
782.5516 801.6028 828.0737 799.2487
965.0920 77.9117 939.6332 45.5955
612.4990 968.2082 578.6658 927.2938
31.5271 446.1798 28.1145 401.3799
768.3821 702.2061 807.6827 621.4195
854.4903 773.2884 800.2159 740.2842
251.8172 930.4710 137.4694 944.6770
175.6855 232.8148 260.5175 228.5769
327.3030 261.2475 473.8306 265.8674
809.9286 828.6200 843.5520 835.7163
578.6871 482.1999 582.1070 515.3679
560.8662 590.9965 549.4794 595.1997
972.4175 648.5948 983.5963 725.5268
835.6550 431.6714 817.9735 411.4088
423.7489 505.1200 236.9756 467.9674
349.7758 9.9631 307.0344 70.3737
533.2622 675.1185 513.2518 736.4220
879.2975 975.8797 794.4792 946.2830
170.8522 244.7671 224.6170 236.6810
769.5265 141.9007 821.9688 125.7402
243.3401 338.5550 237.9420 327.9983
184.9056 462.8438 68.9544 311.9568
209.4537 482.0225 370.2085 519.4423
860.8702 126.3875 748.6422 147.3273
511.4509 69.7849 622.5684 47.2938
611.2468 492.9149 524.2697 464.7781
912.5789 11.2780 916.0974 48.3720
98.1503 936.9007 104.8825 949.7515
597.7863 263.1097 585.3709 268.6116
218.3117 465.7936 321.7649 463.3274
546.5769 911.0293 412.4343 903.4131
876.1176 216.9833 948.0759 224.7677
189.8415 820.2623 196.2228 848.4342
82.7148 955.9205 259.2134 961.9196
629.2854 566.6858 653.1720 681.7972
93.5011 317.7891 53.7989 265.2583
584.2538 503.7786 599.6004 452.7093
654.6202 445.3527 678.7918 423.5688
604.3606 919.5129 389.4299 955.9217
231.8008 984.7194 116.2529 986.9895
489.0402 105.9446 422.8855 129.9159
128.8147 445.2206 54.6885 396.5381
113.0703 63.0218 155.6892 82.5540
787.1326 420.3734 842.5859 436.4051
822.3598 38.4677 951.2550 75.0347
466.4294 288.1611 550.4817 259.8128
356.2054 981.1554 414.9859 981.9716
597.1659 760.2683 635.5468 846.7597
471.0541 788.0180 452.0156 746.3754
549.4365 809.4754 628.0763 789.3353
88.8399 647.4080 111.0856 613.1719
812.2903 494.8268 798.7153 513.0632
949.5710 594.1115 942.5984 435.0731
757.6978 862.8798 780.2591 869.7326
660.4698 101.3051 663.3043 83.9908
660.9384 575.9692 690.3451 485.6437
409.8978 248.2705 266.3045 262.5334
75.5250 276.5116 46.1704 257.1568
960.9535 82.9122 939.1176 121.0242
888.7040 627.9149 917.3074 660.9786
331.1350 194.4691 328.0897 229.6825
227.6214 821.9361 304.8686 896.8245
738.9008 799.8069 852.6856 781.5370
63.4820 311.9015 38.1860 261.0248
792.9887 956.3539 616.0569 996.5619
710.4589 843.6052 669.3698 900.5542
38.2539 272.3132 24.6413 381.3987
498.0479 376.7692 468.7737 320.8007
35.4846 317.1531 14.9024 524.3555
151.3050 209.7149 100.1699 134.5588
995.9804 556.1907 925.0802 668.8392
430.9334 457.0749 431.2558 449.8186
599.7568 953.9451 454.1424 946.1230
307.8080 952.3318 168.4197 954.5050
582.6620 986.8584 756.3754 886.4259
408.2428 361.8214 250.2803 309.7398
477.6475 51.7489 409.4431 8.5299
72.2868 435.7257 79.6788 521.0991
342.8343 197.0853 522.0960 164.2840
444.1807 77.0509 374.0773 75.6206
505.6749 21.4423 495.3975 21.0763
791.7752 905.7340 654.2738 964.9741
849.8525 30.8453 921.1672 4.0731
575.3967 199.4390 552.9128 209.0117
940.5834 537.1356 948.1037 663.3248
828.3121 431.1455 798.1123 410.8054
11.8447 741.2706 39.7527 784.9076
999.3921 833.7823 991.4792 981.6264
496.1484 665.4188 465.4205 718.0465
874.0629 146.1404 909.5645 130.9057
92.7199 276.1343 91.9317 293.0348
326.5077 791.3831 316.6478 866.1418
329.9923 211.2842 374.8459 233.5196
977.6320 290.2894 982.2233 281.3374
972.7935 319.2046 978.5433 356.9719
445.7912 392.9406 451.7083 358.8555
336.0735 95.5675 429.6494 21.8326
439.2146 461.5036 463.2356 567.0407
653.9924 23.7768 509.2825 14.0740
306.8254 697.4470 314.1234 760.8400
119.9199 730.3352 169.4887 740.3033
195.0745 897.7420 164.4751 817.7376
370.9327 961.3975 313.9627 982.1432
28.5798 667.9121 14.4063 566.9139
391.5313 643.5002 370.2074 760.4853
589.2850 437.9010 586.0620 475.8876
767.2727 317.8445 770.3190 245.4305
148.3419 502.6242 133.5248 530.8559
812.9954 89.2903 951.2637 124.0960
393.1112 388.6878 356.8811 389.3970
191.7293 676.4324 188.3836 643.2014
758.2446 161.3746 779.6588 187.8555
69.8250 795.7296 15.2075 949.2178
632.8504 157.7633 673.1076 245.3494
981.3482 436.6240 994.2538 373.8321
773.0837 39.8234 831.0745 48.3198
130.6398 549.0435 199.0274 714.0213
139.0633 779.1690 147.4239 810.8043
523.7330 14.5658 597.5152 24.7146
702.2785 88.7753 724.9258 168.7020
894.7794 103.9015 945.0140 135.1468
656.3800 103.7041 739.8728 166.2286
696.0931 378.6175 718.3930 363.5156
557.9347 406.8386 528.1187 413.3738
938.5666 756.2470 910.5895 748.9729
878.4666 159.6755 845.6637 156.6254
532.3183 219.5018 591.7720 215.9740
644.0088 756.5212 642.0754 661.8729
527.1330 52.3042 485.2872 82.4843
887.0494 344.3956 832.5601 299.6194
181.4711 649.2290 133.0541 544.1604
330.5969 403.7746 171.2584 472.8190
573.1391 482.8065 544.1308 475.5917
830.3102 331.6681 832.2819 276.6326
530.4060 516.2915 613.5924 631.0223
392.7869 927.4537 378.6030 956.4003
605.4278 965.3228 564.7745 981.6320
743.0465 502.8705 738.4442 532.7562
77.7187 212.2488 84.0952 232.2123
337.7437 758.9600 339.4466 719.6280
252.6627 105.0178 310.1774 31.8261
177.9672 534.8975 190.8585 498.0447
357.7042 970.4480 411.2990 963.5695
237.2245 522.4144 240.1413 514.8894
143.8842 94.8178 136.9711 93.7816
84.3656 914.3197 99.1450 912.0279
47.7539 622.5675 47.7626 624.5887
199.3725 417.6400 302.3943 390.2946
248.1386 939.6016 117.8114 948.9158
462.3889 615.1290 430.4307 699.1814
733.9412 947.8817 884.0453 933.6796
949.9817 855.5034 958.8676 866.5910
871.1200 900.0680 818.9325 937.7861
762.9717 7.7221 675.6947 48.7901
181.6278 794.0193 128.3568 742.3855
572.4011 747.6396 544.8137 676.1078
537.5173 957.4469 580.7557 985.6520
464.7384 236.9997 486.6067 209.0557
752.7889 384.2696 791.9579 381.1121
406.9869 514.3017 235.1543 478.1820
562.5216 651.9849 564.6246 694.8065
920.8694 83.4780 786.6726 60.6911
276.5232 68.1990 306.1910 6.2133
755.4110 443.3289 858.7554 359.2656
911.8952 600.7547 919.4362 572.1941
898.0493 912.2013 887.2326 928.1136
162.3850 835.9068 7.8515 650.6457
145.4132 437.2470 117.0808 426.7590
558.5594 19.9002 499.8846 26.5233
67.6671 163.5862 93.8567 225.7793
278.4897 998.5119 50.9768 995.7649
766.2839 19.8682 853.3439 10.9967
384.2982 636.9361 405.5410 567.3420
317.1905 90.9281 302.0271 132.4271
552.7848 255.0639 602.5598 242.0907
440.9747 522.9057 429.2314 462.7053
459.9109 16.5865 470.1941 35.9216
428.0719 144.4127 447.6488 136.3663
962.1180 893.0174 963.4685 910.7896
631.7531 137.8176 621.1068 145.6408
534.4286 955.9795 420.7588 951.9190
500.1954 964.2800 461.4425 964.2560
390.1153 980.2594 491.8642 985.4733
424.7547 651.5758 429.7803 603.9008
945.8786 622.2038 943.7528 541.8737
744.6253 826.7999 951.6742 920.5922
117.2896 701.2895 38.3332 673.5336
196.4566 239.4795 185.9446 233.7650
602.3849 137.3142 583.6121 111.4406
99.1668 858.8027 116.9675 849.8626
237.1110 228.6498 238.5633 215.5987
113.3899 538.1841 127.6095 568.5417
162.8008 632.8307 154.6831 645.1531
860.5199 80.2222 806.5846 89.2798
592.5497 677.9047 589.8131 710.7776
998.2912 740.2979 983.6233 913.8081
299.2940 800.3280 315.4406 819.4183
490.7815 276.4178 464.4110 272.4589
346.1647 863.8200 321.0463 897.9975
609.9106 805.5324 500.6474 827.6380
342.7575 132.9344 315.8851 134.1584
927.0150 998.7581 976.0926 993.5945
600.9907 217.7948 567.6055 180.5824
439.6879 802.1503 387.8137 828.0655
669.7867 573.0127 749.9251 597.1767
129.0540 261.6510 230.6041 259.3879
295.0005 503.2045 299.0921 529.1268
890.2717 681.7790 861.4082 654.8333
85.5404 256.7815 100.2138 279.4617
971.4547 280.2984 930.2579 316.8400
235.0482 129.8773 253.2473 127.3171
260.5848 654.0899 333.4908 624.1486
787.5634 517.9269 788.0364 626.8897
411.7273 211.1964 400.7599 202.6803
123.8039 491.4045 210.8475 492.5281
329.3928 427.9320 430.0521 394.0156
615.3498 195.7387 622.1625 382.3716
204.0695 932.8758 386.3030 900.9224
101.0031 407.3467 71.4815 398.2795
17.0741 803.2775 48.1080 782.2614
260.4949 848.8536 294.5948 784.2823
523.0080 569.2539 569.4571 712.6081
697.9448 993.8421 923.2304 978.9773
649.5366 498.4646 664.0504 610.7089
424.6608 244.9748 350.4706 244.1863
154.0375 804.9099 167.0524 844.6627
365.9970 629.4649 337.8201 671.0593
900.4130 988.2699 760.3559 987.9148
153.4327 183.8390 152.1832 165.2979
101.9881 583.4703 88.8250 626.6459
50.1514 943.9062 41.5637 958.7557
320.9267 622.5962 292.6571 666.8108
51.7352 98.3582 34.0459 133.3209
317.9326 351.2784 280.6829 370.2641
463.7308 993.8804 515.6015 999.2019
53.5522 936.9739 11.4406 959.9766
40.5329 663.3153 99.6267 681.1814
973.7185 429.2334 988.7848 539.4368
170.1130 909.7492 117.5582 912.1386
473.6440 113.1598 527.2506 150.2646
764.6051 343.7815 788.4062 366.9829
259.8933 702.3392 253.3206 691.1512
111.3106 8.6834 186.0110 12.2704
911.1693 733.9104 882.3578 778.8737
118.6558 418.6744 148.9267 425.9081
487.6157 469.8816 607.6759 665.0033
966.0421 100.6647 957.8020 104.2933
198.9042 982.1328 127.2829 977.0111
575.5193 618.8663 597.1356 686.8150
927.0325 962.6277 849.8776 964.8054
659.9705 734.8872 627.4571 795.1888
699.0958 863.1953 719.6309 894.7663
212.2011 802.5811 175.2232 699.1181
623.4046 56.1879 573.8831 84.0437
150.9818 217.1195 217.7320 147.1209
99.5093 422.4832 117.8952 434.4862
450.1907 100.5543 371.5115 139.6008
15.3755 520.3578 39.2380 525.5313
505.1981 372.9553 502.5377 384.3505
652.5644 818.5402 668.6618 765.5631
663.8271 712.4283 640.5179 597.3940
632.0685 575.5203 658.4476 690.9606
102.9902 85.1904 101.4105 110.4742
234.4579 1.9771 199.0937 16.8399
432.7510 862.4894 633.7005 853.7269
860.2897 469.3611 755.3209 449.1510
439.5839 157.6370 470.1013 159.0010
364.6148 518.1773 307.4669 508.0250
663.9803 226.3225 625.0856 219.0166
421.3417 963.9079 420.6073 970.8998
670.4095 208.3440 625.3932 143.7234
847.9064 202.0631 898.7170 289.0082
8.6728 490.7416 5.5989 470.1642
9.1960 493.6637 2.1186 468.9169
151.8772 111.6011 176.6156 135.9173
382.7383 254.3706 517.6463 261.1714
521.8275 219.7494 581.2377 231.1192
811.2791 136.8667 881.6463 129.2298
244.8344 195.7710 254.4130 165.0101
139.0170 256.9842 163.5724 258.1123
132.1244 615.1891 158.7368 707.4141
486.9662 638.5940 471.8223 618.0363
70.7192 890.7553 72.2876 853.5892
587.4564 903.5636 563.5038 910.7091
763.0928 213.1711 733.2963 219.6462
460.7290 221.3816 427.0243 214.8981
60.6929 81.2221 47.5863 178.5805
991.4992 635.1813 954.9586 654.4165
932.9100 93.2241 959.2923 83.4974
92.0454 506.8266 83.3261 507.5145
690.4598 18.7984 616.7040 65.7627
732.0300 101.7444 766.3119 112.0784
931.9069 643.6276 939.1077 512.8392
827.4871 564.2709 785.3563 633.6886
180.9696 873.3460 154.1524 839.0473
630.9641 351.7696 633.1164 402.2403
805.8292 803.5703 717.7251 808.7304
47.1711 475.9852 53.1998 506.3146
712.9574 149.5322 719.0877 157.6299
127.2619 640.6423 143.4011 653.5615
964.5253 103.5426 990.6554 165.1565
955.3678 7.5115 969.8442 66.0097
732.5589 188.7515 672.1929 137.2013
816.4762 363.0607 812.3842 330.3488
539.9208 472.2266 534.6424 475.6776
262.9943 943.8960 239.9686 936.0501
336.8578 571.2204 332.5228 583.3560
983.5994 87.4632 986.6190 78.1751
532.7001 960.0231 434.2112 965.4235
341.1267 544.6717 250.4415 600.2622
549.6867 840.7236 510.8845 837.1825
313.6413 697.1184 327.9282 724.7547
250.9040 712.0954 246.4599 732.8829
435.8642 569.5540 438.4133 540.3038
409.8485 917.5715 455.6152 913.4962
916.6843 418.0170 915.3048 424.9953
875.9214 990.2355 879.3963 990.1339
573.3610 593.0271 464.1333 434.8024
909.1862 774.1175 907.8382 740.4684
747.6553 356.6300 728.9482 365.8548
162.9544 885.0526 83.0173 928.4477
284.9784 203.9317 281.9180 139.3036
604.4388 554.0273 524.5715 506.1881
221.1024 717.5743 300.1094 741.3548
741.5331 387.9901 677.8812 395.7490
986.1285 481.3036 986.5119 479.0700
302.9825 537.3706 377.8412 525.3059
101.9818 725.4672 110.4601 727.9839
351.8819 647.3643 353.9195 616.2453
219.7252 471.9510 411.5022 503.5161
454.0739 8.3642 457.0875 2.3602
390.8783 851.0861 437.0569 820.7119
856.6353 231.5859 870.5175 255.7680
967.4703 72.4548 985.3753 111.0729
987.6572 107.2616 987.3089 103.6637
347.0415 569.0532 396.0014 545.7334
362.9287 511.8920 364.4376 508.5290
914.4512 680.6263 870.7167 698.4406
34.8459 879.6149 22.6202 883.3527
287.8166 205.8817 305.2408 140.1447
355.7432 840.1811 297.4041 883.3908
706.1340 248.1643 710.5402 239.7779
874.9162 174.2002 762.7314 162.5717
209.8988 756.4460 176.8823 689.5788
740.6968 993.7763 961.6174 989.7891
789.6976 684.3703 797.5447 703.4678
891.5682 687.0161 926.6621 695.8365
909.4509 982.6941 969.7897 970.9607
988.4848 750.6376 955.0280 751.8716
513.6517 684.3271 492.4143 765.7148
421.4569 158.0078 406.3238 145.8196
587.9707 864.4803 418.2516 886.6680
624.1264 532.2859 587.6678 521.9408
525.5806 992.6072 511.2128 997.9032
252.8728 69.4921 219.7683 104.7261
508.9062 554.5188 535.5331 641.5837
885.5552 341.2863 803.6281 225.2311
342.6418 941.9809 323.2167 930.7016
953.8547 30.8493 922.4283 62.9129
310.2300 135.9982 240.8420 123.6279
835.6130 867.0759 864.1461 846.5062
723.8884 921.2224 713.5617 919.7609
866.2725 559.8862 898.2794 678.8255
818.7884 156.4523 891.0466 130.9562
133.4913 467.0188 125.3692 474.3449
618.1734 540.2674 629.3864 493.0461
533.2274 415.7207 512.6559 433.8350
641.4307 446.0977 654.2473 660.0206
602.8755 668.4493 595.0937 706.3448
215.1803 838.6809 207.5522 841.5345
734.7612 657.1418 716.5303 608.9893
120.4555 231.5813 106.0237 165.8382
556.6917 261.6159 545.7184 328.8975
534.5877 900.1954 617.1995 888.7593
743.2040 749.3417 781.8805 753.7269
777.3826 875.3588 635.4507 938.7342
455.6433 890.1556 484.6366 903.1496
823.5721 540.7490 794.7011 587.5545
137.1234 349.8635 136.5156 356.2553
865.9379 286.2659 847.4043 259.0371
786.3051 446.8131 814.3799 432.6977
221.7416 601.5421 237.1060 602.5226
176.6279 263.3862 154.0474 311.6627
706.1805 356.1890 725.6053 353.6287
68.7867 71.3540 75.6010 90.7173
243.4753 252.1207 215.0384 245.1226
127.8288 996.2056 39.3933 995.1828
705.2030 760.8004 673.6464 756.0281
128.7020 688.7675 105.9034 676.1358
79.4836 503.6214 85.0261 463.2741
950.0830 625.0232 942.4940 521.7620
743.3505 176.1787 780.2223 199.6698
652.6539 821.1303 666.6736 855.5032
395.8140 593.9806 342.9114 605.8806
106.3856 986.4461 110.0324 985.2888
539.4458 720.6925 520.4968 786.9695
132.1836 540.9830 167.1623 609.5321
290.8152 1.4838 225.3247 11.8699
719.0634 553.1969 763.3925 568.9836
213.8491 50.2813 285.7612 15.0021
225.7782 968.7312 301.7864 953.4233
666.8982 865.4084 621.4145 794.7243
675.5152 943.0190 614.7742 979.4191
795.8614 683.6229 805.5029 656.1578
645.9762 820.4758 631.7488 867.5967
402.1946 586.2864 420.3549 558.8706
223.4511 362.2654 252.2188 387.0788
517.2296 239.8323 561.4304 250.0408
999.6638 278.5155 997.7396 157.2057
204.7618 589.8718 210.8952 569.6050
552.8114 843.5079 588.5456 823.2899
317.8461 994.6622 265.5943 990.7766
135.0605 349.2071 127.8239 341.2776
62.2845 179.4977 65.0683 235.6868
805.1725 762.7335 794.5558 774.6305
799.7415 854.3928 714.4570 857.7917
75.1872 100.1569 94.8236 180.7074
673.3851 959.8227 798.5173 904.9156
845.3549 195.5157 868.6472 193.1121
202.0653 242.5821 199.9530 248.5066
820.1874 559.8609 789.6237 596.8297
485.2886 172.8731 553.4491 171.6103
464.1254 806.3063 390.4065 777.2081
126.5844 774.6956 111.4915 746.2665
695.0949 151.3605 624.9498 83.1785
39.2336 964.9981 216.2650 971.9344
246.1363 30.9843 217.6387 37.3209
388.2929 148.0440 360.8221 154.1221
851.4719 69.0728 897.6747 69.4008
279.3142 981.6620 267.8901 993.1874
880.7892 365.3286 849.7313 414.6751
209.3672 641.5401 367.6096 577.8213
621.6161 83.5884 641.8049 96.4658
868.0675 997.5044 916.1838 990.7497
707.0725 172.6033 722.3683 239.0356
322.7892 13.2670 316.7748 43.1736
566.1051 781.5980 555.6065 801.4929
739.3128 155.2046 914.4979 125.7811
259.4584 65.5404 224.4090 110.8715
209.7518 20.6326 216.8209 13.8928
152.5853 264.8917 154.3001 298.3958
722.7745 19.8107 646.4645 47.5259
634.2611 82.2106 644.0143 88.0544
398.9023 285.9232 331.5009 297.2229
365.6317 312.4317 382.4367 278.0779
100.5387 613.7472 107.3513 596.5377
254.7021 192.6533 281.2471 251.5069
73.6575 470.4500 49.6139 388.9049
755.3595 91.7949 773.3633 119.8804
377.8915 721.7261 392.5453 661.2674
657.1859 927.2678 672.6714 904.6050
502.2824 405.4651 462.3414 395.3695
687.2721 729.8683 660.6344 612.0025
381.9020 441.2898 418.4602 466.8182
583.9403 806.9253 522.7635 821.1867
645.7012 570.5432 644.3921 547.2908
0.9837 499.7040 1.0253 476.0364
275.3147 786.5576 291.2944 776.0694
615.7023 40.7026 604.5751 31.1430
108.1500 230.9788 101.5371 189.6121
809.2224 673.7808 829.9071 625.4475
407.2269 679.8107 409.3122 634.6583
413.8436 599.3610 352.7687 718.0913
922.7166 690.6519 913.7405 692.0520
267.2977 932.4036 312.9318 930.4775
656.1324 423.3587 650.3297 412.6243
423.4282 401.5802 396.0230 445.8649
782.7210 320.3463 813.1694 297.4744
746.9211 521.2795 762.5435 531.0030
702.2258 348.7473 673.9953 312.4230
100.9184 729.3822 115.4024 757.4620
182.5220 449.1769 137.4398 361.4950
400.7296 850.0525 456.0052 827.4496
648.7699 583.1282 623.8934 341.2657
651.9366 364.1483 641.9441 367.6876
707.1710 973.5420 801.5500 942.2886
170.7280 317.0955 208.4160 368.7900
11.4555 547.3014 10.5150 653.3836
887.8330 711.3175 901.0972 725.5965
205.8626 960.4098 190.5335 961.0066
593.6434 580.0338 574.9303 544.4127
622.1319 513.3799 614.5992 470.8549
621.2911 535.8649 622.1003 633.8115
612.8644 703.7116 574.4370 742.5253
94.1193 127.1784 89.5901 150.3721
878.2505 234.9061 903.3011 258.4152
820.8051 137.4483 822.2230 137.3539
925.0856 308.8060 917.4261 314.8425
501.0427 65.4416 461.0373 81.4374
905.9185 375.2828 905.3972 360.5359
830.4412 193.2635 749.7444 222.9403
977.7198 794.8453 994.3459 778.0340
712.4148 259.4026 650.9907 160.9109
655.0245 925.3871 667.2780 909.1504
648.3333 136.7015 662.2708 157.1532
910.3266 485.0759 944.7949 405.1400
681.2803 793.8884 714.0383 804.6703
325.5833 899.2206 296.0240 897.8035
236.3805 182.8508 257.0352 228.4296
745.9842 643.0691 757.1451 648.0276
892.8358 269.6212 908.2213 224.9854
567.7264 379.3599 571.9654 383.6826
355.4387 869.2627 461.8313 863.8976
584.4363 458.2763 514.1851 459.9196
475.1068 508.6630 471.0538 474.4794
564.8581 703.9710 553.6624 672.5323
299.9882 262.5918 280.2469 269.1808
639.7694 100.9610 624.3122 136.0357
144.4701 701.0336 136.5943 648.3985
757.7626 886.8265 751.2139 901.5222
841.9087 647.1162 852.0473 638.9074
330.5932 947.6841 246.8687 977.3592
896.5704 820.0600 874.4687 810.2735
493.4814 348.9846 505.8677 414.6528
760.8276 185.1322 806.3255 196.7605
386.8500 707.7580 389.9727 693.1021
891.3928 673.4541 853.7999 602.4074
107.6902 681.6398 143.7648 699.2313
431.8573 407.1728 431.0556 392.3338
137.6684 696.5204 85.1780 671.9632
974.2818 827.4954 922.9856 842.7104
942.3622 387.7996 891.1110 372.8515
332.8314 741.0162 330.1417 721.1553
743.2897 361.1148 695.6672 387.9032
665.1494 201.0403 689.1539 239.9270
13.4851 3.9236 86.1777 50.9011
4.3246 811.2534 35.5091 826.7028
947.1560 918.7203 885.5672 934.7284
639.3466 526.3913 634.6968 558.4416
120.4434 562.6892 136.1080 638.6676
496.9351 641.9995 476.6757 612.6970
74.8808 388.1148 63.1702 381.4612
22.1576 666.9725 54.7599 678.2618
783.4710 867.0219 798.1400 868.0588
510.5966 52.9433 478.4804 63.2534
715.0814 856.2112 738.1885 849.5546
306.5380 720.3264 291.0089 732.1786
300.3078 225.4780 296.9263 243.0234
901.3033 205.4523 923.2733 190.3458
115.8391 666.0166 79.3046 641.4150
157.1634 198.4874 174.8206 181.6168
698.5293 797.7221 741.0434 776.3877
1.2416 519.8571 8.4723 502.7724
463.6528 24.8274 473.2450 48.3601
238.4948 448.8662 286.2710 444.5267
843.2085 679.1306 821.3789 659.8023
196.6339 426.2449 227.2466 426.2284
162.5802 823.3824 182.5870 876.5146
357.9890 505.6058 389.9420 518.4387
802.6911 955.2700 737.8258 984.8169
576.4174 907.8518 572.0808 912.9539
465.6924 177.2399 498.2769 191.6594
100.1781 497.1451 64.9523 550.5726
546.2615 98.7319 534.8899 115.8043
991.7192 234.2258 941.3022 196.3895
850.1109 195.6535 774.0189 216.3917
262.5823 450.2358 380.0523 399.5052
777.9627 386.9268 801.3103 384.9248
882.3869 907.3747 855.0817 925.6710
514.5221 538.8875 559.8293 651.9583
413.1787 977.0164 537.3452 974.8336
19.8225 410.4945 11.9556 581.9565
861.6867 215.8169 859.1369 208.7381
194.5971 24.6776 123.9936 42.7037
88.5084 823.2112 75.9051 832.8824
742.9443 551.7477 759.3792 534.4855
326.0101 260.3013 289.4456 282.5054
49.5161 708.5839 23.7094 671.9847
272.1503 560.0927 246.7021 598.3976
159.6133 674.9401 177.7435 712.7522
529.6085 400.7618 510.8494 366.9304
624.9881 53.6293 590.0389 58.6819
17.3349 901.3675 4.1704 887.1267
318.5774 206.8670 303.1920 185.9286
96.3400 701.1694 43.0658 680.1532
646.2415 461.9950 652.3257 518.1333
500.8170 938.8146 582.2988 952.4505
620.3200 689.4820 630.2227 490.8147
985.9973 899.4577 993.4133 930.6240
237.9263 918.7939 75.4396 937.5501
792.9970 304.0892 781.2894 233.8335
135.6980 438.3915 149.5488 461.6245
634.4668 729.1172 572.0512 766.0892
587.8139 141.6652 592.1025 131.9382
559.9607 73.4068 519.3045 69.4540
820.0488 222.7926 878.0457 267.3745
369.8053 737.5371 343.2062 768.2783
157.1877 431.6746 146.6309 423.4973
421.8549 783.3159 416.4451 732.7392
597.0437 984.2335 724.2063 905.6411
173.6549 652.5829 160.3874 604.0123
335.1022 572.5354 323.4665 577.5955
484.1128 478.5849 565.3606 701.1670
648.5027 26.3506 647.3665 32.8380
164.1828 537.2273 218.2134 537.6702
655.5438 800.2037 646.6229 813.0187
26.9870 210.2175 2.3644 390.8001
445.7000 712.2798 458.4894 723.9859
552.9762 943.1333 547.6289 938.9953
35.4991 934.5183 98.0129 937.1606
924.1239 649.0836 916.0019 631.8574
418.3611 877.6317 429.5550 876.8253
786.9782 787.7987 795.0357 780.8558
779.2897 767.2354 769.1865 765.8395
132.8604 854.1928 78.1441 894.2934
416.6903 785.7028 460.4403 794.0780
999.7571 457.4466 995.7773 344.7440
678.7040 74.1050 663.4362 75.9512
643.3511 908.4918 594.0445 941.5662
795.3842 860.5966 816.7986 875.8956
350.3962 327.4360 368.6581 332.3035
202.4199 365.5765 191.9872 358.1497
121.0353 365.2258 120.9111 376.4463
579.0314 194.0621 544.7671 209.2147
940.3636 359.8440 944.6401 324.5557
861.4994 543.3506 880.9166 505.7665
691.2754 476.0770 701.0584 478.2579
730.0335 65.6329 708.4891 71.8440
31.4280 969.6136 22.6445 989.3428
459.1933 843.1332 469.4287 839.7221
813.9128 658.5462 844.6970 580.3014
34.2195 442.5893 36.6328 478.0669
64.1137 589.9227 97.5256 506.1715
109.8815 262.1201 170.7908 334.9681
121.1086 525.7871 133.8247 580.7744
990.9437 785.3810 976.0893 890.1717
470.2794 571.4336 440.2859 616.8348
723.9555 939.8932 591.7056 996.7453
324.2787 989.0023 342.5869 977.7902
113.8391 526.4363 176.0048 707.8591
246.9293 137.6866 271.7875 183.4192
242.2445 798.2214 278.4877 792.4264
288.0631 844.1922 282.3831 815.8243
31.0893 731.4441 40.7572 746.2475
106.4810 505.7110 153.7110 617.1671
181.4909 296.2349 177.7173 321.1006
337.2799 390.3460 202.3339 423.7753
610.0534 427.6265 510.6822 436.0870
181.1975 878.6881 78.0586 737.0832
66.5268 898.6526 133.2682 873.6728
896.0921 1.6023 763.8601 19.4000
2.8150 334.0586 1.3340 483.9120
118.7310 821.5700 27.6937 694.6880
86.5951 745.3464 56.5895 709.8163
226.1099 879.8622 234.5631 889.4317
661.1091 411.6541 665.4857 430.2997
302.2422 814.1328 282.6320 830.5615
568.2829 21.1554 478.1385 73.1995
445.7254 300.7483 563.7241 257.3306
598.1626 315.4947 584.5814 293.5138
49.7005 589.5738 29.1288 615.5933
359.5713 333.1286 331.0986 328.9456
547.2089 137.5900 528.3957 139.1392
211.8334 330.4139 212.9828 335.0097
974.3312 300.3144 963.2100 319.6001
186.5191 457.3550 140.5772 352.4039
762.7717 633.3176 793.9129 648.5192
971.0339 308.1933 996.0848 357.2783
551.5172 348.8279 557.2370 360.7188
125.9366 23.2618 25.2908 9.1181
520.8861 505.0957 532.2336 483.7061
6.7618 200.4876 5.1180 245.8365
662.1603 999.9003 860.2544 998.9909
375.2795 70.5221 355.1217 102.1871
163.5205 881.1586 141.9849 863.7949
534.2796 160.0459 596.5558 94.4315
492.1986 382.4990 474.1693 369.3255
111.5099 568.4487 62.5528 634.2835
505.0017 335.9303 542.9692 354.7148
164.4961 866.8426 65.9982 731.8414
96.4997 782.5261 38.2966 705.8282
3.8866 383.7814 19.1303 291.9976
449.7946 921.1490 454.8844 926.9462
631.5285 585.6341 659.9096 715.9146
86.4009 556.6939 38.1811 649.3577
438.1404 565.8681 414.9937 646.4425
276.2356 880.4082 210.0999 813.2800
822.3367 383.2752 758.3804 401.6475
924.7775 583.5736 922.8251 631.2630
996.1308 224.6747 988.6327 329.8925
988.7517 616.5198 995.1359 596.4034
892.0956 702.2646 893.3073 691.7989
995.3241 904.0625 995.5401 828.3171
987.9922 46.2992 975.1066 61.2098
609.0403 856.1327 459.8849 868.0905
924.7163 390.4081 921.6290 398.7360
827.8196 151.8308 855.3019 142.3937
231.6980 48.7800 240.6242 46.9035
320.2639 740.9784 330.7799 740.4397
369.4507 580.6491 273.0532 621.9019
189.8310 37.1853 162.5855 42.4575
792.3935 235.4888 806.6772 242.6731
56.0698 173.6578 51.3169 164.8249
734.8178 616.8379 757.9832 630.1798
932.4833 626.3004 937.3528 532.0091
553.8385 897.4194 502.0719 889.2271
56.1090 823.8803 32.8554 854.8020
242.7029 867.7259 218.9055 846.0079
455.5173 833.2787 442.7858 845.4670
863.1875 3.9022 695.1241 3.3827
120.6509 230.4749 123.8048 265.4406
589.3760 867.8414 522.3613 882.4487
475.7573 251.7862 432.4188 242.2834
136.9255 229.0429 117.4930 207.4607
911.1120 727.3686 885.7100 698.3557
239.1458 122.4077 293.3718 88.2630
207.7179 348.0696 200.9331 351.9251
100.6445 74.6202 100.9027 48.0594
923.4912 513.8935 907.0442 571.6770
578.5310 748.6074 541.9992 747.3759
129.6190 523.9332 112.0150 454.7002
540.2814 653.8280 552.5349 692.1061
356.8864 251.9025 309.9654 257.9521
889.4206 430.7672 841.2081 452.9565
439.2261 145.5791 536.5877 155.6726
162.4261 709.8733 109.2072 689.2586
900.2362 4.0414 842.4256 17.6161
810.7315 100.5907 823.0371 108.1330
201.5001 751.4358 222.7997 765.0673
33.2998 154.8538 25.0552 88.5406
122.8683 631.6378 92.9075 650.4951
660.6605 895.0872 633.2163 925.6984
110.8758 33.7891 68.5389 16.8766
