3 0.60
18 30 3
315.6472 -424.1884
826.8961 44.2210
355.4412 1149.1291
267.2798 845.3024
-559.2062 361.4701
-542.9794 510.9044
675.6354 1165.9756
717.1140 700.4148
745.6156 736.6302
770.5100 771.5442
731.8954 718.7398
538.2777 245.4410
759.6854 743.7109
791.2057 803.3839
-484.9124 702.1240
696.3067 1144.4493
671.8771 245.1228
853.7732 816.5008
641.4069 979.5426 823.7615 840.7468
327.8821 217.0301 382.7859 372.2348
582.4217 650.9420 501.7397 748.9960
70.1532 509.1735 238.0107 666.2741
152.7738 718.3399 81.8481 953.9522
931.9014 152.5962 850.9357 117.1991
431.3394 939.5084 329.5215 716.4321
146.8712 798.9395 225.5064 927.1589
1.9179 917.6617 101.6497 716.2344
697.5222 117.2698 708.8162 345.5556
161.7742 171.2421 201.6088 36.7574
415.2974 581.7692 440.0854 424.2860
204.0481 872.0066 399.2714 971.8340
281.0155 241.8234 480.2960 132.0690
156.1119 631.7560 165.2338 791.8943
131.5511 212.1223 100.0767 138.0723
448.9482 910.4862 682.5840 914.9252
567.4972 128.1402 698.2585 112.6830
842.3304 422.2820 995.7156 492.9985
933.4324 791.4780 734.0097 936.8787
784.4374 466.0758 909.7816 414.9900
808.9225 278.3443 836.5230 363.6551
825.4319 983.9778 902.8282 775.4583
708.9355 461.5951 689.8240 291.9849
585.2219 711.2237 596.0709 473.0584
782.6996 631.7205 854.8444 747.8682
947.9223 801.2649 850.8288 964.9544
404.7082 705.1513 525.5038 579.0411
23.8005 142.1176 44.2522 233.2889
872.6457 541.7527 673.0886 529.0837
