3 0.60
2 50 1
542.8873 793.7955
-103.0444 270.2273
134.9245 895.2668 311.4251 951.0074
973.9347 493.7403 871.8132 634.1812
593.5896 195.3788 761.5490 372.1005
153.9861 687.6786 395.7447 625.1472
875.6546 907.5273 952.7056 675.7457
243.9403 484.4981 331.0417 545.5304
129.4306 763.5266 99.7480 841.1835
496.1885 61.9596 571.5524 151.0147
62.6319 120.4004 94.7650 74.8072
772.3925 602.1825 606.9657 674.9295
176.3549 544.7172 425.8320 546.8191
674.2639 495.0913 728.9656 382.8344
527.8116 169.5611 371.9418 68.4502
319.8312 843.4116 381.1142 657.0330
988.7628 233.5584 845.7212 430.2859
766.3123 957.5681 795.1942 864.8013
516.8885 397.3447 623.9132 393.2999
367.8800 465.2463 123.8047 445.8533
356.1497 797.3109 416.1194 662.8406
163.6047 779.0492 328.1710 959.1070
63.3928 871.7032 164.2585 720.2305
150.9283 373.5230 248.6190 399.0328
832.1303 472.7296 805.6483 689.6432
316.0459 456.5228 381.4906 466.0034
335.2166 871.2696 272.5329 862.5047
976.5271 545.1428 918.2397 728.4130
908.3904 317.1062 792.8866 228.8343
586.2849 343.2438 420.4569 232.0839
871.8873 947.3348 935.9320 837.2020
729.4765 469.5066 701.7555 629.7050
3.1431 878.7742 0.3030 754.5186
818.7656 237.2572 941.8087 320.0536
968.7751 998.5886 949.6761 978.1416
372.9669 86.7740 216.9370 187.8292
447.4922 339.0996 324.2560 401.0814
507.3016 349.1924 305.8062 400.7235
419.5769 492.1227 268.8492 485.3254
54.8427 387.7399 15.2083 448.4589
94.7529 161.8859 162.6485 214.5740
742.7915 570.3612 738.6258 500.7782
786.5133 854.2256 864.7566 826.4314
581.2142 319.4811 451.4803 137.4046
864.8391 858.0895 856.0997 899.8251
772.7701 665.5167 817.2927 701.6174
709.4448 154.0324 823.6943 162.2414
791.6375 129.6353 981.7326 166.7390
465.5214 340.9731 254.3991 331.5440
378.8001 174.0103 308.4574 50.6398
844.7755 536.1287 858.5431 604.8502
114.4968 420.5395 1.6517 576.5900
