1000
910 664
881 664
817 881
93 881
389 664
685 664
239 389
180 664
209 664
578 881
589 817
459 685
845 910
484 589
792 209
958 459
596 239
552 578
197 817
212 589
806 845
422 389
648 685
16 93
889 16
498 422
869 889
115 459
536 484
677 578
520 845
584 958
756 93
864 552
647 589
201 845
249 647
770 664
725 677
602 864
252 520
638 756
134 647
572 209
730 536
936 197
794 806
507 881
445 725
29 536
706 589
387 445
988 536
396 134
954 93
624 647
534 484
224 209
948 484
844 180
351 224
314 706
265 624
877 572
176 948
142 507
366 638
738 864
360 806
704 459
663 958
398 624
496 459
216 725
352 730
615 507
475 730
991 685
701 877
906 770
89 216
750 459
266 794
612 134
928 572
185 638
55 624
56 89
903 615
285 889
797 988
1000 351
369 387
76 89
416 475
17 209
556 201
705 602
547 889
297 285
414 398
143 845
604 756
953 209
521 864
698 552
471 547
735 906
925 536
228 265
659 889
160 794
491 948
112 903
872 387
290 366
560 794
811 706
783 612
895 602
916 903
279 491
259 396
588 881
627 588
696 180
73 259
780 445
724 491
447 360
424 360
26 903
637 279
591 869
729 811
546 811
744 729
769 143
807 134
382 735
390 729
607 556
748 390
495 239
781 390
340 266
959 209
434 783
451 906
788 556
407 366
359 396
135 724
904 209
331 475
184 387
456 520
945 546
675 224
951 638
43 279
721 340
854 877
531 638
962 869
34 588
205 422
210 701
732 925
486 407
618 845
448 142
380 414
835 904
543 495
799 297
765 459
271 352
733 725
15 889
156 845
580 34
337 724
969 115
924 602
145 471
505 724
263 543
993 844
855 936
321 205
302 351
137 496
545 962
669 156
282 73
846 266
408 733
502 507
688 93
336 675
691 369
42 732
858 459
401 638
478 93
157 916
791 157
246 924
101 210
103 145
131 414
3 924
286 336
493 845
221 698
481 180
726 180
64 637
374 520
74 677
144 521
519 507
785 29
693 596
19 505
628 340
667 314
651 396
838 42
435 735
421 536
196 17
381 216
887 435
392 434
922 282
388 143
364 421
800 17
907 910
237 340
695 135
472 176
79 221
87 817
853 180
909 659
36 93
892 481
326 336
760 297
933 336
684 869
166 545
220 246
310 904
28 560
428 628
886 572
913 904
952 962
40 156
136 903
195 546
125 669
856 112
665 664
523 87
35 196
938 519
107 701
644 701
368 675
48 669
862 738
419 726
289 958
836 684
751 382
57 534
834 800
561 389
918 534
14 844
51 73
839 951
141 864
840 396
273 419
328 3
710 79
968 724
45 612
316 359
126 142
587 744
272 14
808 389
172 886
804 271
485 134
503 856
251 706
47 952
124 648
986 552
458 627
821 507
595 760
674 491
731 29
37 693
280 1000
469 336
616 42
963 422
217 107
333 126
177 735
324 589
62 74
173 785
274 351
453 684
111 834
397 389
956 811
77 396
190 587
154 587
558 87
671 89
527 695
758 855
574 770
462 886
585 612
514 210
325 596
187 252
629 991
307 869
746 836
455 246
630 160
939 788
94 580
515 744
158 968
539 29
565 751
709 77
378 951
930 558
795 333
391 380
168 197
859 103
49 770
640 792
893 331
620 212
842 521
293 856
593 616
509 607
737 696
779 572
63 216
579 709
311 572
327 877
873 502
452 779
373 948
236 414
843 507
631 807
762 591
70 311
423 892
980 273
222 35
404 730
657 925
646 638
138 800
639 111
474 126
306 451
188 246
194 36
532 3
722 620
38 906
165 328
105 746
955 462
429 710
393 135
652 988
4 63
535 125
440 17
31 471
935 391
912 780
375 4
972 854
372 612
754 948
342 491
68 157
53 19
463 788
399 177
1 360
982 456
358 325
568 991
606 251
727 804
44 195
253 36
718 746
655 73
908 780
441 185
682 145
702 835
367 980
32 246
581 173
461 593
353 388
477 472
860 77
153 630
420 165
816 710
883 860
300 835
814 421
999 612
67 704
227 986
301 909
841 237
247 321
703 196
308 853
182 737
538 938
522 64
20 263
830 375
566 846
766 73
603 445
567 337
149 390
334 794
742 889
661 579
431 918
891 558
466 651
80 695
592 286
130 435
911 779
645 359
653 441
757 423
214 334
961 496
490 47
863 251
39 561
818 325
270 491
203 592
683 924
597 855
686 472
179 80
569 808
303 538
356 701
649 77
150 893
614 368
305 520
400 29
348 688
178 589
525 854
132 843
200 94
666 165
291 105
782 105
412 627
784 881
990 779
482 744
512 143
707 892
248 111
90 217
338 640
139 80
826 259
88 382
687 35
454 144
967 107
479 592
147 87
202 651
825 49
586 568
250 903
831 988
777 781
678 869
713 414
418 67
885 503
332 279
609 369
411 695
823 356
164 1
257 744
582 333
660 88
189 669
622 566
743 17
465 348
118 862
728 602
365 718
243 314
867 314
923 456
84 751
207 3
329 259
371 380
438 588
890 579
626 622
322 687
97 142
106 788
570 408
100 751
500 356
191 165
921 77
809 257
355 463
599 627
108 197
41 93
464 707
492 445
159 94
736 168
632 843
975 378
833 321
870 840
755 730
148 725
276 954
410 853
83 447
947 683
117 686
292 877
81 185
723 205
934 101
12 292
96 664
296 421
376 785
563 916
215 811
542 939
425 599
943 425
694 953
689 706
442 503
894 565
524 440
905 481
690 808
467 546
151 912
11 418
989 423
71 869
787 597
92 447
594 308
513 138
504 986
944 467
994 936
349 682
778 90
255 145
752 348
133 419
21 795
847 276
829 419
244 107
304 438
819 329
413 935
288 220
971 991
409 469
984 630
716 887
550 151
998 750
25 591
140 498
608 194
30 924
849 918
23 71
208 338
553 368
357 910
786 297
976 542
446 81
284 428
851 301
771 215
850 980
346 51
476 332
269 560
557 222
625 43
775 311
528 904
874 305
621 333
992 830
395 209
470 474
995 207
260 684
225 512
82 395
767 807
692 369
234 578
997 279
230 135
915 592
613 661
946 200
169 792
973 397
878 667
875 780
78 751
129 689
871 408
974 392
312 550
262 142
402 844
122 374
901 881
768 696
2 826
551 21
432 280
473 338
987 475
789 463
679 364
268 732
957 684
18 779
294 853
636 389
24 519
501 817
199 357
510 143
233 913
822 825
226 180
970 434
793 465
283 274
848 144
884 39
714 877
238 84
13 792
439 556
598 714
313 682
330 647
745 289
759 777
167 471
50 435
927 694
104 909
772 688
8 334
254 513
740 609
508 804
554 520
6 998
590 873
562 164
929 108
708 912
256 521
898 957
347 195
315 448
888 638
919 910
309 251
882 185
5 44
985 43
900 2
942 806
123 199
617 867
27 194
673 886
965 748
155 389
33 396
450 498
175 671
121 356
341 207
457 984
59 496
377 477
128 419
499 338
345 15
320 955
162 395
720 311
261 205
240 835
668 347
275 767
443 250
204 640
430 424
219 674
960 893
623 580
996 276
712 216
654 4
828 655
734 967
258 915
564 21
426 418
72 985
940 196
198 315
634 189
468 469
670 524
489 836
977 744
981 312
69 396
642 275
931 36
384 589
109 553
9 929
86 134
812 936
54 971
483 74
116 397
529 499
610 845
764 246
896 684
361 481
711 775
672 812
824 689
319 195
700 47
805 646
385 848
717 916
518 728
876 472
152 484
865 330
277 986
437 359
605 422
339 451
295 805
163 690
211 865
820 478
697 714
287 628
676 553
323 804
403 11
827 731
436 150
978 676
548 991
658 716
801 342
964 953
264 930
583 236
516 375
58 870
206 661
267 286
576 177
110 71
46 462
127 87
119 625
932 53
966 536
242 771
281 876
497 921
370 481
837 960
633 323
245 845
879 551
526 458
611 56
344 618
861 500
480 658
335 226
75 409
213 331
229 182
815 439
749 827
415 974
983 266
719 821
857 526
540 185
533 324
232 339
433 290
22 242
852 792
753 792
662 620
65 40
449 82
575 280
868 284
600 408
601 400
192 175
741 263
577 483
832 94
926 260
394 974
619 1000
174 848
66 228
383 200
298 695
899 461
739 600
171 636
544 691
186 925
747 68
343 513
941 903
810 473
487 232
506 758
949 493
161 261
193 893
386 952
218 765
530 288
317 465
444 892
902 665
763 484
85 733
511 251
427 623
979 161
635 765
920 918
95 475
790 755
114 953
681 807
897 507
183 750
549 416
937 746
914 716
917 919
776 252
656 639
517 112
488 75
362 133
571 600
773 899
761 437
796 74
460 771
98 148
715 831
60 687
798 374
541 606
7 556
379 464
10 469
650 496
223 327
866 161
406 991
559 253
680 336
113 112
417 524
573 65
99 446
880 681
699 615
494 889
950 418
120 528
170 980
354 624
641 378
363 654
231 161
802 249
405 635
318 794
643 24
241 344
803 302
555 593
278 252
181 85
52 111
235 910
350 760
146 252
61 418
813 479
91 935
299 569
102 771
537 728
774 576
