998
829 708
829 802
829 440
877 687
687 263
687 440
174 438
174 117
440 174
174 452
440 7
7 970
376 551
18 376
708 376
789 934
789 18
364 789
979 111
47 979
979 21
18 979
720 878
225 720
720 562
897 720
765 450
918 450
450 225
981 600
460 981
225 981
139 981
225 708
397 708
752 628
628 309
628 76
11 44
44 958
44 295
309 44
309 680
993 680
913 680
393 680
524 701
701 139
570 701
701 393
570 352
205 352
352 415
103 570
847 103
103 994
570 648
31 792
142 31
722 31
896 31
614 211
614 393
792 614
792 498
917 498
151 498
498 992
754 792
388 393
549 75
549 591
549 741
580 467
467 625
741 467
144 656
656 756
656 270
656 741
240 143
143 741
876 591
876 520
876 728
949 681
424 949
949 520
603 949
763 520
576 763
763 780
520 290
290 272
974 856
866 856
856 984
856 577
79 201
79 984
79 591
729 79
139 781
208 781
984 781
389 139
463 389
790 493
790 774
139 790
790 391
216 94
125 94
247 94
94 340
284 247
284 950
284 8
773 284
53 84
800 53
53 247
707 247
43 793
800 793
793 51
793 611
32 166
807 32
32 51
298 447
447 51
447 853
447 681
51 256
767 618
371 618
618 420
618 800
848 420
982 848
848 502
209 848
766 260
266 766
420 766
390 800
354 215
215 33
215 135
255 381
255 33
255 433
255 887
559 834
834 346
834 33
874 33
33 353
350 455
867 350
353 350
914 482
914 732
914 867
867 521
521 693
410 521
469 924
924 826
924 733
124 924
304 353
304 203
733 304
118 799
799 779
767 799
799 733
353 114
114 224
224 651
621 650
650 927
383 650
173 315
464 315
868 315
927 315
106 769
769 767
769 927
927 895
9 250
662 9
9 695
868 609
609 931
159 609
609 695
145 695
145 254
593 145
817 145
517 624
930 624
268 624
624 19
689 543
689 197
268 689
689 317
314 751
314 62
314 268
868 268
694 868
868 987
987 361
767 828
828 243
243 288
100 824
100 886
100 734
100 92
192 113
83 113
113 92
278 238
92 238
55 238
179 425
809 179
179 886
929 179
907 825
435 907
947 907
929 907
222 626
626 681
929 626
474 764
474 823
932 474
474 375
749 886
134 749
375 749
375 286
731 286
337 286
257 375
886 38
38 363
363 988
120 42
120 598
400 120
77 620
509 620
526 620
598 620
425 670
670 307
598 670
348 598
893 725
882 893
449 893
40 725
40 844
776 40
730 725
730 335
400 730
864 696
864 262
864 291
753 696
753 400
759 753
497 67
747 67
67 696
169 696
696 355
355 860
742 740
740 333
740 484
740 78
48 510
462 48
132 48
742 48
742 643
140 643
403 643
928 977
567 928
928 96
119 96
132 119
119 265
849 744
849 470
849 96
96 622
398 239
132 398
604 398
425 398
239 748
748 128
25 748
797 665
13 797
797 239
320 797
857 709
709 132
686 709
606 429
429 425
425 37
37 456
456 234
647 274
274 681
45 582
582 404
582 417
582 87
384 404
736 384
384 448
399 357
404 357
357 475
345 299
299 404
851 430
808 430
417 430
69 459
401 69
808 69
69 619
219 267
267 5
267 808
507 592
417 592
664 592
158 160
30 158
507 158
331 568
507 331
344 331
507 899
952 899
575 22
49 22
22 963
22 417
585 219
585 727
585 745
938 646
745 938
938 671
310 938
785 121
785 922
745 785
960 745
472 422
472 71
700 472
472 193
107 908
193 908
784 908
908 99
770 922
193 770
95 770
153 770
514 515
275 515
319 515
584 515
684 150
684 584
863 684
641 922
584 641
599 641
471 227
227 506
506 922
922 405
116 34
116 791
116 46
305 116
666 669
305 669
669 416
669 552
85 305
85 535
85 527
85 816
496 338
338 199
338 190
552 338
342 4
4 761
4 496
4 323
832 962
326 962
131 962
496 962
884 52
676 884
884 710
499 884
443 991
443 52
590 443
565 374
52 374
374 552
219 374
351 219
219 133
237 202
944 202
202 39
161 202
39 439
724 439
737 439
528 39
528 184
432 528
28 660
579 28
818 28
28 786
951 432
818 951
951 324
735 112
818 735
607 735
246 871
445 871
871 558
871 432
27 558
23 27
27 964
10 27
739 706
82 739
558 739
123 968
968 432
123 226
334 432
334 87
804 334
615 719
347 719
719 306
719 26
81 200
306 81
956 81
81 556
343 716
545 343
343 306
306 396
854 610
444 610
654 610
20 610
105 540
236 105
105 997
654 105
654 775
775 347
775 23
757 489
757 12
757 743
536 904
904 12
500 904
995 904
512 12
512 925
454 512
12 347
827 347
750 539
750 946
750 149
23 933
349 933
185 933
946 933
831 946
901 831
831 879
811 946
195 525
195 794
926 195
926 714
230 714
501 714
955 365
365 349
926 365
926 581
581 939
723 557
640 723
723 349
453 935
426 935
566 935
557 935
279 413
495 413
557 413
880 413
678 349
349 975
975 437
66 242
66 544
66 948
302 86
821 302
302 242
836 302
29 251
242 29
29 301
672 29
667 377
541 377
835 377
377 253
194 541
87 194
509 194
586 461
586 61
541 586
86 586
668 541
788 86
788 378
788 698
601 63
63 162
63 698
327 155
327 852
698 327
327 60
698 172
172 292
505 86
86 490
181 881
777 881
881 146
881 321
542 155
965 542
181 542
627 191
206 627
181 627
181 675
412 523
990 523
613 523
73 412
73 538
73 171
480 663
965 663
663 412
721 412
412 89
806 537
806 635
130 806
815 717
537 717
588 717
996 717
537 411
16 411
965 411
537 760
965 322
90 332
316 90
90 965
891 746
248 891
697 891
137 652
833 652
248 652
652 830
14 330
330 248
998 330
273 373
373 488
373 602
373 850
894 488
894 978
894 833
41 571
441 571
571 488
571 532
280 152
152 155
152 608
711 608
569 711
711 833
649 421
421 608
421 269
229 959
959 608
855 214
214 296
296 833
833 300
508 943
943 87
88 631
88 892
839 88
945 368
631 368
967 368
318 368
631 231
281 231
589 231
631 64
605 596
605 380
223 605
431 605
838 170
630 838
838 223
386 683
223 683
451 683
683 258
223 945
972 285
972 616
972 59
147 945
616 147
147 235
233 168
233 616
148 233
616 511
127 945
945 969
940 843
418 843
165 843
843 434
68 328
328 434
101 328
328 889
814 772
772 360
782 772
772 434
639 367
642 367
367 91
419 639
419 961
457 419
58 953
861 953
953 639
953 916
2 639
639 889
277 645
277 479
889 277
645 738
341 738
249 738
157 795
645 795
318 795
783 645
954 385
385 406
406 889
658 318
658 102
504 658
658 395
387 3
423 3
919 3
395 3
483 629
308 483
973 483
483 395
715 244
244 617
311 244
691 244
699 572
699 715
516 699
563 715
102 563
563 196
771 563
612 798
798 906
842 798
820 798
980 494
980 612
623 980
702 612
468 702
702 74
102 702
102 72
318 912
573 912
873 778
778 189
366 778
427 778
189 561
561 920
561 287
533 595
617 533
533 189
704 533
15 189
957 787
655 787
803 787
638 957
638 213
638 704
428 210
339 210
210 957
407 957
957 870
822 129
704 129
129 167
129 845
297 941
888 297
297 167
903 289
289 167
289 875
289 154
167 677
971 465
465 704
890 24
634 890
890 325
546 657
24 657
657 805
122 50
50 336
24 50
50 762
24 923
164 758
336 758
312 758
379 534
108 379
487 379
164 379
986 177
35 177
177 164
177 898
164 801
218 885
885 921
885 6
885 659
486 509
486 659
486 336
486 682
941 518
518 659
518 679
564 659
115 336
712 840
712 513
204 712
840 186
228 186
186 126
491 840
382 491
859 491
553 491
862 840
56 531
531 941
531 632
109 414
632 109
553 109
633 554
632 554
554 718
692 554
632 547
547 217
976 726
726 259
442 726
661 442
485 661
409 661
553 661
473 369
583 473
442 473
522 473
915 110
110 553
553 93
245 548
232 245
392 245
796 182
503 182
232 182
329 232
313 329
329 837
911 36
36 232
264 36
98 529
942 529
529 883
477 529
436 966
911 966
477 966
617 198
198 653
477 198
578 477
294 458
911 294
294 560
905 293
458 293
293 685
644 156
156 936
458 156
156 356
458 909
812 911
207 813
261 813
813 865
813 900
503 690
989 690
163 690
690 261
674 183
674 261
810 674
594 705
810 594
220 594
97 594
673 841
673 282
705 673
370 65
370 555
705 370
713 370
705 869
372 17
574 372
372 519
768 372
858 187
221 187
187 17
810 636
819 636
636 17
303 17
17 481
394 637
530 637
271 637
637 70
1 54
1 466
271 1
1 362
136 358
136 476
136 271
241 271
492 872
872 503
872 104
446 872
492 983
587 983
252 983
846 983
176 492
176 985
176 476
688 176
141 276
188 276
276 212
359 175
175 212
597 175
476 175
180 755
180 212
180 902
180 910
212 283
550 478
478 178
178 503
503 138
138 80
408 617
57 402
402 509
509 703
703 937
