130
5.0 1.0
4596 4755
-10997 5834
4734 -3345
-2358 -368
-15536 -15689
7422 -12841
3443 -6076
7001 607
6905 3668
4908 4096
4521 -2655
-10661 5789
-4037 2906
-6211 4962
-662 2257
-2834 1605
-3557 2901
-1993 2179
-4076 3147
-2823 3130
-1059 2396
-2880 3338
-3880 3248
-3421 3201
-2622 3176
-3881 3198
-5011 3870
-3726 3486
-3742 3395
-3476 3601
-3977 3759
-5514 4485
-4994 3983
-5231 4079
-4903 3746
-4260 3174
-3457 2255
-7131 3886
-3191 1856
-2945 1643
-921 384
731 2411
653 2417
1908 2436
-658 508
913 2173
-288 901
612 2008
716 2157
1730 2320
42 1192
943 1970
821 1738
1076 2073
1397 2212
1350 2105
1057 1921
893 1791
1489 2159
1201 1990
1086 1922
1673 2282
752 2154
338 1609
697 2020
785 2102
478 1761
-258 937
355 1596
94 1319
505 1778
791 2070
801 2114
781 2066
791 2123
601 1947
573 1881
605 1934
696 2025
685 2018
612 1956
769 2102
595 1904
490 1787
377 1654
444 1742
509 1830
623 1976
736 2080
698 2039
790 2123
684 2042
731 2125
772 2134
849 2119
-102 1100
680 1932
664 1911
828 2093
609 1861
477 1720
373 1607
632 1882
139 1358
437 1677
516 1762
-57 1148
-18 1190
586 1837
743 2005
893 2165
842 2131
787 2140
878 2159
755 2147
784 2134
845 2123
825 2131
822 2134
823 2128
764 2146
841 2155
812 2149
782 2144
783 2147
770 2145
785 2140
808 2134
799 2137
808 2135
