1000 60
54 23 21 23 17 9 7 24 21 33 17 14 24 16 4 27 21 38 11 24 59 59 32 40 12 42 24 52 56 51 10 12 42 1 18 12 14 59 37 44 16 33 18 9 32 17 13 17 59 43 27 25 5 28 33 17 27 58 30 47 50 36 18 60 16 55 12 39 34 14 34 31 56 18 32 27 41 57 34 24 10 60 42 32 9 54 17 28 40 2 60 51 12 12 42 16 3 29 41 12 25 1 58 41 58 16 53 18 23 59 16 24 3 60 11 12 8 20 11 11 38 44 27 42 35 42 12 49 36 37 4 46 54 20 5 10 37 28 31 60 53 27 7 9 25 11 1 34 29 50 45 28 31 32 13 21 22 35 43 36 14 21 60 22 18 55 8 9 38 41 32 22 51 18 44 38 33 57 42 39 25 48 38 56 28 24 48 8 6 30 15 54 54 20 3 28 52 23 49 24 24 39 26 8 51 19 57 33 23 23 25 13 16 3 22 18 16 42 38 50 18 23 56 22 47 11 4 36 1 19 9 45 49 39 15 53 14 27 35 24 10 28 58 48 13 58 49 44 36 18 25 5 39 39 33 51 6 1 31 2 8 55 57 37 37 16 41 3 7 48 35 32 7 53 29 10 1 26 43 28 15 42 48 27 49 40 45 44 18 18 28 50 46 16 32 24 21 22 43 36 51 48 47 9 37 21 50 5 59 34 44 20 54 40 31 21 43 37 21 26 20 38 27 55 19 9 45 1 9 54 29 45 25 35 21 58 1 52 29 7 36 14 4 30 52 11 18 47 10 27 54 53 4 6 52 2 26 14 2 42 40 43 54 2 43 51 4 8 42 54 14 42 43 54 27 3 34 44 4 49 57 4 36 17 33 9 11 39 48 12 26 1 11 13 4 18 41 30 24 56 17 28 53 47 57 55 10 50 28 2 39 59 9 55 3 58 40 20 53 18 12 10 24 43 37 52 22 39 8 59 20 60 17 13 18 45 1 44 59 45 21 53 10 8 41 36 32 55 44 34 44 42 27 24 14 48 7 49 56 51 24 39 26 16 20 54 6 58 48 17 15 10 33 1 22 29 38 20 41 9 46 7 17 21 12 38 27 56 45 59 7 15 24 33 37 58 3 53 43 28 18 15 7 38 2 35 41 18 20 2 8 12 5 39 25 37 32 53 23 46 46 7 13 19 21 37 29 49 12 24 43 16 6 33 5 57 22 54 4 35 50 38 35 36 50 55 42 23 22 36 54 23 38 59 47 27 34 47 26 32 43 27 28 6 37 19 7 27 37 59 55 16 20 49 36 41 28 26 22 43 47 8 16 8 30 49 21 6 16 28 9 32 27 56 60 30 42 14 56 43 32 36 23 36 19 6 13 30 17 16 55 16 51 47 26 42 58 1 24 38 47 11 56 5 13 37 29 51 30 9 39 30 2 23 54 36 15 45 56 57 50 49 39 32 45 24 58 8 25 29 30 9 42 5 48 14 9 2 17 31 8 56 22 5 8 52 41 4 28 47 8 60 41 38 33 57 50 44 53 41 28 7 29 32 29 16 53 5 10 21 47 60 9 28 60 42 2 13 25 24 32 10 29 48 26 43 41 40 9 37 44 8 39 35 59 35 38 22 32 4 32 36 15 43 41 12 49 25 51 28 29 12 58 49 11 8 36 34 6 25 11 26 49 10 41 19 2 41 42 7 11 48 28 58 17 52 59 28 5 12 40 41 44 23 36 1 14 58 4 17 22 24 23 19 54 23 14 45 13 28 28 57 60 41 6 4 13 6 44 28 52 21 52 26 40 23 54 16 54 12 38 7 28 52 14 33 13 59 11 49 51 50 45 22 37 51 45 25 43 27 19 9 46 54 40 9 56 30 45 45 15 51 53 17 60 19 12 43 36 6 28 29 30 56 12 2 24 6 50 29 27 13 25 18 55 33 43 17 28 49 9 25 45 23 1 5 19 55 52 49 37 51 48 27 33 22 47 15 12 29 48 24 17 57 33 28 7 50 6 59 60 28 49 2 40 12 55 38 55 49 58 3 10 39 24 26 60 3 22 19 16 13 12 59 33 47 32 1 35 19 37 2 24 2 38 18 33 50 31 49 13 44 15 54 54 34 15 35 11 1 58 9 34 2 30 21 35 55 54 23 1 3 51 26 60 13 52 29 34 48 4 20 57 30 27 34 45 24 18 4 2 50 35 46 41 4 29 54 4 44 42 26 6 21 13 35 20 23 30 5 44 27 39 50 52 13 26 49 35 45
1000
R 977
R 139
P 145 196 37
P 155 179 52
C
F
CS 690 316
P 12 84 15
P 310 439 36
F
P 647 651 60
CS 246 214
P 603 626 3
P 343 417 6
S 712 426
P 48 140 50
R 2
P 274 359 40
CS 768 138
CS 921 264
R 857
C
C
CS 373 203
P 451 248 1
P 528 535 33
R 905
CS 288 431
P 422 425 12
CS 533 15
P 644 819 31
C
P 496 567 34
R 708
P 345 351 43
CS 957 108
F
R 480
P 674 755 24
CS 345 622
CS 227 563
F
CS 367 515
P 520 558 47
S 626 583
P 704 804 44
CS 153 430
F
F
CS 255 234
P 319 373 2
P 29 37 48
CS 221 675
P 739 796 22
P 560 641 46
S 549 636
CS 685 596
C
P 430 450 16
CS 290 407
R 833
F
F
F
CS 929 702
R 349
C
P 78 135 59
P 185 244 17
R 445
F
F
C
CS 737 814
CS 714 385
P 304 309 5
F
F
F
R 567
CS 754 882
CS 1 885
CS 306 190
F
P 462 510 4
P 136 208 9
R 470
F
P 12 524 42
F
CS 145 825
CS 320 800
CS 254 264
CS 934 469
CS 705 678
P 471 517 26
F
CS 328 541
R 992
R 298
P 269 352 15
P 426 98 18
F
CS 532 180
F
R 221
CS 429 663
P 7 57 33
R 750
P 428 499 50
P 172 224 15
CS 484 307
F
CS 329 686
CS 382 949
CS 525 255
CS 510 444
P 370 429 33
P 467 425 43
CS 255 97
F
CS 54 379
CS 67 495
P 650 663 58
S 931 93
F
P 57 117 57
C
P 364 382 7
C
R 809
CS 146 180
P 673 768 54
P 475 533 18
P 759 761 42
CS 762 289
F
R 203
P 904 952 59
P 927 982 26
CS 487 871
CS 384 896
CS 986 472
R 61
P 642 669 26
CS 567 51
P 158 159 9
P 744 795 8
CS 370 53
P 578 641 59
P 525 301 55
R 876
CS 581 981
F
P 968 19 55
F
CS 608 796
R 325
R 254
CS 350 527
C
F
P 769 785 52
P 160 197 51
F
F
C
R 252
P 308 326 58
P 12 23 36
CS 273 707
P 245 268 30
CS 803 802
F
R 331
CS 469 743
CS 295 346
F
CS 96 281
CS 40 619
F
CS 808 537
P 823 859 46
R 922
CS 241 178
CS 595 604
C
C
CS 749 309
R 688
CS 249 103
C
P 313 343 54
P 691 781 59
F
P 738 768 9
CS 946 827
R 261
S 913 226
P 636 667 10
R 233
F
P 474 554 56
CS 941 88
S 798 918
F
C
CS 164 394
C
CS 874 185
F
CS 727 371
C
F
CS 795 240
P 370 404 29
F
P 890 987 54
CS 495 439
F
P 287 325 54
R 344
P 93 141 41
S 529 342
CS 815 298
C
P 683 750 41
F
CS 42 551
CS 763 946
P 107 192 55
F
P 722 761 16
CS 967 834
CS 871 964
P 194 241 33
C
P 100 128 38
F
R 86
F
F
F
P 738 800 58
CS 861 575
C
CS 993 653
CS 57 326
C
P 92 126 24
CS 121 764
C
CS 925 111
P 788 842 33
P 851 244 47
P 804 897 19
P 945 38 60
P 579 633 15
P 652 688 35
P 115 142 46
R 520
F
F
CS 982 409
F
CS 335 435
P 442 492 40
F
R 779
P 855 910 60
CS 84 300
C
F
C
P 884 933 8
CS 654 197
CS 231 531
R 606
R 269
CS 424 888
P 917 955 17
P 930 997 5
CS 682 321
C
CS 784 153
P 689 692 60
P 22 251 45
C
F
C
CS 398 242
P 90 187 54
F
F
P 74 104 6
CS 61 449
CS 654 931
CS 983 911
P 514 583 44
S 288 948
P 825 841 55
CS 55 483
F
CS 984 268
C
R 5
CS 391 70
F
C
C
F
P 599 613 27
CS 850 913
C
P 602 675 46
P 864 915 55
P 713 728 25
C
P 385 435 48
S 51 339
C
CS 1 264
CS 16 489
CS 486 691
CS 758 255
P 419 491 41
CS 259 104
CS 497 926
P 560 622 32
C
F
S 845 942
C
CS 708 54
CS 327 326
C
F
P 988 58 13
P 617 673 51
CS 44 501
F
S 899 267
R 232
P 94 142 47
CS 731 548
S 157 321
P 506 554 5
F
F
C
P 732 796 47
CS 760 49
CS 220 889
P 970 43 11
P 119 171 38
P 350 429 58
CS 487 599
P 957 958 1
R 487
F
R 737
C
C
P 424 434 33
CS 644 433
F
CS 554 264
CS 722 773
F
CS 845 102
P 377 460 43
CS 460 815
C
P 961 9 8
CS 306 679
C
CS 1 421
R 417
F
C
CS 324 215
P 906 922 42
F
CS 601 236
R 70
CS 858 543
F
F
S 919 579
R 414
S 115 722
R 77
C
R 38
CS 606 423
C
C
F
R 879
C
P 948 999 30
R 849
P 539 614 35
CS 206 418
P 977 4 30
CS 352 723
CS 817 237
F
R 297
CS 141 97
CS 759 771
CS 60 650
R 510
C
R 484
P 514 523 23
CS 355 181
P 360 414 27
F
R 240
CS 404 210
CS 881 265
P 211 301 3
C
P 565 883 14
CS 464 750
F
R 338
P 365 377 45
P 68 80 43
R 206
F
C
F
F
P 103 164 56
C
P 424 503 7
CS 141 690
C
P 194 263 42
C
C
P 561 403 17
F
CS 543 136
P 90 178 41
P 142 157 59
P 383 444 21
CS 252 777
CS 721 86
CS 179 761
F
P 693 850 36
CS 79 846
CS 138 353
F
C
R 719
C
R 735
F
C
R 731
CS 383 179
R 286
F
CS 201 903
S 669 26
P 118 207 1
P 837 870 56
P 51 147 51
CS 153 116
CS 886 400
F
CS 903 915
CS 395 31
C
P 455 458 7
R 520
R 684
CS 211 520
C
CS 693 401
F
P 993 76 17
P 19 55 53
P 890 975 56
F
P 902 1 14
R 643
CS 964 715
S 601 484
CS 883 247
R 580
CS 501 634
P 44 56 58
F
C
F
C
S 969 994
CS 267 714
P 478 517 48
CS 238 214
P 561 659 19
P 739 764 32
CS 816 466
F
P 808 821 47
R 197
CS 254 417
CS 29 67
CS 142 141
CS 18 873
CS 140 984
P 122 146 42
R 135
CS 739 984
P 447 501 47
F
CS 608 838
C
C
P 991 59 45
F
F
P 297 663 16
F
F
R 131
CS 997 775
P 430 693 3
C
F
C
CS 230 788
CS 351 912
F
CS 213 609
C
F
P 480 553 16
P 456 471 29
P 207 213 3
CS 173 720
C
CS 653 893
C
CS 518 564
F
P 232 301 56
P 385 450 20
P 899 969 9
R 773
P 487 509 29
S 613 264
C
P 307 403 58
R 248
P 930 23 42
P 100 178 34
C
P 267 269 49
F
P 322 386 18
C
S 269 785
R 290
C
P 19 42 25
C
CS 536 406
F
P 322 362 23
CS 511 307
CS 256 135
R 995
F
P 392 487 11
CS 313 145
F
F
P 188 262 55
CS 138 879
C
P 70 146 21
F
F
P 542 590 43
P 921 940 53
F
CS 986 953
S 251 512
R 881
CS 271 465
P 805 852 33
CS 672 593
P 713 771 32
F
P 406 463 33
P 20 59 2
C
R 800
CS 442 920
CS 811 236
C
CS 136 956
P 795 888 30
P 929 28 21
R 733
F
P 704 761 7
P 180 184 2
CS 290 101
F
R 724
P 347 435 55
CS 872 82
CS 225 461
C
F
CS 118 584
C
S 435 589
CS 12 588
P 323 423 16
R 388
P 187 241 51
F
CS 296 329
F
F
F
P 820 909 21
C
R 577
P 39 20 18
CS 446 624
R 231
P 556 655 14
CS 968 82
CS 540 583
S 476 50
P 6 83 45
F
P 985 993 20
C
CS 237 956
R 279
C
CS 366 318
P 361 142 24
C
C
R 767
F
S 101 625
P 32 127 51
C
R 282
CS 18 538
CS 530 982
F
CS 975 85
CS 980 582
CS 360 802
CS 886 430
F
R 73
R 813
S 779 360
P 50 90 4
P 274 293 40
C
P 85 185 2
P 711 799 37
F
F
CS 122 549
C
P 131 175 14
C
P 17 103 6
C
R 143
P 409 488 28
P 478 529 8
CS 625 946
CS 268 121
R 876
P 722 806 24
P 174 268 26
P 695 753 22
CS 212 111
P 245 263 22
P 214 266 7
R 356
C
F
P 406 418 7
P 275 336 11
P 653 898 33
S 885 754
F
R 776
CS 370 760
CS 613 385
P 730 821 55
CS 546 439
CS 61 791
C
R 50
P 981 81 44
CS 877 123
CS 553 252
C
P 344 361 58
F
CS 334 333
C
P 879 925 53
C
F
P 460 538 56
CS 374 977
R 295
P 174 209 56
CS 698 273
P 934 32 9
P 683 712 16
P 828 141 53
CS 785 804
CS 672 761
F
C
P 280 324 2
P 22 29 21
CS 801 617
CS 646 848
CS 544 205
F
F
P 272 347 34
P 19 270 45
F
R 978
CS 155 438
P 843 877 10
CS 168 41
F
F
P 606 671 58
P 861 895 26
F
R 530
CS 228 423
F
P 57 84 29
S 499 611
P 400 482 20
R 5
P 514 578 10
C
CS 314 354
S 115 708
P 85 176 39
P 134 175 1
C
CS 566 600
P 351 388 24
CS 360 183
CS 279 32
S 359 670
CS 190 156
P 215 254 40
R 446
CS 89 936
R 304
R 238
F
P 312 336 50
C
C
F
C
CS 838 499
C
CS 653 260
P 347 28 58
CS 234 564
F
CS 252 692
F
CS 474 310
CS 374 827
P 655 672 16
CS 816 114
F
F
C
R 465
F
CS 702 739
R 604
CS 587 541
F
F
R 241
F
C
R 708
F
P 412 418 10
CS 311 346
R 670
CS 874 914
F
F
C
R 209
R 791
F
P 359 961 50
P 559 615 42
CS 93 324
CS 340 732
R 631
C
CS 829 184
P 76 149 60
R 733
P 4 205 21
CS 569 923
R 733
S 792 306
P 512 689 47
C
P 288 306 58
R 59
CS 318 705
P 828 869 43
CS 360 356
S 771 90
F
C
CS 710 552
CS 492 760
CS 83 732
F
C
P 134 146 11
CS 46 422
CS 889 707
F
F
P 198 289 9
S 3 818
R 191
P 673 676 37
P 332 366 60
P 823 108 20
F
CS 96 779
F
P 779 828 11
CS 745 542
F
CS 380 528
R 268
F
R 142
P 876 915 56
R 3
S 576 790
P 469 488 7
S 254 130
R 34
R 544
C
F
CS 652 639
CS 474 763
R 375
CS 640 591
CS 655 243
P 705 416 28
CS 7 171
R 281
CS 443 694
C
P 674 739 50
F
P 314 404 29
CS 568 975
F
P 505 588 30
CS 237 637
P 121 996 22
C
CS 685 684
R 64
F
CS 616 817
P 68 87 29
P 435 438 41
C
F
F
S 321 654
CS 283 677
CS 77 79
CS 692 386
CS 951 807
F
F
CS 967 210
R 828
F
C
P 763 807 2
F
S 684 501
P 347 392 36
P 391 452 41
S 45 424
CS 339 531
F
F
R 923
CS 961 506
P 407 454 58
C
P 835 866 24
R 689
R 263
P 520 603 44
R 386
P 970 798 52
R 384
R 124
F
CS 670 432
CS 484 416
F
CS 761 444
F
R 339
P 509 493 50
CS 439 719
P 976 38 23
F
P 603 59 2
CS 883 445
F
CS 612 809
P 994 70 10
F
CS 587 872
P 714 719 26
P 240 323 36
P 782 235 4
R 403
CS 830 124
F
P 634 719 28
F
R 940
F
F
P 72 109 2
P 954 27 48
R 74
F
R 331
P 47 74 48
S 264 973
F
CS 435 911
R 566
F
CS 192 345
CS 565 608
S 600 546
CS 973 625
CS 429 140
R 945
C
C
CS 716 958
CS 563 447
CS 758 1
CS 502 887
P 329 362 54
F
P 415 491 58
CS 757 558
P 104 149 24
P 212 272 57
F
