1000 100
58 70 83 95 35 61 60 17 24 14 79 74 11 98 9 54 87 78 83 94 1 84 16 7 24 72 92 44 15 26 90 67 52 90 41 8 35 89 58 65 23 78 35 1 92 14 50 63 86 63 31 58 73 35 4 11 38 47 4 94 28 1 54 85 10 19 99 93 64 81 29 34 88 54 5 17 76 38 79 84 81 74 32 58 74 28 25 76 28 73 98 38 32 4 5 54 36 37 45 18 6 38 57 36 75 97 41 27 14 14 55 91 71 38 25 90 7 72 42 65 65 6 70 21 10 36 72 54 25 21 79 71 52 10 90 55 63 95 11 51 27 62 69 30 81 43 6 1 52 54 21 11 39 31 61 40 59 39 45 28 93 69 17 27 3 88 40 7 21 92 63 33 14 19 51 47 22 5 79 29 30 6 57 18 66 91 61 18 79 35 49 62 85 84 59 16 66 76 88 47 12 1 98 1 12 92 88 63 67 37 36 92 1 4 46 58 87 58 43 26 77 28 45 74 33 55 85 84 22 59 76 68 21 89 62 38 100 74 40 29 44 46 49 67 32 37 48 43 30 69 64 87 70 92 19 21 28 4 59 100 91 28 18 94 23 56 85 13 63 64 95 39 72 33 6 14 32 4 55 48 50 51 94 82 81 53 29 27 19 78 61 84 4 23 84 93 83 95 45 14 96 6 41 51 59 24 12 81 84 50 95 90 92 97 87 43 70 11 93 56 73 89 51 11 62 93 88 97 93 61 40 49 64 60 98 98 42 82 85 35 45 30 24 57 59 21 77 86 47 80 33 39 91 74 42 75 76 1 100 41 100 2 8 46 43 27 86 12 9 56 58 98 43 44 66 69 8 41 18 50 18 50 68 46 57 100 56 22 95 19 62 2 40 63 47 52 48 86 90 29 43 60 84 8 85 72 10 50 58 64 41 61 71 56 13 79 14 27 71 53 46 32 45 89 11 83 28 36 100 30 60 24 17 69 29 58 79 71 42 63 82 59 29 93 31 15 22 15 62 12 9 88 26 34 85 79 98 62 75 18 62 93 13 7 59 19 7 64 14 40 83 38 12 57 48 79 66 82 42 98 95 6 12 99 42 36 86 59 44 97 95 6 71 25 98 88 88 10 49 89 50 95 54 77 35 18 77 34 47 29 21 43 26 53 98 13 39 19 16 12 83 74 10 60 6 18 93 52 16 67 2 55 50 93 37 85 32 63 80 32 58 37 7 100 30 62 9 75 73 17 43 93 7 84 55 92 84 42 48 51 12 14 60 100 59 37 86 34 70 6 1 60 53 32 44 55 1 100 28 85 3 37 67 63 29 100 86 69 97 79 73 72 100 61 2 49 89 39 79 35 14 94 68 61 93 20 44 1 95 63 59 63 66 32 52 18 57 68 35 12 44 57 46 9 63 90 20 82 63 28 34 2 11 28 57 32 17 49 20 30 89 44 86 45 69 100 98 54 86 55 23 93 65 46 78 56 74 4 90 30 9 39 98 17 38 10 61 89 35 14 46 5 50 61 41 59 29 83 2 7 4 25 12 4 10 64 77 78 96 72 36 47 32 20 83 69 26 35 18 67 95 19 63 60 8 29 40 80 69 5 90 48 89 71 87 24 96 38 51 43 86 21 66 67 76 31 1 46 32 59 53 24 58 16 80 97 76 57 83 41 22 60 91 18 6 12 13 87 54 9 40 23 19 39 100 19 24 45 96 39 72 99 39 66 56 66 3 89 29 83 14 62 91 30 34 29 18 64 32 75 86 92 16 57 100 14 78 11 69 45 44 82 45 2 62 22 60 8 70 12 64 70 29 43 21 35 9 61 39 4 78 97 68 83 19 90 89 23 20 7 10 24 21 69 84 40 60 8 19 94 19 78 36 46 9 12 68 73 10 98 9 3 93 9 85 90 17 3 33 41 63 26 52 21 35 37 72 50 83 92 52 89 20 2 91 100 12 44 55 26 92 27 61 25 71 54 61 66 14 45 77 4 89 6 79 20 26 26 18 27 69 93 88 64 8 70 65 15 47 36 51 82 79 38 47 67 86 34 27 6 46 71 16 41 100 1 74 49 98 76 57 99 32 89 62 39 18 36 19 67 7 72 63 7 90 57 46 16 32 95 55 18 45 4 7 79 46 56 1 17 92 98 78 83 6 38 51 78 84 93 69 97 98 56 8 83 83 81 63 24 16 46 59 23 12 67 29 2 57 35 29 75 74 9 65 94 6 89 3 58 37 32 58 4 10 76 74 65 9 9
1000
F
C
P 593 677 77
P 95 110 85
S 949 51
P 908 936 74
R 834
R 858
CS 152 150
P 490 542 11
P 266 356 49
P 882 887 65
F
P 622 640 66
R 825
P 434 529 64
P 398 467 19
S 432 905
F
CS 589 624
P 759 856 66
C
CS 641 534
P 16 40 46
P 217 234 60
S 759 953
F
R 189
R 351
C
F
CS 462 504
F
CS 657 808
P 685 765 32
F
C
P 447 533 2
R 331
R 510
CS 494 281
CS 881 257
CS 231 64
CS 303 490
C
CS 851 102
F
S 378 327
CS 903 780
P 877 947 64
S 954 11
R 268
S 85 774
F
CS 427 847
P 527 577 71
P 706 744 51
CS 61 447
CS 800 759
CS 229 524
P 502 530 79
R 308
P 931 730 58
CS 235 84
P 43 60 89
CS 929 894
F
P 98 124 49
P 62 137 1
P 297 307 58
CS 261 645
P 444 485 33
P 380 445 12
CS 475 601
C
CS 926 87
CS 251 625
CS 324 619
C
R 90
P 952 963 41
S 910 845
F
P 691 770 31
CS 352 627
S 507 331
CS 83 792
P 128 186 41
F
P 155 242 5
R 17
CS 553 820
P 752 848 77
CS 733 372
CS 948 656
R 460
S 222 884
P 603 663 45
CS 638 91
CS 935 709
F
P 631 674 22
F
P 165 171 40
R 56
CS 674 767
F
C
R 52
P 932 32 92
P 857 789 91
P 199 229 4
CS 546 676
P 777 875 93
P 859 910 80
P 625 680 76
R 812
P 337 407 21
P 873 955 70
R 796
CS 624 383
P 29 70 19
C
CS 289 887
R 477
C
CS 915 140
CS 330 832
CS 324 741
C
CS 808 801
R 575
F
C
F
C
P 94 193 58
C
F
P 186 275 38
CS 998 571
P 681 781 86
CS 53 297
CS 171 665
F
CS 475 244
R 169
F
P 25 118 6
R 982
F
P 585 608 22
R 137
C
P 606 673 51
F
F
P 419 453 76
P 26 117 80
P 1 23 91
C
F
C
CS 298 458
P 366 411 89
CS 78 504
C
F
CS 292 635
P 588 658 13
P 567 626 79
CS 156 554
R 692
CS 703 139
F
CS 678 179
CS 778 67
P 9 108 100
CS 767 963
C
R 187
P 304 354 64
F
CS 473 472
R 870
R 133
R 59
F
CS 603 59
F
F
R 462
F
P 561 646 68
CS 286 806
CS 752 193
F
P 472 541 96
C
S 692 978
R 979
F
CS 309 393
F
C
R 387
C
F
F
CS 778 553
S 762 362
F
P 662 740 40
P 450 521 51
CS 617 376
S 787 271
P 854 882 87
C
R 237
P 403 405 27
S 912 238
F
F
CS 608 134
P 671 733 89
CS 111 79
C
S 528 27
R 292
S 859 999
F
CS 652 412
F
F
R 840
CS 214 489
P 539 550 25
P 410 465 9
R 223
F
F
CS 873 803
F
P 356 365 61
CS 376 687
P 969 63 44
C
P 28 64 25
P 362 454 33
F
CS 749 603
F
P 54 133 74
S 924 918
CS 87 811
CS 630 654
R 852
P 294 376 67
P 286 332 72
P 667 692 33
R 518
C
CS 911 853
P 869 934 50
P 449 544 52
F
P 827 833 59
CS 340 637
C
C
P 552 557 95
R 435
CS 72 892
C
F
P 360 431 69
R 731
R 237
P 663 763 23
F
CS 486 591
P 502 588 13
CS 337 423
CS 949 713
P 70 137 6
CS 424 586
CS 662 990
CS 264 154
P 350 393 98
CS 459 684
CS 837 893
CS 46 987
F
F
R 5
CS 752 445
S 765 119
P 248 328 15
CS 305 175
F
P 884 976 100
P 894 969 15
CS 362 864
P 956 4 58
R 358
CS 554 985
R 929
CS 216 512
P 194 268 80
F
CS 288 272
R 262
R 54
P 719 138 94
R 818
P 178 229 60
CS 282 300
R 360
F
P 292 359 79
CS 148 59
F
CS 520 26
P 962 46 11
S 219 176
P 720 744 64
P 297 673 71
CS 463 43
C
F
C
F
F
P 541 610 87
CS 329 871
CS 756 327
P 537 600 3
F
S 396 512
P 288 308 13
P 109 182 60
F
P 553 584 82
P 643 260 25
C
CS 173 551
R 500
CS 407 511
P 609 676 43
C
S 910 140
P 516 548 34
CS 94 587
CS 892 282
P 939 947 69
S 611 182
P 977 20 18
P 201 238 43
S 388 766
R 848
C
R 656
F
R 497
F
P 491 999 55
CS 937 874
P 692 770 65
C
F
F
P 466 472 98
C
CS 938 333
CS 59 570
CS 503 801
CS 515 257
F
P 457 483 82
R 917
P 354 391 76
R 862
C
F
C
P 799 846 38
CS 810 31
F
P 936 987 21
C
CS 173 172
C
S 64 470
P 689 749 30
P 961 975 57
P 189 225 100
P 725 734 29
CS 934 533
F
P 24 983 35
F
R 564
P 305 322 42
C
CS 973 720
F
C
P 456 942 61
CS 635 401
P 638 724 22
CS 135 988
CS 669 905
F
CS 600 982
F
CS 120 149
CS 909 773
P 201 242 97
S 726 546
R 882
CS 621 192
P 713 737 94
CS 238 841
P 236 325 71
R 326
P 193 290 65
R 241
F
CS 812 682
P 266 360 55
F
P 398 458 87
C
P 421 474 45
P 613 632 75
CS 25 385
CS 934 739
P 660 709 21
CS 519 882
CS 881 799
C
C
CS 763 404
CS 387 224
CS 591 441
C
C
P 946 996 23
P 248 332 90
S 775 974
P 577 595 100
CS 683 549
F
CS 798 737
S 513 608
C
R 608
P 239 245 59
C
CS 72 162
F
CS 390 162
CS 322 706
CS 155 337
P 759 804 67
CS 794 541
CS 178 94
CS 708 487
F
P 884 925 39
S 696 57
C
R 230
CS 213 63
CS 237 532
P 120 164 70
C
F
P 14 81 80
S 221 4
P 542 571 75
P 942 31 50
P 746 764 11
R 283
P 817 843 44
CS 137 494
CS 588 809
CS 140 44
F
CS 951 819
CS 217 242
P 204 248 89
C
F
R 47
S 535 31
F
P 203 248 7
C
F
R 546
C
P 436 526 60
F
CS 434 991
CS 243 243
CS 142 438
S 940 401
P 831 864 26
P 22 82 90
F
R 199
P 54 59 78
P 630 668 84
CS 130 162
P 226 270 9
F
CS 89 497
P 224 278 53
R 432
P 494 502 28
CS 452 76
CS 599 354
R 861
R 142
C
CS 970 963
CS 310 81
CS 893 70
CS 688 405
CS 36 455
P 347 368 7
CS 821 457
P 302 311 83
P 343 354 89
R 980
CS 773 851
R 396
P 355 440 87
C
P 474 563 16
R 808
P 393 428 54
P 623 713 94
R 147
CS 28 246
F
R 846
F
F
R 686
F
CS 432 431
F
CS 681 165
F
P 941 982 17
F
C
R 702
R 703
P 603 659 68
C
CS 740 452
R 190
F
P 535 536 21
C
R 597
R 883
R 723
F
CS 286 897
R 683
S 905 483
F
CS 601 539
CS 989 73
CS 963 472
CS 854 302
R 106
R 171
CS 817 768
C
P 425 431 18
CS 97 486
F
R 754
P 764 855 88
CS 256 428
P 848 898 17
C
R 343
CS 883 149
CS 934 449
P 592 667 2
P 249 278 37
S 803 14
P 203 458 18
CS 11 879
P 702 740 63
R 562
CS 83 131
F
CS 936 580
CS 963 271
S 56 312
P 307 326 49
P 757 800 83
C
F
CS 57 426
P 76 116 88
F
R 624
P 864 153 31
F
P 120 719 24
R 155
P 118 754 25
CS 936 258
CS 383 832
R 860
CS 89 919
S 710 128
F
CS 777 755
CS 9 586
CS 511 268
P 751 777 56
CS 194 610
F
R 718
P 408 469 75
P 759 823 82
R 927
P 937 975 43
CS 310 446
P 206 187 45
P 107 167 99
R 195
CS 856 729
P 416 52 98
P 831 862 89
F
CS 687 437
S 709 762
C
R 483
R 850
CS 528 903
P 42 113 20
CS 371 829
S 597 368
C
C
P 519 532 9
CS 760 6
C
R 293
CS 721 749
F
C
CS 522 508
P 565 633 23
CS 302 560
CS 830 480
P 366 380 48
CS 833 133
F
R 796
F
R 756
CS 832 572
CS 913 932
C
CS 438 641
P 44 131 74
CS 73 965
R 148
P 336 398 87
F
F
P 983 26 38
P 67 84 57
P 914 948 10
P 102 187 53
CS 457 325
S 199 585
CS 682 191
F
CS 44 192
S 875 337
S 33 406
CS 385 285
CS 258 681
R 713
R 967
CS 880 295
R 286
CS 573 248
CS 920 802
P 783 876 8
C
P 34 102 56
P 192 200 51
P 448 507 75
C
P 69 103 87
F
F
CS 995 24
P 604 637 55
C
P 758 784 56
CS 3 960
R 211
S 325 928
CS 845 844
F
R 940
F
CS 869 909
C
R 206
P 236 264 68
CS 550 450
S 551 680
R 2
CS 522 129
P 980 176 74
F
CS 787 366
C
P 619 681 49
P 410 499 74
CS 776 549
P 911 975 62
CS 136 103
C
CS 400 64
CS 806 230
R 137
S 422 771
CS 437 491
P 24 59 18
CS 743 4
CS 850 215
R 463
CS 217 633
P 456 548 3
C
P 408 505 42
CS 284 717
C
F
CS 236 176
P 32 121 87
CS 882 714
P 399 610 36
S 154 412
CS 277 525
F
C
CS 628 75
F
CS 914 297
S 344 439
F
CS 713 63
R 51
CS 266 644
R 461
P 538 585 98
F
R 961
CS 399 653
CS 583 437
C
S 706 520
F
P 938 994 11
F
F
P 66 101 69
S 950 581
CS 166 986
C
P 524 717 51
F
P 235 334 95
S 63 390
R 324
P 887 914 81
R 347
R 457
P 9 15 92
F
CS 562 483
C
C
P 937 16 28
P 450 548 35
F
F
P 695 779 14
S 443 322
C
C
CS 373 63
F
CS 516 31
CS 766 689
CS 873 96
F
CS 315 928
R 134
F
C
F
P 963 987 3
P 581 662 5
CS 242 681
P 575 666 75
C
F
CS 783 468
CS 168 710
P 716 799 28
CS 616 395
P 719 782 86
CS 892 140
P 16 114 88
CS 777 803
P 779 805 67
P 244 265 63
R 759
CS 851 398
C
F
P 114 145 32
R 533
F
S 481 317
CS 266 829
CS 768 228
P 598 688 38
P 405 469 87
F
CS 251 686
CS 457 403
CS 747 785
P 536 561 56
P 675 771 5
CS 27 484
R 870
CS 134 846
S 9 368
F
CS 70 958
CS 936 756
R 151
CS 818 195
R 388
P 958 976 97
R 611
C
P 611 684 94
F
F
C
P 701 744 72
R 652
C
F
P 108 123 89
C
P 782 873 55
F
CS 576 417
P 720 817 6
CS 962 732
C
CS 897 224
CS 353 352
CS 543 483
P 684 783 5
C
P 440 526 55
F
C
P 799 868 81
P 500 540 65
F
C
P 704 709 41
P 691 780 84
CS 487 826
C
CS 92 599
F
CS 21 709
F
CS 620 572
P 119 133 83
CS 291 396
R 91
CS 253 877
F
R 4
F
C
C
P 345 412 98
P 967 16 3
C
P 264 347 89
R 374
CS 361 159
CS 10 928
CS 218 643
R 285
P 365 462 46
P 935 974 81
CS 869 119
R 46
P 622 679 16
R 808
CS 240 154
CS 662 223
CS 575 807
CS 996 318
P 63 149 63
F
P 318 329 89
P 580 646 70
F
P 688 782 47
F
S 268 985
P 549 630 12
F
R 124
P 228 311 84
P 489 567 91
P 957 980 37
S 228 683
CS 572 714
P 188 259 59
P 788 789 37
R 498
R 34
R 573
P 874 924 67
CS 904 795
CS 700 189
F
F
P 523 587 19
P 738 780 15
CS 308 788
CS 643 340
P 283 372 97
R 507
CS 761 48
P 766 863 39
R 986
P 514 564 22
F
F
CS 332 746
R 944
P 748 795 47
P 438 475 83
C
P 211 223 6
C
F
P 237 174 44
CS 815 440
CS 476 717
P 974 38 76
CS 650 968
P 491 550 23
S 812 195
CS 155 936
CS 335 512
R 770
F
R 651
R 295
F
F
S 246 736
R 517
S 999 68
C
P 248 264 3
CS 510 624
P 384 475 9
