178
558
38
437
10
4
511
562
19
1
68
495
245
471
1
157
265
139
195
48
175
106
175
114
137
4
9
143
6
139
107
36
39
1
37
44
4
32
8
5
43
51
44
42
9
57
22
12
24
17
29
18
29
25
24
8
29
5
25
30
1
28
26
30
10
1
33
15
33
25
33
1
33
6
1
5
1
1
9
9
7
10
10
10
23
25
25
25
17
9
16
18
21
5
1
7
16
24
32
5
36
34
8
11
14
33
34
28
20
21
25
14
9
6
24
9
8
16
4
6
1
3
14
4
4
3
18
19
3
13
14
9
11
23
7
10
3
25
25
19
30
31
30
5
21
7
27
28
28
25
28
24
29
26
11
9
10
33
4
33
33
36
23
30
19
33
19
2
5
1
4
5
5
4
3
3
3
5
6
5
8
6
3
3
2
1
6
6
3
5
5
7
14
14
6
14
4
16
2
12
16
16
8
1
5
2
21
17
14
2
11
25
11
3
17
18
19
1
1
6
25
10
22
6
20
14
33
31
5
10
27
25
22
3
30
4
31
13
17
4
1
17
13
8
12
8
12
12
3
4
3
5
10
12
14
3
15
13
13
10
3
19
11
18
15
19
11
21
21
16
21
21
9
20
23
15
23
24
13
2
9
29
14
24
29
25
23
4
29
18
9
19
21
15
4
21
26
10
28
16
21
28
12
27
11
16
6
7
23
