100 300
5730 9166 5058 1812 4323 6211 6681 1753 2050 2281 548 3828 5888 7497 7986 9636 5575 311 878 1791 2125 912 255 4764 442 1104 4334 8317 6967 6744 1293 4306 7383 6366 870 8329 7274 6740 8401 7658 6464 2205 474 1363 2091 4045 707 1759 2840 9089 6085 7116 2144 4240 9437 6876 1081 2272 4613 5948 50 3467 3984 8420 1887 1011 6346 6463 8018 2132 9295 2620 139 1657 8635 6963 5169 8450 8434 9292 3201 6756 5185 6316 4502 3106 8164 8481 6539 170 2841 209 5645 6531 1397 350 1907 1606 8630 2973 
34 82 746
42 88 325
37 90 875
47 56 45
18 97 89
49 98 87
92 99 350
36 80 149
57 91 759
27 94 591
6 83 180
30 33 307
83 95 219
61 91 957
57 94 947
26 52 826
32 34 118
6 22 51
33 64 518
30 83 70
35 58 752
20 95 402
54 98 128
33 93 442
11 45 562
40 66 494
17 35 400
4 29 55
58 72 853
90 91 965
23 85 710
54 72 469
66 82 481
17 55 539
5 10 820
75 97 725
78 98 720
20 93 409
34 63 112
36 62 495
32 71 740
60 79 31
40 72 737
25 55 225
83 84 910
47 66 662
36 67 98
10 35 921
13 61 49
24 87 386
32 91 331
16 86 461
19 76 142
71 97 863
39 39 398
54 79 759
3 19 890
14 47 27
28 46 281
17 69 918
47 60 45
60 99 804
20 82 575
86 94 450
18 99 701
56 74 379
5 32 532
30 81 711
9 78 155
11 35 168
48 76 448
26 83 622
21 72 532
43 71 31
39 73 380
14 24 127
4 100 83
55 69 626
17 26 308
22 68 331
79 86 420
63 97 392
28 80 196
37 67 720
27 59 13
77 92 502
1 63 70
22 65 85
23 88 473
40 100 204
33 73 323
90 92 961
36 71 221
9 65 826
70 94 608
21 40 902
1 87 430
9 100 300
31 58 67
65 84 219
53 99 298
78 95 268
57 70 942
23 61 593
32 80 711
16 59 238
45 49 860
3 52 765
12 73 98
16 56 697
30 30 762
13 49 783
2 20 866
67 88 411
5 48 296
38 83 321
62 66 219
12 29 685
9 11 432
39 74 316
37 60 343
37 57 712
14 48 254
47 65 879
20 28 538
51 52 264
20 84 545
24 97 1000
21 68 141
19 79 839
42 71 505
49 72 743
19 41 655
6 75 540
6 93 355
13 22 440
74 76 999
11 38 78
2 69 881
33 69 849
20 97 148
25 70 186
15 99 517
17 46 205
37 66 697
69 98 636
18 74 839
82 82 624
46 88 683
13 20 477
42 42 716
18 63 386
3 70 213
18 70 249
14 70 363
87 94 560
17 83 991
26 95 739
62 70 531
51 52 961
64 92 522
33 56 540
56 83 951
52 92 741
64 88 327
73 75 282
11 53 85
55 95 932
15 58 865
29 91 821
29 58 475
15 37 909
36 62 489
47 55 335
1 95 35
11 89 30
42 58 209
44 88 35
75 87 825
10 76 107
5 99 923
64 91 406
69 69 491
78 91 433
4 84 779
63 97 357
47 70 888
26 45 941
53 64 634
92 100 342
26 99 348
79 99 663
50 68 476
27 98 563
8 37 531
66 75 716
32 88 21
3 81 716
28 94 405
66 100 108
23 83 232
5 63 980
64 93 698
10 50 825
8 98 512
9 44 310
11 29 189
93 100 657
47 95 915
14 96 888
20 54 510
14 69 604
10 84 292
18 96 855
70 90 267
66 95 328
36 67 720
76 89 357
61 88 398
73 99 381
11 63 355
59 89 552
60 72 190
8 10 564
13 72 124
58 88 76
16 53 631
69 83 829
72 72 967
25 93 459
42 59 763
67 92 209
19 37 234
31 35 451
77 90 326
22 33 131
31 79 138
63 75 672
51 58 724
2 69 294
9 77 543
30 91 554
52 82 174
28 69 298
73 98 973
10 94 442
8 28 661
27 66 984
34 39 860
18 74 880
55 73 718
50 74 824
39 86 179
34 36 544
68 98 887
25 50 320
35 82 265
7 18 94
89 99 193
23 31 823
75 76 69
62 85 823
8 28 248
6 73 977
23 95 455
7 38 137
48 84 463
18 58 949
7 55 654
13 29 445
18 84 559
41 100 813
47 56 268
11 41 403
37 84 657
14 99 798
13 80 751
52 64 709
16 60 234
50 57 512
20 44 545
37 83 640
32 74 695
62 72 335
8 82 426
34 47 959
16 98 913
11 64 321
64 72 684
20 32 643
6 76 651
45 94 330
11 16 224
4 23 583
25 35 122
41 87 198
29 71 232
22 80 488
81 94 469
48 95 55
