50 100
688 508 199 901 306 699 987 40 7 669 471 255 994 3 400 617 389 928 79 882 564 268 670 878 211 180 467 741 130 882 49 672 120 465 755 547 550 725 642 379 245 456 945 393 490 631 391 47 217 591 
24 27 314
14 14 923
14 36 729
27 32 721
4 42 484
46 46 977
16 45 377
1 20 260
10 49 650
9 34 620
9 36 588
2 16 911
3 20 588
37 50 462
15 48 290
3 39 855
17 19 443
21 50 796
20 43 213
10 45 336
7 40 241
2 15 357
1 46 940
4 42 535
14 47 1009
22 48 169
5 13 817
1 39 11
5 50 456
13 18 60
22 41 343
1 19 401
35 44 786
3 47 971
19 42 879
35 46 240
25 46 769
14 31 358
38 42 348
28 48 773
33 37 763
29 48 336
24 33 949
29 40 72
16 18 299
28 38 171
1 13 458
18 21 1006
26 43 770
4 26 168
4 19 386
6 50 793
33 48 582
3 48 157
2 10 643
10 28 493
13 46 563
44 48 719
4 27 730
16 17 972
22 37 897
2 26 651
4 6 46
10 28 757
12 20 382
6 48 424
2 49 175
5 45 913
41 47 292
22 43 767
13 40 524
9 13 23
34 34 381
26 40 734
48 49 981
6 38 192
5 10 261
4 31 297
21 43 317
9 28 197
1 39 456
28 49 307
11 40 676
5 38 303
4 33 501
34 45 396
18 19 171
15 26 864
4 28 331
21 36 963
37 43 272
2 14 89
35 49 314
10 25 439
44 46 804
39 42 228
10 41 36
7 32 744
8 9 514
15 33 35
