500 2000
5796 4758 1893 1558 4007 9210 3394 8744 1834 391 7590 4708 2681 744 5846 5950 7647 8368 1957 764 1059 5619 5639 1216 7589 2904 4521 151 218 1229 5776 1057 1092 9228 5023 4609 2853 8220 1677 4359 2645 3179 6935 924 5762 555 3761 2510 344 1738 4002 4685 6594 8823 721 1077 4511 817 7051 6669 680 818 7527 447 592 9068 5323 1401 9197 5187 4127 7844 4903 8779 4243 5123 975 7427 7181 5085 9554 9571 1109 847 1614 5121 8645 3260 8083 1946 6587 4518 1165 1504 5697 8050 4114 255 4127 1654 999 7812 5823 4918 2408 2288 5810 3840 2439 2281 6625 2005 4645 2577 1030 8025 5663 684 3563 7964 2506 9116 4995 9066 5458 4591 1800 1984 8880 6540 69 9360 8314 729 8293 9191 8063 3185 6300 9580 9139 4036 1829 2252 696 7551 1579 9892 1006 1373 7147 9439 4924 1854 4201 7185 8367 5544 6563 6562 9522 4987 2916 1711 1151 1033 2281 3853 2181 422 7673 815 4475 3004 4512 1627 1891 4594 6173 9928 3699 7214 1981 9819 1584 9608 8967 4482 5723 5057 7162 7376 5313 8741 6963 2938 8845 1677 4980 9985 8017 9031 257 3057 6710 4729 76 9354 9824 1588 1060 349 8053 5158 2633 1897 1678 5763 2420 838 7151 5221 9989 8977 164 3185 412 3242 6221 843 8332 3787 2396 2893 7212 5018 4060 612 5904 1472 6260 5260 5320 9339 2172 1853 7352 2512 736 854 520 2101 530 7817 652 7199 8165 8087 3222 8791 1895 3645 5194 1042 5086 8127 1763 6913 6838 7284 5828 7446 2074 7346 8098 3817 7954 8108 9136 9162 9995 425 3755 2855 7533 8791 3975 1296 2505 5455 6489 25 5506 2123 406 960 494 9701 5500 3232 5308 5538 128 789 5544 5663 9672 512 12 4426 4666 4461 9802 3333 9284 6420 5320 3782 1230 5645 9322 3378 6909 1656 4950 2475 5257 6795 3204 360 7313 1661 9061 5861 3837 1203 7894 8570 7620 1048 2293 8240 2607 6147 675 1744 6029 3155 378 5358 2905 1438 3856 6023 5706 3291 4685 599 3017 5228 9674 1695 7224 4161 3178 2901 5665 2440 9453 507 5116 6857 1459 1140 837 4306 5006 5604 4046 3854 1915 5784 5936 3291 7059 5335 2472 2651 1884 9319 6176 5291 8229 306 9787 8659 9298 1002 773 8910 5189 3691 938 8107 6270 9952 8150 4146 5364 3705 6221 3579 5700 5947 9244 5403 6217 1033 5167 2352 286 8385 8132 1136 144 6106 688 4589 1782 8669 1841 7372 3013 3649 8388 933 2671 4587 856 3229 6189 2614 2739 8899 5757 4736 963 9864 6029 7221 6279 2050 4648 4479 7039 3731 8560 7854 5681 117 1550 4101 6926 5241 9942 9221 7444 5745 8702 8494 8949 2538 4864 9443 4920 2349 7133 2429 143 5576 4133 7475 6664 137 757 1209 7496 3003 6800 6550 3349 452 545 2426 1602 3982 3167 9792 2609 6149 
158 476 645
104 110 161
148 471 142
236 350 413
274 488 20
383 473 886
319 429 295
43 376 707
201 236 672
21 483 66
219 294 333
33 73 625
246 322 881
39 389 302
224 334 844
338 459 966
126 449 316
105 154 732
10 35 355
79 409 992
24 475 987
43 295 603
114 400 850
406 468 576
198 252 298
371 412 445
190 499 316
84 406 560
109 297 876
111 391 971
76 272 151
422 477 247
50 416 982
257 306 723
105 400 643
165 445 240
171 244 953
74 276 344
66 79 344
10 127 550
145 201 958
240 346 58
151 245 612
60 453 372
106 353 573
168 369 462
342 357 227
250 459 332
26 485 247
351 412 665
302 482 679
393 426 549
210 379 374
177 483 488
26 217 473
368 480 394
82 339 682
69 365 179
390 406 137
11 478 904
106 354 13
22 286 779
307 464 348
96 456 335
228 341 385
71 282 528
291 375 332
208 414 53
113 229 232
107 295 159
207 444 189
44 177 798
106 188 652
316 440 51
60 208 812
70 257 575
329 343 713
69 132 659
10 472 154
201 498 285
236 338 393
179 339 404
329 379 507
400 468 297
215 398 943
196 447 976
224 307 832
259 333 742
180 272 429
17 103 334
240 466 460
15 269 741
182 234 114
353 391 98
61 191 477
32 363 31
114 454 438
316 406 168
32 317 41
29 98 676
102 328 25
427 465 572
92 426 44
342 443 940
87 264 532
190 315 925
131 362 639
133 421 835
51 339 405
205 456 171
185 221 83
70 341 377
341 481 297
63 438 158
69 117 687
200 292 578
11 120 237
231 279 425
150 188 734
410 452 203
147 324 734
233 255 485
91 437 389
221 382 38
61 105 506
114 319 250
189 268 44
77 263 526
38 413 487
54 196 466
209 495 938
195 273 742
149 337 483
202 488 599
113 229 151
325 329 654
1 303 507
275 471 720
108 164 132
86 291 719
205 207 200
163 223 592
6 329 333
66 228 977
138 391 407
226 293 527
99 212 11
135 192 10
81 342 17
81 203 276
19 138 315
298 421 249
401 456 155
9 12 138
7 239 740
230 285 731
87 199 734
358 365 561
209 443 807
100 148 669
337 482 778
55 347 336
128 253 903
190 479 82
146 348 742
23 140 568
375 440 236
60 402 670
298 362 19
165 253 636
274 293 275
132 189 764
1 89 331
159 482 752
111 134 873
353 426 108
43 113 236
254 314 39
356 466 143
46 236 408
361 396 258
341 367 512
150 164 200
64 338 705
36 407 316
198 223 723
181 233 896
9 294 260
152 420 22
13 14 440
237 242 88
113 205 354
5 485 855
10 230 688
164 234 152
92 271 800
324 376 387
19 414 887
54 113 53
14 275 372
132 213 108
278 479 105
1 482 460
156 166 544
54 145 549
127 287 868
297 340 69
85 321 611
302 349 896
443 462 221
84 438 155
97 385 861
13 500 385
37 246 431
36 438 35
86 246 210
104 178 674
60 128 137
153 265 723
232 359 34
80 423 809
236 244 838
203 405 926
16 111 440
101 403 863
65 490 827
66 277 78
158 238 201
301 428 914
53 134 203
5 225 448
187 402 262
105 128 414
42 218 182
125 335 719
230 264 837
11 414 519
125 435 931
132 487 706
343 481 516
166 480 562
159 262 691
305 477 759
55 103 960
133 229 806
103 246 103
196 208 29
223 277 364
11 365 285
382 395 132
242 474 421
412 469 732
175 337 287
128 387 789
145 439 456
123 343 60
116 240 546
6 155 752
59 316 247
22 133 860
155 305 106
139 201 318
5 436 687
61 135 198
59 166 408
247 435 388
350 387 188
9 483 458
21 157 889
92 227 943
254 382 664
157 238 673
236 488 11
408 448 527
113 430 76
274 413 265
211 218 376
73 356 682
155 483 110
132 178 48
27 119 36
177 338 691
5 324 364
131 487 1003
33 255 330
357 466 331
300 415 1000
432 499 1008
54 396 711
8 358 393
3 480 332
93 145 625
326 397 660
195 402 734
173 325 897
62 292 387
105 461 162
184 355 403
27 365 715
39 214 424
38 314 290
208 359 286
151 246 79
7 247 282
185 238 851
210 378 42
375 475 864
287 300 72
62 388 631
303 305 630
385 498 767
29 86 333
366 402 416
249 359 496
121 268 337
279 312 766
6 122 255
113 243 354
219 462 973
59 276 731
59 394 998
203 340 836
90 138 414
409 444 1009
157 417 488
276 349 572
85 425 926
52 361 462
27 263 277
434 443 603
255 313 20
20 466 254
169 358 498
255 346 585
74 442 576
149 438 965
162 299 753
162 283 636
374 439 293
51 242 718
31 190 861
49 421 955
157 185 742
255 314 339
113 257 208
32 101 849
402 418 228
120 149 909
202 389 369
108 450 288
164 297 279
14 315 725
66 377 649
127 427 403
189 352 747
156 465 331
181 493 485
12 173 495
51 262 414
176 268 334
121 228 25
306 422 60
372 372 695
288 292 204
56 182 810
87 193 312
203 207 105
120 426 164
16 68 293
121 474 940
147 467 169
394 448 970
27 158 567
136 485 211
57 231 572
2 9 610
180 280 333
281 377 287
258 399 869
212 247 56
163 326 190
31 175 342
69 107 614
4 473 375
130 359 501
33 456 36
291 328 461
42 226 879
109 138 227
111 388 713
30 388 257
62 486 875
70 78 437
83 345 701
85 152 45
95 240 571
203 226 970
130 328 715
20 43 340
192 380 207
219 426 40
148 205 284
276 490 942
114 307 868
30 479 168
323 375 260
125 277 50
293 394 507
47 291 1007
176 333 506
140 359 733
130 288 104
264 443 150
121 375 339
222 489 930
127 325 719
344 463 693
286 483 375
369 429 323
37 168 677
24 411 275
15 67 744
184 188 679
59 220 774
264 280 682
159 373 224
280 383 940
253 405 314
40 267 169
120 428 353
5 290 279
63 77 540
264 495 234
94 306 386
271 353 1002
376 479 189
128 409 598
379 412 280
25 332 991
10 442 813
297 386 45
289 486 593
88 157 930
368 373 148
230 465 970
12 478 345
31 485 203
32 342 616
412 457 495
355 448 758
223 456 44
62 151 22
310 482 405
66 109 422
286 497 856
176 193 69
185 426 223
300 358 715
36 242 734
225 412 433
255 272 816
176 247 100
21 472 644
54 388 733
94 128 642
161 255 895
223 383 311
325 329 212
402 438 705
134 230 989
315 426 1002
211 366 897
169 264 863
45 492 638
341 363 982
211 226 92
170 380 282
349 361 502
312 373 969
257 481 807
287 312 707
10 486 679
60 404 674
442 477 409
78 322 72
61 251 353
374 495 524
129 187 459
31 348 661
60 128 423
24 78 113
36 433 432
58 370 534
37 447 138
91 292 714
317 463 937
39 276 633
15 284 691
113 357 308
294 371 953
329 375 90
226 298 188
195 203 949
306 362 478
222 484 175
43 128 119
243 402 511
17 176 737
142 249 165
41 359 267
116 491 485
109 270 926
357 480 266
5 44 564
217 281 204
80 116 607
230 487 717
179 416 993
185 229 444
326 352 989
364 427 123
80 144 59
150 341 943
41 452 16
32 235 396
45 149 196
307 485 793
28 31 497
214 259 174
378 404 509
4 267 537
402 479 165
6 292 33
106 148 684
8 275 719
341 476 164
83 260 594
387 460 677
64 446 623
383 385 226
49 364 452
194 244 640
355 390 797
115 201 420
390 484 172
91 330 299
12 73 34
248 442 119
91 102 996
107 169 576
111 159 398
93 418 829
233 312 874
7 162 497
175 498 726
264 429 160
195 361 226
258 484 778
272 307 672
88 316 268
168 215 66
124 428 87
116 320 182
139 333 335
174 177 29
112 341 135
173 474 224
25 164 451
9 90 499
46 418 416
61 483 988
16 321 135
150 491 654
91 268 701
149 245 514
140 298 162
35 225 24
103 194 165
209 264 900
287 472 185
241 253 11
5 470 876
18 143 427
96 221 498
13 247 242
18 432 535
293 382 376
255 443 577
42 485 991
60 246 1003
293 415 473
43 469 66
10 370 708
57 304 783
22 173 371
4 449 223
258 442 790
211 411 739
409 471 400
138 185 420
74 379 399
175 232 368
369 422 992
346 404 544
67 412 268
120 173 305
425 493 965
377 479 607
473 484 719
58 401 137
169 237 250
421 489 781
53 152 317
262 272 751
190 385 364
304 442 404
89 182 386
147 302 670
93 465 212
372 407 713
228 333 412
211 421 1001
229 485 267
288 470 291
243 350 29
5 412 422
412 465 336
148 365 22
240 472 14
11 241 241
24 118 743
152 324 502
160 437 873
160 238 957
301 366 122
341 358 502
112 438 237
148 411 853
79 205 268
54 353 331
273 341 288
385 497 121
211 288 404
331 422 156
295 370 216
85 206 599
139 196 63
183 407 308
114 252 299
435 484 558
143 415 658
232 353 522
364 391 424
84 372 210
38 191 990
162 233 696
332 394 93
320 405 988
17 64 717
193 262 499
23 107 307
74 450 929
32 158 933
13 193 553
117 297 863
156 189 606
190 197 274
327 462 633
51 417 954
113 199 826
243 251 337
315 405 798
119 248 828
99 233 179
263 406 90
183 361 525
97 231 925
128 249 900
199 208 638
89 427 857
170 346 572
21 244 319
278 397 82
21 154 692
27 172 180
241 337 151
64 93 994
328 490 152
120 155 563
415 438 161
364 446 330
188 337 854
287 435 29
10 10 171
86 303 282
53 470 14
140 362 841
7 248 828
71 433 520
119 148 687
107 153 795
283 375 782
53 400 338
299 466 57
102 203 498
204 401 840
120 316 908
8 176 840
20 184 643
208 281 376
376 410 991
203 366 283
298 385 630
28 462 696
58 419 492
486 498 645
177 186 743
286 394 352
3 68 264
256 275 419
98 323 632
152 404 780
295 305 95
254 288 791
440 463 989
202 277 879
22 345 286
20 326 676
51 328 648
34 57 903
265 374 804
123 402 994
440 465 351
43 494 753
186 382 465
414 469 275
296 401 595
493 495 792
174 215 634
149 335 558
73 382 323
225 249 362
143 160 284
283 420 475
111 398 728
178 413 667
21 383 768
150 213 543
232 270 698
153 234 189
96 179 734
274 481 610
404 425 395
429 492 151
9 313 876
172 336 519
18 61 442
82 117 44
53 107 769
18 115 987
163 384 492
38 41 735
210 304 710
141 191 81
268 336 127
166 179 925
9 338 933
79 254 44
54 215 479
274 294 419
154 259 685
161 435 638
226 465 292
140 371 737
67 293 700
167 353 136
206 349 723
118 169 366
21 443 734
115 115 818
374 387 308
291 417 581
11 239 365
127 155 956
74 207 477
116 379 968
191 262 642
80 451 981
33 71 630
56 415 899
374 425 811
383 438 212
91 408 108
325 450 155
232 423 230
299 300 749
8 234 146
131 412 952
263 368 982
337 371 237
146 321 805
207 408 496
52 487 883
86 303 1008
77 133 399
363 484 158
438 485 983
202 329 394
201 240 535
214 417 90
198 499 550
150 339 868
17 249 286
269 447 993
444 493 445
105 477 578
289 329 101
354 494 856
261 473 303
3 163 858
34 217 470
81 341 60
241 485 749
117 378 38
159 412 601
68 122 229
39 149 532
209 442 764
190 231 881
355 459 108
43 60 643
217 373 917
319 363 366
297 473 33
150 409 693
106 196 101
73 489 707
63 314 361
34 299 365
125 196 962
400 464 683
68 329 599
54 460 320
287 366 599
181 182 96
10 497 202
225 493 983
188 280 410
40 250 860
224 392 671
341 470 645
267 274 564
95 417 636
336 489 615
70 74 477
384 428 737
301 359 906
131 466 643
46 228 656
56 95 168
143 323 483
80 291 439
17 493 670
203 426 732
196 339 785
15 381 660
168 233 452
182 274 852
134 350 193
64 263 394
316 413 334
189 233 671
306 467 519
393 499 813
234 430 324
240 334 651
73 478 881
267 410 293
271 471 777
294 445 46
30 245 410
329 331 124
247 386 322
181 320 557
249 386 480
213 346 804
166 194 381
222 421 934
322 484 792
8 324 782
124 356 283
139 340 433
383 466 321
467 486 305
466 470 678
389 467 683
211 309 751
13 337 474
120 146 206
354 492 397
255 372 585
315 408 312
166 423 706
92 148 241
429 449 228
247 431 579
36 427 643
104 214 630
104 245 1002
164 179 133
289 472 421
73 148 965
198 229 470
80 286 929
97 315 704
195 497 957
31 484 338
13 244 570
104 415 403
101 332 675
90 456 627
472 481 726
174 430 499
71 249 837
219 311 282
361 468 844
3 261 699
14 499 425
452 471 551
75 475 267
35 185 573
139 205 912
142 259 58
28 284 556
260 427 785
395 435 976
216 284 826
29 281 674
87 172 371
93 434 186
442 447 34
1 118 665
135 424 225
37 163 696
427 468 897
134 215 420
133 403 29
75 174 923
70 165 224
101 448 474
17 48 977
326 480 59
252 306 842
154 163 483
115 466 569
139 202 630
475 481 631
345 376 38
21 230 630
260 388 198
54 129 538
110 496 222
98 300 648
102 133 310
11 118 772
79 488 39
15 426 131
372 477 301
106 143 697
110 337 338
239 301 405
75 481 934
47 315 1002
462 487 144
72 255 831
422 442 958
439 500 74
93 458 166
202 222 643
54 284 887
142 485 373
328 494 388
50 264 557
335 461 603
58 219 469
315 458 452
35 183 94
337 409 28
198 259 152
467 489 417
280 405 317
174 352 131
74 381 199
32 461 221
244 261 863
138 344 470
39 83 801
74 252 519
180 314 632
444 463 63
248 334 287
442 453 203
26 336 354
131 167 227
135 207 681
263 432 603
100 155 902
261 450 287
165 446 754
330 346 359
133 165 601
238 373 945
97 116 767
79 182 192
268 346 161
110 171 645
18 307 606
259 438 266
97 187 384
361 363 285
431 452 76
106 437 283
87 139 705
93 157 703
112 467 551
160 448 70
358 455 593
262 323 777
416 425 199
160 423 300
120 313 896
330 388 159
106 410 343
26 304 829
101 212 465
54 377 919
225 358 992
326 462 154
270 400 822
205 247 108
141 201 288
298 355 654
140 340 63
96 464 1001
37 428 71
21 288 614
462 490 60
95 185 712
85 187 482
212 475 950
102 121 625
250 320 859
135 332 84
66 262 789
79 219 690
39 297 514
176 243 978
182 264 506
307 427 320
163 366 350
93 410 774
6 193 768
207 404 92
140 237 371
145 300 511
33 351 471
218 403 321
118 252 605
66 336 143
331 386 453
102 329 534
18 193 964
243 311 93
7 161 869
106 330 133
426 433 928
97 211 628
78 288 389
357 457 14
351 375 612
436 475 860
295 419 222
23 488 872
311 378 710
298 400 71
54 288 862
80 189 497
452 493 52
36 414 695
68 356 193
36 140 931
117 288 813
21 217 479
32 222 313
216 500 642
13 372 374
48 474 503
267 415 83
34 47 756
19 25 610
162 298 485
447 449 468
382 388 776
46 104 983
295 322 416
101 107 50
120 236 251
108 409 566
51 297 302
66 136 871
216 339 111
332 398 810
51 130 633
425 470 962
62 398 124
40 391 68
142 371 382
27 191 744
40 158 836
62 282 622
24 114 519
24 33 491
66 120 26
454 459 526
461 474 249
42 286 177
112 392 227
27 365 421
31 319 329
64 151 239
55 431 169
335 357 768
182 220 354
214 391 710
157 297 771
63 347 717
271 317 106
80 202 334
88 485 569
127 333 561
30 384 407
238 263 418
95 271 695
145 331 425
8 41 228
457 495 284
123 363 23
178 313 599
296 475 112
331 480 217
33 290 981
217 264 719
193 472 793
301 320 919
228 385 1005
125 345 354
193 436 773
318 473 374
374 460 856
193 229 426
67 81 898
386 474 516
255 318 903
116 344 646
1 98 303
204 302 236
175 440 535
323 422 303
277 466 843
44 352 625
161 290 343
149 374 227
65 488 164
392 395 471
26 481 598
113 216 625
308 351 971
113 180 922
359 446 80
11 459 774
11 340 38
84 384 378
330 348 922
286 431 656
307 360 534
34 47 695
214 392 980
172 391 128
184 395 883
252 255 1001
3 97 255
112 298 884
114 342 884
58 302 114
10 330 944
104 303 84
122 248 868
287 382 950
455 470 108
143 406 996
327 484 138
379 434 451
106 388 1005
243 407 683
52 446 320
246 324 246
391 454 980
79 182 235
21 289 718
29 396 309
42 158 215
134 485 266
486 491 152
117 487 403
34 299 981
13 435 863
218 480 517
137 363 193
291 428 936
16 77 952
248 473 162
430 438 161
398 435 946
187 482 411
106 363 863
94 357 928
88 304 147
111 396 587
305 413 497
25 324 764
18 171 19
198 399 404
122 348 336
112 482 803
302 435 859
130 336 250
484 486 297
66 288 270
262 474 489
323 331 430
91 497 694
135 408 573
369 459 524
153 407 482
135 297 893
56 298 244
94 400 196
159 429 894
235 331 655
234 433 718
220 286 799
83 288 131
32 490 411
88 208 576
193 439 472
161 456 280
153 371 475
171 423 552
159 205 776
229 307 234
118 251 620
266 297 902
324 423 122
126 445 24
126 494 380
91 431 835
324 461 385
146 289 751
52 247 735
242 465 921
57 163 797
101 436 274
144 318 955
184 493 234
26 83 975
363 465 870
319 330 686
429 487 397
18 420 705
112 479 421
291 433 156
41 354 805
184 472 66
1 85 1008
103 488 877
264 472 740
61 301 169
93 299 578
300 493 655
142 403 504
60 206 39
22 231 73
117 344 656
234 424 435
144 364 530
88 479 471
151 428 47
328 350 857
152 195 704
114 317 746
247 364 259
13 409 581
258 371 369
403 449 184
78 310 388
150 161 44
19 121 176
25 80 310
150 362 402
32 416 437
150 323 595
266 358 770
141 246 363
13 20 848
278 350 714
70 230 895
116 344 257
152 441 926
66 229 92
276 425 281
237 280 243
217 369 697
58 114 481
90 169 353
28 131 931
82 89 445
119 366 611
258 459 713
185 196 944
409 491 182
123 342 806
294 450 67
217 263 405
240 311 947
261 304 923
37 304 695
331 443 714
165 327 146
9 466 143
79 368 491
248 377 130
225 444 485
108 207 514
175 253 551
12 169 917
154 259 701
210 307 53
107 116 73
177 269 230
281 287 22
178 289 395
180 253 253
292 441 608
18 245 275
102 394 820
368 428 361
98 409 293
236 465 322
304 452 758
251 460 607
106 410 744
70 221 210
147 373 629
12 26 747
179 416 460
39 206 27
119 186 972
353 415 463
156 288 484
108 153 381
53 490 69
86 163 764
388 425 405
61 230 973
236 439 366
169 289 332
213 475 289
182 452 917
228 490 340
40 203 629
99 151 157
130 295 156
23 263 949
106 478 175
128 496 486
355 487 773
356 360 953
27 227 121
330 474 504
86 486 771
99 407 921
77 389 592
218 240 255
9 199 340
74 83 211
394 457 89
218 254 161
65 207 140
172 448 53
437 496 497
117 129 851
27 123 749
458 489 248
428 499 58
349 465 516
204 352 645
82 324 847
2 277 727
235 238 88
373 444 208
481 484 704
62 257 83
10 317 150
195 420 71
98 398 650
158 438 150
8 356 444
188 238 425
199 450 344
29 172 625
22 478 537
109 296 576
102 117 1006
67 321 764
269 295 348
1 308 366
45 380 770
17 388 133
23 216 691
73 267 152
189 231 188
15 302 460
321 354 799
32 257 946
40 177 153
130 268 963
403 417 894
240 453 253
189 204 909
127 167 242
108 416 681
187 196 214
372 417 680
366 494 459
158 357 768
297 357 521
273 331 722
38 182 867
356 452 883
352 486 621
452 460 706
380 395 138
73 493 354
96 287 760
90 125 779
77 178 36
255 460 191
80 394 542
145 498 928
101 123 656
72 439 987
83 191 469
136 249 195
101 173 64
27 422 375
72 159 364
374 414 897
140 153 113
41 204 492
2 230 164
136 254 296
310 313 36
43 267 573
261 448 503
140 220 675
262 386 286
246 463 252
129 189 568
143 349 573
201 216 133
355 444 34
239 457 986
182 273 85
122 177 891
87 303 363
33 77 732
254 359 962
149 309 511
220 484 90
223 387 749
205 293 415
118 232 169
103 487 897
59 438 580
149 446 449
124 219 213
316 418 763
101 224 786
111 320 998
20 368 644
28 227 942
180 280 524
155 264 776
50 444 86
56 432 868
271 464 338
204 414 811
227 386 363
184 232 593
53 56 357
50 92 476
109 420 644
241 322 194
85 224 1000
209 394 939
324 410 389
136 139 188
79 176 141
288 387 834
241 321 341
295 487 178
236 416 867
69 176 670
239 394 456
120 142 252
337 357 517
257 412 45
313 317 628
50 101 445
490 493 694
224 496 618
95 241 122
159 437 91
424 465 19
48 357 837
217 296 255
155 475 965
49 75 913
106 225 543
56 234 155
46 87 464
152 472 575
27 44 421
244 258 680
41 305 562
87 499 143
71 176 130
305 349 567
250 300 668
23 454 713
43 381 930
26 219 335
140 275 890
189 377 631
213 497 701
35 262 502
243 490 100
343 394 856
81 209 641
57 402 684
98 406 730
135 400 262
61 268 555
253 412 925
380 458 1004
87 278 418
29 282 832
32 196 527
339 492 632
277 363 810
314 333 503
410 486 933
375 433 520
98 287 688
445 454 425
115 352 178
381 432 867
143 320 518
370 406 164
184 395 169
232 495 91
76 425 488
191 332 812
239 356 883
210 315 560
193 347 779
355 428 996
21 224 562
212 480 939
148 484 252
176 301 380
311 452 341
386 468 533
316 368 827
223 243 19
64 249 628
101 333 728
344 376 264
114 318 63
210 290 239
42 63 934
158 273 846
314 460 963
120 366 937
185 425 866
28 214 1006
9 306 65
285 372 889
9 107 669
71 456 694
199 324 184
32 336 907
341 358 194
34 240 52
27 373 831
367 476 36
56 426 284
337 489 437
175 287 147
14 48 628
64 187 478
124 452 370
48 272 966
198 383 448
166 241 363
267 316 652
96 386 625
135 194 312
364 424 456
306 480 183
240 392 628
49 116 845
106 272 303
7 8 228
259 432 835
423 445 911
262 359 822
33 45 619
107 466 403
328 358 222
45 278 895
67 436 400
145 402 277
2 23 998
29 387 465
226 314 299
41 317 595
287 311 423
104 203 295
91 308 662
132 177 154
382 484 429
16 219 648
23 40 490
129 148 359
259 411 204
233 358 799
6 144 699
46 207 861
100 110 560
178 418 668
394 488 341
364 478 413
163 437 460
235 404 1002
55 109 630
317 464 975
47 305 336
34 111 155
38 385 925
165 368 529
295 355 471
8 446 306
126 211 58
49 266 869
58 176 89
175 303 71
317 451 671
21 240 736
47 295 334
40 309 889
352 411 670
2 223 889
144 351 428
469 492 590
159 415 900
221 389 311
366 454 698
156 168 247
49 316 854
5 225 390
396 396 924
43 355 986
245 448 219
170 465 564
227 439 241
84 136 896
131 483 882
13 213 575
336 391 659
338 371 385
352 361 637
41 315 321
173 239 982
66 182 725
6 197 20
162 166 327
348 440 172
83 88 397
120 333 918
352 465 678
196 313 640
2 28 961
34 184 677
192 217 936
34 127 129
214 410 131
282 305 968
63 117 294
104 205 832
11 389 483
66 364 399
129 138 750
339 484 229
303 419 557
92 471 841
410 437 247
219 379 542
103 106 145
42 385 209
50 464 771
243 384 368
16 465 178
348 492 10
119 187 685
362 459 523
295 372 577
139 197 32
201 489 659
155 468 136
4 29 274
4 383 337
374 385 333
247 356 333
106 425 239
69 451 522
330 337 215
260 459 700
45 401 77
279 399 606
192 391 876
136 153 472
222 419 580
129 182 611
197 253 420
82 343 265
165 418 203
1 429 775
193 225 424
317 388 762
173 473 508
280 308 603
169 329 571
41 321 152
249 447 715
199 491 614
294 423 779
410 421 444
353 500 885
18 251 836
324 481 745
237 312 676
167 355 55
30 93 71
280 451 406
165 409 526
47 473 285
114 377 975
394 476 823
23 378 350
108 417 220
165 212 269
47 72 345
241 242 762
60 256 210
224 311 397
92 177 984
195 209 331
156 258 965
311 380 437
402 455 774
43 467 725
3 216 113
283 433 912
3 65 160
292 331 970
302 358 863
304 404 327
188 296 557
71 437 523
384 483 970
317 368 801
3 410 873
368 460 688
233 347 467
89 347 506
13 361 159
41 175 450
30 282 488
83 125 498
46 447 494
132 219 790
16 470 265
100 146 726
226 365 782
127 472 732
127 454 412
185 402 356
150 331 667
430 473 456
138 461 330
17 20 250
295 478 72
150 227 72
85 90 153
42 345 679
338 411 824
105 366 750
199 275 467
233 335 806
56 59 226
228 368 815
80 481 288
95 310 992
383 474 275
202 321 341
158 375 991
264 403 104
208 261 809
272 462 225
71 373 843
136 377 484
120 425 373
394 428 701
60 345 900
261 307 825
188 213 289
73 345 72
389 452 755
96 418 247
48 166 403
89 121 410
301 441 1003
277 411 719
169 376 584
150 201 866
407 469 884
116 321 378
38 66 29
181 204 925
209 481 58
4 233 787
127 286 786
236 246 569
194 473 822
180 255 630
323 459 752
295 388 538
77 150 859
399 480 178
51 311 901
151 357 556
139 266 404
6 463 252
112 258 245
284 462 729
27 443 796
30 198 190
262 296 996
161 237 53
46 179 942
131 458 64
2 162 697
93 238 232
204 463 439
157 431 892
456 500 829
411 440 987
231 437 929
138 325 711
136 160 413
231 252 430
45 427 378
77 366 318
368 382 725
295 367 848
70 299 460
376 474 942
431 470 582
190 469 151
60 403 678
186 246 280
87 347 233
17 480 266
379 487 595
119 122 820
13 207 300
318 343 332
225 436 306
41 256 757
257 310 53
294 316 68
177 331 742
42 105 421
29 66 765
58 244 162
160 455 471
60 187 361
207 383 119
72 137 972
142 210 977
59 297 471
373 379 722
20 204 401
17 27 691
215 424 222
58 312 859
88 224 140
15 323 619
206 273 238
306 490 150
300 451 325
248 440 577
17 429 42
227 442 631
128 173 835
185 336 137
60 156 594
86 453 372
311 442 166
33 145 997
86 94 773
158 448 870
174 358 860
117 375 755
161 320 398
101 470 928
163 185 713
324 451 987
28 98 566
46 284 558
167 396 172
80 332 83
182 319 450
50 259 106
385 402 782
324 453 871
55 322 637
127 458 724
261 457 982
264 436 83
358 486 64
144 208 481
101 304 938
188 420 899
17 286 407
252 439 941
52 219 560
92 358 118
364 374 448
100 115 700
296 322 622
132 201 886
93 375 263
201 383 413
107 217 597
47 308 180
36 177 237
97 234 448
217 415 132
412 417 786
124 398 954
59 106 738
108 190 131
132 421 600
114 194 599
387 449 127
146 271 718
71 194 843
224 403 777
240 498 184
208 365 564
200 329 700
4 365 122
179 342 1005
2 400 841
303 306 901
180 228 865
201 382 269
47 212 624
