10000 1000 181
700 700
500 300
800 300
800 500
500 800
3 741
2 734
6 79
7 482
5 199
9 157
9 88
6 219
1 336
6 507
9 97
2 542
8 732
7 391
7 712
3 224
3 769
3 574
1 252
2 390
9 647
5 224
3 748
8 256
1 29
4 250
8 102
8 707
5 354
8 118
2 361
8 238
2 17
8 415
7 585
3 436
5 788
9 404
3 258
9 57
7 858
1 130
6 816
8 793
7 652
1 674
4 969
9 579
4 161
3 971
5 517
2 415
8 785
6 279
5 914
2 47
5 360
3 451
4 449
9 784
2 592
8 831
4 806
6 266
3 404
4 431
9 363
6 663
2 819
5 627
4 994
6 224
4 287
7 968
7 76
5 836
8 928
2 947
5 797
5 420
1 170
2 559
1 851
6 118
4 163
6 403
4 137
3 230
8 457
7 597
8 668
1 637
9 819
6 768
2 235
6 255
6 475
3 374
2 753
5 995
6 235
9 790
1 180
1 233
5 655
8 606
7 699
7 76
6 265
6 572
2 749
7 341
6 639
3 268
5 923
9 26
5 816
4 966
4 992
8 789
8 465
6 408
3 76
7 402
7 327
1 557
3 519
4 737
5 330
4 269
8 424
4 130
7 547
4 674
8 451
4 905
6 576
7 798
1 515
9 428
3 611
4 356
4 320
1 6
9 535
2 340
5 6
8 918
1 3
7 529
3 773
2 87
5 465
3 438
6 522
1 260
7 569
3 262
7 426
7 258
5 260
3 358
2 785
6 255
2 586
7 677
6 654
7 145
2 367
6 817
7 167
3 740
6 410
3 343
6 988
6 953
3 916
5 669
6 305
5 925
6 425
6 686
7 84
9 915
8 850
2 59
8 247
4 470
7 519
3 649
1 413
8 911
3 912
4 467
1 222
3 544
5 431
3 443
9 497
5 403
5 247
9 82
6 696
3 307
7 365
1 878
1 557
6 544
1 369
9 404
3 559
9 673
6 614
6 660
3 911
7 177
3 960
6 807
7 528
6 29
1 69
4 108
4 415
1 812
7 99
7 811
7 600
5 85
7 38
6 44
1 245
4 543
5 196
7 299
4 183
1 335
9 671
1 595
3 811
1 25
8 61
5 5
2 757
6 593
2 271
4 461
2 293
2 438
3 791
6 931
2 220
3 944
6 427
6 413
2 384
6 304
2 710
3 543
8 834
8 261
6 210
8 338
5 163
9 709
6 950
8 365
8 344
1 779
3 286
1 164
1 67
9 270
3 495
2 244
5 386
8 153
8 663
2 534
4 703
8 217
3 321
5 261
5 609
2 590
1 668
7 1
4 940
8 231
3 801
4 482
5 135
2 219
4 562
4 61
2 434
7 356
5 577
4 575
6 374
3 517
4 637
4 214
1 506
1 730
9 356
6 650
4 565
3 725
8 60
3 829
5 781
5 684
7 800
7 262
1 143
4 652
5 15
2 76
5 29
4 265
4 18
4 312
5 222
1 865
2 822
1 492
1 878
3 680
1 872
6 289
4 439
3 512
3 526
9 692
5 112
9 376
1 309
3 867
8 723
4 529
6 427
1 868
7 634
6 140
9 209
4 957
7 807
8 819
7 494
7 605
9 905
8 171
7 386
1 463
2 490
8 374
5 450
8 659
1 508
5 745
4 665
9 802
2 889
9 242
3 851
7 425
7 265
9 407
2 72
3 759
3 299
7 914
8 93
5 987
7 810
3 755
5 153
6 384
4 896
2 862
7 908
6 659
2 320
4 542
2 654
4 389
5 153
7 138
2 596
8 564
8 575
2 318
7 313
6 488
1 763
6 113
3 74
7 282
5 838
4 940
4 842
6 882
4 352
2 958
2 863
7 790
6 279
9 884
6 246
3 519
7 159
2 117
5 404
9 781
6 939
2 171
6 52
8 495
5 791
1 787
6 413
1 810
7 403
1 1
9 784
7 375
4 870
3 612
2 327
6 671
3 115
4 485
2 613
6 6
6 870
9 776
2 369
8 411
6 718
7 138
7 650
8 164
7 441
8 231
2 886
1 751
9 461
3 604
2 935
5 196
2 121
6 526
2 714
7 698
9 67
8 652
5 67
3 954
3 28
3 992
5 804
6 634
5 699
2 58
2 285
9 876
1 381
4 333
5 776
4 245
3 585
6 996
2 431
3 877
9 573
4 92
6 333
5 361
5 400
3 103
1 828
4 809
2 537
7 23
7 890
6 592
6 882
3 565
6 976
8 491
9 749
4 644
8 744
4 550
9 580
4 828
3 350
7 335
2 497
6 636
8 343
3 301
9 535
8 257
7 463
7 778
4 766
8 731
6 864
1 373
3 652
3 570
9 557
5 325
7 262
4 878
8 907
6 267
1 481
1 671
6 708
8 594
4 589
1 422
2 325
2 616
3 713
5 135
9 810
8 43
7 857
9 114
6 537
2 643
7 621
8 399
3 481
2 241
8 37
3 243
8 893
1 494
3 482
8 595
2 526
5 520
3 994
3 585
7 731
3 986
8 542
7 119
3 97
6 811
7 458
7 212
9 350
4 675
1 54
9 280
3 625
7 680
6 151
2 588
8 212
5 951
4 678
5 213
9 865
5 625
6 515
6 111
7 261
3 852
6 56
6 330
4 930
9 457
9 712
9 680
3 338
8 114
5 139
1 227
2 507
5 764
4 406
1 324
8 379
5 418
1 307
1 553
1 477
1 754
7 772
2 550
9 783
4 562
3 427
5 644
6 358
1 674
8 719
7 150
9 891
7 252
9 752
3 871
2 532
4 855
5 59
7 851
2 505
8 482
3 202
7 303
8 970
2 42
5 692
9 506
5 914
1 218
9 280
8 614
8 713
8 553
4 311
8 51
5 816
8 185
7 95
2 15
9 183
9 191
9 403
2 895
2 173
6 982
3 920
9 701
2 502
2 561
9 657
8 347
6 580
9 928
6 737
6 894
9 436
5 233
1 501
9 155
5 678
9 563
5 171
4 951
4 518
8 922
5 842
6 368
6 237
8 534
2 957
5 332
6 232
6 231
1 410
5 843
8 958
8 406
1 389
6 957
5 587
4 520
4 585
5 289
9 901
3 233
3 968
6 251
3 128
2 370
5 303
4 64
8 57
1 546
2 544
8 789
5 101
3 997
8 914
7 944
6 826
6 674
2 741
5 713
2 843
3 562
1 15
4 564
6 94
2 953
7 613
2 487
2 489
7 836
7 488
6 937
8 675
7 826
9 974
7 722
5 342
5 120
3 628
8 864
1 793
5 78
1 996
6 837
8 766
5 607
9 172
4 5
1 593
2 700
9 89
6 822
5 425
5 224
6 625
5 492
2 342
2 261
5 851
6 542
3 209
5 308
2 411
6 945
3 143
5 290
4 505
2 817
9 772
5 419
8 846
2 252
8 199
8 244
4 47
2 105
3 652
8 354
8 443
9 505
7 382
2 254
5 344
8 535
8 829
9 949
7 584
3 581
6 431
5 270
9 329
4 451
8 506
3 762
1 821
6 971
6 780
9 809
7 14
2 957
3 298
6 954
6 825
4 102
2 78
2 170
1 183
8 106
4 143
3 75
1 853
1 886
1 988
2 475
2 39
7 281
2 775
1 374
6 488
7 293
7 565
3 690
9 801
3 155
7 381
4 626
9 274
8 304
8 925
2 981
1 647
8 738
8 215
4 740
9 306
6 985
6 214
7 336
4 907
2 395
1 437
4 241
6 252
5 409
7 42
1 142
3 89
4 829
4 428
1 442
4 40
5 322
8 540
8 704
7 585
1 736
3 121
2 170
1 958
1 268
1 125
2 408
5 725
1 953
1 962
9 605
3 542
7 973
1 23
1 529
2 496
2 67
2 679
1 425
7 253
9 356
6 539
5 28
4 157
7 137
2 96
1 839
7 106
1 437
9 928
3 173
8 668
5 196
3 912
6 422
1 750
3 979
2 978
5 554
9 425
4 253
7 868
1 875
9 343
5 258
1 997
7 132
6 388
3 450
3 665
7 184
9 648
8 424
5 606
3 479
5 105
1 270
7 262
9 103
1 895
1 593
8 509
2 994
5 769
3 915
9 34
7 6
5 698
6 745
7 125
9 335
2 675
9 639
7 188
1 977
2 820
1 412
6 731
1 944
3 569
4 90
6 676
6 721
5 524
8 397
8 410
9 315
2 773
6 458
4 133
3 480
5 442
9 1
2 17
7 391
7 523
1 624
9 294
2 11
6 250
2 904
2 576
1 181
5 610
8 747
2 791
2 132
8 837
5 124
5 515
8 594
9 431
2 393
3 1
8 980
7 529
9 627
4 540
6 891
4 164
8 48
9 583
9 905
4 749
2 710
1 261
7 457
6 241
4 854
5 972
6 210
6 437
6 325
2 82
9 283
2 572
6 918
9 228
2 13
4 290
9 958
1 464
2 960
2 984
4 382
2 367
4 457
9 865
5 936
8 434
3 909
4 548
6 598
2 89
5 471
9 769
5 646
8 283
2 655
6 858
2 223
1 347
2 466
3 617
6 595
6 339
8 494
5 769
2 382
9 420
4 672
9 719
2 141
2 363
1 986
3 551
2 883
5 326
8 547
6 470
6 711
8 85
7 415
5 296
2 149
2 86
8 342
4 576
5 525
9 995
8 316
5 439
1 601
8 267
2 706
8 727
2 265
8 341
4 103
5 194
6 789
9 508
5 802
2 331
4 179
1 558
8 30
6 412
9 761
3 496
6 415
6 41
4 472
2 77
7 456
9 543
9 268
5 813
5 292
9 116
9 907
5 683
9 389
3 566
4 491
7 772
4 723
3 304
6 913
1 488
7 88
2 51
4 519
8 144
7 726
5 718
1 370
3 289
9 932
6 64
9 354
7 48
3 367
8 709
8 170
8 86
5 945
9 331
4 437
4 712
8 170
7 234
6 268
9 734
2 813
5 342
4 352
2 681
5 178
1 436
3 24
6 42
6 813
1 871
8 283
7 850
2 732
3 429
9 324
8 200
3 398
8 742
2 367
9 186
5 251
7 329
4 299
1 961
4 460
4 81
4 135
4 913
2 733
7 584
4 941
7 913
6 761
7 806
3 796
2 392
2 51
9 40
7 809
1 461
8 552
8 730
2 191
2 271
4 422
8 700
1 76
8 421
8 986
2 683
6 937
3 267
7 795
9 337
1 25
3 591
9 776
4 980
1 120
8 328
1 824
8 342
6 796
4 454
6 426
1 3
4 930
8 71
3 293
9 766
2 361
7 612
2 116
7 540
2 562
2 495
6 52
8 722
2 317
3 349
5 750
7 825
6 57
4 843
7 739
7 385
1 686
6 954
9 307
9 755
2 800
8 691
5 87
6 418
6 27
9 584
2 555
2 176
7 23
2 679
3 348
8 580
7 778
3 553
3 747
3 391
7 559
2 118
4 932
4 205
4 739
3 454
5 634
6 344
6 86
3 855
1 524
3 185
3 687
7 824
3 765
9 981
7 17
7 125
3 72
4 626
9 555
6 823
8 146
3 283
5 627
3 383
5 291
8 889
6 743
3 132
2 929
3 987
7 649
4 612
9 878
2 249
9 754
8 61
9 676
1 850
4 481
6 890
4 956
4 187
4 213
3 644
5 150
1 243
6 462
8 237
5 811
8 211
7 276
1 184
5 614
5 692
3 423
5 303
1 800
4 516
2 526
7 310
9 510
3 192
6 125
5 748
6 913
5 938
7 230
5 578
4 593
1 94
7 291
1 113
8 605
7 259
3 507
8 525
6 838
5 425
6 863
9 336
9 850
4 402
7 114
8 80
2 969
3 159
6 289
2 787
9 618
8 461
6 51
4 578
4 421
3 288
3 613
2 497
4 615
7 980
7 597
5 872
6 952
5 263
7 22
3 852
7 532
5 202
6 736
5 189
2 501
9 877
6 818
5 295
9 990
4 600
1 773
4 591
5 503
6 684
9 341
3 601
9 286
1 174
4 581
1 896
8 277
6 913
5 584
2 247
6 203
9 600
1 38
9 419
7 482
4 502
4 76
4 415
1 904
1 102
6 388
5 723
7 209
6 478
9 563
2 804
7 9
8 178
1 314
9 304
1 136
2 56
4 626
9 291
6 496
5 172
8 826
3 267
8 249
4 546
9 624
8 733
2 473
9 396
1 663
5 737
7 942
1 728
9 981
8 536
7 847
3 798
8 39
2 427
7 246
7 256
5 42
7 502
8 337
4 456
1 35
4 518
5 985
1 265
2 702
6 881
9 945
4 941
9 462
9 708
5 60
9 577
9 671
5 52
6 413
3 445
5 419
6 144
8 646
1 90
4 645
8 334
3 650
6 12
5 644
6 538
1 402
5 242
8 349
3 517
6 238
6 928
8 362
7 60
8 916
4 792
3 839
1 870
1 402
6 39
1 38
1 467
5 410
6 948
3 439
5 240
1 865
4 332
2 395
2 953
5 977
7 590
6 871
8 743
1 778
7 37
4 77
7 692
8 649
9 683
7 263
2 482
2 246
3 73
1 923
6 950
9 490
7 436
8 438
6 72
7 678
7 469
6 767
7 679
3 240
9 223
5 721
3 348
3 237
4 606
7 883
5 779
2 533
8 171
5 112
6 343
4 787
8 700
3 410
8 689
8 178
1 588
5 336
6 583
5 793
7 451
8 900
5 486
9 163
6 841
2 336
4 500
4 433
1 114
5 17
2 929
6 153
4 811
9 890
6 497
8 21
2 78
3 895
3 74
4 656
3 50
1 536
8 832
5 188
1 529
4 468
8 117
6 694
8 545
8 760
6 267
4 708
9 139
9 63
3 380
7 564
4 429
8 135
9 505
5 925
7 963
4 492
8 450
6 726
2 769
7 755
7 704
4 535
5 784
3 773
9 34
2 31
3 873
1 723
9 924
7 130
5 198
7 685
8 525
5 361
4 335
6 485
1 16
9 600
5 54
2 401
7 147
6 549
9 33
9 834
2 358
9 562
6 304
5 920
7 378
9 279
8 552
5 189
9 221
3 86
4 317
7 361
2 354
8 919
8 619
4 62
4 154
2 250
5 870
7 723
3 607
9 117
7 202
6 726
6 530
8 134
7 453
6 746
5 841
6 911
2 855
9 156
9 314
8 903
5 14
5 869
8 65
4 779
3 9
9 844
5 473
5 821
8 190
7 451
3 669
9 211
9 771
4 970
5 209
9 988
4 218
2 280
1 843
3 984
3 2
9 827
5 524
7 838
1 653
8 183
5 89
4 284
2 196
9 663
7 845
3 64
7 509
1 781
8 121
7 640
3 313
8 752
6 553
3 987
8 317
8 246
7 999
5 701
7 220
3 38
9 734
2 283
7 163
1 32
2 548
4 560
3 576
7 134
3 621
3 334
8 728
2 498
8 546
2 642
8 283
4 986
6 498
9 697
3 333
6 661
5 837
6 896
7 253
2 261
7 589
1 967
2 612
6 763
3 383
9 361
6 802
6 120
4 336
4 960
9 981
8 705
7 281
7 670
9 350
3 843
2 244
7 974
7 994
6 451
8 861
8 761
4 596
5 682
4 134
2 319
5 421
6 371
6 343
3 671
9 409
8 350
2 762
9 945
9 780
7 851
9 644
7 741
7 929
8 172
9 223
2 896
4 950
4 63
6 464
2 986
6 684
1 961
3 379
4 920
4 458
5 955
4 821
1 62
4 276
6 532
3 161
3 859
1 851
1 123
7 92
8 624
9 882
7 659
7 648
2 575
7 789
8 208
5 663
8 798
3 221
5 156
1 196
7 647
9 655
5 798
7 316
6 960
7 445
5 895
3 636
9 198
9 437
8 473
2 112
8 758
6 39
4 868
8 647
3 437
6 286
2 487
5 95
6 237
8 503
4 350
5 40
6 2
8 391
4 295
5 183
8 272
3 685
5 892
8 655
6 353
2 284
2 979
9 5
7 636
4 784
4 366
4 252
7 19
1 560
7 582
4 85
7 681
4 711
5 819
7 341
2 744
3 730
3 720
6 376
5 961
8 342
3 983
8 693
9 954
1 34
3 713
8 108
6 324
8 406
8 903
6 34
9 89
8 90
7 499
7 165
1 345
9 786
2 817
9 767
4 170
6 744
9 355
3 714
3 108
1 539
2 303
6 377
2 337
6 918
5 370
9 14
3 26
5 760
3 715
5 770
2 764
8 486
2 803
2 515
8 757
1 358
6 346
6 170
7 639
5 236
9 607
4 722
9 485
3 630
9 728
4 522
6 352
6 330
9 644
5 502
5 336
4 461
6 313
7 82
6 155
9 959
3 3
4 549
8 601
8 843
3 298
3 258
1 809
2 522
3 151
4 854
9 601
7 886
3 382
4 584
3 722
4 453
2 662
2 368
2 898
4 310
5 294
1 282
2 873
2 274
6 264
9 229
8 598
5 217
5 800
8 671
7 63
7 684
5 843
7 987
4 980
8 375
2 584
9 813
5 179
4 200
2 371
3 27
5 979
7 667
3 761
5 739
3 181
9 268
6 193
1 484
2 708
4 883
2 516
3 187
1 501
6 137
7 251
8 559
3 842
1 446
8 282
3 865
3 45
5 486
3 543
4 128
9 547
2 980
9 425
5 476
6 271
7 235
6 213
1 188
8 737
2 814
2 256
4 200
2 249
8 974
7 93
4 762
9 831
2 421
5 628
5 901
7 945
8 857
3 648
9 650
7 116
5 123
1 862
8 110
1 726
3 340
8 904
1 177
7 282
1 711
9 930
7 526
2 185
5 752
2 147
4 936
8 584
5 71
3 100
7 994
7 982
8 363
4 873
6 341
9 573
5 501
8 101
9 379
5 129
5 555
3 251
5 692
4 269
7 437
6 661
6 631
2 202
4 967
1 252
9 666
6 797
5 328
6 912
2 620
5 555
5 752
2 385
3 796
5 925
8 459
9 382
9 667
5 84
2 96
1 380
5 598
6 647
7 792
1 70
8 318
1 588
7 867
9 232
4 345
5 333
2 463
1 892
2 734
2 202
1 749
5 310
5 757
9 990
9 234
6 961
2 403
9 339
7 241
3 89
7 446
7 107
8 853
6 757
2 412
4 136
6 539
2 944
6 838
6 563
7 432
1 60
4 511
2 260
2 686
6 773
7 768
6 759
7 316
3 927
5 193
7 326
9 663
7 464
4 361
8 10
1 708
6 65
1 185
1 408
4 672
1 440
7 61
2 499
7 434
1 821
4 644
1 795
1 573
6 526
6 443
2 445
5 41
6 806
7 834
7 533
9 395
7 384
3 890
1 268
8 746
6 389
4 392
2 697
1 599
6 616
4 196
8 629
3 571
4 180
9 368
8 348
6 123
3 654
2 334
3 774
8 729
8 189
4 784
4 803
3 828
5 862
4 480
3 978
4 645
4 892
3 308
7 213
7 972
3 162
7 788
6 822
2 536
3 75
3 897
4 140
3 16
9 186
9 930
1 983
6 760
2 26
5 116
5 217
5 106
7 830
9 750
5 567
5 664
2 43
1 238
1 442
1 621
4 466
9 229
8 564
5 325
2 494
6 265
6 965
8 525
3 420
5 167
5 998
9 627
5 547
7 660
7 554
1 335
3 270
3 188
3 708
8 579
4 671
6 630
4 932
9 868
1 866
9 57
9 303
6 624
4 985
5 838
8 284
9 278
3 174
7 543
6 696
5 801
5 965
6 440
4 23
3 686
6 63
4 753
3 144
8 933
1 379
5 387
6 382
7 654
4 848
8 873
5 319
6 630
3 542
6 337
4 816
5 172
5 764
6 680
5 20
2 474
2 823
3 779
7 961
8 198
9 349
6 355
8 183
1 107
2 492
2 726
2 465
6 904
2 540
9 573
8 917
2 394
2 344
1 663
9 44
3 116
3 369
9 215
9 610
6 712
2 763
4 847
1 772
3 893
4 56
6 27
7 950
7 150
7 313
2 600
3 392
4 186
2 622
4 748
7 721
8 53
5 336
7 150
7 90
7 857
1 228
1 554
6 23
1 192
2 234
8 129
4 225
8 822
9 432
3 796
9 749
1 75
2 187
8 348
6 984
5 139
4 807
6 828
8 114
2 602
5 529
1 691
6 44
9 318
7 802
4 347
9 400
5 791
8 363
4 580
3 63
5 715
3 847
3 136
4 281
8 745
6 467
2 999
4 386
2 423
8 868
2 176
7 627
3 292
6 824
7 773
4 28
3 193
1 750
4 273
3 784
9 996
6 172
6 917
6 32
7 464
8 827
7 886
4 325
7 162
5 767
5 753
2 860
9 388
8 991
3 80
1 396
4 464
7 72
3 561
5 720
5 721
5 102
4 438
3 784
5 293
3 970
8 65
3 709
9 161
5 830
6 913
8 34
8 230
5 757
6 927
7 253
7 461
3 974
5 498
2 216
7 29
4 554
2 735
9 982
4 401
1 853
8 476
5 409
2 711
4 934
6 80
5 723
7 260
2 875
1 893
8 267
1 713
8 452
8 240
3 63
1 966
5 672
8 241
9 304
4 964
2 27
8 862
9 302
3 884
6 597
1 985
6 136
3 840
3 584
8 23
6 438
5 1
2 586
7 190
8 910
1 846
7 915
4 841
8 267
3 112
7 939
5 165
4 950
5 663
4 802
8 900
6 829
9 349
1 859
5 24
4 129
4 143
8 16
2 978
4 428
7 865
5 342
1 161
5 472
2 827
4 664
7 514
5 346
5 346
7 838
9 692
1 957
4 729
8 536
3 974
7 953
9 487
7 306
6 587
3 627
7 770
3 859
3 503
5 583
9 128
5 935
7 825
9 91
3 23
4 417
6 746
1 554
6 665
2 318
7 75
8 104
7 235
6 846
6 605
4 741
1 288
2 989
3 8
6 822
3 862
5 744
4 609
8 279
4 313
2 962
9 540
3 949
8 747
3 668
1 662
5 521
2 805
4 218
9 28
4 279
5 278
5 935
2 757
8 597
7 810
2 457
7 625
1 563
3 920
6 442
6 359
7 968
2 910
6 413
8 225
7 265
7 713
2 108
2 133
2 540
7 982
4 731
5 121
6 698
3 243
4 60
6 541
1 484
8 213
6 826
5 588
8 658
3 727
7 209
5 906
8 522
7 182
1 216
4 265
4 780
1 491
3 546
3 867
2 920
9 365
6 236
5 992
9 691
8 96
9 298
1 367
7 329
7 790
4 289
8 176
6 999
1 627
5 136
9 13
2 294
8 239
5 49
6 860
1 950
8 358
3 395
3 505
3 711
5 985
7 787
9 505
1 547
7 768
7 346
7 457
7 158
2 605
6 926
4 664
1 858
2 561
8 902
1 414
1 798
3 50
7 279
6 527
6 406
5 508
4 794
1 109
5 378
9 595
7 616
5 617
6 718
6 164
8 681
1 952
9 695
9 220
1 275
8 518
5 760
8 150
3 708
6 662
5 690
6 109
7 953
3 217
5 341
2 11
3 676
6 938
2 401
4 63
8 623
4 793
3 324
7 375
5 919
1 836
6 13
8 633
3 388
3 356
7 948
4 189
3 484
8 713
1 722
8 998
2 75
6 166
9 453
9 867
4 296
1 700
9 366
8 992
4 901
5 919
1 152
7 910
6 672
2 240
5 836
2 177
8 466
1 745
1 601
9 11
3 315
8 642
3 762
2 871
5 420
5 950
5 55
6 926
6 203
4 557
3 122
5 667
9 795
6 225
7 743
8 449
3 664
1 176
3 443
9 808
8 993
1 154
3 58
8 492
8 245
4 18
4 501
7 109
6 534
1 130
8 287
2 773
3 387
3 96
8 433
1 130
3 818
4 473
2 362
1 854
1 13
5 128
8 992
3 247
3 289
5 523
6 391
6 963
3 681
3 45
6 118
3 539
7 457
1 530
6 694
4 862
3 692
6 658
8 944
4 649
8 718
8 246
1 904
2 886
9 704
3 418
2 104
2 476
9 687
5 816
1 827
1 525
5 105
1 361
3 525
1 719
9 899
1 351
9 173
1 825
3 885
9 417
6 918
8 705
9 336
8 423
9 636
1 839
3 568
2 509
3 209
3 335
7 911
9 67
3 360
9 679
1 853
4 391
6 425
6 95
3 336
4 81
8 902
1 431
3 119
1 282
1 605
3 590
3 740
8 318
1 266
4 64
2 529
4 889
7 550
9 153
1 938
6 575
3 870
5 311
5 383
6 752
6 647
7 222
9 435
9 205
7 255
8 538
1 441
2 176
7 848
2 313
3 997
4 626
3 51
8 574
1 686
9 140
9 823
1 438
6 619
1 676
1 348
5 377
6 79
3 217
8 317
8 431
8 855
1 181
5 431
5 57
9 236
5 168
5 994
9 35
1 685
6 206
6 362
4 540
8 852
1 85
7 6
2 201
3 290
1 484
8 572
7 275
4 892
9 303
4 204
4 218
6 766
8 640
2 443
9 286
6 936
1 901
5 603
4 520
8 202
2 769
7 700
7 19
7 924
5 197
2 377
7 735
6 275
6 707
5 554
2 451
5 81
1 151
6 173
3 14
6 112
8 586
8 264
1 122
8 644
1 35
2 888
2 320
1 862
1 318
9 738
3 625
7 839
9 939
3 884
5 105
3 454
6 245
4 14
4 343
7 122
8 116
1 583
2 890
4 900
2 579
6 695
5 894
3 418
4 265
3 224
7 734
9 778
6 832
6 64
4 885
3 270
9 631
6 874
8 297
7 448
9 849
7 236
4 115
3 16
1 392
5 467
8 635
9 823
8 473
2 360
5 508
8 796
4 481
2 379
1 881
5 90
2 407
2 194
9 697
2 619
7 166
3 653
8 767
6 985
4 800
3 36
9 692
1 166
2 939
2 668
1 807
2 270
6 802
2 455
2 109
2 26
5 597
3 793
2 873
3 42
5 561
3 418
2 64
5 426
1 564
3 261
1 571
8 24
2 712
1 309
1 270
9 813
2 450
4 668
8 823
7 433
6 223
5 637
5 153
8 726
4 595
5 526
2 516
7 975
1 464
3 486
4 774
9 319
9 343
5 266
4 414
6 269
4 550
5 78
7 406
2 575
1 789
9 603
7 87
2 689
1 300
2 3
2 911
4 17
2 744
4 139
3 981
2 949
7 31
9 389
5 830
1 156
5 783
3 362
4 56
5 857
2 663
2 866
5 617
9 266
8 165
8 955
9 529
2 832
1 650
6 714
1 904
6 536
1 348
5 994
7 387
6 477
3 430
1 62
1 943
3 845
1 449
7 691
5 143
2 536
7 745
8 709
1 839
3 55
7 862
5 589
4 620
1 735
3 845
2 534
6 841
9 616
9 337
1 985
2 830
7 990
8 210
4 942
4 663
7 953
1 765
9 211
5 46
8 871
6 180
8 398
2 941
5 748
8 321
3 475
5 693
4 445
2 602
9 669
4 103
1 228
3 882
6 689
7 821
3 256
9 404
3 460
3 105
8 341
9 379
5 13
7 999
7 411
5 563
8 303
8 420
8 252
6 687
4 667
4 220
2 228
2 14
1 686
1 52
9 261
5 561
3 939
9 449
6 598
1 149
7 395
8 150
5 308
6 306
3 781
3 616
8 867
6 134
2 465
3 299
3 53
2 436
8 856
9 778
2 333
6 791
7 932
2 93
6 214
9 215
5 360
1 442
9 897
8 218
1 198
1 525
7 812
4 959
9 282
8 559
2 102
6 61
7 728
7 273
5 987
9 655
3 756
7 12
3 391
4 453
3 463
4 556
3 376
2 380
1 970
9 990
9 725
6 823
3 921
7 114
6 22
3 693
1 584
2 867
9 932
6 281
6 18
6 825
4 70
7 769
2 580
4 549
8 810
3 477
1 187
5 78
1 77
5 422
1 193
2 72
6 329
8 956
4 625
7 457
8 704
9 172
3 424
7 308
9 810
1 403
5 93
4 642
7 969
2 548
1 354
5 6
7 409
6 746
7 181
3 166
1 585
4 606
9 494
4 243
7 416
4 738
4 563
3 396
2 445
5 414
4 999
3 917
1 537
4 879
7 303
9 322
6 100
9 896
8 560
2 615
1 940
3 921
8 453
2 36
6 697
6 133
3 306
3 542
3 150
7 279
9 465
4 777
4 965
6 875
1 250
4 937
8 562
3 412
6 893
4 630
5 334
4 6
7 249
5 918
2 686
7 569
5 235
4 152
2 457
7 162
5 953
1 334
1 676
7 249
3 911
4 878
9 79
8 40
4 867
1 444
2 592
2 859
6 796
9 745
1 474
5 678
3 725
4 381
5 476
6 689
9 945
8 69
5 607
9 789
5 784
6 465
7 683
1 921
9 772
8 450
4 12
1 112
5 859
4 574
2 558
1 441
7 269
5 684
9 336
5 787
3 424
1 214
6 296
8 23
5 958
3 33
6 39
7 143
4 73
5 669
1 417
2 572
1 338
4 998
7 447
2 792
6 756
4 415
7 578
5 838
5 347
4 224
7 452
6 1
2 801
2 873
2 498
2 622
5 138
8 227
8 124
8 455
7 462
3 650
2 25
9 295
1 796
5 475
3 603
6 209
6 583
9 59
7 964
3 354
4 19
2 686
6 37
4 741
1 447
2 974
2 317
8 281
5 506
6 797
8 668
6 949
6 806
6 769
6 126
4 592
7 140
6 723
5 856
3 392
4 293
5 930
6 73
4 440
9 404
3 124
7 242
8 760
2 518
5 257
2 89
2 224
3 844
2 123
5 130
8 441
6 318
2 749
4 301
7 687
9 144
8 213
6 40
7 871
6 938
2 637
9 694
6 973
7 527
6 676
6 328
7 516
5 206
2 474
9 891
6 366
6 409
3 857
6 270
6 443
9 293
9 953
5 660
6 244
7 740
1 280
4 754
1 870
3 498
2 622
9 223
4 860
9 285
5 518
4 883
4 201
6 759
8 881
3 518
8 43
4 762
8 482
1 836
1 632
8 695
2 160
7 959
1 987
9 176
8 955
5 902
3 235
3 746
7 237
3 959
1 959
9 602
9 675
4 793
1 210
9 279
7 843
3 826
9 639
2 491
9 61
5 468
5 493
7 848
9 197
5 727
3 967
5 315
1 205
9 668
9 34
8 220
3 622
2 426
7 48
5 573
7 747
5 559
4 973
9 407
8 652
8 44
5 463
7 699
8 185
5 799
2 750
8 812
2 783
2 71
1 592
3 95
6 403
5 17
5 498
9 264
6 556
8 207
8 103
5 123
6 709
1 941
7 378
6 987
8 429
5 429
3 140
2 78
9 895
4 356
6 516
5 543
8 364
9 528
5 92
3 190
8 10
5 977
9 602
9 267
4 461
2 769
6 219
1 860
7 659
7 507
3 273
3 685
4 954
4 539
1 301
8 845
5 858
2 416
1 226
7 210
9 378
6 5
9 544
9 148
4 518
5 816
7 860
4 145
5 869
8 860
9 130
2 200
6 685
3 166
8 17
4 34
7 73
2 427
2 620
6 257
3 667
8 646
3 729
7 61
5 192
3 488
6 65
3 27
2 21
2 378
1 5
6 149
3 167
9 131
3 869
9 643
3 897
1 500
5 80
3 225
8 201
1 311
4 118
4 732
4 966
2 175
8 239
9 766
9 618
5 909
8 3
1 460
8 560
3 244
7 957
8 347
3 899
7 859
7 432
6 874
2 419
2 369
7 91
8 780
4 469
4 632
1 679
9 807
3 489
7 34
3 239
3 42
1 475
9 592
6 211
5 305
8 952
5 6
5 964
9 189
2 631
8 342
3 350
6 986
8 201
3 440
5 120
4 732
9 101
1 220
5 228
2 939
7 634
6 660
3 168
9 470
4 824
1 546
3 960
9 449
6 272
7 755
2 89
2 422
9 531
2 218
2 165
3 657
5 539
9 835
2 321
8 942
1 834
9 38
3 458
9 393
7 94
5 557
3 636
7 90
3 620
2 643
9 902
1 740
9 772
6 585
3 598
3 956
7 452
3 945
1 198
6 358
4 206
4 193
2 613
3 445
6 308
5 455
1 544
6 370
1 207
7 128
1 918
3 674
1 77
7 998
4 676
4 284
6 709
8 160
7 477
1 991
8 411
6 432
9 360
7 988
7 911
8 808
1 917
5 917
1 820
7 705
1 710
7 815
5 184
2 459
1 579
9 600
6 615
5 381
1 270
9 979
1 204
4 728
2 270
7 271
9 281
3 304
9 682
2 128
8 812
1 962
2 36
5 817
1 313
7 64
5 4
7 201
7 548
2 765
5 294
9 344
5 729
9 283
6 485
3 995
7 714
1 125
9 957
3 837
1 576
7 291
4 380
5 505
1 139
7 464
9 742
5 724
3 893
5 601
9 853
9 113
9 990
3 754
3 616
6 937
3 929
1 490
3 437
3 955
9 421
4 726
2 665
1 353
9 176
8 654
1 268
1 315
7 722
6 925
5 379
5 248
2 527
7 335
9 171
3 258
6 148
3 473
2 435
7 370
5 498
4 77
1 509
3 743
4 897
2 287
4 249
1 21
1 709
5 457
4 365
4 190
8 699
3 324
6 925
7 899
1 872
4 190
3 805
3 49
9 319
9 697
7 307
6 779
7 791
2 614
3 669
9 667
8 621
7 938
7 839
8 970
1 533
5 811
5 529
3 758
8 632
5 851
2 891
9 673
7 584
6 838
2 246
8 340
2 652
9 413
3 835
3 640
6 698
9 143
2 749
7 511
3 75
2 320
9 710
9 366
7 716
6 548
7 147
5 546
4 884
5 726
6 779
7 243
1 537
7 423
7 5
7 385
5 15
2 481
5 134
9 20
3 769
7 529
4 173
4 151
2 753
1 214
1 680
5 728
8 279
6 939
4 804
1 798
8 747
7 262
8 563
2 449
6 285
6 684
6 772
4 952
3 866
2 775
7 60
7 482
6 93
8 340
3 465
2 152
5 854
9 93
1 694
9 186
5 957
3 874
9 141
7 972
8 429
7 273
1 688
5 265
4 894
1 832
6 180
3 290
6 398
2 888
9 361
3 508
3 662
4 765
9 926
8 248
5 922
5 282
5 711
6 828
1 868
3 402
4 644
7 801
6 511
3 852
7 482
7 908
8 461
7 104
9 130
9 461
7 308
2 380
1 7
8 343
9 306
7 642
4 155
9 710
6 569
2 974
5 359
9 352
7 274
5 644
7 524
4 173
3 285
2 849
3 198
2 884
8 375
2 172
5 125
6 632
8 599
3 901
1 488
1 215
3 426
3 602
4 681
9 499
2 46
4 975
8 977
2 184
8 542
4 319
9 673
5 797
2 556
5 948
6 669
1 960
5 739
4 762
6 337
9 105
2 47
6 781
6 376
2 95
8 39
8 303
1 82
8 702
5 236
2 836
4 531
4 718
9 359
1 409
9 179
7 233
9 30
6 248
9 979
7 42
7 192
9 448
1 880
7 347
8 519
3 739
6 979
5 39
5 374
4 470
3 397
9 776
1 716
5 550
9 522
4 151
1 372
2 424
7 186
6 805
1 672
4 474
3 438
6 707
1 116
6 83
8 879
1 657
8 39
7 447
3 953
3 712
1 632
1 14
6 625
8 960
1 81
9 667
5 383
4 49
3 988
5 729
1 426
6 900
6 30
5 744
1 662
6 26
6 591
3 830
8 576
5 233
8 661
6 893
9 711
5 261
7 790
6 5
9 812
4 399
2 969
8 261
1 317
5 644
6 44
4 562
5 702
9 993
3 131
4 126
3 546
7 979
3 813
2 271
3 607
3 904
9 531
4 926
1 170
1 193
4 200
7 269
1 267
9 983
9 586
8 677
7 932
8 468
6 358
7 809
1 127
2 260
7 597
6 941
9 193
9 417
5 607
9 294
1 105
5 990
6 541
8 822
6 760
1 657
1 185
7 801
5 897
7 405
9 964
5 980
4 200
8 548
5 520
2 399
3 274
2 34
5 493
7 8
1 302
7 90
1 130
6 516
9 388
3 240
1 986
4 227
6 336
7 710
7 772
2 917
8 217
5 579
8 524
8 681
5 968
3 32
6 98
7 843
8 468
9 555
2 22
7 77
4 993
4 649
7 896
6 248
5 235
6 541
1 850
7 23
9 711
9 354
8 319
6 13
2 717
1 678
9 68
6 532
5 261
1 263
2 185
7 987
5 57
7 615
6 470
5 444
1 128
6 708
6 713
8 671
7 8
7 886
1 822
4 573
9 318
5 676
7 65
5 639
2 911
1 465
1 329
8 280
5 425
5 341
2 147
3 287
8 79
1 665
8 310
2 421
4 230
8 566
4 199
6 852
2 897
2 927
8 943
9 120
7 632
1 944
4 471
4 369
8 841
8 888
6 709
3 216
2 125
6 951
8 425
9 151
7 557
6 266
3 4
6 306
3 283
7 133
5 200
6 741
5 254
8 629
7 656
8 339
5 346
9 541
3 530
6 810
6 488
2 25
3 898
6 564
9 580
1 373
3 634
6 257
4 742
4 289
9 450
4 616
1 355
5 3
9 287
2 409
7 325
1 703
6 762
4 842
7 119
8 277
5 328
3 78
5 139
4 904
3 431
6 102
2 116
3 107
6 353
2 894
2 947
1 619
6 301
2 489
3 394
1 890
1 19
4 228
4 771
5 463
4 91
6 705
6 105
1 326
7 327
2 134
2 255
4 421
4 651
8 412
1 114
3 485
6 706
9 288
9 283
3 678
2 33
3 16
9 913
6 312
4 716
2 669
7 635
1 963
6 438
6 769
2 395
2 682
2 404
4 297
2 157
2 496
7 77
5 762
6 289
2 385
6 955
9 694
6 862
9 315
1 750
3 569
1 56
6 964
1 657
9 146
1 953
1 439
1 590
1 175
4 711
8 603
1 51
7 976
3 673
3 931
9 374
3 287
6 189
6 888
6 948
6 97
8 114
2 369
1 174
1 301
2 540
1 551
5 357
5 221
3 817
6 171
9 90
5 339
8 863
9 841
1 417
8 432
8 910
6 952
3 780
8 686
5 313
2 628
3 483
3 417
2 719
9 647
5 201
2 523
1 650
3 875
4 739
8 316
8 544
5 451
9 957
1 363
7 812
7 657
5 558
9 751
6 99
3 523
2 103
9 81
3 848
1 257
2 980
5 955
9 558
8 286
9 699
7 223
7 76
4 244
2 391
2 349
1 112
5 225
6 355
8 123
3 979
1 509
3 950
3 921
2 26
9 461
5 573
6 954
9 999
9 719
1 911
5 35
3 377
7 393
9 283
3 372
8 894
5 658
6 500
3 790
3 504
6 968
3 371
5 444
2 839
8 198
1 949
8 929
9 210
7 213
6 556
6 472
8 901
5 733
3 428
8 364
5 212
8 727
6 973
7 671
1 771
5 719
7 102
9 202
5 689
9 522
9 717
3 133
4 842
8 457
8 826
1 640
9 870
5 338
5 694
1 95
4 597
3 622
5 181
2 9
3 674
6 551
2 243
7 447
2 986
1 792
9 161
9 287
4 518
2 312
5 72
1 395
2 938
6 366
9 995
3 425
3 342
3 779
6 97
8 106
3 566
5 333
4 767
6 194
4 682
2 215
4 630
4 140
1 781
8 405
2 316
8 165
7 243
5 678
6 606
8 141
8 838
6 335
2 531
6 609
4 34
2 403
5 589
2 950
1 765
3 865
7 622
1 176
7 410
5 922
7 793
9 624
1 255
2 955
9 205
4 435
3 824
9 340
8 379
9 502
7 801
5 662
8 833
7 725
9 128
8 976
1 429
6 989
6 277
8 906
2 227
8 875
5 897
6 901
6 942
5 139
5 207
6 885
4 75
6 282
4 976
4 560
7 295
1 245
2 213
5 490
6 928
3 928
6 18
8 820
3 670
4 140
3 477
6 916
9 74
7 190
3 893
3 611
8 300
9 478
6 443
2 389
2 488
9 197
1 584
8 901
2 693
6 130
6 504
8 158
1 681
5 64
5 815
8 199
7 248
1 346
6 81
3 62
2 489
4 792
1 711
8 326
8 173
3 11
1 657
6 971
5 233
8 349
4 428
7 881
7 942
9 85
3 399
9 310
5 559
2 678
9 234
4 673
1 895
8 800
3 569
6 608
7 524
9 568
4 223
7 65
1 114
3 624
6 731
5 118
2 474
3 559
3 517
5 550
6 352
8 402
9 121
2 159
3 404
5 34
5 614
8 509
5 964
6 677
9 505
9 422
4 28
6 841
4 649
4 394
8 459
4 358
1 525
3 660
1 961
9 555
6 509
8 740
3 353
3 605
2 648
7 273
9 444
6 938
1 223
8 530
6 128
5 978
4 123
9 581
1 51
8 97
9 355
6 470
4 971
2 3
5 539
6 14
2 108
6 794
7 283
8 730
4 649
7 781
4 67
9 293
7 653
9 114
7 662
8 872
3 97
1 970
5 868
9 337
4 653
4 26
7 893
8 784
9 183
5 751
4 84
8 803
7 151
5 182
2 937
9 164
7 928
6 669
2 555
6 491
8 855
1 581
8 709
5 728
9 649
2 578
1 241
1 905
2 453
7 921
4 859
2 143
2 374
8 22
1 255
6 574
9 466
2 296
4 239
4 784
3 939
2 57
9 180
7 289
3 767
1 742
6 731
2 133
6 415
8 752
3 104
2 497
2 199
9 462
5 253
3 761
3 327
7 371
2 498
9 857
4 306
5 891
8 484
5 579
7 615
7 286
7 375
8 6
4 294
8 448
6 432
2 738
2 27
8 982
2 206
3 507
5 158
3 985
2 860
6 258
7 613
3 912
4 45
6 997
5 104
4 602
4 654
5 12
3 886
3 641
9 552
4 40
8 265
7 70
8 307
4 319
1 589
4 625
3 304
2 689
2 786
4 660
8 350
3 557
9 103
9 764
6 65
3 83
3 547
7 891
8 917
3 773
2 877
1 858
1 740
7 307
4 557
1 685
7 76
8 580
7 159
3 550
5 149
1 988
2 223
4 268
5 807
6 364
7 159
6 303
5 488
6 861
9 294
6 670
7 507
8 983
6 595
3 44
3 604
5 875
7 349
9 965
1 903
5 278
8 270
4 397
1 907
6 520
1 804
2 8
3 160
9 413
5 243
6 934
7 206
6 391
5 390
3 429
5 123
2 73
5 5
1 867
9 727
9 549
7 296
7 279
5 266
5 646
2 865
2 792
6 827
1 63
1 976
3 510
7 634
6 209
6 52
2 986
2 181
4 746
7 810
7 369
2 434
7 21
9 314
9 525
6 433
2 77
2 796
8 944
5 605
7 505
6 665
3 871
6 745
5 759
4 360
1 68
8 862
5 529
3 338
8 36
3 360
2 616
2 135
9 24
1 150
5 115
2 457
2 97
2 322
8 194
4 141
7 912
3 786
7 896
5 932
2 50
3 199
6 605
9 662
7 791
8 594
3 781
7 328
4 971
8 171
2 768
3 863
5 32
8 558
8 928
5 16
3 221
8 80
6 266
1 172
1 708
1 399
3 536
5 86
1 813
4 110
3 5
8 698
9 778
5 401
3 466
1 122
2 350
4 230
1 380
5 110
8 885
2 577
7 672
5 366
7 637
7 504
2 885
5 395
5 459
4 808
6 650
2 329
9 849
9 333
5 958
8 318
5 388
1 702
6 276
5 264
1 262
1 272
3 689
9 248
4 181
2 790
2 985
2 548
6 395
6 782
9 760
8 634
4 432
4 926
5 123
1 338
6 676
4 250
3 712
2 949
9 553
1 442
5 576
7 809
7 309
7 43
6 410
8 935
2 450
6 985
6 769
6 675
3 369
4 248
1 141
7 693
7 374
7 387
5 281
7 639
4 506
4 377
5 795
4 195
2 891
8 536
1 940
5 543
4 854
6 110
2 145
8 843
5 374
5 187
7 145
7 962
9 944
4 722
1 88
8 703
6 816
3 77
7 169
5 784
4 847
9 174
8 133
9 229
1 965
1 599
9 959
3 198
4 619
1 362
4 555
9 404
9 741
3 565
7 536
5 370
6 680
2 94
2 280
5 38
9 456
6 792
8 916
8 756
4 627
2 959
3 620
1 272
1 280
6 708
6 623
6 918
4 59
1 833
3 771
5 21
9 944
9 79
5 520
5 114
1 672
2 48
2 873
3 372
1 312
8 688
7 875
3 955
7 336
4 709
6 98
9 770
6 260
1 621
3 122
5 364
8 526
4 522
2 886
9 272
1 410
3 851
7 284
4 938
5 752
8 164
1 96
4 328
2 938
3 291
4 402
4 290
9 221
9 46
9 143
9 25
4 713
9 557
4 838
7 54
5 579
8 158
6 306
7 467
2 153
8 23
5 848
5 201
6 562
1 894
2 1
7 975
9 232
1 148
7 464
1 379
8 854
3 436
7 459
2 123
9 97
2 884
8 177
2 732
7 768
3 161
3 982
9 200
7 106
3 2
3 984
2 613
8 354
2 717
2 389
2 143
8 703
8 430
4 549
7 55
2 225
7 803
9 789
2 139
1 787
6 183
5 239
1 48
5 282
8 124
4 323
5 155
6 12
6 343
1 901
1 596
1 331
4 52
1 122
2 452
6 50
2 118
7 867
4 318
5 648
7 537
5 425
5 434
3 432
9 435
9 891
2 178
5 149
5 498
7 139
4 335
8 22
2 912
6 336
3 755
1 108
2 392
9 420
4 407
5 757
2 903
8 309
9 309
6 29
3 883
5 194
2 354
8 389
4 103
4 933
9 146
6 586
5 293
6 800
4 576
7 977
9 644
5 278
5 899
1 196
9 473
2 1
6 603
9 250
1 832
3 999
3 942
7 952
1 29
4 371
1 748
6 801
5 72
5 63
7 104
6 472
8 366
5 560
3 580
8 830
5 991
8 546
7 852
3 887
7 688
7 203
4 325
4 546
7 519
5 804
9 585
6 637
3 748
6 356
3 724
6 896
2 734
1 87
8 659
9 185
5 670
9 783
4 109
5 828
4 656
2 687
5 907
7 628
6 957
2 141
4 888
8 553
8 198
7 645
8 51
8 921
9 653
9 434
3 471
8 825
8 612
9 804
6 274
9 612
5 134
5 350
2 508
9 799
1 979
3 998
1 710
8 469
3 780
9 842
6 601
2 814
4 899
4 450
9 768
7 841
8 533
1 80
5 531
5 183
4 42
8 977
4 538
3 115
1 504
9 6
4 62
9 754
4 156
6 571
3 984
7 980
3 41
4 995
3 657
8 519
5 796
1 449
1 379
3 89
9 676
4 705
8 631
9 417
1 382
4 865
4 836
9 40
4 624
9 168
9 932
2 697
8 901
1 781
8 865
5 600
1 963
8 997
7 483
7 818
7 838
8 386
8 248
3 270
6 461
5 590
4 842
7 839
3 871
6 460
5 209
4 715
8 84
1 203
6 563
1 586
5 423
8 793
2 397
1 979
9 219
3 687
7 295
3 241
2 584
6 339
7 198
7 401
9 203
8 284
9 62
5 884
5 560
3 592
2 460
4 252
1 859
2 177
1 902
3 38
1 836
6 997
6 867
1 752
8 440
8 554
6 343
7 423
2 835
6 859
5 304
3 410
9 767
1 754
2 4
9 875
9 606
6 30
3 427
8 262
2 256
4 87
4 973
5 501
5 242
7 540
5 907
4 146
8 536
9 63
6 411
8 534
8 966
6 208
6 65
9 978
5 442
9 917
1 11
2 660
9 215
2 515
5 867
4 515
7 561
8 379
8 671
2 706
7 196
2 748
6 539
4 298
8 228
6 114
4 71
8 208
4 972
3 126
3 384
8 961
6 654
6 353
1 691
5 680
2 690
4 583
3 592
7 928
8 532
7 495
8 815
1 325
3 426
7 347
6 527
9 909
8 86
1 225
9 320
2 100
8 770
7 676
3 281
9 901
1 366
7 852
8 817
6 406
7 345
3 489
5 498
9 490
5 378
1 797
4 56
3 145
5 17
8 907
7 862
5 547
1 641
4 846
7 576
9 139
1 723
5 230
3 463
8 241
4 152
9 257
8 372
3 471
8 659
7 122
6 623
3 187
1 787
6 160
3 284
9 3
5 364
8 664
5 670
3 386
3 380
2 467
2 481
1 576
5 34
3 380
6 86
6 76
8 317
9 953
4 971
9 45
9 626
6 598
8 51
3 836
8 346
6 619
5 240
5 685
1 331
9 366
9 68
8 7
4 115
3 421
5 72
6 139
4 892
7 993
6 439
1 92
8 851
7 49
1 344
4 801
8 235
5 808
3 46
2 123
7 929
3 245
2 727
3 698
5 557
5 998
5 958
1 499
8 239
7 618
6 998
5 974
8 305
6 971
8 34
4 510
6 355
5 682
8 575
1 138
6 509
2 127
8 945
2 994
4 890
1 484
6 32
8 839
3 958
7 405
8 341
5 110
3 387
9 215
5 610
2 811
2 208
9 305
7 1
2 773
7 911
5 217
5 433
1 716
2 304
4 819
6 753
1 60
6 439
4 539
4 345
9 886
3 726
9 423
4 208
7 55
1 171
9 219
9 765
7 712
6 774
7 713
5 897
5 386
3 765
7 104
2 994
6 381
9 617
9 883
3 437
2 381
4 928
3 929
9 253
2 480
9 610
3 272
3 403
1 561
6 583
7 996
1 91
6 16
5 617
7 251
7 836
8 380
6 668
3 894
9 668
6 665
8 6
9 503
3 594
2 295
4 447
3 472
7 386
1 963
1 386
7 494
4 564
7 143
5 619
1 589
8 130
9 284
9 627
1 543
4 569
9 835
6 846
2 273
5 513
9 671
5 169
1 277
1 475
5 401
4 174
6 100
7 680
3 157
1 606
4 247
3 973
2 629
9 109
8 488
7 574
5 676
2 761
7 630
1 371
2 767
4 457
2 566
2 686
3 163
3 859
2 624
5 928
8 371
1 310
4 96
1 737
6 64
1 723
9 172
4 443
1 356
8 524
4 755
2 364
6 659
7 763
4 774
8 254
2 447
5 723
2 165
8 32
3 395
7 640
7 566
2 943
2 700
6 282
3 833
6 528
6 586
4 774
1 702
8 506
5 309
4 410
6 407
9 420
7 914
6 524
1 860
8 558
1 372
2 172
7 484
7 416
6 991
1 150
9 936
5 560
9 321
4 156
5 130
7 965
6 73
4 679
6 675
4 931
9 77
4 970
1 802
8 787
8 294
9 923
3 310
5 631
9 890
3 76
9 81
3 219
8 967
7 524
2 854
5 127
1 276
7 647
5 201
2 28
7 370
6 162
2 872
9 746
6 298
9 501
7 19
6 968
4 336
6 347
8 946
6 558
5 289
7 738
2 358
9 422
7 435
5 844
1 813
3 70
3 849
1 207
1 726
3 571
7 386
7 689
7 111
2 992
1 889
1 326
4 495
7 692
3 768
5 237
5 564
7 410
6 313
4 717
2 510
9 539
3 924
1 666
6 912
1 590
9 388
6 766
7 382
8 250
4 713
8 449
7 230
1 408
1 193
8 738
8 131
5 37
9 941
7 246
5 79
7 92
5 751
2 504
5 316
7 438
9 678
4 742
5 182
4 606
3 711
2 514
4 339
8 334
9 689
4 571
9 415
6 389
2 520
2 454
5 366
9 20
8 496
5 388
2 629
4 770
7 338
3 900
9 272
7 114
4 532
9 884
9 66
3 550
1 884
5 858
7 614
5 12
3 358
4 787
6 394
6 46
9 279
7 564
1 617
2 947
5 81
3 814
2 823
3 450
5 806
3 676
6 905
1 249
2 805
1 968
8 312
6 368
5 678
2 858
5 328
3 163
3 75
2 272
6 497
2 324
6 31
7 442
6 124
6 916
9 445
1 565
1 618
3 66
6 302
4 29
6 168
9 755
6 323
9 577
1 467
9 841
9 337
4 869
1 692
1 108
2 109
5 612
4 43
3 459
2 40
8 410
9 833
1 167
4 629
3 976
6 81
7 312
3 819
1 596
7 404
8 647
8 813
8 956
1 656
9 918
2 59
3 620
1 930
1 49
1 967
5 655
3 279
1 465
8 865
5 327
7 201
9 500
6 952
5 589
3 310
1 22
6 273
9 978
4 864
7 481
3 207
8 598
9 539
7 302
7 560
8 112
4 41
8 493
9 505
8 38
4 745
3 620
7 137
4 658
1 63
5 551
8 712
3 473
9 648
1 375
1 123
9 686
1 815
9 873
6 698
1 853
2 406
5 180
2 790
7 261
6 695
8 839
1 397
7 378
9 88
3 252
1 675
9 809
4 836
7 529
1 311
3 696
5 574
9 976
2 150
3 653
6 486
7 690
9 805
3 927
8 257
6 258
4 554
4 140
1 748
3 362
3 770
2 212
9 370
6 146
4 861
6 801
5 10
3 230
4 995
2 144
7 491
5 901
8 186
4 591
4 148
7 429
6 447
8 698
4 265
4 773
1 80
5 473
8 222
7 622
8 15
7 906
2 604
4 988
6 286
3 442
1 251
4 69
4 948
9 233
4 766
6 58
8 17
7 934
4 389
5 174
8 758
6 628
2 324
4 152
5 195
6 761
4 900
9 861
2 753
4 780
6 817
7 365
5 524
9 790
4 292
7 317
3 480
6 849
2 279
1 132
3 31
9 356
3 879
1 779
2 29
8 151
8 552
2 397
5 251
7 989
2 868
7 30
6 687
5 870
9 597
9 594
6 332
4 557
4 884
1 561
3 51
1 757
9 227
9 679
1 60
9 738
8 411
9 713
6 364
7 219
4 23
2 306
1 481
6 3
3 355
5 996
1 275
4 727
5 345
8 417
7 511
9 770
1 360
4 456
1 504
6 122
4 923
2 598
8 446
6 207
9 164
3 925
4 393
4 377
7 776
1 299
6 667
6 645
7 988
9 187
6 212
9 18
7 173
2 976
4 653
3 138
4 104
7 692
8 433
4 671
9 581
4 932
3 756
8 430
7 115
2 955
9 362
1 898
1 27
1 589
4 775
5 215
5 227
4 93
1 412
6 306
9 171
3 396
7 253
6 110
6 161
9 849
7 756
9 493
6 340
1 181
7 527
6 711
7 738
1 851
6 724
4 580
1 832
3 977
5 520
4 890
3 589
1 639
1 206
6 565
5 931
7 379
7 858
7 650
9 331
6 464
8 657
6 387
4 738
4 294
6 170
4 375
2 641
5 821
9 145
8 111
2 849
1 971
3 16
9 740
5 122
5 838
3 685
9 706
7 589
7 118
9 620
6 953
9 505
7 108
8 879
2 163
6 425
6 873
6 474
1 224
8 255
9 530
4 287
9 82
9 672
2 71
4 691
4 553
6 236
1 283
5 596
4 280
1 298
7 897
4 204
3 522
8 902
8 398
9 725
1 502
2 117
3 689
4 34
6 441
8 339
4 820
5 887
1 111
3 690
7 112
2 567
4 351
1 405
9 376
2 385
4 246
6 169
6 27
4 614
7 189
6 910
9 325
3 826
4 139
3 163
7 128
7 602
2 916
5 665
4 574
5 170
9 550
5 192
7 258
5 481
5 478
2 173
8 626
8 956
8 234
9 732
1 285
2 558
1 778
7 212
1 272
1 890
9 156
1 554
8 606
6 577
3 863
9 605
1 185
1 690
4 836
6 498
4 194
2 41
9 279
7 43
8 70
5 528
9 733
8 356
6 553
3 142
9 119
6 61
6 744
1 721
4 610
1 420
2 992
8 494
8 149
6 259
2 188
1 161
2 24
1 978
9 885
3 430
4 584
2 25
2 678
5 346
9 401
9 809
7 943
7 383
9 559
9 746
8 583
6 386
3 141
4 901
8 483
7 747
2 539
6 831
8 236
4 941
4 660
4 748
7 773
4 850
8 210
2 796
8 502
2 118
1 545
1 105
8 68
3 531
2 61
1 261
8 976
5 369
5 672
1 396
4 686
4 495
2 561
3 126
8 192
1 143
7 980
3 483
2 536
3 811
2 532
9 610
3 992
7 583
5 815
4 546
6 662
5 115
8 51
7 6
8 203
2 696
1 832
6 668
9 349
2 683
7 270
6 108
8 991
4 364
5 107
9 307
1 669
7 429
6 380
2 398
4 20
4 203
5 710
4 938
5 787
1 938
3 634
2 755
4 455
9 431
1 747
6 486
9 595
5 572
3 68
6 276
6 781
8 937
5 786
1 549
6 217
2 348
2 253
4 194
3 659
1 425
1 798
1 259
4 543
9 87
5 237
1 415
9 278
9 228
1 666
2 355
7 982
7 888
8 524
1 380
3 143
1 307
2 152
5 770
1 832
9 24
6 376
4 804
5 228
5 436
9 527
5 931
3 930
9 182
2 619
1 74
5 802
2 139
8 382
7 366
7 204
2 1
3 265
3 950
6 555
8 823
1 614
7 28
4 293
2 716
2 488
6 392
9 887
8 680
8 158
2 201
8 154
3 658
4 5
4 629
8 432
2 359
1 924
9 589
1 314
8 129
8 812
7 529
6 768
3 967
8 974
4 6
2 87
5 265
9 710
2 88
7 345
6 188
6 552
9 205
8 519
7 105
7 571
2 749
6 281
3 983
3 322
6 101
3 91
5 218
6 258
9 660
6 471
8 309
3 780
7 325
2 283
5 348
5 220
7 629
5 532
8 473
5 40
6 979
4 938
7 367
5 222
7 954
6 312
9 152
9 213
6 109
7 343
4 785
4 272
7 780
9 464
1 94
8 545
8 351
4 707
6 116
8 463
5 58
7 769
2 22
9 123
2 195
6 23
5 746
4 831
2 534
7 498
4 517
5 856
3 962
5 304
4 211
1 585
7 977
3 196
8 55
3 846
4 501
2 666
2 600
9 211
6 510
4 917
9 188
8 613
4 336
7 383
4 401
4 533
9 41
6 95
5 483
2 62
9 246
7 668
8 942
3 417
1 742
1 916
2 107
7 516
1 164
7 707
6 585
4 660
4 124
5 719
3 132
4 27
7 945
8 941
3 10
7 777
4 410
8 399
3 660
3 958
5 532
6 107
9 61
9 460
4 958
8 508
8 396
3 905
8 666
7 947
9 642
2 146
7 574
4 568
1 178
2 777
5 347
8 544
9 88
2 309
9 900
4 293
6 787
9 356
3 481
4 847
6 464
2 893
3 536
9 991
9 143
1 859
3 89
5 614
4 843
2 660
3 894
7 477
4 868
2 853
7 572
5 191
7 411
1 511
8 981
7 816
7 988
9 331
4 516
8 691
6 304
9 259
9 22
4 597
5 5
7 956
9 587
1 49
5 386
2 382
7 780
9 209
4 591
8 284
6 202
2 622
1 44
7 702
9 334
1 391
5 905
3 632
7 650
5 209
9 958
3 403
1 225
6 227
4 869
6 360
8 203
7 576
3 580
6 747
2 733
3 969
9 203
5 850
4 719
3 607
2 87
8 135
3 58
1 564
8 589
4 716
8 343
2 755
3 7
7 274
9 358
8 98
3 1
2 132
8 724
7 116
7 185
5 559
9 330
4 887
7 203
9 429
4 332
2 906
4 405
9 516
6 860
1 42
6 279
1 299
3 68
9 251
1 383
6 214
8 369
2 68
5 423
8 836
7 118
2 811
7 359
1 721
4 658
5 81
7 93
8 377
7 512
6 412
1 155
4 762
1 445
8 813
1 482
8 340
5 828
6 558
8 915
7 407
5 479
8 947
4 22
9 450
9 669
6 864
4 206
3 66
9 893
5 954
6 247
6 692
1 882
5 980
4 965
7 809
2 30
7 453
7 799
2 303
9 483
4 11
2 231
4 775
5 672
9 935
9 741
4 431
3 314
6 141
8 236
2 162
4 143
2 35
3 236
5 847
7 224
2 125
2 651
8 734
8 347
1 960
7 734
4 430
1 801
1 764
8 956
7 21
8 259
1 478
8 111
8 930
8 619
1 944
9 672
3 593
1 66
2 106
5 662
5 285
2 824
4 937
5 693
1 318
6 730
1 164
2 277
4 612
4 148
7 166
7 952
9 556
1 748
2 536
3 915
8 310
9 588
2 677
2 641
4 950
3 227
6 650
8 925
1 399
8 818
4 329
3 478
2 507
1 264
6 73
7 301
4 76
4 348
5 606
7 465
7 79
5 388
8 913
5 709
4 822
3 313
7 734
5 753
6 734
7 722
5 634
3 906
5 349
9 898
7 680
3 948
2 772
1 206
8 87
5 434
8 878
6 778
9 973
9 572
3 267
4 950
7 473
9 765
9 548
6 213
3 744
8 705
2 216
8 639
5 262
9 928
5 975
4 751
2 238
7 94
7 773
7 561
3 339
2 785
2 708
8 833
2 877
5 687
3 885
1 113
3 837
6 286
9 466
8 199
8 516
3 645
2 774
6 535
3 968
4 436
1 38
6 847
3 244
1 445
1 298
8 993
7 317
7 385
9 472
7 205
6 594
1 995
6 211
9 917
9 289
1 574
9 60
7 677
5 674
5 869
6 398
6 544
3 579
1 216
6 230
5 757
5 426
5 629
7 2
5 535
2 338
1 334
8 249
1 856
2 851
6 331
4 308
1 682
2 521
4 656
4 474
6 294
9 883
4 256
3 188
7 893
1 617
3 360
8 957
9 225
5 660
5 495
2 149
4 292
4 230
9 421
2 797
3 604
3 355
4 284
1 368
7 505
1 124
7 7
7 518
6 45
7 505
8 864
4 153
1 761
5 259
2 87
2 614
6 173
3 268
7 948
3 353
4 775
6 37
7 993
5 731
9 451
9 296
7 327
5 907
7 549
4 987
5 939
5 44
4 8
3 287
1 102
7 409
2 552
3 377
3 437
9 21
5 781
8 920
9 201
6 914
1 430
1 104
9 940
2 200
2 614
9 902
5 844
4 312
7 195
2 98
8 234
1 956
6 870
1 840
8 142
5 539
4 94
2 659
7 946
3 980
2 63
9 994
4 912
7 740
6 151
9 176
6 673
4 117
3 445
2 332
1 430
5 876
1 670
4 556
4 112
3 894
3 137
5 799
3 632
6 312
8 95
8 884
9 56
1 29
6 957
7 87
7 668
6 347
5 216
9 672
1 875
9 220
1 175
8 498
3 994
9 27
6 734
1 293
7 911
6 291
2 399
6 411
3 777
1 842
9 378
2 757
8 800
2 701
9 432
2 936
3 728
8 233
3 873
3 970
1 564
9 371
6 76
5 467
4 257
2 282
2 543
1 324
8 452
5 473
8 661
4 28
2 372
6 570
2 222
9 29
9 520
1 186
8 617
2 884
7 399
2 663
3 361
3 440
9 448
3 134
2 322
6 217
9 577
3 656
6 46
9 303
5 520
9 597
9 577
2 166
2 802
9 355
1 533
3 694
8 426
6 808
9 425
8 159
2 530
4 519
8 217
2 577
7 28
1 310
8 810
5 18
1 22
2 775
3 886
8 972
6 733
6 778
4 524
9 597
1 751
8 348
2 655
7 142
5 536
1 724
5 645
1 959
7 551
3 377
3 360
7 468
3 847
1 688
3 619
7 426
1 401
6 57
1 136
9 176
6 367
6 737
1 79
3 834
8 867
2 785
2 996
8 39
6 654
6 933
3 12
6 643
6 570
4 906
3 334
8 96
5 419
4 868
9 247
7 844
7 350
6 60
4 38
8 189
7 824
4 964
5 918
2 685
9 462
4 631
1 111
6 932
7 559
6 463
2 939
1 357
1 374
3 634
6 233
2 821
1 383
2 330
2 829
4 227
3 44
9 804
1 302
5 401
3 974
6 104
4 888
8 921
8 595
6 111
9 97
4 603
9 435
3 218
3 385
1 554
5 738
5 300
2 531
5 57
8 1
5 856
4 57
3 307
4 51
3 199
2 348
7 64
6 172
9 764
5 880
1 421
4 113
9 814
2 857
6 586
9 748
8 901
1 937
1 893
6 624
2 853
6 331
6 191
7 354
7 495
1 709
6 290
2 354
5 902
4 973
2 505
8 648
1 963
7 333
1 10
9 948
6 85
7 218
3 218
2 667
1 524
7 627
2 916
8 636
8 909
7 25
7 768
4 257
2 413
4 588
8 983
3 4
5 252
3 61
8 948
7 899
4 822
4 723
7 225
9 993
6 688
9 984
6 127
7 906
8 549
8 679
1 467
6 599
5 60
9 624
8 106
1 199
7 767
3 103
8 281
6 562
3 831
6 144
1 505
3 215
9 262
9 585
6 732
2 883
9 281
1 518
6 467
5 750
9 357
4 943
7 666
8 44
9 769
5 891
4 673
5 47
5 436
1 100
5 253
8 679
2 926
8 356
6 632
7 345
7 676
9 344
7 511
9 276
8 292
5 990
8 709
1 336
8 387
3 750
9 136
6 890
8 345
3 173
2 70
4 683
5 523
9 524
5 133
5 750
8 403
1 826
4 215
9 974
7 316
5 958
1 872
9 232
8 812
6 630
6 640
7 64
1 59
2 634
9 105
4 52
1 562
4 337
3 758
6 97
2 755
2 243
6 622
4 282
1 316
2 753
1 943
7 836
2 123
9 629
1 292
5 172
5 277
5 349
6 539
5 826
4 220
4 358
2 980
9 713
8 551
6 969
8 721
2 214
6 713
5 789
5 241
5 576
2 907
5 988
5 808
4 458
1 602
5 306
6 174
9 596
4 923
7 936
3 807
4 206
7 429
3 243
3 394
9 905
4 182
9 465
8 427
2 735
9 175
5 48
6 778
4 790
6 926
6 782
4 313
5 972
3 421
8 130
2 752
6 552
6 365
8 641
6 376
7 257
1 417
5 617
4 384
2 53
4 852
6 762
3 541
5 906
5 948
7 213
6 507
6 353
7 499
4 382
1 370
6 144
1 380
4 138
7 167
1 792
8 742
3 902
3 7
5 682
7 281
2 93
4 97
3 377
9 159
9 907
4 834
4 471
5 529
5 414
1 516
8 152
6 478
7 260
5 299
4 595
3 993
1 85
9 570
1 123
8 657
2 694
3 518
3 142
3 491
7 181
5 480
6 701
2 823
5 879
3 341
4 420
1 599
7 142
7 403
2 616
5 732
4 988
7 193
5 16
6 405
7 127
2 965
8 561
5 507
7 628
1 352
1 899
3 708
4 838
1 743
4 608
7 482
3 724
8 446
9 76
4 373
4 734
5 747
6 844
3 174
5 820
1 957
7 913
6 199
2 214
5 923
2 416
7 137
3 797
6 317
6 151
6 511
3 28
4 618
8 231
6 64
5 753
1 209
7 124
2 854
4 67
1 876
5 338
3 59
9 33
7 444
4 784
7 787
1 650
9 402
5 914
4 369
8 923
1 771
2 702
2 102
3 559
3 968
5 428
8 750
9 122
3 363
5 586
6 435
2 554
9 834
7 21
4 572
5 218
8 427
2 125
6 407
6 943
5 298
9 840
1 269
5 679
1 304
2 499
9 219
6 294
6 957
7 412
6 695
9 29
6 269
9 369
7 554
4 488
4 121
2 337
9 445
5 739
1 717
2 487
6 728
4 145
8 532
7 652
1 186
6 787
2 552
1 567
6 905
8 396
8 539
1 133
2 904
5 732
9 266
1 994
1 155
4 116
1 413
1 352
3 886
2 490
4 731
3 981
6 549
6 380
7 547
7 789
1 540
6 790
4 895
1 517
6 641
1 456
1 838
4 372
2 383
6 599
6 637
5 469
4 676
2 991
5 80
6 111
8 739
8 144
4 404
4 684
8 731
3 818
9 384
8 730
1 488
5 599
8 628
5 747
6 915
9 683
3 238
2 53
4 414
7 610
5 575
5 300
9 871
8 593
4 744
6 740
8 90
4 76
6 125
4 459
3 280
6 473
4 655
3 212
4 439
1 42
6 554
7 39
9 896
9 118
2 392
1 592
4 634
1 917
3 490
5 518
3 955
7 6
5 952
9 116
4 196
3 124
9 936
8 611
4 232
9 192
9 25
9 823
1 451
9 136
2 553
5 148
3 81
8 556
6 527
4 143
2 267
3 190
5 865
8 753
5 248
9 158
2 728
6 649
6 158
1 557
6 157
2 656
3 295
6 988
2 322
5 543
3 833
3 509
4 252
1 233
4 925
3 490
6 807
2 551
1 641
7 113
5 531
3 35
4 699
5 366
3 871
8 327
2 360
5 840
8 816
2 828
1 182
1 114
8 893
6 672
4 210
1 332
9 272
4 4
5 825
9 710
1 995
8 838
4 310
3 965
7 751
9 304
4 549
2 641
2 520
5 977
7 816
1 907
5 831
1 495
6 997
5 790
2 679
7 67
5 306
5 270
2 263
4 428
2 428
4 255
9 818
5 115
2 696
2 159
5 369
4 902
6 296
6 77
9 39
8 119
9 893
1 557
1 680
1 686
9 209
2 493
8 609
2 99
9 66
4 551
9 68
1 237
3 582
7 775
6 175
2 121
3 282
2 660
7 100
3 787
2 724
8 54
1 324
9 358
9 847
6 260
5 518
1 995
1 528
5 158
9 664
8 207
9 673
9 625
7 650
5 81
6 130
6 427
1 723
8 280
3 130
8 203
8 36
1 466
5 687
9 983
9 619
8 15
2 493
7 502
7 489
4 237
4 153
4 227
3 884
2 165
3 764
8 99
5 285
6 81
8 905
8 42
9 690
2 971
1 414
5 763
9 773
7 676
8 100
2 521
9 128
1 435
9 771
2 409
2 815
1 746
9 989
4 681
2 561
4 299
2 844
9 314
5 499
8 262
5 611
6 20
9 187
4 629
3 705
9 732
7 963
1 958
7 983
7 350
4 729
7 519
6 148
2 908
8 260
7 964
6 390
2 608
9 157
1 253
6 711
1 101
8 181
3 345
2 136
1 707
9 779
8 156
9 215
1 574
6 952
7 344
8 521
6 356
2 625
5 258
3 311
7 10
3 135
3 92
9 766
5 852
5 462
8 472
1 72
8 150
4 302
5 803
4 881
7 219
2 486
8 841
3 833
2 725
3 641
7 675
2 335
6 671
2 535
6 910
1 626
4 786
9 990
4 469
5 467
4 97
6 882
8 188
3 226
1 122
2 448
4 992
6 43
6 735
9 524
4 621
4 142
9 796
4 434
2 160
9 671
4 572
3 911
1 707
9 110
7 441
8 343
1 777
8 814
6 401
3 594
4 925
4 148
8 24
3 423
3 200
3 157
5 86
5 968
7 642
6 58
2 354
4 515
3 504
3 80
4 104
5 645
9 845
7 187
4 810
7 769
8 142
7 219
2 712
6 737
1 983
2 155
2 912
1 904
1 435
2 758
5 94
5 5
3 351
9 526
6 238
6 608
1 939
5 605
1 451
7 442
1 573
2 927
9 702
4 340
9 534
6 113
7 938
7 286
8 744
1 887
1 825
7 361
7 758
1 572
1 464
6 800
2 329
7 242
5 278
3 886
2 116
6 159
7 552
3 780
7 973
1 716
7 599
3 2
6 480
6 4
8 306
9 700
5 250
5 666
5 241
1 58
3 988
9 847
7 378
4 992
1 13
6 869
6 504
6 405
9 162
4 646
9 649
2 103
5 724
1 145
1 476
2 758
3 855
2 442
8 950
2 303
6 861
1 11
5 760
8 67
4 542
9 109
1 496
2 527
5 416
3 903
7 311
2 793
2 984
8 117
5 106
6 53
3 310
7 331
8 915
9 711
5 548
9 86
6 467
1 701
7 3
9 211
5 703
4 915
2 675
4 60
7 889
3 466
1 612
5 269
3 632
5 422
9 236
1 660
9 838
2 303
2 685
1 591
1 236
3 794
2 976
6 692
1 404
3 64
5 673
7 980
8 749
6 203
4 346
8 687
5 225
9 744
7 223
9 16
8 279
9 369
3 102
5 120
1 656
2 239
3 953
3 72
7 339
2 125
1 855
2 588
6 521
6 426
5 822
8 201
3 689
1 75
7 786
6 295
8 815
9 209
3 190
8 907
4 990
6 650
7 563
4 82
3 7
2 545
1 387
5 649
2 752
3 584
6 636
3 418
1 848
5 937
9 343
8 4
8 596
5 617
6 891
3 242
4 643
1 164
1 968
2 261
1 255
7 978
8 160
9 61
7 741
7 483
1 561
9 854
4 140
3 34
2 607
3 365
7 498
5 717
8 60
5 906
8 541
2 923
7 998
2 427
8 980
1 261
9 396
5 136
2 305
8 3
9 163
6 879
4 334
9 846
4 293
5 426
5 636
5 252
2 51
4 530
2 308
5 10
8 342
2 676
5 34
3 994
7 483
8 575
6 907
7 928
9 173
1 751
5 140
2 599
1 401
3 657
4 356
1 848
4 531
2 781
6 921
1 478
8 368
7 939
4 193
3 912
4 658
5 330
5 105
1 705
1 775
2 650
5 747
3 547
6 23
4 560
5 821
1 66
8 529
3 902
8 309
2 243
3 915
6 482
2 501
5 243
5 986
1 844
4 391
4 730
6 437
9 793
5 484
1 885
4 20
2 172
4 39
9 14
9 705
9 692
7 120
8 920
7 546
8 557
7 874
8 505
3 15
1 7
3 594
9 230
1 397
3 659
2 533
6 109
3 886
6 882
6 173
1 111
8 285
1 93
4 673
4 626
3 614
2 903
1 243
7 539
7 252
1 512
9 589
6 461
7 858
1 480
4 863
5 749
2 976
5 463
1 159
8 55
7 439
1 980
6 809
4 40
5 155
2 2
6 609
3 219
8 523
6 497
6 8
2 971
9 526
9 70
9 241
5 456
4 519
2 80
4 393
2 825
5 388
8 10
6 8
2 182
7 646
4 354
3 644
8 75
6 196
7 572
2 705
8 553
8 901
2 270
4 469
5 278
1 640
7 572
9 953
6 897
3 151
6 689
9 14
5 401
9 345
7 801
5 438
3 273
6 985
9 70
2 355
5 747
3 72
4 362
7 791
5 342
5 665
3 455
1 950
7 325
5 266
9 781
1 198
9 760
3 33
8 355
1 894
3 102
1 140
2 709
1 877
5 590
2 239
7 658
9 338
1 203
7 826
2 25
6 756
8 924
5 51
7 894
6 817
3 348
9 895
2 324
5 546
5 752
1 396
5 691
4 111
2 55
9 596
5 678
8 19
6 577
6 318
2 451
7 904
6 529
6 574
6 10
1 485
3 622
8 889
8 333
9 925
1 654
6 903
8 29
4 371
3 990
4 515
9 542
5 958
6 937
8 641
9 90
1 146
9 726
9 743
5 753
1 165
3 346
6 458
4 990
1 418
6 236
5 859
1 351
7 285
8 68
8 673
4 771
8 587
9 572
4 274
2 155
7 452
4 226
7 313
9 176
1 633
7 662
6 907
4 28
2 20
4 556
6 689
1 230
4 261
7 44
1 845
7 410
7 136
5 644
5 569
9 896
5 949
7 413
9 9
9 487
1 255
5 158
7 806
9 938
4 906
7 38
3 335
7 486
1 83
2 356
2 387
8 573
3 248
2 630
4 145
7 3
1 596
7 780
6 546
5 187
9 137
9 360
1 391
9 379
5 413
6 843
7 706
9 136
6 558
9 928
7 320
3 539
6 90
2 37
3 474
7 243
5 166
9 518
7 168
6 748
4 351
4 380
1 164
9 447
1 717
4 142
1 24
3 952
3 436
7 185
9 929
3 956
6 749
7 370
7 91
1 215
7 147
9 934
4 827
1 749
3 194
8 300
8 290
7 767
5 958
4 354
4 816
4 702
5 503
7 200
6 627
8 471
8 727
7 801
4 224
1 537
1 440
6 71
7 526
7 892
5 227
3 809
5 274
5 46
1 21
2 807
8 97
9 139
5 121
3 816
9 489
9 198
8 626
6 96
6 543
4 74
2 670
7 250
5 831
7 158
3 258
2 935
4 962
2 897
9 731
9 864
2 503
6 585
1 486
3 718
1 823
6 236
7 829
6 156
1 498
7 948
7 996
8 829
2 675
4 479
8 876
8 63
1 841
7 944
2 484
3 794
2 890
3 519
7 234
8 817
9 706
1 924
7 368
4 817
6 916
8 605
7 76
9 889
5 753
4 681
1 933
7 981
3 224
6 981
5 175
6 625
5 283
8 21
3 740
7 132
7 851
7 886
6 123
9 280
9 48
5 550
6 873
9 242
5 750
7 990
5 740
2 243
5 603
9 392
8 537
8 156
8 697
7 470
7 256
1 133
6 149
5 720
4 650
8 837
5 903
6 45
4 880
6 385
4 706
2 982
9 737
3 69
2 898
7 971
1 7
5 175
9 223
4 614
9 576
8 992
2 715
8 841
9 479
8 235
5 439
1 147
5 74
6 609
6 471
5 563
8 403
8 70
3 351
6 936
8 571
1 125
8 402
9 320
7 628
5 66
4 490
3 243
3 863
3 971
8 869
3 249
3 990
2 336
6 439
2 986
2 200
1 16
5 513
9 200
6 607
2 925
5 632
4 97
9 457
4 548
9 40
2 317
1 271
2 808
8 642
2 439
2 342
2 879
8 226
6 713
4 500
6 367
7 244
2 346
5 968
2 463
7 128
4 475
2 869
4 826
6 795
4 790
2 437
4 709
3 187
6 932
2 498
2 818
1 480
3 597
8 776
4 894
1 277
9 21
1 371
9 96
4 830
3 22
4 274
8 367
1 590
2 865
5 597
8 266
3 566
5 962
8 359
1 683
6 226
8 220
2 987
7 480
5 637
4 521
2 669
3 90
5 623
9 783
2 357
2 734
2 348
3 421
4 553
4 61
2 245
1 811
5 32
1 486
3 230
6 580
7 332
1 875
1 62
8 893
2 144
4 777
5 43
1 197
8 740
6 810
3 256
7 654
9 349
5 956
9 584
3 195
7 361
5 590
8 165
4 558
9 548
1 517
3 971
1 622
9 409
7 414
5 209
5 670
8 926
3 573
4 318
2 863
2 275
3 819
5 374
7 185
1 869
6 948
3 571
1 270
7 439
6 363
6 470
4 641
7 815
7 343
7 700
9 530
2 378
6 850
2 883
6 110
5 892
2 311
4 65
2 443
6 700
2 587
6 275
4 3
9 442
2 941
7 989
1 834
5 976
1 556
2 157
6 330
4 161
8 512
9 657
7 166
7 197
5 246
1 699
4 998
5 750
1 2
8 847
6 543
3 958
7 121
7 202
8 882
9 528
7 24
4 785
9 980
9 660
1 889
8 911
5 219
2 264
3 837
2 494
1 373
2 916
7 566
8 381
5 916
7 560
4 532
1 847
8 763
3 456
5 866
6 259
2 466
1 742
7 353
2 403
3 406
2 655
7 593
1 857
3 664
2 886
7 200
5 426
9 241
6 616
6 686
8 629
9 834
9 175
7 45
8 630
9 333
7 141
5 41
8 872
2 135
2 618
8 492
6 16
2 362
8 277
4 943
5 201
3 714
4 683
2 389
5 208
1 36
5 366
4 66
2 498
9 714
8 970
7 877
3 377
4 55
5 7
5 278
7 213
1 19
2 749
2 645
9 846
4 742
3 475
4 886
8 444
5 807
8 245
8 557
9 362
8 274
6 47
9 12
7 261
3 591
8 155
2 123
1 635
9 650
1 391
5 521
4 574
2 686
8 169
9 439
8 573
9 616
5 420
4 315
4 94
5 128
5 141
5 967
9 833
5 43
8 871
3 495
5 328
9 264
2 861
8 745
2 572
9 490
1 426
3 391
7 709
4 486
2 206
3 64
1 788
5 699
1 106
6 824
8 95
5 648
1 946
5 109
5 193
4 229
4 403
5 575
4 575
8 399
5 233
1 257
2 5
2 119
2 151
6 980
9 467
7 918
9 459
9 650
1 344
5 707
8 935
3 576
6 62
3 728
5 156
4 753
6 941
7 707
9 532
3 773
8 35
5 131
7 156
5 863
4 97
3 963
5 570
8 261
9 233
7 364
9 973
9 986
3 706
9 162
4 381
7 954
1 345
3 907
3 304
3 717
4 777
5 432
6 937
8 417
7 399
6 996
4 615
1 724
6 394
4 558
9 539
6 907
8 35
5 820
5 23
6 457
8 935
4 866
9 18
4 481
2 781
9 788
9 178
7 716
4 118
2 346
6 941
8 977
4 505
5 33
6 335
1 328
7 814
3 580
3 913
7 248
1 537
7 808
3 704
9 286
2 235
8 197
3 321
1 870
7 689
1 73
4 829
2 731
5 31
5 194
7 372
7 356
6 914
2 61
6 406
4 159
8 414
2 253
3 965
5 997
4 464
7 116
3 188
7 374
9 875
1 598
2 446
8 312
9 117
3 697
7 717
7 599
3 366
6 21
7 413
8 422
1 806
6 606
2 102
6 368
3 985
3 380
8 638
7 510
6 63
9 714
3 499
8 66
9 884
6 913
7 823
2 610
6 591
7 779
8 633
2 107
6 832
1 50
2 178
1 943
5 484
8 457
1 409
1 565
3 609
1 27
7 531
4 217
5 289
6 814
4 862
9 259
8 126
9 601
5 304
3 981
2 640
4 207
2 679
6 778
7 967
3 875
4 159
3 620
4 807
9 88
1 792
3 800
6 810
3 377
7 383
5 339
3 234
6 508
1 36
7 638
4 808
9 221
3 324
3 133
5 712
2 518
7 722
1 577
2 157
9 366
8 749
2 999
1 968
3 614
5 512
7 8
5 202
3 6
4 786
1 656
3 794
2 720
2 929
8 487
5 970
6 344
8 275
1 421
1 849
6 248
1 723
3 400
4 201
9 169
5 261
4 204
8 437
3 9
6 658
9 171
7 66
1 67
8 575
8 584
1 958
3 504
6 804
1 324
5 27
5 709
8 755
3 60
1 555
4 994
6 282
3 560
6 397
3 407
8 550
9 115
4 540
4 907
2 958
4 67
3 161
1 989
4 688
2 263
7 554
6 174
6 141
2 621
7 515
1 509
2 18
2 291
8 959
9 619
6 866
1 339
7 460
4 380
4 96
1 827
8 618
2 922
3 172
1 297
3 289
2 470
7 866
5 581
4 958
9 181
3 603
6 289
1 847
2 929
4 747
1 747
6 477
4 843
7 931
5 54
3 382
2 963
5 4
3 792
7 182
7 224
2 210
8 567
1 898
1 155
6 971
2 11
5 291
7 534
4 711
9 879
2 829
4 60
4 825
3 513
7 261
7 791
1 966
7 683
9 573
8 509
2 178
5 430
9 810
9 127
7 269
7 53
7 287
2 368
4 120
5 118
9 335
7 288
2 704
6 883
5 247
4 259
8 350
4 610
7 370
7 400
6 461
9 174
9 2
2 577
4 141
2 219
6 42
1 214
7 634
6 741
5 927
9 741
7 406
7 155
1 805
4 132
4 444
7 451
2 285
2 3
9 442
4 57
4 884
8 946
5 805
1 117
3 124
9 727
5 645
6 741
7 873
9 872
1 616
9 918
9 71
1 762
6 580
9 151
5 808
7 700
8 222
4 782
3 111
3 312
8 827
8 642
6 644
2 456
8 557
3 878
4 732
2 295
4 179
4 213
5 260
3 318
4 447
8 545
6 46
1 749
8 908
5 292
4 625
7 531
2 559
5 246
1 769
9 41
2 984
1 933
1 884
6 444
5 506
5 326
2 563
1 423
1 185
2 461
8 899
2 709
6 121
9 905
7 213
7 836
8 635
2 160
6 176
7 569
6 29
1 232
6 406
4 499
6 806
6 119
2 671
7 320
8 220
7 680
1 607
1 629
9 722
3 761
4 828
4 297
1 661
4 166
5 619
6 377
1 344
7 288
6 760
2 524
8 270
4 413
3 157
4 119
3 986
5 213
4 647
3 390
1 193
4 813
8 657
1 674
1 122
5 733
7 7
3 300
4 897
8 870
9 191
6 369
6 26
3 710
4 246
1 418
6 373
6 968
4 139
1 749
7 42
4 580
1 177
6 760
1 310
7 565
3 57
7 115
8 952
5 192
1 642
4 636
4 559
1 482
2 965
5 395
5 152
2 491
2 572
8 839
8 599
9 101
6 58
8 175
1 757
4 208
3 413
5 132
6 167
9 106
4 283
4 575
2 194
1 199
1 35
3 366
2 162
5 446
1 399
6 946
1 424
9 273
8 436
7 245
6 456
8 890
9 569
4 890
5 968
8 966
1 845
6 74
5 236
4 662
2 577
4 228
8 201
3 274
4 342
5 394
3 586
5 972
1 468
7 356
4 670
5 157
9 91
4 959
2 905
7 679
3 667
6 638
1 843
2 940
6 148
9 420
5 337
6 327
1 973
7 958
4 441
6 877
9 502
6 857
9 894
3 327
2 879
1 866
2 595
4 626
2 579
2 195
6 439
8 158
7 921
6 774
2 668
3 612
6 924
1 733
6 442
4 817
6 461
9 761
2 210
1 517
3 434
7 141
6 670
1 3
4 133
2 391
6 146
3 408
7 190
4 607
1 637
8 670
8 826
8 872
7 818
9 261
7 256
6 561
7 699
6 954
3 59
3 351
7 347
9 992
5 55
3 885
7 461
4 507
6 704
1 479
8 205
1 212
2 859
6 105
8 774
5 827
4 403
5 755
9 373
8 722
2 503
2 836
9 599
9 688
7 160
5 264
5 624
5 825
5 685
2 480
7 707
1 11
2 204
7 297
7 950
1 160
2 345
5 136
7 776
2 965
9 427
2 20
7 142
7 254
5 492
2 723
8 477
2 28
3 654
7 413
2 61
5 777
7 286
1 68
9 892
4 998
4 699
9 89
1 580
9 822
7 512
3 708
8 434
4 388
8 496
8 693
5 372
9 399
8 538
5 439
5 654
3 468
9 891
7 630
1 617
1 979
3 435
1 836
3 578
7 676
9 743
7 68
6 276
5 211
1 369
8 681
5 523
3 95
7 423
2 322
2 333
2 606
1 426
1 75
4 385
3 796
1 837
6 400
3 766
5 363
7 696
6 875
1 629
4 70
8 850
4 810
3 410
9 669
5 577
5 277
5 493
8 246
6 373
6 161
2 692
9 710
8 5
9 762
4 992
3 405
5 940
6 743
7 69
8 342
4 874
6 44
8 409
2 416
5 653
8 357
2 538
4 889
9 371
4 613
3 202
9 923
6 670
9 930
9 797
2 102
6 609
8 40
9 871
3 237
1 188
8 308
3 660
8 705
2 567
3 830
4 55
6 630
2 138
9 181
8 550
1 607
4 582
5 895
4 257
6 416
4 443
3 888
4 638
6 570
6 349
4 693
5 153
6 564
1 320
6 944
3 463
9 466
7 353
8 217
4 211
2 772
3 74
2 475
8 691
7 355
4 164
1 161
8 807
4 44
8 187
4 433
8 975
5 132
2 696
4 375
4 418
1 997
5 963
2 640
7 953
4 413
9 479
7 152
7 17
6 131
4 620
4 9
1 899
5 361
2 925
4 221
1 38
9 833
2 127
4 656
9 187
4 915
9 80
4 670
7 980
7 737
6 521
7 913
6 604
2 734
5 165
8 590
5 610
7 204
8 334
2 536
6 365
1 624
4 237
6 260
8 532
4 254
8 179
3 473
6 597
7 748
5 599
5 682
3 199
3 665
1 182
1 771
5 89
8 710
8 408
4 697
3 122
3 711
3 274
2 801
6 827
7 350
2 325
6 74
1 636
9 55
8 376
5 802
5 939
8 227
3 918
5 724
4 593
3 58
2 337
1 455
9 845
3 28
8 555
2 692
3 557
6 728
5 10
8 116
2 760
9 733
3 983
7 436
7 610
5 879
8 789
1 548
4 857
8 803
7 395
7 322
6 678
5 884
4 579
7 356
6 60
6 735
5 983
7 57
8 102
8 977
6 988
3 243
8 818
8 975
6 977
1 165
5 347
2 62
6 485
1 702
2 662
4 24
6 46
8 956
1 16
6 474
4 177
3 567
5 917
2 208
1 839
3 987
5 139
2 550
9 903
9 604
5 408
7 928
2 707
9 756
9 256
4 444
9 103
2 427
3 272
5 633
3 725
8 16
7 388
7 924
1 536
5 293
5 875
3 553
4 261
4 742
3 977
4 948
8 634
4 100
5 728
4 16
2 72
3 474
7 34
9 905
2 364
7 950
5 855
8 540
7 812
3 351
6 904
9 588
7 112
3 443
9 139
7 730
4 927
6 107
4 321
4 967
7 928
8 642
8 420
9 338
8 900
4 740
3 706
4 343
5 734
2 94
8 681
5 801
5 746
6 7
2 639
1 189
7 890
9 788
4 449
7 261
5 533
9 871
3 766
5 493
5 437
8 92
1 129
8 445
9 956
1 98
1 424
5 600
6 553
1 342
9 233
7 787
7 42
9 160
4 310
2 745
8 675
8 583
1 166
1 835
6 478
5 436
8 937
9 652
2 143
1 929
4 34
3 296
1 531
5 320
2 544
2 25
3 619
4 460
8 634
7 344
2 946
6 169
8 534
8 810
8 252
8 207
6 612
7 797
8 956
9 702
5 899
7 438
5 334
6 739
3 911
3 236
2 582
9 178
6 943
6 230
4 446
4 917
2 938
3 918
1 549
7 832
7 67
9 684
2 885
9 524
2 506
4 91
5 883
7 641
5 256
4 459
6 25
5 196
6 808
4 14
4 172
8 523
2 833
7 794
5 67
3 671
4 796
5 98
2 30
9 943
4 327
4 142
8 933
2 470
3 606
6 816
4 47
4 453
4 982
4 754
2 565
2 59
8 186
4 478
6 613
5 655
4 978
2 729
2 570
1 652
6 401
7 673
4 962
9 483
6 373
3 430
8 380
3 735
5 364
6 936
4 71
6 916
4 107
4 959
8 563
6 571
7 235
8 566
8 89
4 859
9 4
9 835
5 497
1 386
5 221
7 555
3 912
4 340
8 835
9 133
9 348
8 517
4 385
3 498
3 132
4 371
1 84
6 237
2 931
1 877
8 943
1 162
8 623
4 31
6 237
1 294
6 304
9 604
4 612
1 598
6 895
5 598
5 611
6 715
2 176
8 413
9 744
7 412
7 512
2 262
1 324
6 770
6 85
3 34
3 912
1 159
4 318
9 224
8 310
3 190
8 251
6 322
4 613
3 80
8 614
8 591
1 615
1 284
4 453
2 832
3 667
1 610
3 466
5 632
1 491
9 978
3 579
2 454
3 191
2 35
3 593
4 460
1 705
3 625
3 498
7 960
3 167
1 867
3 840
2 127
8 476
5 791
1 843
3 246
7 497
1 556
7 624
5 16
5 197
8 205
1 535
1 858
6 172
3 53
4 662
7 63
3 722
7 193
7 817
4 317
7 156
6 841
5 325
2 826
8 934
2 933
8 633
8 608
1 236
3 254
4 277
1 753
8 888
7 282
1 100 500
5 200 900
3279 539 779
8801 694 937
8069 192 694
8956 736 754
816 485 695
1887 836 858
9040 360 411
9748 332 624
2872 648 704
1977 536 714
5073 959 985
8083 417 550
6832 715 884
9101 589 591
4822 116 140
5362 830 835
388 153 324
7262 136 196
7969 832 922
7486 808 886
9961 785 959
7986 80 729
8430 0 830
3500 870 879
2788 931 963
1770 836 872
7365 656 993
4189 64 984
2991 675 696
4312 962 996
6159 309 422
3618 253 630
8969 926 997
5297 523 912
4193 779 796
7867 180 400
2490 563 818
3507 727 803
2449 285 744
6367 605 912
5005 941 973
1084 256 449
5339 965 1000
90 504 526
2204 180 468
8352 111 943
21 127 358
480 382 937
9764 13 216
9736 570 724
3545 863 979
7818 399 627
1182 973 983
3102 870 957
8856 396 920
5738 203 593
3339 409 963
3719 108 593
6797 926 941
1746 260 300
8758 791 978
8843 110 614
4888 907 931
8410 392 581
4980 244 598
8262 805 880
4588 975 995
746 39 360
8040 158 616
6509 901 987
35 313 612
6376 333 384
6878 501 661
8350 221 797
2700 714 740
6428 163 301
6757 115 147
6601 978 988
8891 574 757
9029 196 849
6354 414 827
3914 530 762
9352 663 853
765 69 373
1544 55 964
572 737 834
9858 319 951
2022 211 885
3750 956 992
7802 766 826
9131 337 535
3953 460 847
7003 685 777
4005 481 968
7375 117 715
3781 678 910
9914 411 468
231 290 610
1503 354 811
1655 201 522
3590 731 909
174 259 838
5826 119 299
4078 249 608
6529 870 884
9956 699 777
7550 55 114
7355 613 674
5282 510 781
792 321 847
8946 523 625
3769 967 980
2931 467 593
3356 123 941
5489 287 696
5501 170 548
208 790 876
398 189 748
3705 855 869
4839 905 943
424 387 668
3310 636 688
3931 271 403
1688 258 261
463 797 992
2558 8 851
2623 567 803
2776 325 880
4181 852 873
6891 224 432
1852 358 906
146 268 341
7707 652 826
503 628 709
1585 728 980
5663 260 555
813 205 672
7160 337 516
1619 270 483
9604 670 941
2373 143 322
9372 209 793
5728 276 704
926 809 880
2193 216 339
1911 220 284
5844 709 774
759 757 971
9242 272 882
3715 827 865
1260 332 540
1757 171 241
5971 701 767
9094 911 944
7446 62 329
5271 230 411
5515 144 902
2282 90 262
2995 676 780
2702 193 538
5687 863 895
7224 48 732
331 732 768
6984 8 307
4544 66 552
6839 72 360
5080 286 381
3845 914 921
2101 295 469
7378 415 938
6481 946 973
4495 751 896
8989 39 733
1459 523 638
7815 577 610
5598 574 667
2717 15 994
5849 327 525
5289 270 481
