90
139817
170202
210634
332397
429932
605180
649430
846461
937854
1155898
1197141
1642691
1719159
1850898
1965981
2013201
2046187
2084001
2127341
2160795
2214640
2246829
2325197
2353163
2443162
2471324
2602843
2705359
3142551
3165191
3278348
3403321
3445325
3524233
3536729
3759104
3852891
3853957
3924148
3944815
3969387
4278382
4427748
4565716
4993248
5199169
5301453
5318160
5372748
5384289
5442397
5614166
5631218
5722873
5804260
5846173
5947600
6074858
6191552
6292744
6587118
6621332
6651068
6775921
6826619
6984989
7087223
7218909
7280437
7615310
7706014
7719514
7778976
7922125
8086447
8300027
8475955
8480490
8536426
8591983
8620660
8697279
8778354
8827902
8990503
9060373
9292106
9466122
9546916
9728084
