20 30
-5672 0
-2170 0
-6723 1 7 4
3519 0
5240 3 5 0 7 4 11 5
2 1 16 11
2675 0
8032 0
-3702 0
-214 0
-6879 0
-2781 0
-3043 0
3104 2 7 14 9 7
8053 0
1227 0
-7564 0
7531 0
-1565 1 4 14
-7982 1 10 20
2486 0
-539 1 9 4
-780 2 8 10 9 13
-2971 1 8 7
6631 0
2260 1 18 4
5345 3 9 5 10 5 16 4
175 1 18 5
-489 2 14 22 18 14
-3753 0
2912 0
-166 0
1241 0
6404 0
5054 0
3667 0
-4873 0
-1585 0
7470 0
2254 0
-5532 1 9 0
-6355 1 11 8
8033 1 6 9
-3701 0
-2190 1 10 7
-5510 1 7 14
5462 1 2 8
4695 0
1605 0
-360 0
6772 0
-2859 1 2 9
-6520 0
-4390 2 1 10 16 10
7638 0
6270 1 17 9
-3234 1 17 2
7456 1 19 16
8166 0
2535 1 3 12
7580 0
-3261 0
-4563 1 9 1
-190 0
-6603 0
947 0
4457 0
7720 0
7414 0
7518 0
-7712 0
3734 1 8 2
-2189 2 2 7 6 9
5844 0
-2571 0
-203 0
5185 1 5 9
5289 1 3 2
7929 0
-290 1 7 5
-411 3 3 3 10 8 16 0
3867 2 0 12 11 5
-6077 3 5 5 5 16 10 1
3933 1 12 14
1293 0
6901 0
3203 1 14 1
5493 2 7 14 18 22
-1154 2 2 27 13 3
-1612 1 0 27
5459 0
2597 0
-2738 0
-2841 1 6 0
6415 0
4394 0
4819 0
2268 0
2791 0
6341 0
-3621 0
-7560 0
4402 2 5 3 6 10
-6466 0
5789 0
-2969 0
5637 3 5 0 9 9 16 5
-2391 0
-7952 1 10 5
-6282 2 7 19 17 7
1541 0
3432 1 15 19
-7749 0
-5572 0
-3719 1 9 19
-6671 1 10 13
-6995 0
-7168 1 2 20
932 1 3 24
6994 3 0 7 6 7 7 5
558 0
3799 1 15 4
1105 0
-3086 0
3477 0
-755 1 15 14
6063 0
-3559 0
-3173 0
3526 0
-4001 1 16 14
3506 0
7439 2 3 14 8 18
5349 0
-6196 0
-1200 0
-5684 0
-1491 1 6 13
-3909 1 4 11
-7056 0
6121 0
5030 0
6179 1 12 0
-2818 1 9 0
-5329 1 10 10
-189 2 5 23 16 23
2110 0
-7654 2 9 20 13 12
-5936 2 2 18 18 2
-63 2 0 6 0 8
480 0
3611 0
-1195 0
-7982 0
8 0
-4652 0
4825 0
-6533 0
-1612 0
4887 0
5493 1 16 9
3003 1 15 11
-2566 1 11 10
120 0
-3077 0
5229 0
-6571 0
-5549 0
-2329 0
-2449 0
-1219 1 18 5
2321 1 16 6
6034 1 5 15
7684 0
-6406 0
-8026 1 0 14
-1623 0
4471 0
697 0
-7842 1 4 1
6366 0
-2046 0
2528 0
1498 0
-291 1 11 2
2029 0
8095 0
4693 0
5506 0
8186 0
4807 0
6445 0
-5815 2 9 10 18 9
4097 1 14 4
5088 0
-5986 1 14 9
-4090 0
5336 0
4470 0
1488 0
-6186 0
2933 0
-4429 1 1 5
6420 0
-7595 0
8023 0
2099 1 17 25
-4246 2 1 28 17 12
4113 1 11 12
-2014 0
-1261 0
-2744 0
-8129 0
-5495 0
-7605 0
3734 1 11 1
2221 0
-3984 0
-450 0
-4099 0
2552 1 6 8
-5038 0
-1392 0
7521 0
1023 0
-1055 0
1592 1 6 5
-3668 1 11 9
-4457 0
7661 0
-3626 1 13 0
5070 0
2689 0
-4217 1 3 21
2118 1 5 6
-766 1 12 0
7833 0
1126 1 2 20
5493 0
-2990 2 2 6 4 13
5455 0
7818 0
3955 0
-7331 1 7 7
3675 1 9 3
2334 0
5578 0
-6056 0
-1875 0
6819 1 14 1
-1265 0
2387 0
2211 0
-7605 1 9 0
3254 0
-4931 0
7807 0
1187 0
3370 0
-1237 0
-3816 0
2933 1 2 11
5150 0
3669 1 3 18
4304 0
-4883 2 0 1 12 6
2333 1 10 9
4449 0
5829 3 7 21 17 17 18 17
3578 1 0 10
-5015 0
-2459 0
5196 0
1015 0
-7678 0
-6873 0
5787 0
6539 0
-3323 0
1831 0
4805 0
6862 0
-1737 0
5343 1 7 17
3564 0
-4947 2 17 6 19 1
-5918 0
2121 0
5553 0
-3185 0
-4896 1 5 1
6306 2 0 4 13 5
7408 0
3385 0
2293 0
-7314 1 17 2
4267 2 4 16 7 15
-7698 0
-2462 0
-6468 1 5 14
-1725 0
4315 0
-4426 0
-3925 0
-1042 0
-1101 0
6376 2 6 5 11 1
-6099 1 6 3
4197 0
-2665 0
3235 1 2 1
4875 1 4 2
-291 0
6456 1 12 4
8161 2 14 6 16 9
-727 0
-1479 0
2623 0
-3397 0
-6900 0
-5506 1 13 4
-6675 0
-4737 1 12 16
4505 1 2 21
-1145 1 7 9
-6402 1 17 8
-6908 2 0 2 11 20
-2785 1 14 23
1018 2 2 23 11 8
212 1 18 24
6458 0
408 0
6266 0
-2607 0
517 0
4652 0
7966 0
-4859 0
7756 0
3575 0
-2270 0
2825 0
-1715 1 1 4
-6132 2 0 1 1 8
2269 0
4650 0
6707 2 8 7 12 14
-8006 0
4595 0
3530 2 6 1 9 8
4586 0
-5106 0
460 0
3332 1 6 1
6962 3 2 14 7 24 14 17
-7784 0
-1467 3 12 16 15 13 17 9
-3953 0
242 0
6514 2 9 3 11 27
2213 0
4069 0
-305 0
6783 0
-5422 3 5 0 5 2 9 6
-1628 0
4094 0
-527 0
-2875 0
4916 0
-8106 0
-5106 0
-5573 0
7082 1 15 10
5034 3 0 8 15 5 17 10
5683 1 2 7
-8019 0
5612 0
5973 0
4633 0
-637 0
7702 0
-3562 0
-1449 0
-7035 0
-4579 1 8 14
1567 2 7 14 12 10
-2008 0
-5486 0
5555 0
-1688 1 16 7
6767 0
-8044 1 6 1
-5782 0
-1975 0
7672 1 18 5
2739 0
-4837 1 14 0
1608 1 1 1
2817 0
6089 1 12 14
-631 0
4400 1 16 18
3065 0
-4842 1 7 1
-702 2 9 13 12 1
-1437 1 5 20
-7801 0
6710 0
2246 0
2672 1 18 6
6094 0
2383 1 2 16
-2581 0
744 0
-7952 4 2 1 9 5 10 12 18 21
-113 0
-7552 0
622 2 12 19 18 12
-1840 1 15 1
470 0
5681 1 3 7
-4338 1 0 0
-2531 1 12 3
-3665 0
-1110 1 11 6
6864 1 12 1
-4980 1 8 3
-2427 1 10 6
-2816 1 16 6
5772 0
1124 0
1812 1 7 3
3916 1 6 2
-6401 2 13 8 15 18
-5312 0
-6371 0
6553 2 3 8 11 18
4127 0
528 1 10 11
-4770 0
-7424 0
-5460 1 17 12
-5022 1 5 13
-6719 1 14 8
-7151 2 2 11 19 20
-2040 2 7 9 16 0
-6944 0
-7212 0
6005 1 5 24
-6072 0
-1255 0
6521 0
1490 0
1675 0
7812 0
1503 0
2287 0
-118 0
6849 0
4272 0
2585 0
-2447 0
-5853 0
-6772 0
-59 2 10 7 15 1
7150 1 2 2
-1172 0
-7241 0
-4490 0
-1145 1 14 2
-7209 2 7 8 8 4
-2546 0
-3871 0
-3280 1 9 17
-420 1 8 1
-6336 1 5 5
2895 1 1 16
2333 0
-209 1 15 23
1594 0
3652 0
5077 0
2698 0
-4381 0
3166 0
-6008 0
-1620 0
2826 0
-6273 0
930 0
-3806 0
8092 0
-1745 0
8096 0
-5051 0
-1509 1 1 4
6715 1 0 10
-4574 1 5 9
-7676 1 0 0
4683 1 2 4
3490 3 10 6 10 7 17 10
-6334 1 6 19
-6429 0
-3025 2 4 16 10 9
4786 3 1 7 7 14 15 14
-7387 2 4 22 14 22
-4028 0
1587 0
-7569 0
-3633 0
7397 0
-85 1 9 6
7220 1 1 7
-6852 0
-6485 0
-7300 2 1 6 15 7
-6755 0
428 0
-7778 0
4889 0
419 0
2110 1 6 14
-5068 1 7 2
3506 0
-7415 1 14 7
4032 0
-2862 1 16 11
-4184 0
-520 1 11 7
8134 1 12 10
-1904 0
1603 0
7398 2 1 1 7 22
505 2 4 16 12 4
7997 1 19 6
2983 0
-836 1 5 13
-590 0
6307 2 4 26 12 1
7940 0
-3017 0
-3640 0
7947 0
3342 0
-5490 0
166 0
772 0
-851 0
-7850 1 10 1
672 0
-7071 0
5109 1 18 1
5539 0
-3449 0
-895 0
-5800 0
-911 1 1 5
2170 3 3 17 7 16 16 8
7635 0
5402 0
7746 1 16 16
-2304 1 19 6
3224 0
-2298 3 8 5 8 14 18 6
5640 1 17 3
-428 1 1 1
5355 2 8 13 15 26
1120 0
-2236 0
2560 0
511 0
-3558 1 15 10
8048 0
3245 0
6825 1 13 3
3914 0
-2405 0
3642 1 1 5
1822 1 14 4
-7204 2 2 1 7 9
-7341 0
-8181 0
1021 1 8 4
-6268 1 3 8
-2617 0
-5212 0
1680 0
-6921 0
3629 2 3 17 6 1
3958 1 12 3
-2481 0
7515 1 11 17
610 0
-520 0
8101 0
-4 1 13 10
1744 1 17 8
4858 0
1015 0
