10 12
4295 0
3677 0
-4370 0
-2260 0
-307 1 8 2
-5046 0
-6555 0
340 0
-7694 0
1095 0
1901 0
7033 1 0 9
-3315 0
-4968 0
3280 0
7309 0
5974 1 8 0
-2198 1 3 2
-1386 0
2250 0
4403 0
-4007 0
-2695 0
6993 0
-3250 0
4917 0
-4455 0
4882 0
2539 1 7 7
-8186 0
-2191 0
1771 0
-4487 0
-4019 0
4618 2 0 7 1 4
1300 1 1 3
-1690 0
-3699 0
4462 0
442 0
1592 0
-5878 1 7 0
7776 1 0 3
6378 0
-550 0
-6959 1 8 6
-2998 1 3 4
-6223 0
6963 0
-520 0
-5513 0
130 0
7677 0
4135 1 6 0
7554 0
-297 0
8149 1 6 6
2648 1 3 6
3343 0
-485 1 3 10
-114 0
-806 0
440 0
-2104 0
5835 0
2204 0
3915 1 8 2
3277 0
-4659 2 8 6 8 7
5032 1 1 6
1842 1 6 3
-462 0
-7799 1 7 2
-6418 1 3 1
-4302 1 0 1
6398 1 2 0
-4098 0
6467 1 8 4
4185 1 5 3
6489 0
7877 0
-5207 2 2 7 3 4
-3535 2 2 3 6 1
2286 1 3 8
-4118 0
-1327 0
5690 0
7315 0
6394 0
-5666 1 7 4
1943 0
5420 0
-4003 0
-5524 2 0 3 3 8
4872 2 0 3 3 8
-6196 2 0 1 5 3
1254 0
1489 0
-1256 0
-3810 0
5033 0
2978 0
-872 0
-2044 0
4109 3 2 1 3 10 7 1
2426 1 9 9
-2229 1 8 0
893 2 2 3 5 2
-3550 0
-4106 0
3811 0
1996 0
-204 0
2308 0
6188 0
-4393 0
160 1 7 0
-7330 2 3 1 6 3
-6520 1 8 7
-51 0
