13 17
-5409 0
635 0
-2946 0
1381 0
-5742 0
5458 0
-3480 0
-365 1 5 4
-7555 0
1394 0
-1880 0
-3524 2 4 5 6 7
5515 1 0 4
7785 0
667 0
5139 4 1 6 4 12 7 10 12 12
-2507 2 2 6 3 3
6687 0
-6751 0
6858 0
-1035 0
-142 0
1326 0
-3116 0
5886 0
5149 0
3358 0
-7056 1 8 10
7466 0
-6690 1 11 9
-6583 1 3 9
-1053 0
820 1 7 9
-4392 1 5 2
6488 0
-1276 1 9 6
-2521 0
6454 0
5079 1 7 2
5374 0
-5866 0
-6639 1 10 4
907 0
-4782 0
-5362 0
-1133 1 11 8
-1019 0
-2277 1 5 6
6473 0
7773 2 1 13 3 3
6775 2 4 3 12 1
6550 0
420 0
6695 0
7111 0
-543 0
2387 1 9 3
7590 0
6370 0
-5629 1 0 1
-5164 0
3507 0
7507 0
3373 1 0 12
-6623 1 10 4
5033 1 12 5
3092 1 8 9
-7872 0
-7638 0
-5361 0
1699 0
1422 0
-2430 0
-3465 0
2649 0
-2331 0
3673 1 9 3
933 1 10 3
-2056 0
2250 2 8 2 12 4
3498 0
5876 1 10 5
-1661 0
1026 0
1461 1 6 5
-2570 0
-1454 0
3671 0
3504 0
347 0
-6811 1 2 5
-104 0
5050 2 8 1 11 9
3604 0
7673 2 4 9 11 9
2018 0
-1520 0
7608 2 2 12 6 7
-6567 2 9 2 10 12
2846 1 6 12
5251 1 1 3
-2522 0
-5897 1 1 4
5579 2 4 5 11 4
6698 0
7276 0
6075 0
3838 1 11 5
8020 0
-2329 1 2 7
5531 0
2982 1 7 2
-5184 1 9 13
6828 0
7788 0
-6379 1 8 4
273 0
2087 1 8 4
-7945 1 3 7
1212 0
-6788 0
6914 0
-176 1 7 0
7990 0
1732 0
-3768 0
-5789 0
2185 0
2408 1 3 4
3531 0
1488 1 2 2
-88 2 2 10 7 5
6171 0
-1597 2 3 10 11 6
7417 1 8 2
-196 2 5 9 10 16
1908 0
-5705 0
-1448 0
-5725 1 4 1
-7705 0
-5727 0
-2025 0
-2503 0
-4108 0
5197 1 3 9
-5926 0
983 0
4254 1 2 7
6658 2 4 7 6 9
5088 0
-2918 0
-2529 2 4 1 5 5
6756 1 8 1
-2230 0
-2330 0
6874 0
5529 0
1210 1 8 0
8106 0
657 0
-1877 0
3104 0
-1563 0
7128 0
2349 0
2257 0
-4247 0
5577 1 6 6
-3038 1 3 4
1242 0
-4385 0
-518 1 4 4
1050 0
1683 0
-3317 0
-1364 3 0 3 0 7 3 3
670 0
-905 0
3921 0
-2747 0
2254 0
6962 0
-6792 1 5 6
2305 2 0 8 8 10
841 0
-7684 0
-5969 0
2532 1 5 0
-4787 0
-1754 0
4557 1 11 2
-2061 0
1824 0
7922 0
-5923 0
-3421 2 7 6 8 0
2990 0
5800 1 6 1
2010 0
146 1 11 0
-5773 1 9 8
3558 2 3 11 9 4
-1353 1 10 10
-139 0
667 0
-5064 0
-8030 0
4177 0
-1944 1 6 2
232 1 12 0
-3446 0
5103 3 5 4 5 7 11 0
1493 1 3 10
792 1 5 1
4831 1 0 2
2954 0
-4743 1 5 4
6157 0
2713 1 2 7
-3638 0
