17 23
7552 0
2290 0
3769 0
5056 0
-2682 1 7 3
-7726 0
-1147 1 8 5
6234 0
-3330 1 1 4
728 1 7 10
6757 1 8 13
2845 0
-4917 1 2 6
7791 0
-4369 0
4310 1 15 13
-6697 1 5 0
6113 0
2830 0
87 0
-3075 0
7861 2 6 1 11 18
3330 1 13 15
-1939 0
3623 1 3 2
5179 0
-344 0
4626 0
1459 0
-4251 0
-1540 0
739 1 8 9
-4324 2 6 1 15 6
4824 0
-2340 0
980 0
-554 1 9 6
2371 0
-6641 1 10 13
4130 1 4 18
6009 1 2 3
7152 2 8 10 13 10
-635 0
4233 0
-7646 1 4 9
-2151 3 0 10 9 20 15 9
6624 0
1720 0
4630 2 10 4 12 6
4988 0
6452 0
3330 0
-1367 0
3761 0
4875 1 3 8
-426 1 8 5
-6561 0
-2116 0
4525 1 11 1
6769 1 3 14
-1456 1 5 19
-3489 1 0 6
-3938 2 5 19 13 5
-1454 1 3 17
-5935 2 13 11 16 2
-4174 0
1127 0
-5906 1 9 17
-2224 1 15 16
-5003 0
-4199 1 3 0
-3034 0
7040 0
-5724 1 11 3
2320 0
2550 1 8 6
-3145 3 7 5 15 4 16 12
4940 0
-2187 0
-2577 0
7828 0
2462 1 6 0
-6650 0
4839 0
-2588 0
65 2 3 7 9 9
-2406 1 2 9
1263 0
-3898 0
-6163 1 16 3
5343 0
3973 1 1 20
-3826 0
5686 0
3815 0
7179 0
-24 0
8101 0
5859 1 16 3
1144 0
-578 1 12 2
6157 2 1 2 16 9
4654 2 11 1 11 8
-2482 2 1 2 16 6
2395 0
-4836 0
6541 0
460 0
-7600 2 15 3 16 10
3889 0
3765 1 11 0
-5788 1 10 16
2710 3 1 13 7 12 10 4
7277 3 1 10 1 11 10 14
-5363 2 8 9 16 21
1391 0
-5258 0
525 0
-5194 0
4128 0
422 0
2039 0
-311 1 15 9
-4682 0
5301 0
-1390 1 7 4
5599 1 10 1
1270 0
-600 1 3 6
-6437 0
471 1 15 7
-1063 2 1 2 6 0
230 1 11 0
7350 1 15 8
-1069 1 13 7
-4990 1 15 15
-175 0
-5247 0
-124 0
-6542 1 12 0
694 1 3 1
3311 0
6824 1 6 3
4095 1 7 11
-5785 0
-3564 0
5584 2 11 12 16 3
-1022 2 8 0 13 18
-2778 0
-6468 1 15 9
6759 3 4 3 6 11 12 0
2001 1 6 1
325 0
-255 0
-1552 1 10 2
5485 2 4 1 5 13
-7156 0
797 2 14 6 14 14
-1393 2 0 12 2 0
-2564 0
-165 1 11 10
3452 0
3275 0
6265 1 12 0
1168 0
3862 0
3730 0
4266 0
-4181 0
-4613 0
-131 0
2642 0
-591 1 11 13
-3537 4 4 2 6 0 12 0 12 7
2646 1 3 1
-855 2 3 3 13 7
-7602 0
-2887 0
2008 0
-3575 3 0 9 15 0 15 11
189 1 10 4
1271 0
7861 0
-2070 1 14 10
-5139 0
-1996 0
-6946 0
2832 0
-3620 0
6012 0
-6658 0
5123 0
-2489 0
8111 1 11 1
-3257 0
1984 0
-8058 0
2005 0
-8078 0
174 0
-8014 2 2 2 15 3
433 2 9 6 16 8
4609 0
-7213 1 15 1
4104 2 1 4 14 2
-5991 0
200 1 7 1
-6584 0
-3950 0
4741 1 8 10
5803 0
1770 0
4100 0
-2203 0
2217 0
4179 0
4580 1 13 4
-7496 0
4634 1 5 10
-2295 0
-6931 1 7 9
-7334 1 4 3
-2764 0
-6156 2 8 0 13 14
-6218 1 8 4
-4707 0
-6956 0
6934 2 3 14 8 6
143 2 5 18 16 9
-7268 1 5 6
-1156 0
-394 0
-4949 0
-2100 1 7 5
-7273 0
3421 1 11 2
2693 1 9 3
7636 0
5381 0
-6203 1 7 3
-7300 2 4 5 15 2
-609 0
3027 1 5 12
-497 1 2 1
-1856 1 11 15
7343 1 10 14
7242 1 2 0
-6924 0
6002 1 9 15
-3660 1 8 19
2092 1 9 13
-6722 1 4 17
-2041 1 9 12
5725 0
-1734 0
7864 0
-4882 0
2926 0
1273 0
2019 1 13 3
-7054 0
787 1 4 2
7606 0
-4118 1 7 7
481 0
-6797 0
5320 1 11 3
1368 0
4590 0
905 2 0 6 4 6
4629 0
9 1 3 14
7764 0
-5073 0
-6952 1 1 7
-290 2 9 18 15 6
-6980 1 8 3
6012 0
4513 0
-4683 0
-2847 1 8 2
7248 0
413 0
1945 0
-1550 0
-7123 1 7 9
-2281 2 7 4 16 7
2357 0
-3272 0
4425 1 1 2
-5313 3 8 4 15 12 16 13
-6257 1 13 8
8184 0
2785 0
-1750 2 7 7 16 0
7923 1 11 11
-7525 1 8 13
-7217 1 16 0
-1509 1 7 14
-4564 0
7948 0
3935 0
-2303 0
4603 0
6242 0
6239 0
4928 2 8 8 16 2
5313 0
4543 0
3701 0
5300 0
1663 0
-2441 0
7606 2 1 3 11 0
-4877 1 7 9
-3840 0
3445 1 15 5
1139 0
-6189 0
7253 0
-1061 1 14 12
6998 4 0 5 4 13 5 17 8 20
-7379 0
-2174 0
6889 0
-7250 1 3 1
-3104 0
-1673 1 6 3
-6880 0
4104 3 4 0 7 11 8 17
7192 1 16 15
3650 0
-345 0
-1281 1 6 11
-2352 0
-7038 1 16 12
7405 0
85 1 8 1
-875 1 1 3
-4321 3 3 14 12 19 16 8
4496 2 11 15 14 4
-5054 2 0 8 9 6
1421 0
-4296 0
-898 1 3 11
-2805 0
-4935 0
6749 0
-5798 0
-3369 0
-1929 0
-3841 0
7201 0
2495 0
-5045 0
6436 0
4365 0
-1500 0
-6178 0
4447 1 0 0
-3143 1 15 6
2885 1 16 3
-2233 0
4096 2 8 18 16 6
4487 0
1040 0
-1910 0
-7544 1 1 5
2879 0
-6599 1 11 0
-1442 0
-7840 0
2552 0
8074 1 7 5
-1996 0
3018 1 13 4
-1220 1 9 1
-6790 0
6004 0
-8169 0
6247 0
-4352 1 7 5
2570 0
1051 0
-688 0
169 1 10 4
-1503 1 8 16
4574 0
4651 0
-279 0
-7378 0
