10000 1000 82
2 90
6 447
2 708
2 832
3 473
5 305
9 363
5 538
4 703
6 376
1 497
4 967
3 33
1 921
6 780
4 437
5 945
1 787
4 126
5 87
5 35
4 965
1 951
6 922
7 351
1 734
8 569
9 145
7 619
4 811
3 473
3 987
3 850
7 510
3 831
2 293
8 706
6 980
9 199
9 312
9 918
2 116
8 748
8 525
5 45
2 204
3 22
2 374
7 402
1 566
6 198
3 535
3 835
2 561
7 136
6 582
7 637
4 977
5 676
8 908
7 277
4 675
1 302
4 170
8 650
4 374
2 31
8 751
1 424
6 617
8 903
2 51
7 615
8 82
1 967
8 449
1 101
7 542
4 891
7 542
1 602
6 389
2 543
6 498
1 171
5 962
9 33
2 770
7 197
3 376
2 559
5 127
9 667
9 217
9 816
9 99
2 112
2 768
6 347
3 339
4 818
4 29
2 751
6 935
2 368
6 829
6 854
1 23
8 61
3 79
1 434
5 731
5 384
5 199
1 484
4 965
3 276
3 590
9 791
1 692
4 555
8 522
3 196
2 649
4 220
6 851
4 343
6 917
4 800
7 893
4 91
3 24
4 571
8 111
9 576
1 958
3 43
3 977
2 462
4 212
6 792
7 772
9 83
4 298
9 244
2 885
8 49
7 856
5 959
3 419
2 488
8 104
6 575
9 205
1 426
9 437
9 916
2 789
8 336
6 599
3 277
6 351
9 831
9 382
5 891
8 763
8 895
2 346
3 665
8 226
9 404
3 746
5 590
5 37
7 341
5 224
6 838
5 381
3 218
6 897
8 282
3 925
6 526
8 366
9 977
5 719
3 691
7 419
9 720
5 644
7 808
1 397
8 878
1 35
4 259
4 641
7 310
6 154
5 993
5 464
7 549
3 351
6 367
2 240
4 942
8 585
3 188
7 116
3 197
7 598
3 800
5 432
3 243
7 664
2 542
9 924
1 30
5 50
7 481
8 920
9 609
8 891
4 923
8 580
3 876
7 293
1 135
2 505
8 747
8 331
1 16
3 99
7 248
4 597
8 873
2 869
5 459
5 278
4 487
9 502
3 753
9 39
3 956
2 702
1 432
6 710
4 7
5 648
2 674
9 701
7 199
3 747
9 50
5 39
5 319
7 898
7 772
8 397
8 918
9 150
6 131
2 952
9 106
6 110
3 282
7 764
3 817
7 137
3 255
3 403
4 153
5 83
6 676
2 371
9 296
5 662
3 817
9 1
2 933
9 139
6 357
2 414
3 133
1 41
7 444
1 397
1 183
2 240
3 676
6 171
8 568
4 117
5 883
9 744
4 944
1 469
2 504
9 193
6 432
7 741
1 833
2 910
7 55
4 592
2 198
6 421
8 313
6 588
7 372
7 731
8 653
2 54
4 82
2 512
7 636
8 826
1 828
5 203
1 324
2 333
6 556
6 724
2 10
5 782
1 83
9 853
4 431
6 610
8 590
3 744
8 812
1 413
8 463
3 960
3 128
5 744
6 765
1 988
7 219
6 592
2 3
4 473
2 71
9 945
1 642
3 324
2 416
7 531
5 71
6 383
7 784
1 319
7 314
1 760
1 78
2 270
9 516
4 514
8 263
7 684
4 586
8 795
2 462
2 598
1 536
8 449
4 825
9 307
5 792
5 390
6 139
3 669
4 121
1 678
3 79
2 724
5 369
6 103
2 564
7 82
1 399
6 139
9 734
3 364
4 950
4 115
8 850
9 180
6 403
2 791
5 219
3 864
9 753
4 855
2 386
9 417
2 903
4 728
7 438
2 881
1 282
6 195
7 498
6 541
1 232
8 102
8 566
2 194
5 651
4 636
9 703
6 541
3 46
8 243
4 79
8 590
7 839
8 929
4 877
2 956
9 802
4 997
6 742
9 406
6 958
5 149
4 532
3 268
8 395
4 498
5 353
5 271
1 309
2 248
5 670
4 733
2 980
8 277
2 358
6 833
8 163
8 696
8 109
7 428
7 910
7 414
1 450
9 892
9 884
3 382
5 781
5 463
5 1
1 202
6 141
6 112
4 454
4 154
3 208
5 504
9 225
8 819
8 321
9 869
7 570
7 477
7 522
3 549
1 397
3 319
7 503
7 278
1 675
8 957
7 12
2 438
9 97
5 347
3 687
1 340
3 905
6 45
4 474
8 668
7 62
5 128
4 136
9 958
9 555
6 411
6 95
3 240
1 824
1 327
7 521
8 486
3 202
8 572
8 841
6 266
2 227
6 186
9 516
7 890
6 778
2 75
6 587
6 501
7 337
7 641
3 932
2 3
6 376
7 247
2 814
8 838
3 623
4 839
3 605
7 647
3 186
1 411
6 472
3 622
8 178
2 386
2 390
1 961
8 681
9 421
7 439
7 972
7 720
8 639
8 696
5 863
6 445
4 92
7 904
2 725
1 976
3 191
4 218
7 569
7 798
6 112
1 967
1 455
1 332
2 449
8 817
4 346
1 304
6 178
9 869
1 9
6 451
9 649
2 508
9 566
7 645
9 979
7 198
3 736
5 247
3 712
8 652
5 44
8 215
4 601
3 562
5 648
4 247
7 400
5 951
9 497
9 81
6 645
6 629
1 963
1 721
9 96
4 452
5 48
7 798
7 469
9 695
7 91
3 569
4 133
5 175
8 554
1 824
8 688
1 736
3 485
7 46
5 549
2 439
2 882
3 962
7 315
8 623
7 37
3 614
8 430
3 517
9 199
8 339
4 232
3 257
5 250
5 16
6 798
2 113
3 409
2 468
1 171
8 566
9 1
7 95
6 124
9 570
7 671
8 926
2 982
3 338
8 203
2 749
2 526
7 119
5 656
9 96
7 115
4 751
8 278
9 983
5 458
4 441
3 181
7 750
8 269
7 832
3 159
6 191
9 444
2 57
8 334
8 644
7 531
8 282
7 959
4 927
3 537
8 265
6 453
6 598
8 820
8 630
6 731
8 382
4 567
6 992
9 308
4 68
1 468
7 365
5 614
2 563
5 97
6 586
9 279
2 708
9 52
3 796
8 595
7 675
1 615
8 781
4 459
2 479
9 198
4 74
8 572
4 399
2 901
1 935
9 324
2 997
7 418
1 876
5 689
3 894
7 656
9 944
8 243
7 761
8 703
4 688
5 907
4 661
7 508
9 707
3 677
9 925
3 216
1 826
2 73
7 926
8 115
4 562
4 730
6 515
1 594
3 426
7 726
4 29
9 120
6 783
2 876
7 329
9 511
9 433
7 313
6 30
2 666
5 221
9 352
4 547
8 375
7 167
2 215
4 53
9 368
7 568
1 263
3 55
8 489
1 75
7 565
4 665
4 134
3 65
6 339
8 868
9 22
8 532
2 948
6 289
1 856
9 278
3 909
8 611
9 538
9 636
4 228
4 770
1 904
6 564
7 165
8 393
6 186
4 140
6 945
4 886
8 723
3 640
9 215
6 468
5 374
5 573
7 124
2 680
1 896
9 708
7 115
2 246
1 463
6 590
1 252
8 647
9 359
6 44
5 975
7 45
5 334
4 669
7 399
5 203
7 749
1 356
8 730
5 601
4 424
2 319
9 385
1 368
6 690
5 755
6 360
5 452
9 854
2 868
1 906
9 267
6 700
1 238
7 941
1 622
4 747
3 759
7 345
9 595
8 695
8 138
1 867
4 748
2 428
2 693
8 406
5 427
8 300
6 255
6 940
2 45
4 256
9 539
6 368
8 353
7 483
4 836
6 797
6 509
9 637
5 996
6 880
7 587
8 525
4 859
5 437
3 591
6 425
4 729
8 263
2 293
5 291
3 532
8 150
4 32
4 962
8 549
3 888
1 460
6 695
2 35
7 940
4 262
4 754
1 596
6 74
4 199
2 455
9 889
1 210
1 391
8 386
1 170
2 512
7 843
1 386
4 59
1 222
5 130
3 311
3 711
4 51
7 904
1 796
1 110
6 152
3 614
5 877
1 249
9 133
9 315
3 407
2 282
7 412
4 603
9 573
6 544
3 380
7 847
5 959
2 900
2 176
1 87
6 17
9 878
3 864
3 823
1 4
6 898
1 235
4 856
4 971
2 150
9 285
7 245
8 672
1 792
8 378
5 337
5 651
7 980
2 846
2 504
3 626
4 983
3 59
9 106
3 676
1 99
6 689
2 641
2 207
2 646
6 31
2 416
6 636
7 914
5 636
2 50
8 257
6 560
1 590
6 64
3 357
1 663
9 506
8 845
8 738
5 734
1 193
4 169
9 701
9 29
4 938
7 36
6 829
1 229
6 978
5 123
1 455
3 819
4 91
7 110
7 873
4 34
4 430
2 894
3 441
5 186
1 720
6 573
9 535
8 687
8 813
9 6
5 596
3 665
9 925
7 951
6 56
1 864
6 343
1 54
9 120
3 162
2 897
3 107
8 692
2 384
1 604
2 210
9 931
1 323
1 368
2 373
7 414
4 64
9 434
9 258
2 793
3 111
6 310
8 560
2 729
7 226
7 51
3 688
7 310
2 275
9 721
9 256
1 604
4 610
2 155
4 309
2 6
3 356
9 791
7 36
6 578
9 291
8 695
5 329
3 708
8 837
5 970
3 284
7 412
2 330
8 480
6 232
7 213
9 238
4 222
3 243
6 533
1 148
2 950
6 670
8 517
4 525
8 319
5 498
8 421
6 15
7 902
1 823
5 271
8 837
4 334
6 729
1 769
1 533
8 790
3 815
8 148
7 232
8 867
9 915
7 994
1 344
5 332
6 449
8 229
7 532
2 802
9 585
5 856
1 10
5 758
5 390
5 883
7 91
3 788
5 475
8 374
8 397
1 704
8 27
3 849
7 932
4 537
4 942
4 354
6 476
4 776
2 735
2 924
7 128
1 551
6 494
4 857
9 67
4 455
1 213
8 88
8 956
2 100
7 455
3 568
4 283
2 516
7 721
8 281
2 153
1 887
5 193
7 974
6 307
7 508
4 453
2 102
4 939
3 26
7 372
6 44
4 656
1 109
6 999
3 663
6 658
1 953
5 295
8 548
5 795
2 558
5 651
9 375
3 578
4 422
2 430
6 759
3 743
1 900
2 694
5 50
2 831
1 204
8 368
2 165
1 525
9 129
4 818
8 204
7 621
2 501
7 528
8 855
1 846
8 450
9 37
4 892
4 220
4 713
1 284
2 469
8 38
2 423
9 819
5 689
9 689
1 211
1 450
3 206
8 540
7 554
9 872
6 163
2 261
9 117
3 191
8 73
1 621
9 520
8 839
2 599
4 399
8 463
9 594
9 581
8 760
9 428
2 581
4 443
3 622
1 824
2 863
3 477
7 110
7 643
1 924
8 914
6 770
6 608
4 202
9 216
7 324
2 594
2 390
1 184
4 314
8 543
7 341
3 380
7 736
5 836
3 983
1 421
4 283
2 554
7 936
4 446
6 849
4 601
6 794
9 252
9 230
2 4
4 533
6 739
8 125
6 648
9 762
6 579
8 815
7 248
2 620
9 448
2 451
3 428
9 272
4 790
6 192
1 790
5 895
8 712
3 823
9 128
8 147
3 69
8 277
1 432
6 728
5 86
6 367
9 861
8 910
3 857
3 163
9 826
5 178
8 79
8 617
6 742
8 69
7 445
4 564
1 243
4 194
4 907
2 840
3 916
3 138
9 570
4 422
8 78
3 654
1 755
8 798
3 753
3 27
7 213
5 512
3 600
3 501
4 984
6 994
9 528
7 674
6 152
4 931
4 132
7 103
3 294
7 104
9 205
2 682
1 439
3 309
1 336
6 265
5 306
8 939
3 111
8 369
1 147
3 209
6 604
3 602
6 367
1 662
5 273
9 707
7 974
6 187
5 263
9 349
9 149
9 839
7 339
1 239
6 508
4 200
2 195
8 727
3 663
9 851
6 889
8 84
8 13
8 892
3 878
8 281
9 248
4 4
1 47
8 789
5 407
6 384
5 947
1 880
7 656
1 265
5 728
4 127
9 774
2 452
4 979
2 678
9 291
4 532
4 360
4 610
8 466
1 804
6 261
8 742
7 854
5 180
6 510
9 759
6 44
4 936
5 381
1 687
5 452
1 727
2 976
4 297
9 767
1 293
1 224
6 662
4 197
4 97
5 148
9 710
9 66
5 932
6 698
5 836
5 275
5 681
6 618
3 131
6 516
8 132
1 895
2 535
1 354
1 518
4 486
1 130
1 311
8 436
8 118
9 597
5 273
8 361
8 973
4 713
2 353
8 947
5 358
4 59
7 551
7 650
9 241
5 27
3 559
1 998
1 171
1 68
2 591
5 53
4 357
9 491
7 329
5 676
9 359
5 554
9 748
6 384
5 982
5 977
8 309
3 935
1 289
3 641
6 149
7 163
2 896
5 933
7 810
6 68
5 63
9 797
9 543
8 236
3 29
5 784
4 907
6 535
8 159
4 76
8 26
2 250
1 610
4 584
4 792
1 27
8 709
2 383
9 441
5 495
1 270
7 806
6 435
6 92
8 673
4 618
6 842
2 339
9 770
2 310
2 11
1 854
8 596
3 970
8 293
6 225
4 181
2 458
3 808
7 926
3 154
3 899
4 850
4 885
6 598
4 619
5 967
5 47
3 429
6 38
1 919
1 3
1 729
1 715
4 727
2 456
6 623
4 315
5 312
9 811
9 832
6 236
7 622
3 800
4 18
9 210
9 99
5 36
8 390
1 83
7 829
8 435
2 612
2 925
5 387
5 551
3 604
4 736
9 69
5 433
3 373
3 740
1 572
9 735
7 963
6 797
9 794
5 245
1 419
6 49
4 62
5 24
7 105
1 330
1 15
6 696
7 124
3 296
2 650
2 657
8 286
2 843
8 123
5 486
1 694
3 346
6 851
7 858
2 566
6 567
2 669
2 404
7 137
4 206
3 168
5 837
3 753
5 533
3 486
8 417
7 989
5 372
1 569
6 234
7 137
8 152
2 782
5 35
9 692
7 424
2 821
9 750
6 940
2 170
3 738
8 324
5 505
9 5
1 644
5 646
5 757
4 24
8 791
3 458
4 736
8 780
6 142
8 569
8 531
7 944
6 481
5 433
4 400
3 778
7 113
9 263
6 660
5 409
1 781
9 652
4 185
9 793
2 680
9 844
4 538
5 916
1 774
7 722
4 224
6 937
3 363
9 206
5 922
1 473
2 918
6 221
5 994
3 148
8 813
2 604
9 780
7 88
4 588
8 167
1 29
3 147
4 740
9 413
5 405
1 366
8 448
9 145
1 756
5 834
2 4
6 638
7 677
3 775
4 254
5 794
3 763
2 392
6 730
3 884
9 128
5 177
8 992
6 735
2 613
9 37
2 726
7 837
5 837
7 105
8 273
5 92
7 276
6 976
7 6
3 141
7 266
2 426
7 357
6 726
4 886
4 24
7 593
5 452
8 191
7 240
2 173
5 655
5 251
8 173
3 928
6 826
5 68
8 171
1 850
3 113
7 815
1 785
3 714
3 838
4 511
5 805
6 565
1 569
6 809
1 791
6 492
5 368
2 588
6 702
5 872
4 612
3 668
2 814
4 353
2 6
9 168
9 984
4 988
4 268
3 732
5 971
8 394
4 502
8 315
7 577
6 19
9 312
3 305
9 787
1 497
9 241
5 321
9 834
1 497
3 543
4 878
8 171
3 291
7 973
9 877
1 948
2 457
9 20
4 105
6 139
5 318
8 422
7 41
4 385
4 358
1 484
2 879
5 227
6 47
9 213
3 187
6 974
5 858
2 843
9 239
7 2
7 797
9 632
9 679
9 94
8 664
8 990
3 388
9 432
9 854
3 513
6 242
2 404
2 201
4 782
5 946
9 713
3 925
4 18
1 82
1 78
7 844
3 288
7 722
6 385
1 800
6 337
7 104
9 861
5 424
4 180
1 145
2 550
5 957
9 392
1 397
8 502
7 974
4 191
3 946
8 991
6 473
4 226
7 505
6 318
1 448
2 17
6 109
8 100
1 852
4 541
6 398
7 208
3 551
2 69
9 692
4 680
1 107
6 178
8 711
9 259
5 992
5 190
9 841
8 604
7 218
1 379
2 906
1 706
5 702
7 391
5 272
6 995
7 414
3 426
7 387
9 722
8 959
9 917
6 637
6 930
9 384
3 908
9 613
2 184
7 826
5 147
6 801
5 912
8 752
3 59
5 741
4 955
5 129
8 656
1 830
8 340
6 332
5 941
6 580
9 696
8 137
3 940
1 141
4 871
1 628
9 750
7 148
4 506
4 297
7 479
2 185
6 61
3 503
2 897
1 845
6 926
8 873
3 357
3 157
3 624
1 595
6 871
2 799
6 455
6 975
7 941
5 190
2 113
9 722
1 495
9 322
7 986
4 7
2 645
2 571
8 666
2 362
5 345
6 352
8 975
2 453
7 924
3 637
2 54
8 765
8 644
6 688
1 999
1 974
5 576
3 632
7 867
1 218
5 592
9 730
7 53
3 920
5 544
8 733
3 915
3 146
9 304
3 909
6 246
8 666
1 584
1 221
1 10
4 663
5 444
6 605
9 295
4 193
1 83
5 154
6 860
9 995
2 569
2 467
3 943
5 75
5 149
5 697
3 170
7 197
8 190
7 547
7 764
8 41
8 102
6 283
6 212
6 844
5 338
3 34
2 880
7 526
9 839
5 624
7 20
8 59
3 777
3 412
2 782
3 108
9 366
1 284
8 823
9 795
6 876
9 878
7 654
8 223
5 65
7 938
3 822
7 12
3 322
1 859
5 595
1 706
6 512
8 974
9 555
5 932
8 317
9 624
6 933
7 901
5 848
3 799
4 556
8 707
4 672
6 699
6 970
1 945
3 114
8 255
2 408
5 817
3 435
1 134
6 725
8 802
7 593
5 962
5 849
3 26
6 954
5 225
4 849
8 843
8 527
6 350
5 441
5 97
2 327
5 961
8 265
5 626
2 801
3 725
1 976
3 609
3 194
6 573
7 722
9 724
6 670
2 902
3 958
8 985
7 947
8 57
3 865
7 787
9 988
8 754
1 981
4 613
2 916
6 655
8 40
1 606
7 171
2 819
1 943
1 851
8 906
7 820
6 308
3 156
7 557
1 979
5 992
8 151
8 497
4 265
3 902
6 963
8 815
6 638
3 742
4 368
9 116
9 138
1 234
6 439
5 922
2 766
5 448
5 822
7 440
6 918
7 676
7 851
5 102
3 968
7 697
4 211
3 244
7 237
9 361
7 704
4 530
2 915
4 105
8 361
2 542
9 323
9 879
3 147
7 663
7 544
9 170
7 891
8 821
9 608
9 240
7 183
3 782
8 186
3 553
6 868
4 543
3 750
7 365
3 841
8 730
5 825
8 576
5 32
9 282
9 17
8 670
2 10
1 16
4 777
9 178
4 820
1 274
1 581
7 904
6 104
4 244
8 252
7 83
2 654
4 360
5 603
3 589
1 919
8 245
1 329
9 779
5 144
8 438
2 410
9 583
8 694
5 598
7 83
5 666
6 762
8 127
6 773
2 697
9 756
5 108
5 364
2 234
1 377
3 668
3 731
6 737
9 514
1 808
1 453
6 771
9 218
6 300
9 50
6 402
4 656
4 890
1 833
6 964
3 951
1 715
8 321
9 826
5 225
2 869
3 826
1 612
6 256
2 472
8 626
9 828
3 102
6 21
6 281
2 582
7 56
9 633
7 468
8 929
6 531
4 89
5 157
7 838
5 611
4 154
1 902
1 238
2 420
4 376
5 680
2 650
6 973
3 830
7 899
1 571
5 714
9 943
4 79
6 720
3 529
9 364
8 855
5 872
3 296
3 412
2 643
7 149
5 783
6 495
5 176
3 549
7 444
5 478
7 712
7 648
7 509
1 391
4 768
9 358
2 947
2 478
6 269
5 926
7 324
7 171
2 206
7 107
8 650
6 327
9 220
9 40
8 424
5 810
3 130
4 974
6 375
2 668
4 797
7 414
4 733
6 338
9 741
1 743
2 184
7 190
7 763
3 849
7 97
1 97
2 983
7 304
5 960
6 439
1 3
6 596
4 873
4 112
3 814
8 443
8 643
3 120
1 300
4 311
9 67
9 622
3 915
7 845
1 615
5 352
3 854
1 790
7 319
8 61
8 193
9 850
7 855
6 241
2 376
2 550
1 677
2 929
5 816
9 905
9 58
4 767
9 643
6 357
5 895
4 813
8 640
4 923
9 71
1 368
5 153
8 888
8 808
5 859
4 310
6 775
5 459
9 715
1 537
7 501
9 208
6 239
8 415
8 61
8 764
5 930
5 65
6 184
8 73
5 497
2 244
2 186
8 252
7 960
5 410
2 938
3 213
5 902
4 777
6 549
8 828
9 894
1 735
6 764
4 838
8 346
9 970
7 223
6 869
1 728
7 363
8 333
6 282
8 639
5 635
8 37
2 385
3 74
1 9
7 84
7 255
6 85
8 678
8 166
5 927
1 263
9 998
9 302
8 268
2 57
9 846
3 802
4 741
9 507
9 151
5 752
7 737
8 68
8 862
7 119
4 565
3 516
3 695
5 280
7 195
1 303
3 865
7 708
3 699
8 793
1 523
5 411
6 381
1 831
7 430
4 188
2 330
1 713
6 957
2 426
8 765
6 910
7 271
5 674
5 552
8 257
2 12
1 491
3 864
7 791
6 271
6 726
5 401
7 782
7 151
8 229
6 373
4 265
5 195
2 333
7 124
2 260
9 694
3 963
7 73
7 570
8 452
6 381
6 454
8 928
1 807
4 519
1 15
7 543
2 159
9 674
3 620
4 135
8 122
9 590
3 852
6 973
7 612
2 874
3 954
2 669
6 678
7 661
8 128
6 620
8 797
4 287
3 665
8 450
3 520
2 698
1 356
3 395
5 463
6 752
4 509
6 898
8 766
1 598
2 481
2 898
6 231
6 132
2 607
5 119
8 59
4 935
7 924
4 819
8 37
5 243
5 712
6 732
1 418
5 90
7 267
7 894
9 892
8 829
4 326
9 344
4 201
7 953
7 47
8 950
2 64
2 346
8 52
5 690
8 846
5 804
3 486
5 48
9 442
1 595
9 262
9 307
1 655
9 25
8 752
9 502
5 604
1 309
5 644
8 561
2 496
5 41
1 781
7 360
6 401
1 147
3 612
4 562
4 433
1 686
5 998
8 718
8 754
7 976
9 462
4 326
3 340
4 939
2 890
1 500
3 692
8 672
5 819
7 9
7 257
8 155
3 320
6 857
2 336
3 908
3 807
7 473
1 37
6 705
8 150
5 936
2 570
5 582
9 279
3 78
4 722
5 790
6 541
6 833
1 917
1 111
2 413
8 28
8 434
3 376
5 655
6 861
8 638
9 52
5 190
4 170
2 80
3 671
7 44
7 934
4 682
8 841
5 67
4 544
5 319
8 801
8 668
3 636
7 261
2 659
9 255
7 361
8 226
3 392
8 691
1 667
5 809
4 187
2 376
8 94
1 87
3 386
5 993
3 216
2 148
1 704
6 141
9 454
6 534
7 353
9 329
2 317
3 527
9 731
9 952
5 315
2 437
8 231
5 442
6 402
2 40
5 709
9 608
8 264
5 165
5 803
7 636
4 630
9 624
8 503
7 903
6 53
5 238
3 207
2 168
4 705
9 152
7 106
3 732
9 619
6 704
9 390
6 262
1 660
1 818
1 898
9 699
4 218
7 672
9 771
9 471
6 483
1 327
3 382
4 676
8 675
9 860
9 158
5 522
7 444
6 699
8 219
9 731
4 491
5 579
1 679
5 457
7 391
7 188
5 280
8 210
7 680
6 457
8 629
6 374
2 756
8 135
2 908
8 130
3 424
4 379
4 196
5 701
1 57
6 77
1 751
5 728
7 512
5 707
7 881
7 933
6 591
3 331
2 89
8 335
8 606
2 333
9 268
7 106
7 922
2 97
5 904
3 542
3 727
6 277
4 49
1 684
7 433
4 575
8 912
7 33
3 341
5 38
3 398
6 88
3 761
3 431
8 446
9 800
1 940
3 220
5 442
1 783
1 355
7 395
4 704
2 222
9 510
5 91
6 557
5 665
3 799
4 702
3 506
7 856
3 17
2 871
8 416
6 333
3 730
5 194
2 592
8 197
1 830
6 447
9 902
3 705
8 364
2 665
5 627
6 34
2 34
2 820
6 995
7 657
5 36
2 877
6 702
3 448
8 798
1 638
7 163
8 121
5 468
9 396
3 744
5 176
1 771
3 664
2 304
4 211
6 327
8 685
2 881
7 280
4 464
6 99
6 697
1 154
1 160
7 415
1 416
5 119
8 23
6 673
2 540
1 384
2 690
6 613
4 201
8 969
5 247
5 10
5 723
1 545
9 431
6 505
7 269
2 752
2 124
9 336
4 28
6 966
6 506
3 8
2 191
4 808
3 762
7 537
8 699
1 86
4 760
5 694
1 931
4 758
8 309
2 155
1 251
4 491
9 419
3 182
4 193
6 202
9 525
9 158
8 820
9 72
2 833
8 47
6 369
1 257
9 336
4 451
8 251
5 779
1 158
6 715
8 387
7 304
3 655
2 854
5 422
6 211
1 130
4 457
1 499
2 612
4 842
7 857
1 722
7 199
6 316
2 947
1 268
8 334
2 430
8 834
6 832
9 825
5 739
1 615
5 713
3 510
5 9
8 804
9 723
2 48
1 354
5 179
7 964
8 980
8 419
4 965
6 578
5 369
2 510
2 274
5 929
1 934
9 870
1 107
8 461
8 69
2 867
5 873
4 478
7 945
5 387
8 585
1 138
8 999
6 655
4 308
9 58
8 242
9 699
4 239
7 938
1 693
3 554
6 76
4 138
1 647
2 368
5 207
1 622
9 871
8 199
6 581
4 139
1 901
1 326
5 716
1 446
2 507
8 412
4 470
8 40
7 511
2 505
5 631
1 643
5 123
4 118
8 815
2 681
5 531
7 855
5 989
2 94
8 457
9 516
6 493
6 200
2 681
2 159
6 549
7 532
4 361
1 812
3 342
8 610
9 500
4 121
1 922
5 423
1 157
2 743
1 212
6 372
1 365
6 204
4 769
4 304
2 103
7 743
2 48
2 37
7 256
2 474
5 807
5 993
1 834
7 332
1 397
8 657
5 671
5 394
8 315
2 288
1 251
2 299
8 821
9 564
5 928
9 972
5 652
2 419
7 421
3 968
7 173
4 298
4 205
7 720
6 825
8 373
3 757
4 811
9 444
4 373
2 849
1 546
6 747
1 424
6 433
6 704
9 18
2 885
6 411
2 459
2 332
2 31
6 941
5 104
5 654
6 195
9 976
2 5
3 423
4 610
8 540
6 898
6 752
8 498
1 826
9 398
5 226
4 683
3 708
1 989
2 699
4 865
7 643
4 836
1 736
3 359
4 197
4 270
3 479
9 829
8 880
9 182
7 93
7 991
6 89
8 881
2 882
6 619
3 772
5 310
2 619
9 221
3 363
5 201
4 695
3 865
8 974
9 400
3 67
4 305
9 90
4 99
6 370
6 934
5 172
1 88
5 630
2 761
1 517
7 272
4 990
2 506
1 620
5 750
3 15
9 279
3 678
8 513
1 94
6 627
2 409
3 211
1 740
8 469
4 932
3 907
2 596
8 606
8 38
3 341
5 567
7 312
3 996
3 12
7 708
8 792
9 71
1 592
1 693
6 787
2 521
8 985
7 544
4 770
3 103
1 71
4 449
2 915
2 643
6 971
9 3
5 186
1 204
3 602
3 557
9 958
4 520
7 351
2 253
2 364
5 669
9 26
1 253
2 281
2 304
7 964
7 453
6 98
6 927
4 989
5 526
2 718
8 610
6 547
7 907
2 936
7 782
5 412
7 58
6 368
9 382
9 105
4 482
2 927
2 339
7 50
9 582
2 347
3 554
3 773
9 524
5 475
9 827
2 60
2 17
3 964
9 479
5 388
4 708
9 526
2 949
6 629
9 779
4 442
9 589
8 512
5 642
3 137
1 311
6 73
1 62
8 162
9 543
9 937
9 582
4 298
9 756
7 780
2 341
6 586
2 436
7 42
5 522
7 984
2 93
3 596
1 531
8 412
2 25
8 44
3 531
7 855
7 706
6 260
2 576
7 975
2 382
6 528
1 912
6 174
4 7
2 596
6 964
7 329
5 795
4 33
2 433
5 51
2 242
3 903
8 594
3 268
1 332
3 316
8 26
1 405
3 415
9 287
1 447
4 86
8 707
8 286
3 724
4 715
9 366
4 221
3 652
2 372
9 2
3 664
8 614
5 496
2 508
9 126
7 118
2 633
3 766
9 401
2 973
6 892
4 171
4 735
3 320
8 524
7 513
6 68
8 413
5 592
2 65
6 312
9 646
8 443
5 863
4 339
6 396
5 613
8 782
6 107
3 174
7 423
2 256
2 531
2 491
6 308
4 558
5 893
4 283
1 54
9 617
5 419
2 342
5 17
7 99
6 944
2 472
5 957
5 295
9 832
9 48
3 777
2 197
2 527
2 444
2 343
7 691
3 791
4 512
4 594
7 649
7 600
2 623
6 4
6 482
7 140
5 694
6 852
6 25
8 806
9 397
3 247
5 347
1 276
1 283
5 187
2 126
1 489
9 780
6 104
1 47
8 509
9 317
8 68
8 896
9 528
3 740
7 817
6 250
1 383
9 400
2 901
3 793
2 992
6 320
7 554
4 777
7 543
4 861
5 434
8 202
5 487
3 174
5 466
7 833
2 112
8 136
3 477
1 841
1 502
6 284
9 964
7 555
1 154
9 555
1 610
7 705
5 136
3 837
5 739
3 168
2 341
4 301
7 950
5 287
9 740
1 944
9 350
4 648
6 353
3 247
8 397
7 778
1 549
1 851
7 723
8 576
2 758
3 600
4 737
4 597
7 894
8 337
8 478
1 184
2 625
6 792
4 102
1 272
9 623
4 95
2 578
4 129
1 265
7 482
9 334
7 634
1 339
7 908
4 674
3 365
2 960
2 39
6 883
4 149
2 151
7 289
6 631
2 501
3 584
1 335
6 62
6 583
2 658
5 653
8 302
7 349
1 611
9 42
8 696
9 718
7 870
8 12
5 144
9 835
7 495
6 363
5 576
7 112
1 156
6 285
7 219
4 438
9 21
9 761
4 107
1 719
3 924
2 916
3 962
2 232
7 358
7 451
7 977
2 887
7 764
1 308
8 524
5 968
3 662
8 699
1 647
4 183
2 867
7 76
1 287
1 6
4 619
6 298
9 736
3 447
3 75
6 920
5 937
4 862
3 56
1 805
7 416
4 710
5 524
2 831
7 810
8 892
5 11
8 463
7 811
8 684
2 103
8 204
2 930
1 795
2 782
4 126
9 25
7 200
8 340
5 796
4 586
4 17
3 597
3 63
3 827
6 13
9 788
7 125
5 437
1 141
3 238
5 136
9 820
2 248
5 85
8 746
3 732
5 705
5 680
2 455
3 950
9 155
9 121
7 893
9 917
8 776
9 300
2 854
1 965
4 716
3 864
2 158
2 663
7 643
8 348
9 568
2 285
9 755
9 438
1 962
2 402
1 947
6 369
7 259
8 341
9 821
8 874
4 801
4 279
2 317
5 262
9 643
6 762
1 950
1 485
4 992
4 371
1 306
8 179
6 230
4 976
6 443
2 466
9 825
6 127
5 90
8 183
3 652
6 568
6 582
8 952
8 938
6 951
2 500
2 527
9 87
8 498
5 73
7 929
4 427
9 195
3 880
8 966
1 41
4 853
8 587
2 915
2 566
1 489
3 434
7 513
5 238
9 487
4 130
2 925
7 191
1 790
6 216
8 322
2 729
2 315
8 417
4 279
1 535
2 766
3 502
7 926
1 445
6 767
6 266
6 849
4 249
8 964
3 553
5 875
3 616
2 316
6 858
1 734
6 81
3 798
4 935
4 758
9 855
3 392
5 654
6 15
1 38
6 804
3 982
5 590
4 589
3 350
6 937
1 558
8 739
5 38
6 799
4 211
6 40
8 494
8 281
5 35
1 206
1 345
9 237
5 505
6 278
8 990
6 375
8 670
5 623
4 226
8 941
4 794
6 757
8 112
2 516
2 793
8 703
3 628
1 791
6 484
4 425
4 720
8 741
2 633
4 536
1 504
9 14
1 176
5 305
7 526
8 152
4 979
6 176
2 232
3 178
2 753
9 626
3 122
5 301
5 168
6 50
5 32
9 688
8 551
2 651
4 251
1 833
5 95
9 555
2 693
2 478
5 773
5 357
3 908
9 367
4 213
9 466
8 916
1 607
6 864
6 981
7 779
3 344
9 261
6 917
9 788
8 400
3 217
7 174
8 133
9 919
3 393
5 26
3 257
3 495
4 609
6 236
1 728
1 261
8 634
5 943
8 291
8 701
2 537
1 351
1 133
7 451
4 92
8 834
6 827
3 188
5 243
7 824
7 158
3 678
9 419
9 932
8 402
2 655
9 227
6 45
7 713
9 604
3 689
4 871
4 205
5 672
6 918
8 136
2 737
4 305
4 154
4 585
4 590
6 930
4 963
9 613
1 188
8 481
2 93
1 113
7 129
1 181
9 998
1 559
5 848
9 611
1 102
7 994
5 435
5 663
2 337
7 75
1 930
4 839
5 625
6 38
4 454
9 237
9 253
3 625
2 659
9 821
2 150
4 607
6 179
1 420
2 266
6 758
7 486
3 937
1 267
2 301
7 911
6 329
9 51
6 701
8 627
8 189
9 776
2 798
9 785
2 188
4 149
1 964
4 262
1 463
5 595
5 405
9 19
4 107
6 125
4 497
4 767
9 246
1 919
6 216
9 698
6 192
9 787
3 480
4 776
4 15
2 143
6 595
6 871
6 667
5 664
2 465
9 287
9 412
8 192
5 347
8 469
7 736
4 413
8 23
9 596
2 278
8 176
6 337
9 729
2 761
6 886
1 543
9 655
1 816
8 302
1 456
5 701
1 744
4 845
1 21
1 522
8 899
4 607
9 463
3 677
6 447
3 886
9 173
9 664
7 826
2 152
1 454
4 910
9 403
9 682
7 916
7 876
5 620
6 488
9 537
3 462
2 165
7 692
5 328
5 326
8 321
7 872
9 485
8 690
3 257
4 466
2 296
9 706
4 824
6 436
8 78
6 64
9 964
8 299
4 112
1 882
7 539
7 644
4 256
1 349
6 425
4 404
9 157
9 355
6 741
5 779
9 125
3 780
9 35
7 100
2 421
1 16
3 455
2 421
6 992
2 660
2 302
8 575
6 610
9 595
1 157
5 889
1 653
1 90
3 466
7 552
2 608
9 3
8 226
9 211
9 629
6 73
3 371
7 826
9 15
7 52
8 513
2 890
4 47
5 852
6 324
6 554
5 689
7 714
3 697
4 570
2 233
1 975
9 727
9 303
2 222
1 351
5 731
5 618
1 657
2 445
8 312
9 631
1 274
1 634
6 707
4 16
1 2
7 261
9 510
4 908
9 355
7 184
4 218
9 301
8 990
6 292
3 183
5 21
6 705
4 864
7 14
7 788
7 308
3 463
8 51
2 268
9 629
9 928
7 690
3 158
3 413
8 419
8 91
6 769
4 531
2 926
5 951
4 279
7 483
3 77
2 112
1 656
2 952
9 24
3 252
1 760
7 348
8 977
7 337
6 953
2 817
6 850
3 594
3 746
3 869
3 47
8 604
1 439
7 7
3 199
4 361
4 640
4 855
3 865
4 519
8 498
2 417
6 542
9 476
9 525
3 829
4 44
1 992
5 989
6 943
6 693
5 864
7 449
8 106
7 630
4 570
2 399
5 475
4 716
3 947
7 14
2 530
3 927
1 257
7 240
9 822
4 940
9 703
3 125
6 142
5 871
9 601
9 698
2 928
7 464
2 373
7 370
2 971
1 144
3 932
4 147
8 754
4 160
5 913
3 422
1 476
5 766
3 562
3 589
3 315
6 803
1 967
3 27
9 190
9 884
5 991
2 595
5 274
8 358
7 757
6 960
6 73
4 746
3 346
1 563
3 825
6 784
7 258
9 168
4 699
6 288
6 520
9 154
8 356
8 418
4 292
9 783
2 541
6 436
4 303
8 546
9 84
6 358
8 858
1 507
9 15
9 966
2 114
2 765
2 351
3 21
1 279
9 162
9 770
4 705
8 315
6 638
2 18
3 458
3 957
8 153
7 196
9 944
1 676
5 216
7 330
2 106
3 758
5 147
4 584
3 39
7 540
1 16
8 109
3 152
3 874
5 475
5 860
3 815
5 566
3 282
2 985
7 940
3 92
6 709
7 376
9 12
6 142
9 191
7 936
8 34
9 84
5 317
5 646
4 199
3 600
1 544
8 304
6 766
7 290
5 508
6 940
6 18
8 264
2 50
2 988
1 10
7 30
2 453
7 177
1 325
9 568
2 799
7 790
6 985
7 478
6 183
3 731
3 937
5 128
4 195
8 508
5 905
4 249
5 649
9 446
1 639
5 561
4 604
9 441
2 868
1 520
7 57
9 252
1 247
8 418
7 213
5 83
8 618
6 632
7 912
6 959
9 810
7 427
9 590
3 721
8 505
8 228
1 212
9 992
6 295
3 336
1 492
5 781
2 188
8 96
1 209
2 370
1 575
4 151
1 382
8 61
3 832
7 885
6 205
2 938
2 725
4 444
8 411
7 45
4 75
6 417
4 196
3 21
3 301
9 92
5 761
6 7
6 876
1 74
7 207
3 18
4 5
2 585
1 123
9 732
8 489
5 479
7 653
2 610
8 389
6 354
6 290
8 462
3 690
2 684
5 266
8 547
9 880
6 403
3 480
9 917
3 2
8 90
6 333
5 326
1 557
3 590
1 478
5 451
6 24
9 782
8 555
5 995
3 461
3 157
2 252
2 347
9 907
2 626
7 573
5 680
3 70
7 696
5 477
1 433
6 999
6 227
3 263
7 427
1 621
5 101
6 94
6 563
2 602
8 242
2 579
1 742
7 629
4 632
7 740
9 325
9 716
3 731
6 774
5 139
6 459
6 423
4 405
5 554
5 613
1 338
1 154
8 277
6 955
8 607
2 691
4 154
2 202
1 105
1 761
9 526
3 482
4 492
3 654
8 331
6 996
2 177
6 467
3 651
6 80
4 554
3 626
6 895
7 31
7 241
6 961
2 449
9 716
2 767
1 142
7 355
3 485
7 7
6 421
7 92
5 352
7 988
3 73
8 243
4 321
7 612
1 969
6 880
1 439
7 773
5 184
9 437
2 96
2 620
3 818
7 16
6 794
2 585
2 324
6 687
3 748
1 363
6 798
8 121
1 329
9 255
8 458
8 180
4 135
5 787
6 667
8 560
2 243
8 47
7 129
2 367
3 470
8 594
5 411
1 942
1 46
6 251
8 607
5 775
2 386
2 133
8 802
6 232
7 993
8 767
5 730
9 997
9 583
4 905
1 743
8 451
5 200
6 10
6 568
8 268
8 784
2 724
1 529
2 68
7 234
7 362
7 688
7 320
8 388
7 701
5 228
8 637
4 290
8 234
2 150
4 530
4 338
9 956
1 928
7 826
8 578
7 282
5 985
7 255
4 544
1 223
6 825
4 199
7 225
7 690
6 371
2 745
4 911
9 731
9 726
7 158
7 184
8 288
7 41
2 260
7 216
3 75
5 61
1 873
6 143
3 378
7 221
5 377
4 544
1 408
9 104
8 292
8 724
3 174
6 839
8 786
1 353
4 813
6 290
9 416
7 686
9 382
6 74
1 475
5 305
1 605
3 168
5 413
7 194
1 93
4 737
4 524
7 178
4 939
8 460
3 337
2 306
5 771
1 914
3 995
1 847
6 345
4 215
1 343
1 62
4 877
5 752
3 326
2 175
5 115
4 340
8 779
6 607
1 24
8 796
1 459
2 337
9 96
9 998
6 396
6 592
1 577
2 111
1 991
6 887
6 637
2 994
2 871
7 685
1 841
2 350
1 561
2 540
8 955
5 813
7 317
9 779
9 468
7 234
7 892
4 3
7 66
7 663
7 317
6 268
3 547
3 894
8 740
1 483
2 410
8 483
4 420
1 776
3 869
1 783
3 849
3 727
3 502
4 289
6 457
5 414
5 330
9 831
7 180
6 484
3 48
3 753
6 947
7 791
4 258
5 16
6 79
4 458
2 851
6 555
3 459
5 32
5 994
5 576
2 332
6 202
1 745
9 283
8 203
2 227
1 367
8 4
2 703
2 182
5 645
7 581
5 423
9 610
1 911
6 29
1 964
5 622
7 903
5 401
5 697
4 284
8 307
6 665
1 466
9 282
1 301
8 651
3 194
7 577
7 166
3 349
2 554
5 557
5 313
1 999
9 22
2 511
2 7
5 774
3 740
3 21
5 638
6 482
1 651
6 655
4 665
2 383
1 131
1 832
9 334
3 890
3 552
4 121
9 296
2 468
8 389
1 795
9 879
8 576
6 337
5 503
9 391
1 376
6 981
1 402
9 40
2 108
4 131
2 586
2 561
1 900
4 262
9 694
4 691
7 826
8 657
5 466
2 652
5 7
3 50
1 666
6 856
9 117
3 440
8 850
8 476
1 387
8 883
9 315
5 787
6 40
4 189
8 212
3 784
9 473
4 782
2 79
8 350
7 343
6 336
3 508
1 100
3 267
1 693
5 994
4 721
5 925
7 975
9 468
4 510
2 313
4 517
4 929
9 305
1 375
1 903
7 170
1 215
4 704
5 735
3 107
7 169
3 803
9 324
2 622
6 649
5 844
2 763
7 470
5 484
5 427
7 882
2 826
5 751
6 442
9 384
6 661
3 736
6 415
6 455
1 612
5 409
7 707
1 668
4 957
8 458
6 975
5 699
7 874
9 769
8 654
9 301
1 424
1 499
1 815
8 593
2 775
9 321
3 891
7 96
3 858
2 951
5 331
2 73
5 818
4 957
3 712
6 507
8 14
4 411
7 677
5 692
2 724
5 372
2 720
8 184
3 739
7 131
5 504
5 711
5 762
9 950
7 363
5 48
7 899
9 641
9 182
1 747
3 66
2 958
2 585
5 83
7 714
7 549
9 416
8 976
8 365
9 372
8 103
5 822
1 596
5 297
3 516
6 402
5 880
7 85
5 939
6 945
5 381
9 589
2 473
5 412
1 929
9 285
4 921
8 472
4 289
3 14
3 250
8 104
4 212
9 33
7 75
4 803
3 192
5 688
5 395
2 939
9 602
8 75
1 50
6 759
5 34
5 143
4 624
3 131
7 153
9 986
2 579
4 400
5 900
6 153
5 907
1 337
5 35
7 751
3 676
4 422
5 719
4 710
1 528
2 178
6 442
9 626
3 391
9 790
1 552
4 23
9 191
8 686
1 489
3 28
2 384
8 312
2 731
3 164
6 301
7 378
4 942
2 481
9 467
8 342
1 369
2 477
2 161
9 785
1 38
2 252
6 980
6 961
7 24
9 127
9 186
7 784
9 945
4 180
7 254
6 431
8 42
7 900
4 508
1 569
6 217
2 405
6 104
6 64
1 491
2 450
8 413
7 242
7 935
5 489
7 98
1 248
4 545
5 340
9 552
7 318
3 449
2 402
3 88
7 678
1 375
9 411
2 798
2 864
2 510
9 359
3 990
3 184
4 473
9 307
8 870
3 512
4 346
5 589
9 99
6 450
5 831
3 978
6 950
3 799
8 632
5 505
8 482
5 876
1 650
3 699
7 526
4 838
5 843
4 742
5 412
1 133
9 490
2 590
6 110
2 337
4 265
3 801
6 250
2 139
8 579
7 138
4 767
1 413
5 839
3 989
8 784
5 212
4 670
9 432
6 908
2 241
9 49
6 75
8 438
5 634
6 488
6 558
3 465
7 303
7 844
4 273
8 132
7 621
8 4
7 301
9 260
8 521
2 301
8 324
7 246
1 192
5 447
2 707
9 439
1 933
4 20
8 911
6 408
2 391
6 305
5 41
4 669
1 309
6 593
9 146
2 27
4 292
5 805
8 103
1 727
7 526
8 678
4 616
5 689
5 215
1 135
1 713
2 253
4 492
6 372
7 122
2 692
8 589
2 412
5 459
4 882
4 603
2 142
2 364
9 663
2 979
6 270
8 320
9 713
1 804
2 448
8 919
4 339
4 356
1 636
5 607
5 519
2 796
1 867
7 646
8 456
4 47
5 36
7 965
8 178
4 270
3 414
9 204
6 415
8 940
4 811
8 287
4 196
9 427
9 960
1 592
9 416
7 578
1 724
1 917
1 749
5 964
2 812
4 635
9 883
8 714
1 841
8 743
1 520
6 99
1 680
5 52
6 767
6 266
5 609
1 111
8 526
2 522
5 680
4 284
5 731
5 976
6 155
8 609
6 326
4 311
6 836
2 820
7 710
3 812
4 705
2 396
4 435
8 288
8 74
2 397
2 724
4 815
5 810
8 272
2 569
6 860
7 662
5 445
1 484
3 129
8 617
2 857
5 442
8 604
9 871
2 476
2 374
3 193
3 434
3 40
1 764
8 845
2 299
9 236
6 984
4 128
5 607
2 90
4 567
1 1
5 414
9 753
2 486
7 409
1 847
7 360
6 67
7 475
5 931
7 584
6 512
1 953
2 416
8 885
8 456
2 858
3 82
6 94
7 994
8 924
4 669
5 171
6 207
5 818
3 794
7 54
7 833
7 144
6 768
9 949
6 352
5 530
8 856
1 438
4 845
2 691
1 364
7 968
3 945
1 707
1 626
4 763
9 486
4 426
9 92
7 634
2 902
9 314
9 225
2 328
7 550
8 303
4 318
8 483
2 494
1 2
2 669
7 298
9 827
4 845
9 818
9 81
7 81
5 915
6 582
7 94
6 699
7 45
8 104
5 280
1 435
9 155
5 202
1 976
3 614
1 666
7 738
6 308
6 577
5 561
6 903
4 9
6 206
8 337
1 298
2 62
4 335
8 555
3 107
1 284
7 791
5 589
5 415
5 504
9 837
9 869
9 874
3 779
8 368
7 825
7 170
4 836
7 821
4 478
7 641
3 85
9 149
5 399
6 288
2 993
7 685
5 22
1 178
9 357
6 636
2 930
2 786
1 747
3 875
7 972
4 423
2 667
5 168
3 854
4 967
1 737
2 428
2 648
3 278
5 870
4 904
6 438
7 4
3 736
5 565
4 114
6 203
7 278
9 565
6 982
9 697
6 622
9 196
1 450
6 993
3 106
7 557
1 308
9 883
8 157
7 189
8 436
5 489
9 200
9 283
9 305
7 338
7 823
9 916
1 444
7 30
1 526
8 811
3 583
2 314
9 861
8 448
7 613
9 448
9 708
1 431
3 428
1 378
9 738
4 243
3 640
1 451
3 15
8 437
2 394
4 775
4 972
5 271
9 596
5 116
5 167
4 754
1 751
6 565
1 144
4 390
8 517
1 388
8 540
3 567
6 13
7 907
3 2
8 288
1 615
7 338
6 386
1 814
2 942
1 345
4 623
3 308
6 13
9 110
1 956
1 204
6 736
4 672
6 9
6 490
9 82
6 842
9 357
6 323
1 472
8 823
6 839
3 954
3 263
1 840
1 739
6 906
5 592
3 649
6 258
2 942
6 403
8 525
4 878
2 778
6 952
5 164
6 169
1 80
6 181
8 87
8 120
1 831
9 10
1 31
6 56
7 324
7 912
3 656
5 416
9 578
8 472
3 597
8 859
8 508
2 34
9 397
7 306
1 301
9 146
7 300
1 740
3 815
5 192
3 162
2 623
1 412
5 200
9 453
5 404
4 535
3 992
2 27
1 597
3 332
2 377
8 99
9 973
5 769
1 385
2 209
9 389
9 821
3 629
3 365
4 672
7 906
7 269
3 681
1 697
2 45
2 81
9 908
8 58
1 656
1 47
1 169
1 205
9 461
3 983
6 304
5 444
3 757
9 861
6 16
7 169
7 350
4 204
4 740
9 373
1 421
5 980
5 292
3 299
5 455
3 296
2 374
9 968
5 890
8 568
5 824
5 965
1 423
7 587
8 148
6 996
9 98
2 877
2 598
5 141
9 176
5 811
7 895
3 399
2 46
1 409
3 859
6 199
1 262
3 881
3 746
5 416
4 573
5 951
1 187
9 225
9 247
9 348
5 534
6 364
1 151
8 605
1 866
2 10
2 308
6 974
9 487
3 335
5 401
7 669
2 814
2 386
6 647
5 640
8 199
3 916
5 215
8 795
9 43
3 926
9 414
1 123
7 10
7 398
6 461
4 716
6 678
4 56
9 555
9 943
4 137
2 540
7 99
2 150
5 858
3 211
9 415
7 609
1 509
6 834
4 792
2 963
1 372
8 234
8 152
4 398
7 474
1 795
3 991
8 869
3 458
8 839
8 132
5 16
8 892
3 47
8 119
9 593
4 466
5 416
3 159
4 62
9 470
1 361
9 519
5 747
3 310
8 568
7 472
7 237
4 152
4 486
9 730
7 479
8 342
3 251
6 427
4 851
4 886
5 795
8 442
1 820
2 566
8 348
9 690
6 121
2 585
1 829
8 123
9 949
5 921
2 683
4 231
4 682
7 465
8 678
4 458
3 813
4 605
6 499
5 182
5 573
9 662
4 520
1 148
1 967
4 668
2 853
5 903
3 172
9 451
3 712
6 348
4 369
5 405
3 403
2 205
3 73
1 814
5 370
5 779
4 467
4 987
4 502
8 294
7 977
4 241
6 90
1 934
6 977
4 45
2 644
4 74
3 553
4 745
5 287
9 978
5 409
9 512
8 575
2 302
1 986
2 679
2 849
1 970
5 671
4 644
7 701
6 469
9 43
5 614
6 894
8 521
4 277
6 650
3 275
6 841
9 212
7 773
5 852
5 325
1 196
5 556
5 404
5 587
4 395
4 495
8 794
7 29
6 766
3 360
5 348
1 20
1 158
9 339
8 254
4 251
8 69
4 64
2 987
3 356
2 852
2 108
5 584
8 154
6 532
7 109
6 869
9 158
8 357
8 474
8 315
3 778
3 688
5 292
7 212
7 214
1 935
6 147
5 894
1 307
3 969
9 25
1 699
9 303
3 115
1 667
4 658
4 249
4 6
7 458
1 625
5 998
3 711
1 518
2 164
3 749
7 677
8 689
6 673
9 152
2 207
8 372
9 981
8 928
6 879
6 922
9 776
3 783
8 66
4 810
2 844
1 798
6 52
2 335
2 917
7 949
7 23
4 706
3 660
2 429
6 457
9 761
6 990
3 157
1 283
1 722
8 245
6 804
8 446
2 738
3 63
1 205
2 446
8 526
7 981
7 82
4 743
3 827
4 824
9 508
7 388
4 671
2 907
5 646
2 52
6 715
6 790
1 916
9 267
9 778
5 834
4 123
1 420
2 30
9 371
4 789
2 923
8 390
2 373
9 183
1 138
4 537
7 254
1 600
7 333
7 486
6 955
6 463
5 995
6 58
6 467
7 842
3 743
7 221
8 985
5 258
5 738
9 207
1 685
6 512
9 622
7 903
2 325
7 672
6 577
7 405
8 13
5 153
8 198
4 590
2 494
1 744
7 361
5 224
8 476
4 781
9 451
8 395
2 770
2 815
3 233
4 828
2 467
8 718
8 72
9 567
7 874
3 516
8 979
8 717
4 911
1 273
2 620
8 856
1 171
5 893
7 891
1 366
7 420
1 741
5 829
2 774
8 337
2 94
9 747
9 210
8 745
3 458
6 586
8 193
7 704
5 877
1 806
7 671
1 482
8 435
5 439
3 451
2 499
4 530
2 354
1 61
8 658
5 184
8 832
5 437
5 181
6 849
3 993
7 650
7 651
4 505
1 294
1 585
8 500
7 477
5 853
4 390
5 774
4 192
1 387
7 579
7 660
3 990
3 666
1 565
1 725
7 127
8 744
9 249
8 825
3 534
1 700
4 626
4 653
7 517
2 164
4 44
4 960
8 913
3 393
1 381
1 267
1 855
2 936
3 972
3 267
9 595
1 586
5 877
6 756
5 997
1 926
6 461
4 794
5 231
7 571
7 24
9 556
5 847
5 419
7 410
8 762
6 89
7 944
2 307
6 796
7 58
2 64
6 608
2 611
9 45
2 888
5 19
1 664
8 374
9 122
1 206
9 789
6 670
4 978
4 871
9 998
2 216
9 448
2 638
3 100
5 959
4 187
5 869
2 281
9 371
6 745
9 723
3 588
4 986
6 88
2 778
4 786
3 586
7 535
8 730
3 625
5 60
8 385
8 100
8 609
2 786
3 764
3 888
1 340
8 356
2 450
8 950
1 845
5 626
9 479
5 452
3 763
6 352
3 596
1 532
7 920
1 559
9 983
6 755
8 758
3 187
8 962
3 600
6 392
2 624
6 582
3 692
2 26
7 931
7 214
2 545
7 219
5 256
2 269
2 243
9 839
6 671
7 285
2 46
2 498
4 266
6 465
2 862
2 440
1 548
3 975
3 225
3 914
4 832
3 210
3 927
3 222
5 288
3 589
1 902
6 4
4 884
7 563
9 395
1 540
6 812
9 754
1 146
2 236
5 570
3 770
9 932
2 533
4 218
5 272
1 926
5 724
1 180
7 277
7 446
4 236
6 769
8 14
5 376
6 611
7 132
3 880
1 373
6 3
3 972
4 147
7 268
5 428
6 315
2 740
4 958
3 737
7 683
3 360
3 717
7 442
3 352
5 631
2 890
3 752
7 626
5 761
9 925
9 59
6 612
4 719
3 492
6 16
2 206
6 671
2 65
3 209
9 871
3 296
5 473
3 343
7 384
5 429
3 11
9 268
1 723
5 192
7 442
7 827
6 301
3 7
3 329
9 936
9 774
7 399
2 998
3 783
4 844
5 409
8 137
1 196
5 662
9 513
5 313
7 188
8 838
6 134
3 129
7 804
2 301
3 867
2 662
9 680
9 300
7 79
4 484
4 15
3 380
5 968
6 867
4 461
1 70
9 28
7 663
1 537
7 471
6 981
7 492
2 357
6 906
2 945
4 147
4 256
2 206
6 655
8 99
6 215
4 428
7 521
8 511
2 211
1 899
1 833
2 290
9 619
6 782
6 306
1 243
3 174
6 222
7 958
6 101
1 925
4 572
4 775
2 941
4 783
3 895
5 668
3 245
8 818
9 570
5 673
2 122
9 698
2 113
7 383
4 268
9 178
2 192
7 640
8 656
1 692
2 759
1 174
2 647
8 748
8 553
7 467
6 986
3 736
7 540
2 748
4 146
7 84
2 597
2 907
1 866
4 523
2 679
3 66
9 125
1 980
2 671
6 71
9 330
3 193
6 363
4 115
2 585
8 282
2 360
8 153
8 227
9 288
5 90
9 668
8 322
7 610
2 532
3 369
7 924
3 451
8 502
5 232
4 201
9 705
2 421
2 504
6 533
6 989
8 300
1 555
9 743
4 333
6 283
8 856
7 262
1 930
5 590
9 287
6 394
8 70
4 568
5 899
9 521
6 160
2 265
2 161
9 318
7 284
6 194
3 526
4 165
6 375
5 618
3 982
3 91
6 544
1 64
2 196
6 332
3 124
2 508
6 323
6 496
1 144
4 183
3 583
3 844
1 258
3 57
4 192
4 729
4 524
7 616
9 814
9 794
8 262
3 659
7 845
3 628
7 564
8 377
1 595
5 541
6 401
4 530
5 464
7 764
6 489
2 426
4 46
2 677
9 958
4 330
9 492
1 230
9 206
1 358
7 545
7 91
7 215
8 974
1 598
7 104
6 837
7 108
7 187
1 627
8 839
9 105
7 71
1 823
4 377
1 514
1 798
9 304
2 943
6 129
1 453
5 346
9 198
1 610
6 956
1 966
1 350
8 564
4 123
9 133
4 568
8 139
4 689
8 815
2 157
5 892
4 612
4 337
9 410
8 912
4 339
5 317
2 667
7 545
6 268
3 288
5 44
1 638
3 305
1 364
9 834
2 508
3 931
5 693
6 946
1 862
6 203
8 411
4 60
1 378
1 633
7 599
8 529
1 127
4 127
3 732
4 184
4 563
5 521
4 892
8 580
7 471
7 652
8 91
9 555
7 756
9 571
2 302
9 29
6 91
2 357
3 553
7 500
8 93
1 371
3 207
4 458
9 890
9 995
6 539
1 604
5 457
5 805
3 713
5 906
2 706
2 344
7 521
4 374
8 302
5 36
2 852
7 622
2 40
3 160
9 604
7 310
8 657
5 539
8 666
2 891
1 145
9 350
6 516
1 716
7 905
4 44
8 962
6 936
2 719
6 298
9 578
2 104
1 159
1 324
3 243
6 633
9 606
8 770
4 144
9 658
2 237
7 244
8 523
9 918
9 994
7 285
3 260
8 525
2 186
9 398
5 220
5 814
4 451
8 385
7 789
6 81
6 183
7 662
1 940
2 385
7 234
3 225
5 494
1 349
2 754
8 825
8 496
7 237
9 661
9 978
9 102
3 912
5 819
7 427
4 592
1 413
6 200
6 755
9 544
3 92
1 288
5 990
7 712
9 168
4 285
1 541
9 642
3 389
3 746
5 940
5 627
9 881
7 428
6 238
8 178
3 988
6 683
4 966
8 642
7 486
8 718
9 32
9 479
7 540
9 236
1 281
5 271
9 407
3 517
6 389
1 411
8 877
4 792
6 207
2 415
8 79
7 437
3 212
7 250
4 859
6 669
4 785
3 21
3 356
4 555
4 668
3 558
5 778
8 108
2 502
9 115
3 655
3 410
2 187
9 336
1 581
3 904
6 381
5 277
6 618
1 918
8 516
7 831
5 545
2 717
1 461
3 66
6 383
5 419
2 571
7 334
6 197
2 237
1 319
7 33
1 781
4 224
8 865
1 30
3 712
6 894
2 15
3 725
2 871
9 685
8 616
8 32
2 413
5 390
2 218
8 668
8 92
9 15
9 665
6 804
8 227
3 268
8 96
2 358
1 854
5 846
2 218
2 283
9 582
6 361
7 812
1 516
2 639
7 298
5 12
3 118
3 519
7 199
9 96
5 18
2 36
6 139
8 178
7 601
1 811
6 995
2 429
8 964
5 480
2 809
5 364
8 448
7 312
5 933
9 639
6 794
7 252
3 365
7 790
1 626
7 366
1 942
2 852
7 580
8 170
2 541
9 316
8 853
4 73
1 190
1 456
9 824
6 353
7 856
8 592
5 462
1 822
7 470
6 31
4 724
9 158
5 888
3 973
3 256
1 965
5 476
5 866
3 566
4 926
8 81
3 623
1 913
2 385
5 557
8 870
2 52
2 265
1 938
2 119
6 3
3 640
1 223
2 497
6 444
7 929
1 378
3 505
3 435
7 393
1 741
2 990
7 10
2 169
3 930
8 143
5 370
6 130
6 725
3 101
8 486
3 132
8 301
6 155
6 244
5 445
3 528
1 495
7 128
6 486
5 669
5 709
1 847
8 69
5 901
5 460
9 636
6 969
9 945
5 390
9 108
4 891
3 706
8 610
6 768
6 611
3 442
5 912
8 877
9 580
2 587
4 603
7 350
5 159
7 133
6 484
6 819
6 312
2 480
4 79
3 736
3 122
6 446
7 904
8 733
7 539
6 243
7 543
7 432
7 886
6 406
8 522
8 183
5 189
5 755
4 628
6 393
9 389
1 501
3 880
8 496
5 274
7 560
4 49
1 955
5 274
9 461
3 25
4 628
6 24
4 198
1 313
3 837
6 147
3 431
7 10
6 164
2 102
1 256
4 152
2 241
2 10
8 938
7 344
9 246
7 388
9 455
5 470
4 838
3 348
6 799
5 633
7 796
3 842
7 322
4 700
4 138
7 981
3 743
8 81
5 410
9 588
7 886
2 874
2 830
4 430
9 735
7 312
1 235
1 302
7 866
2 836
3 711
5 518
2 579
4 598
5 784
6 290
2 962
9 831
9 822
9 141
7 43
2 808
5 325
9 270
2 549
5 913
6 360
6 151
2 747
8 645
7 372
5 638
1 535
1 844
4 449
4 352
3 156
5 205
3 707
6 671
4 17
6 952
7 453
4 33
9 288
9 169
2 49
3 711
7 713
5 658
9 260
9 90
8 607
4 614
6 205
4 288
5 25
4 596
7 61
7 833
5 24
9 726
7 245
6 92
3 712
9 837
6 197
6 542
3 657
1 836
6 877
6 800
9 801
7 816
5 742
1 648
7 88
5 992
9 530
3 9
6 552
9 650
1 491
2 552
3 785
9 728
6 950
5 3
2 362
6 51
4 187
3 26
2 510
1 325
4 102
1 719
3 898
7 121
9 998
4 974
1 217
8 166
3 669
6 356
4 704
8 853
6 542
6 602
7 616
6 809
4 697
6 808
1 616
8 703
2 756
9 117
1 817
3 577
7 168
5 236
8 58
6 200
3 405
7 369
3 166
5 457
7 425
2 458
3 630
6 92
6 275
2 796
1 490
5 16
1 25
6 249
1 777
7 118
9 968
9 921
6 102
7 714
4 798
8 4
3 769
5 251
7 303
3 293
8 140
9 888
2 996
2 964
6 303
1 392
8 287
5 841
1 846
7 632
5 446
5 790
7 448
6 416
4 807
4 981
1 453
5 110
8 6
2 659
2 874
7 17
8 801
2 548
9 413
7 292
2 533
2 231
8 842
5 450
8 791
8 314
8 300
7 412
6 934
6 51
5 840
4 687
1 923
8 9
2 851
1 352
4 101
6 83
4 665
9 29
6 401
7 418
6 921
8 443
7 338
7 101
5 278
4 257
4 740
4 975
4 3
3 412
4 627
6 483
4 464
5 466
1 10
1 285
3 151
5 223
9 658
8 103
8 828
7 855
8 62
2 596
1 875
6 885
7 938
8 512
7 316
5 986
1 580
8 973
1 435
7 655
3 237
1 747
2 554
8 70
4 152
6 398
9 110
4 248
4 369
3 170
1 737
3 728
9 863
9 484
1 616
4 110
7 614
1 636
7 177
2 503
4 808
9 74
9 902
4 685
1 798
8 674
2 728
5 289
6 823
7 607
5 629
5 729
1 291
4 412
9 509
5 795
9 533
2 953
3 626
8 706
9 211
9 116
2 220
7 248
5 895
9 919
1 571
7 487
7 451
7 330
3 531
6 714
8 150
8 218
8 743
3 637
8 740
6 611
4 876
3 440
4 713
6 733
4 164
4 865
2 836
4 12
5 475
5 868
1 829
5 837
5 446
6 526
4 945
2 583
9 713
6 31
4 819
5 430
1 421
5 316
5 645
3 62
3 770
2 182
5 733
1 172
8 211
2 83
4 271
9 696
2 408
4 410
9 927
9 928
6 571
1 323
7 289
6 55
5 313
9 376
8 972
5 942
3 681
6 58
4 129
7 654
3 199
8 200
7 60
2 910
9 90
9 565
9 617
5 155
1 292
9 132
1 796
1 883
8 537
5 866
6 414
5 638
9 22
9 176
9 684
5 429
6 319
1 870
7 768
5 23
4 992
1 760
4 946
3 704
4 304
1 585
6 528
5 48
7 498
7 67
2 28
7 392
2 645
8 719
8 724
1 910
5 614
2 224
9 751
7 200
1 935
1 771
2 445
7 168
6 479
9 842
2 166
9 571
9 215
9 942
2 469
6 373
9 241
1 80
9 961
9 765
5 782
4 796
2 512
9 887
9 915
9 497
1 962
5 610
4 76
3 833
2 123
7 64
2 241
7 793
4 859
7 817
9 251
1 305
6 296
3 753
4 920
7 292
8 36
9 497
1 891
5 93
6 974
1 815
8 455
3 135
7 603
4 393
6 3
5 335
1 889
5 508
7 774
6 131
8 140
6 358
2 676
7 763
2 761
9 583
1 623
5 250
9 107
1 518
1 777
4 125
1 97
3 914
6 870
9 399
8 671
9 477
4 643
5 435
8 974
8 339
4 174
1 262
8 668
3 826
4 69
5 830
3 302
6 754
8 507
9 618
8 627
4 963
7 492
2 111
7 135
9 782
9 756
8 744
8 541
3 307
5 239
2 212
8 600
2 150
8 836
1 4
2 20
3 170
7 84
2 695
9 449
1 963
7 521
3 67
9 995
4 391
7 509
6 930
8 287
7 934
4 5
1 24
6 623
2 253
4 910
2 642
8 425
9 283
8 749
7 446
4 440
8 135
3 875
2 495
9 582
6 4
1 85
7 609
5 656
4 132
9 528
7 644
5 535
8 336
4 993
7 466
1 336
4 101
5 103
1 92
9 742
3 271
7 558
4 253
6 179
6 219
2 595
7 96
5 508
7 134
4 650
3 653
3 637
4 916
8 67
6 142
7 540
5 353
6 729
2 468
5 989
2 51
8 268
9 433
8 733
8 713
6 884
4 89
6 556
3 416
8 168
8 149
3 407
5 243
8 825
6 480
4 116
6 118
3 831
1 595
7 835
9 667
6 112
8 677
8 197
1 727
4 368
9 790
7 814
4 347
1 180
7 173
5 75
2 833
6 559
5 190
7 174
1 831
4 330
2 389
4 38
8 608
7 710
9 617
2 586
9 164
1 509
4 498
5 345
8 208
1 478
8 734
3 971
7 654
4 510
8 545
5 159
8 109
2 988
5 112
8 407
3 60
4 49
8 936
5 888
7 734
7 978
1 736
4 752
4 969
9 153
1 247
3 105
4 617
2 798
6 387
6 440
3 558
3 440
8 320
5 357
9 414
9 241
4 3
3 977
6 974
4 923
3 878
1 14
9 839
8 941
8 454
1 827
2 307
7 943
5 315
1 680
6 72
2 315
1 632
5 483
1 141
8 265
1 153
6 513
8 526
2 655
6 273
3 430
3 468
2 206
8 111
1 229
2 243
4 693
9 555
6 918
2 301
1 714
1 897
2 882
8 119
4 841
2 456
8 688
4 81
9 425
9 934
4 810
5 635
8 490
1 398
1 603
6 29
2 589
5 263
1 505
3 164
2 490
6 772
5 981
5 228
8 481
9 497
3 776
4 794
5 758
3 393
2 609
5 678
8 502
4 107
8 40
1 790
5 609
5 863
3 135
1 433
1 970
1 625
9 499
3 13
6 48
7 619
7 981
7 293
7 675
3 210
3 388
9 681
4 281
4 24
1 634
5 749
1 824
3 70
8 948
9 299
5 924
8 90
6 652
4 109
3 500
3 759
3 36
8 322
2 983
1 450
3 239
8 659
9 728
8 105
1 529
7 391
4 40
3 79
7 862
5 18
9 941
2 686
4 217
8 12
9 790
1 255
2 98
4 810
7 641
5 221
7 317
8 62
5 92
5 765
6 45
8 752
4 278
6 680
6 165
6 131
7 591
5 701
2 735
7 233
6 144
4 984
2 783
1 535
1 903
4 546
2 801
8 651
7 455
5 291
5 460
6 11
4 962
7 177
5 660
2 793
2 300
3 982
3 541
3 957
3 537
7 110
3 239
4 854
7 528
8 468
5 4
1 476
3 627
2 664
8 499
5 808
4 952
8 600
5 28
9 655
4 499
8 339
6 243
2 868
3 775
3 196
4 533
4 463
5 480
8 165
4 21
7 215
7 482
4 902
3 91
6 510
4 40
1 46
1 479
2 490
2 686
1 751
1 794
7 815
5 778
5 971
6 390
6 209
7 1
3 818
1 387
4 399
1 614
3 146
2 76
5 784
5 39
4 699
5 468
8 108
1 931
5 762
6 983
7 910
9 800
8 792
5 775
2 50
9 353
6 919
3 548
2 908
2 957
2 139
9 558
3 108
1 761
4 528
6 278
5 446
6 604
3 982
1 866
4 487
4 664
8 366
6 828
2 518
1 318
8 367
1 620
5 521
3 782
3 126
6 925
2 856
7 247
8 627
6 308
6 333
7 956
3 903
9 410
5 9
5 795
4 759
1 287
2 795
6 49
9 847
1 648
8 221
3 978
1 726
6 679
3 696
6 195
3 140
8 457
2 768
7 959
6 104
4 527
7 34
8 257
5 267
4 21
8 517
7 54
8 723
1 739
3 805
4 174
6 974
7 529
3 38
1 989
6 173
3 757
8 809
5 805
4 636
4 281
8 262
8 834
1 223
4 559
1 944
1 691
7 799
4 99
8 146
7 695
3 322
3 524
5 185
3 924
2 310
6 412
5 976
3 993
1 537
2 227
2 722
6 837
7 574
8 795
9 742
5 38
1 943
1 913
2 46
9 667
5 761
7 646
7 43
9 655
4 910
6 498
1 236
2 592
9 271
9 530
4 596
7 794
6 566
5 386
8 264
6 966
7 850
9 481
8 970
9 191
5 174
3 950
5 742
9 938
2 367
7 743
8 472
5 221
9 963
1 368
2 96
8 970
7 665
1 276
3 25
5 671
1 311
8 327
9 601
4 784
4 170
4 649
2 503
3 398
5 631
7 412
4 536
4 110
1 551
5 273
7 7
8 493
3 285
9 90
1 802
9 291
8 838
1 331
8 246
6 526
3 930
8 321
6 756
5 105
8 970
7 320
3 759
9 732
6 69
2 366
6 413
6 560
9 33
7 311
8 57
8 872
4 211
3 891
3 779
3 711
3 810
4 446
2 281
7 331
7 717
2 220
4 790
3 100
4 108
6 819
1 965
6 308
6 323
8 861
3 631
5 570
8 603
7 448
8 911
3 950
5 913
6 196
8 387
7 963
6 705
9 96
5 912
7 847
1 320
6 55
4 281
4 830
8 359
8 204
8 494
8 336
2 761
9 548
4 826
7 79
7 13
4 920
6 296
9 877
2 913
5 723
5 276
2 514
4 549
4 623
8 308
3 169
6 209
3 934
6 946
5 4
2 906
3 602
2 129
9 973
6 130
3 953
9 967
6 758
2 621
3 997
8 777
2 716
3 320
9 458
5 101
9 942
5 822
2 646
3 461
5 429
3 35
4 433
9 286
2 955
6 290
5 553
5 556
6 772
2 357
3 859
5 847
7 901
3 502
5 57
8 603
8 989
7 585
8 77
6 331
5 776
7 703
3 126
5 754
4 571
1 564
7 5
6 668
5 798
8 889
8 850
7 58
3 848
3 980
6 512
4 675
7 370
7 55
7 74
5 829
5 356
4 792
9 523
1 984
4 349
7 613
1 85
4 757
4 313
7 576
3 487
6 550
8 66
8 788
2 849
5 501
5 728
3 2
6 191
4 728
8 297
8 456
3 11
7 33
6 670
4 585
2 297
7 450
1 176
2 938
5 292
6 666
9 170
1 708
7 372
2 617
2 495
2 767
8 6
6 984
9 565
2 269
4 141
7 661
8 393
4 777
9 477
9 422
5 547
2 444
7 3
7 24
2 852
6 440
2 747
1 532
6 711
8 891
5 237
2 604
8 590
1 32
4 261
4 431
4 302
8 882
6 654
5 520
9 134
3 83
7 102
9 192
2 852
1 382
6 74
4 437
6 85
7 448
1 640
3 309
4 191
2 684
5 814
4 787
3 601
5 828
7 921
3 952
8 822
1 580
2 39
6 995
6 922
2 905
2 758
7 941
3 404
2 511
2 985
9 166
8 886
2 725
6 733
2 299
4 730
6 606
3 614
7 609
3 762
1 536
7 446
7 469
1 259
5 786
1 715
4 548
6 383
1 846
6 388
2 826
1 743
9 885
4 33
6 331
9 727
9 34
9 499
5 460
1 918
3 719
2 634
4 392
7 696
4 570
3 102
8 201
5 547
3 639
2 17
4 811
3 991
7 354
4 65
3 966
9 777
8 55
4 390
3 865
5 402
2 169
7 270
7 785
6 891
8 115
7 830
6 370
2 489
1 31
3 255
6 974
5 400
9 161
4 911
7 312
5 899
1 972
7 286
9 703
6 619
8 803
9 182
9 989
4 333
2 942
9 734
5 56
7 101
7 361
1 679
7 762
2 871
3 465
3 929
7 771
9 705
7 717
4 184
4 275
1 445
9 540
8 571
1 32
6 530
4 402
2 503
9 506
3 336
7 968
2 857
9 532
4 33
6 167
8 674
1 170
2 378
8 16
3 305
1 339
4 877
1 481
9 61
5 191
7 675
5 99
2 337
9 813
7 598
8 741
2 141
2 390
5 340
7 185
3 889
9 916
8 421
1 583
4 383
7 596
2 90
8 309
1 761
4 232
8 540
8 349
5 603
7 198
6 581
2 305
2 343
3 955
7 336
7 245
5 31
1 214
1 971
7 982
3 82
6 810
9 625
6 20
3 616
1 888
8 318
2 666
1 851
7 143
7 597
7 343
4 664
7 185
3 515
5 804
3 100
9 936
4 492
2 670
7 891
9 23
9 189
2 307
4 466
6 944
9 273
8 408
7 561
7 9
5 759
9 392
1 864
2 302
3 721
6 900
1 967
2 259
3 766
5 913
7 451
2 294
3 863
7 97
1 13
4 219
4 355
7 68
1 657
7 12
9 777
9 709
6 271
3 899
8 970
2 987
6 389
9 582
9 139
4 394
8 502
1 360
1 223
2 512
4 233
1 695
2 871
6 754
5 809
4 616
4 903
7 639
4 40
5 262
8 899
8 49
6 987
3 976
1 554
3 527
1 730
4 515
6 63
7 181
8 80
4 371
1 118
1 993
3 230
3 55
2 629
4 968
4 229
8 545
6 152
7 7
7 730
6 921
9 946
3 383
8 617
6 9
3 481
2 329
7 256
5 278
1 204
3 938
8 908
4 371
5 991
8 380
8 336
2 951
3 839
1 308
6 806
1 909
8 36
4 716
1 340
1 613
3 676
3 694
9 753
3 364
5 161
3 903
8 200
8 497
3 907
1 495
2 557
6 718
7 360
1 601
6 865
6 961
2 485
5 845
4 158
2 420
2 389
9 252
3 896
8 626
9 989
2 953
4 961
6 856
5 825
6 458
4 110
5 950
9 512
3 550
3 722
7 706
3 13
2 417
6 144
8 150
6 601
4 835
5 493
8 322
3 868
5 727
3 199
9 290
8 910
9 98
2 247
1 462
7 200
5 605
8 640
7 632
6 575
9 242
6 878
5 105
6 342
1 161
7 665
7 687
8 726
2 925
1 27
9 950
1 984
4 6
1 746
8 303
7 824
4 109
9 825
4 167
6 482
3 145
1 495
4 440
3 336
5 631
2 471
4 306
5 574
5 516
6 667
9 642
5 82
1 193
7 400
6 793
6 404
1 465
5 488
2 557
4 988
8 903
9 488
9 632
9 957
4 383
1 685
5 834
2 212
7 393
6 823
6 649
9 123
4 563
8 456
3 153
1 26
1 340
1 421
6 295
9 837
2 721
1 139
4 9
6 737
5 117
2 305
9 506
2 317
6 756
5 906
7 653
4 122
9 164
9 401
8 358
4 853
5 479
1 71
8 60
6 325
6 87
8 660
5 775
2 98
7 186
4 596
8 934
4 268
9 697
2 275
8 625
3 570
3 120
8 747
7 166
9 793
7 420
1 281
4 867
9 881
8 381
8 610
8 632
2 851
3 265
9 820
5 254
3 149
3 748
4 990
3 686
7 322
7 673
9 737
9 699
6 312
7 814
3 833
4 517
7 213
5 247
5 826
4 142
3 312
6 589
3 960
5 522
3 99
4 884
5 454
8 173
9 102
3 405
7 870
1 56
3 859
3 835
1 240
2 379
9 23
3 9
1 680
6 265
5 163
3 333
2 170
8 818
1 929
7 923
7 581
4 601
8 718
4 126
1 850
7 946
8 909
7 855
5 922
1 88
4 424
4 138
9 82
1 583
2 178
3 528
9 204
4 917
1 284
5 317
6 983
9 725
9 654
2 920
9 855
6 379
9 583
3 872
7 190
4 393
5 681
3 563
9 769
3 962
6 241
9 624
6 260
7 554
2 366
4 209
5 918
9 499
7 541
1 884
1 983
6 816
7 636
1 985
9 858
9 176
7 944
5 759
4 585
8 274
5 506
5 889
9 506
9 364
2 916
5 777
8 962
6 282
4 690
4 3
6 652
6 84
9 134
5 956
8 874
5 388
1 430
8 961
8 385
1 701
4 291
8 918
2 508
2 851
9 185
6 183
8 470
5 870
7 826
7 41
6 56
6 238
6 706
1 139
8 523
9 828
1 754
8 785
1 664
7 178
2 210
9 404
2 344
2 719
7 818
2 309
7 907
4 795
8 463
4 141
2 211
3 236
1 152
4 227
5 377
8 382
1 483
9 702
7 496
5 434
8 618
2 624
1 725
3 575
8 790
2 610
8 121
9 683
2 586
7 805
8 751
8 267
7 691
3 778
8 826
4 220
2 392
5 407
1 700
8 24
4 135
4 209
2 199
8 964
1 957
5 746
6 676
2 379
7 418
5 273
1 807
5 126
1 774
2 35
4 234
5 402
6 411
5 61
6 939
6 112
4 514
9 43
1 307
8 275
4 298
6 686
6 197
2 303
5 64
5 881
7 115
4 820
3 612
8 852
9 344
9 885
2 539
8 765
6 69
2 288
6 743
8 470
3 223
5 628
5 828
4 20
4 511
3 186
4 440
9 830
9 719
2 359
4 81
5 540
5 319
6 233
9 957
9 720
9 912
7 903
9 296
4 121
3 481
7 367
9 781
6 141
5 349
2 196
5 778
4 297
8 1
6 878
1 669
4 855
5 665
2 41
6 400
8 486
5 185
4 957
2 486
8 185
4 35
9 701
2 552
6 909
3 684
4 228
2 386
1 934
6 279
2 730
1 853
9 996
2 786
6 722
9 769
4 262
2 723
7 335
5 118
1 546
9 750
6 154
8 13
7 623
4 62
2 407
5 568
5 671
1 793
4 781
3 736
8 85
7 725
3 452
5 382
5 643
4 209
2 704
5 603
3 231
5 680
6 17
3 478
3 40
2 517
8 272
8 301
5 149
8 213
4 586
9 36
2 444
8 463
2 901
1 193
5 167
6 208
3 558
8 588
1 394
6 854
8 794
3 740
6 899
7 262
7 265
7 870
6 696
7 293
3 835
8 448
3 77
5 903
2 778
6 668
1 315
7 837
2 115
1 770
6 529
3 937
1 765
6 220
2 578
6 777
8 715
9 134
6 318
9 581
6 966
4 985
2 209
3 109
8 118
6 56
5 629
9 876
6 238
4 293
5 45
7 946
2 14
7 707
7 555
1 426
6 256
6 520
3 952
8 506
5 227
1 154
9 991
1 687
4 563
8 762
2 50
6 804
7 226
6 112
4 519
4 738
7 386
7 395
5 606
9 844
2 898
5 125
5 465
2 555
8 511
2 72
2 744
1 342
6 825
1 188
9 428
7 274
3 902
2 869
2 287
2 777
6 430
2 793
3 433
5 359
7 384
7 222
9 25
3 535
3 454
2 630
8 647
4 413
8 572
3 495
4 713
1 45
8 893
7 755
9 342
6 987
6 263
9 291
8 210
6 855
6 547
8 263
4 108
7 182
5 675
1 539
8 667
5 250
9 576
3 42
9 556
2 363
8 956
5 823
2 198
1 547
6 601
6 376
6 921
8 107
9 952
4 421
5 665
2 336
6 831
8 597
9 125
3 923
7 50
6 683
4 862
3 710
2 476
5 889
8 362
4 430
6 79
2 89
4 958
8 423
6 520
9 894
3 416
5 162
4 1
7 431
5 792
4 762
5 944
2 102
7 86
7 775
2 818
9 626
2 7
2 284
2 224
5 607
9 432
1 823
1 331
9 14
4 831
9 827
8 865
1 238
3 178
4 551
4 595
5 491
6 663
8 284
5 390
7 245
3 97
3 255
3 477
5 987
2 200
5 521
2 462
2 452
1 489
4 355
4 899
6 124
2 776
2 886
5 17
6 707
6 917
5 260
6 385
2 421
9 780
3 368
9 137
1 601
5 542
8 429
9 956
3 440
4 677
3 618
1 458
1 526
4 723
2 207
9 469
5 692
7 725
7 211
7 599
8 207
6 204
5 300
5 905
1 611
6 784
2 276
6 990
7 773
2 305
7 540
9 45
5 742
3 11
5 351
4 201
8 468
6 910
9 1
3 226
7 834
8 278
1 689
8 349
3 700
4 160
6 865
7 191
4 412
1 996
6 248
8 38
2 38
9 920
2 200
2 368
5 873
5 581
2 633
3 742
7 303
2 292
6 825
3 493
3 120
3 998
5 685
7 520
2 139
8 478
5 304
7 90
4 929
3 177
2 320
9 332
1 820
2 789
6 823
3 881
5 489
4 747
3 71
6 614
2 706
9 265
8 375
2 624
7 463
8 584
8 718
7 123
8 258
2 902
8 911
8 462
4 819
9 292
8 913
3 817
5 434
2 67
6 874
6 550
4 490
9 837
1 769
5 465
7 589
8 545
3 870
5 337
3 653
7 298
8 970
6 903
6 916
6 650
7 659
1 845
3 54
7 76
1 641
9 286
3 626
1 167
1 275
8 904
7 849
2 930
9 754
6 660
2 522
3 897
9 948
2 767
9 143
3 261
7 820
4 450
5 814
2 942
7 837
7 454
2 204
7 224
2 937
9 784
7 632
5 796
2 861
4 19
3 843
7 943
6 262
7 110
3 447
5 603
6 54
1 689
3 878
4 652
5 235
3 712
2 556
4 165
3 790
1 858
4 898
1 16
5 914
6 392
1 613
2 645
7 489
9 361
7 685
2 901
1 886
1 785
1 121
2 578
2 569
2 264
6 956
7 64
6 841
6 950
2 169
8 558
7 367
9 743
7 649
3 970
3 975
6 696
6 860
2 725
6 148
5 614
5 705
1 693
4 852
4 437
1 956
2 116
9 350
1 94
7 939
2 972
5 257
2 728
1 380
2 265
5 879
6 349
6 276
4 286
9 403
1 304
7 155
5 121
1 714
7 941
5 996
4 286
9 300
4 90
4 905
3 924
8 951
2 806
9 752
2 510
1 533
4 952
2 951
8 630
9 723
4 38
7 484
7 411
9 775
3 182
5 572
7 183
9 98
5 188
2 518
5 443
4 231
6 176
2 904
2 847
6 95
1 784
9 646
6 799
7 413
8 819
2 804
9 946
9 428
8 190
7 550
2 433
6 745
4 962
8 570
6 713
8 850
3 961
1 692
4 635
7 459
4 528
3 893
6 603
6 326
9 703
3 143
8 375
3 900
2 973
3 303
2 854
9 184
5 649
1 295
3 700
4 176
1 454
6 420
3 108
7 567
9 340
7 664
4 34
5 770
7 754
1 412
5 226
8 142
8 908
2 314
3 627
3 273
9 557
8 856
7 157
9 474
1 851
2 211
2 141
9 610
1 772
4 939
5 54
9 28
8 236
9 289
5 830
4 661
1 254
4 770
5 659
2 625
6 820
7 113
4 535
2 292
9 462
6 742
3 30
5 478
4 830
1 564
3 47
1 766
2 461
6 148
3 500
7 629
3 608
4 717
6 183
7 887
6 676
7 879
3 837
4 689
1 841
1 327
4 197
2 626
1 68
8 496
9 546
9 324
8 586
5 452
1 486
7 850
9 407
9 866
1 804
4 910
5 527
1 971
1 767
3 100
4 89
9 838
4 159
9 225
6 920
2 949
1 735
8 567
7 529
9 385
8 426
7 136
5 250
8 832
7 422
2 8
6 964
9 863
6 8
7 585
1 764
4 53
4 335
8 640
6 491
7 353
5 38
2 26
7 594
2 461
5 507
9 245
4 314
9 313
5 195
7 687
3 433
1 177
9 359
5 68
1 560
7 204
2 908
2 323
6 804
7 955
3 969
2 220
3 26
2 43
3 431
9 617
8 187
8 68
4 48
9 832
3 274
7 643
3 701
9 123
1 186
6 254
2 996
5 875
4 6
6 960
4 365
8 18
1 808
4 535
9 938
7 182
5 840
3 113
1 227
1 765
7 32
1 286
1 210
8 767
9 797
6 370
7 742
8 869
1 909
8 125
1 490
7 778
6 568
6 870
2 844
5 925
2 372
4 621
6 90
1 516
2 834
3 205
1 710
2 845
8 478
4 186
4 713
9 297
2 292
3 793
1 240
7 729
8 647
8 911
6 737
4 61
5 32
2 867
3 776
8 80
2 120
5 939
4 947
9 831
5 839
1 93
7 780
2 409
4 889
3 601
6 466
3 917
9 364
8 956
5 933
8 112
8 21
4 603
2 723
9 644
3 496
7 79
6 277
1 421
4 245
5 511
8 403
3 925
8 649
6 344
7 355
5 354
4 943
3 499
9 110
8 947
2 597
7 599
7 232
1 477
8 761
4 904
9 853
8 86
5 867
6 803
4 603
3 753
6 833
9 930
4 113
3 985
5 342
8 21
4 323
2 487
1 203
4 403
9 658
3 995
3 636
6 184
3 674
9 222
1 188
7 887
1 468
8 447
8 175
8 819
1 682
9 19
2 416
8 659
9 629
6 317
2 171
3 660
6 156
8 508
1 752
8 362
2 985
5 466
8 993
7 96
9 591
6 278
5 254
9 517
7 309
3 585
1 771
2 481
8 844
7 987
1 103
5 254
5 594
9 685
2 724
6 980
7 894
7 759
2 913
6 187
7 547
4 140
3 453
8 962
9 327
4 331
6 18
9 236
8 24
2 917
9 701
6 499
8 874
6 898
5 253
4 729
7 293
4 835
7 207
5 761
2 746
2 681
5 395
7 812
2 555
9 602
2 345
3 7
4 78
5 726
6 708
5 847
9 323
7 465
5 198
8 780
6 37
2 145
6 96
2 287
1 404
6 344
2 989
9 687
5 974
8 116
5 867
9 121
8 364
8 156
4 249
6 225
6 834
7 154
9 45
8 18
5 328
2 915
1 431
6 822
9 733
8 524
4 338
4 945
9 668
9 982
7 474
7 920
9 13
2 674
1 232
8 661
8 772
7 314
5 616
8 326
5 511
3 387
2 931
8 269
5 870
6 235
9 894
9 89
5 665
4 120
5 891
6 174
6 76
9 584
5 61
9 477
2 478
8 139
4 914
9 727
1 96
7 846
6 834
5 53
4 134
2 114
8 671
8 688
8 493
1 156
3 900
1 562
7 215
5 225
1 545
6 350
8 631
5 67
4 567
3 401
6 11
1 445
6 800
5 147
4 842
3 285
3 372
9 277
9 984
6 871
7 452
6 606
9 136
6 984
8 510
7 841
7 898
5 202
4 574
4 430
1 87
1 597
7 997
9 483
9 375
3 229
5 294
6 347
7 226
5 570
6 435
4 974
7 134
3 469
5 960
5 842
9 50
5 942
3 750
2 747
8 498
4 388
8 529
3 939
7 503
5 209
1 638
3 707
4 795
6 198
8 512
2 520
4 916
2 328
9 606
1 509
3 488
3 614
9 69
2 490
4 500
3 227
3 599
6 347
5 828
4 867
8 21
8 621
7 7
1 40
7 460
6 154
3 882
9 684
3 757
3 958
5 591
5 114
8 836
1 22
6 722
4 724
4 432
1 117
6 449
3 769
8 423
4 575
8 127
7 973
1 152
2 859
4 834
9 369
2 151
1 772
8 716
8 333
2 996
8 305
4 605
9 73
8 433
8 51
1 625
4 161
2 111
2 237
8 710
2 52
5 714
3 451
5 476
1 733
5 233
2 636
7 548
6 302
8 356
8 258
8 531
5 475
2 157
9 304
3 35
3 446
8 617
6 334
1 681
5 284
2 823
2 907
3 347
2 352
9 998
5 401
7 747
2 889
1 305
4 208
7 985
6 525
8 270
4 133
3 926
2 20
2 55
8 839
6 854
3 822
6 239
8 100
2 817
7 326
4 900
3 181
3 906
1 207
5 283
6 844
9 473
6 677
4 509
3 367
3 426
9 215
5 131
6 87
1 22
8 508
1 665
2 244
4 830
7 465
6 226
3 759
4 890
4 664
1 671
4 480
5 937
8 199
6 446
6 735
6 416
7 825
9 368
4 651
9 956
8 30
9 143
6 318
5 943
9 588
9 730
6 867
2 200
3 455
6 69
8 830
6 869
5 284
3 880
6 153
6 488
3 455
8 690
8 820
1 473
3 685
4 195
3 309
8 336
7 758
6 390
4 326
7 681
7 214
3 982
6 116
2 267
2 538
9 63
7 28
2 485
8 176
4 701
5 792
1 965
2 877
2 858
6 51
8 532
3 819
1 349
7 702
1 224
7 10
5 317
8 977
9 186
7 481
4 75
1 641
4 542
5 832
4 721
9 939
8 147
9 485
7 130
6 547
3 147
7 77
2 311
9 983
8 644
3 101
7 174
3 476
5 978
2 834
6 191
6 671
2 968
1 269
9 780
3 171
6 91
2 827
3 738
7 54
4 711
1 100
9 614
8 38
7 883
8 10
9 364
3 847
7 992
6 868
7 368
3 137
6 722
7 16
1 211
6 841
1 940
2 243
5 235
2 146
8 871
1 347
8 273
5 5
4 746
8 756
6 629
8 10
1 293
5 530
6 811
1 861
4 749
5 25
9 103
8 257
1 762
9 927
9 515
2 19
9 242
9 94
4 104
2 659
9 564
1 617
6 280
8 844
9 301
4 169
5 757
2 96
6 747
3 273
1 391
4 523
2 784
2 222
6 156
7 3
8 788
6 94
3 535
8 253
7 525
7 957
3 564
6 800
5 512
2 573
2 84
4 254
3 867
5 474
5 792
9 741
5 815
4 86
8 209
5 904
4 758
4 733
6 351
3 352
5 326
4 202
4 176
3 994
7 367
1 65
5 664
2 459
9 795
2 266
3 601
8 175
6 468
8 119
6 442
1 118
2 832
3 894
7 212
6 769
3 76
4 176
1 795
4 936
4 615
5 33
9 91
9 294
1 833
5 814
5 320
5 760
7 970
4 598
2 262
5 479
4 357
6 77
7 7
2 181
1 933
4 556
5 856
1 302
6 699
6 683
1 766
1 608
5 535
6 356
2 729
4 852
3 208
8 675
5 97
7 273
2 224
1 492
9 116
8 489
4 346
1 552
3 334
5 286
5 803
2 103
1 913
9 55
2 320
1 771
3 23
7 884
4 311
7 46
3 887
3 241
6 705
7 782
2 389
4 346
3 147
7 442
6 122
2 898
9 945
4 576
4 152
1 932
3 554
5 887
7 511
9 112
8 357
9 693
8 399
3 656
6 486
9 605
2 314
9 486
7 892
8 944
8 241
4 505
9 573
3 673
2 957
8 738
8 115
6 778
1 188
3 778
5 533
5 718
9 605
6 823
9 983
2 259
6 363
5 456
9 312
7642 738 801
233 195 299
7385 344 847
6308 531 704
6161 641 900
7343 78 772
829 0 872
9647 983 992
3201 644 683
8294 100 173
1517 665 683
3334 15 196
3043 198 402
3781 331 489
8192 524 981
6052 537 655
6278 155 727
692 988 993
3997 800 999
1365 94 108
9511 417 795
4122 9 310
9910 900 992
8000 591 883
7748 513 793
1516 201 268
3335 935 951
3621 823 910
6159 786 905
2878 469 837
6831 807 847
8799 977 990
221 737 772
2715 587 949
2165 621 798
4101 637 889
8237 278 362
9653 261 368
8816 289 698
1318 290 721
8268 800 926
4918 487 528
9768 365 877
9491 352 802
8964 779 862
1606 609 731
2577 660 715
6274 89 709
446 320 605
9118 438 707
6881 254 309
7214 187 981
4501 962 964
1642 484 507
7133 343 667
3529 489 549
2834 407 458
5170 313 937
9085 187 629
8244 98 158
8008 234 482
968 402 453
4449 580 906
6891 944 957
9973 645 651
4363 459 766
1259 306 435
6156 464 630
5854 913 918
3712 943 972
8526 564 644
886 295 807
3978 622 649
916 912 956
7142 237 534
1465 96 339
8732 379 749
3211 467 765
2130 168 452
3121 801 833
2757 526 745
3770 315 880
