10000 1000 410
6 697
6 825
2 892
2 657
1 666
6 550
6 493
6 906
1 929
7 654
7 487
1 509
3 600
3 909
6 873
6 325
2 606
4 307
1 103
9 172
3 77
8 951
9 372
3 917
4 934
4 866
7 923
6 169
8 132
5 407
4 586
2 14
1 319
5 128
7 283
9 907
7 458
4 366
1 436
2 848
1 573
3 510
8 807
1 456
1 194
7 382
4 313
6 409
8 433
3 489
2 273
9 231
8 973
1 996
4 317
7 498
7 278
6 822
2 123
8 461
9 859
3 534
8 674
4 240
6 916
8 260
7 842
2 356
6 524
1 943
2 196
7 168
3 885
9 995
7 986
4 481
8 736
4 454
5 394
7 236
2 858
7 935
8 141
1 236
6 80
8 943
6 58
1 186
6 819
1 388
3 356
4 89
9 601
3 220
3 954
3 742
3 387
1 233
6 125
9 911
7 365
6 199
8 402
6 84
4 284
3 465
7 59
2 168
2 814
9 92
2 561
4 20
9 668
7 912
9 438
2 996
8 115
6 662
2 298
5 894
5 653
6 938
9 349
7 90
2 211
1 370
4 452
2 157
3 359
6 912
2 611
6 754
3 541
9 398
1 598
4 138
9 369
4 681
7 899
3 600
9 389
6 319
3 77
7 960
3 262
6 668
6 218
6 36
2 276
1 315
7 444
2 843
2 246
1 249
1 732
2 973
4 817
2 680
2 485
1 47
6 949
1 57
3 574
9 644
1 961
2 160
9 130
2 936
4 965
5 239
2 34
3 256
4 659
8 463
9 294
3 327
9 661
5 128
8 193
4 521
9 168
5 278
7 402
7 109
5 399
3 502
9 714
8 1
4 411
4 235
2 691
4 665
8 663
7 24
8 720
4 448
5 942
5 621
1 658
7 149
3 514
9 207
1 844
7 39
1 108
3 396
6 553
7 587
8 291
7 510
2 872
3 616
4 401
3 877
5 403
7 833
7 114
2 582
2 684
8 650
8 611
9 308
1 544
3 818
6 223
4 844
5 4
8 908
6 134
1 900
6 250
4 172
3 211
6 758
3 373
2 404
1 892
9 586
4 324
8 989
6 450
5 359
3 731
6 294
9 490
5 401
1 927
6 821
1 326
3 750
4 425
1 121
2 583
2 753
6 828
2 171
6 13
7 168
5 514
2 608
5 655
7 743
4 300
4 157
3 862
4 481
8 497
5 323
8 744
2 704
3 255
1 287
6 122
2 11
5 633
4 639
9 64
3 307
2 384
4 146
1 806
5 970
6 664
3 101
1 805
3 417
6 397
8 45
5 594
8 872
9 110
5 952
1 331
7 974
2 441
3 117
4 464
6 269
2 98
9 972
9 892
2 399
8 529
3 245
4 217
9 786
1 346
9 937
9 716
9 548
4 468
7 122
4 470
3 777
7 478
2 907
8 856
9 96
5 468
7 944
8 175
8 449
6 906
8 635
8 16
3 216
6 565
4 133
8 446
7 321
3 96
1 730
6 970
6 773
7 884
6 842
5 884
1 298
5 114
3 849
1 552
2 49
1 121
1 870
8 527
9 208
1 855
1 573
5 481
4 702
5 781
2 424
6 272
8 893
7 810
2 232
2 526
1 198
5 179
4 930
3 696
1 327
1 512
6 815
9 682
4 77
2 779
3 284
4 377
6 154
7 357
5 268
7 102
6 965
1 252
4 703
1 470
3 937
7 366
3 411
1 706
1 947
6 424
6 972
9 127
7 706
6 947
1 84
4 158
2 47
4 381
2 76
4 497
2 269
7 920
4 628
5 885
6 829
1 243
9 828
9 645
2 570
5 227
3 359
6 139
7 512
6 872
9 88
9 38
5 949
1 754
8 303
9 308
4 666
2 652
7 638
7 467
9 46
7 299
6 515
4 247
9 394
9 332
3 207
7 556
1 764
2 889
2 667
8 635
8 466
6 984
4 740
8 750
2 581
2 907
4 642
8 840
1 710
9 237
5 697
7 509
9 540
9 964
7 33
4 696
3 324
5 321
8 849
6 567
6 557
5 682
1 66
1 953
1 133
8 410
1 420
8 728
3 754
6 603
3 729
3 4
7 698
7 554
6 832
3 135
9 34
6 25
9 339
6 874
1 886
3 738
7 640
7 702
6 595
7 899
1 43
9 815
2 383
7 7
6 927
6 41
6 676
9 778
6 761
2 923
7 373
4 391
5 845
2 127
8 555
6 483
3 85
1 56
8 386
7 400
5 640
6 711
1 941
3 50
8 859
9 507
5 633
4 682
8 428
7 636
1 272
3 298
3 417
3 260
8 135
9 272
9 536
1 809
7 471
3 336
4 830
5 998
2 459
6 378
2 208
5 307
9 851
1 272
6 957
9 508
9 908
3 304
1 480
5 78
5 970
8 717
6 974
5 419
1 116
4 756
8 528
9 521
9 667
7 86
1 761
6 872
3 810
5 551
2 7
7 959
2 759
1 214
4 111
2 884
1 147
2 549
6 703
5 491
8 18
7 432
4 607
5 167
3 198
4 425
6 782
6 898
1 61
2 993
7 181
4 116
1 237
5 438
2 889
9 747
4 942
6 404
7 919
1 684
7 443
2 39
9 212
7 765
9 204
2 880
6 355
5 429
6 97
1 250
4 952
7 610
1 613
3 881
2 739
7 87
2 393
7 406
2 499
8 314
8 648
5 524
1 907
6 313
4 258
4 707
1 278
1 541
7 487
8 861
9 706
2 127
7 791
9 141
1 860
5 431
4 648
9 230
5 345
9 996
6 541
2 249
9 459
5 148
7 649
9 609
4 955
5 891
7 425
5 475
6 205
3 511
5 297
9 846
3 719
5 962
9 265
5 798
3 720
9 107
9 953
4 443
6 888
8 93
7 84
9 597
8 191
8 579
9 286
2 848
4 267
9 984
8 740
6 692
8 446
6 267
1 233
5 744
4 480
9 434
3 123
2 289
6 295
3 239
5 292
4 305
8 334
8 528
3 508
2 971
6 737
4 789
6 665
9 90
1 807
8 427
3 710
4 681
5 302
8 585
8 443
5 589
2 615
7 569
4 774
8 232
7 497
3 199
8 991
9 744
6 249
7 447
4 605
9 681
4 484
4 936
6 593
4 141
9 361
5 487
7 687
8 364
5 458
4 784
8 569
6 966
7 418
6 494
3 978
4 366
1 160
5 545
4 827
1 399
7 831
3 760
6 323
6 422
7 124
8 948
8 733
5 228
5 765
1 610
3 615
1 642
9 996
5 246
2 309
3 168
6 967
1 378
2 490
7 789
1 723
9 306
4 371
9 45
1 973
4 597
3 68
4 81
1 863
1 324
9 408
6 32
4 420
4 384
9 926
2 241
1 910
6 542
3 798
1 136
4 959
4 796
7 410
1 808
1 640
6 882
2 342
4 860
5 41
1 389
3 136
7 334
8 894
3 764
6 181
9 619
3 352
1 603
5 11
4 752
9 980
3 136
7 267
6 802
9 958
9 711
4 258
1 858
7 640
1 282
1 241
8 398
7 753
1 72
5 849
3 851
1 896
5 151
8 701
5 907
3 581
7 472
1 383
6 709
3 671
8 280
9 330
2 223
9 397
6 284
3 836
9 75
1 839
7 333
8 615
6 919
7 577
4 34
5 440
3 419
1 890
6 459
2 376
4 739
7 413
5 18
6 875
9 419
2 754
4 693
9 990
7 564
8 440
1 964
4 496
6 427
8 83
2 43
6 5
8 949
3 523
1 385
3 496
2 551
7 554
1 337
2 293
7 549
3 653
8 331
6 616
8 254
3 81
9 593
5 797
9 502
5 946
2 437
8 408
6 129
5 949
6 943
8 802
4 693
5 443
4 323
3 218
8 194
2 311
2 103
9 766
8 146
8 928
7 591
3 289
6 17
3 902
3 199
9 607
7 878
4 352
1 546
3 215
9 587
3 964
5 351
8 12
2 880
3 80
1 994
6 628
9 44
6 126
7 672
3 571
8 220
5 188
8 212
5 943
6 646
5 487
7 793
1 213
7 157
4 582
5 97
3 598
6 177
3 102
9 174
6 835
7 314
4 878
3 863
9 42
3 884
6 225
2 745
3 70
8 447
1 489
4 298
6 403
6 528
9 42
8 894
1 813
2 337
5 452
2 949
8 147
3 740
2 948
8 246
7 823
8 106
6 954
7 117
4 876
3 579
6 783
6 232
2 401
8 7
4 487
8 65
3 945
4 722
2 9
4 629
2 379
5 862
7 855
5 128
2 61
2 368
6 617
3 159
9 604
3 589
8 557
3 161
7 895
8 114
2 288
4 174
7 195
7 437
5 171
4 500
7 426
1 793
8 903
6 779
1 116
6 36
5 459
7 612
1 516
6 414
3 187
2 189
4 61
2 150
6 345
1 462
6 235
4 814
1 207
6 83
6 399
1 152
9 32
7 648
6 489
9 71
1 368
5 776
3 322
7 378
7 575
9 156
6 532
4 385
8 1
8 218
1 303
9 693
8 132
6 319
7 840
2 734
9 86
6 74
2 154
1 510
8 728
7 975
8 73
9 717
8 545
7 908
1 22
5 899
1 380
3 212
2 326
9 865
6 174
3 536
3 109
2 774
8 431
2 97
6 827
1 732
3 186
8 219
9 679
8 79
3 773
2 715
1 953
3 229
1 957
9 173
3 530
8 621
4 133
4 619
5 967
9 331
9 710
7 360
9 104
4 884
2 447
3 695
4 336
5 246
5 407
2 359
7 801
5 334
6 134
8 892
2 23
5 972
3 927
6 558
4 207
8 345
5 198
4 772
2 682
7 826
6 872
3 463
5 601
4 325
5 468
8 553
5 876
3 941
2 294
5 552
6 379
6 872
9 655
3 110
2 817
8 863
5 557
9 799
5 559
7 610
1 777
1 237
3 407
5 893
7 115
3 919
8 780
9 70
3 873
6 210
7 551
8 99
9 835
7 265
7 740
1 140
5 756
5 608
1 991
7 581
7 666
6 318
3 293
1 318
2 4
5 575
6 318
6 662
7 291
9 266
2 520
7 267
4 219
9 157
3 96
9 34
3 239
1 644
7 458
7 852
2 208
5 16
3 820
3 397
1 324
3 578
4 504
6 557
9 158
9 650
8 888
9 451
8 754
3 813
5 774
9 672
9 812
2 226
2 85
8 180
1 440
8 688
5 40
9 104
6 115
4 886
3 874
2 848
7 868
4 558
2 327
4 62
4 356
6 489
6 346
9 285
9 863
7 167
9 374
7 537
2 460
7 490
2 198
3 962
1 437
8 146
7 470
8 621
4 931
9 702
6 216
3 500
7 115
7 699
2 373
9 694
3 97
3 886
6 959
9 78
9 806
6 878
4 868
2 538
7 46
6 514
9 663
6 58
4 118
8 266
3 430
4 761
4 582
6 538
1 932
2 656
8 277
3 452
8 470
7 381
2 667
4 495
7 628
3 109
7 746
3 673
6 771
9 421
2 518
3 613
8 13
8 627
8 521
5 870
9 506
8 224
3 864
7 504
6 989
7 956
6 423
8 630
4 782
5 984
1 448
3 188
1 584
2 467
4 50
2 532
6 306
7 728
9 193
5 381
9 281
4 355
9 685
1 55
6 473
3 204
9 355
3 99
9 362
5 200
6 339
2 966
4 206
8 253
1 83
3 736
1 689
1 223
5 794
7 278
4 35
2 625
2 310
1 764
4 445
9 520
7 414
9 584
7 618
8 455
5 189
3 500
4 1
3 969
9 999
4 499
5 446
5 141
7 3
3 584
6 587
5 949
1 309
2 339
8 89
1 64
7 703
5 872
2 286
4 217
5 806
2 756
9 994
4 445
7 240
2 163
5 133
2 546
7 83
2 804
9 396
3 166
8 430
2 522
3 878
7 158
9 610
2 654
1 966
8 320
6 846
6 470
4 313
5 856
8 618
1 284
3 246
8 550
1 486
7 829
2 248
3 485
9 337
5 180
7 957
3 228
9 701
4 938
3 150
9 846
2 892
4 219
3 298
1 532
9 278
8 585
1 784
7 819
5 927
6 144
9 935
2 844
4 787
6 88
7 14
6 142
3 63
9 481
9 846
4 862
5 811
4 86
1 953
2 435
8 341
9 203
4 387
9 350
1 266
5 547
1 370
4 903
7 48
6 230
1 116
2 455
6 257
8 958
3 882
7 809
5 409
2 936
3 496
7 687
6 722
1 42
9 922
6 960
5 766
1 21
6 999
7 245
4 453
5 185
3 315
1 995
4 443
4 519
3 217
7 420
2 160
9 467
8 842
5 208
3 336
3 926
3 422
9 591
1 374
8 928
4 207
6 131
8 574
2 307
8 575
4 448
3 624
6 971
8 62
9 512
1 126
7 732
7 609
7 141
8 536
4 109
2 430
5 829
5 607
8 795
2 19
7 353
3 876
1 827
1 223
7 54
6 778
2 895
7 827
7 807
2 541
6 262
8 872
8 975
3 383
3 380
5 450
4 43
1 776
6 982
8 210
9 346
4 540
5 811
5 713
4 168
3 970
7 944
6 957
8 42
7 127
7 740
7 154
9 340
2 372
6 927
3 77
4 6
2 951
4 421
8 591
3 638
3 736
6 123
8 938
2 752
2 585
7 78
7 994
4 387
4 459
6 384
2 25
9 589
4 361
1 641
6 316
7 232
6 298
3 184
2 237
8 19
9 147
6 996
4 513
5 662
6 416
1 944
8 871
9 135
8 261
8 902
7 491
8 784
5 207
4 24
9 622
4 701
1 856
4 66
7 81
7 778
8 492
9 373
1 692
4 33
5 2
8 965
5 787
1 999
1 155
4 873
2 502
7 982
5 272
1 165
8 212
4 4
1 102
7 504
1 602
5 464
8 190
4 534
5 616
9 408
6 712
3 266
8 855
3 10
8 732
3 634
6 553
7 85
6 732
3 166
8 843
6 94
6 496
4 728
2 598
2 320
4 137
8 243
8 989
1 556
9 145
8 104
5 546
8 71
6 776
3 49
7 584
6 370
6 207
9 348
3 953
8 833
9 690
2 518
5 47
2 839
1 701
6 327
4 130
1 961
3 352
8 961
9 589
8 453
4 149
8 319
1 187
6 628
1 665
2 993
7 938
4 340
9 774
7 604
2 782
7 247
8 12
9 788
7 259
6 397
9 479
2 664
8 305
4 979
6 437
9 118
4 524
6 732
8 561
1 639
1 338
2 196
8 532
9 950
7 662
3 634
7 218
1 525
9 589
9 210
6 196
2 557
6 223
1 454
9 63
4 845
4 698
5 468
3 742
4 457
7 202
1 265
4 107
4 660
9 731
4 158
6 635
1 83
2 722
5 359
8 348
6 902
8 244
2 712
3 507
7 828
5 977
1 566
3 38
8 497
3 533
5 413
4 806
7 462
4 750
2 749
6 25
2 581
8 741
3 692
3 181
5 394
5 768
3 242
4 623
7 293
1 830
1 761
7 638
7 602
8 44
1 922
6 441
6 56
2 234
7 866
7 704
7 290
4 657
7 995
8 707
9 873
4 712
4 611
8 575
7 456
7 284
7 406
4 38
9 624
1 645
4 403
5 469
6 539
8 661
3 843
6 822
5 342
1 69
8 602
3 167
2 700
9 591
7 892
7 4
3 898
9 6
2 715
5 431
9 757
9 225
6 896
9 36
4 18
3 191
5 185
4 114
2 244
1 708
1 52
9 651
3 78
7 688
7 288
9 202
9 647
4 644
3 910
2 500
1 221
4 266
7 485
9 727
6 522
3 583
4 865
7 960
4 328
8 891
3 923
3 659
4 238
5 832
3 139
6 795
8 460
5 202
6 596
1 110
8 82
6 129
8 364
6 327
5 893
9 744
7 747
5 107
2 144
9 571
4 708
6 360
6 863
1 830
8 208
1 15
9 70
6 673
1 669
7 561
4 654
8 98
4 427
6 824
1 861
8 290
9 479
9 455
7 648
4 239
8 380
2 302
8 115
2 600
7 412
9 783
1 466
5 904
8 803
6 900
5 841
8 670
3 277
6 100
5 565
5 937
8 310
5 113
9 931
1 364
1 592
1 846
3 465
3 388
7 198
7 369
1 915
1 515
1 600
2 273
1 670
3 546
6 448
1 561
2 90
6 441
4 790
8 177
3 38
5 241
8 290
4 429
5 85
7 553
7 276
6 286
1 36
1 364
4 927
6 581
8 567
5 135
6 309
6 330
2 314
1 736
9 616
4 246
5 827
4 821
5 342
6 768
6 376
6 298
6 56
5 38
1 619
1 698
8 202
8 711
2 36
5 837
1 332
9 789
4 318
7 980
2 436
1 755
8 598
8 832
3 649
3 713
6 478
6 634
5 157
1 913
1 230
1 281
1 270
7 158
9 398
3 684
3 605
5 82
3 928
2 294
1 220
7 564
3 417
9 815
4 262
8 921
3 916
4 490
6 989
8 211
9 503
3 658
7 52
8 748
7 91
6 275
2 766
2 445
3 755
8 193
6 707
6 945
2 34
1 527
5 519
8 129
2 631
1 567
5 962
7 380
8 793
7 800
1 213
9 460
2 942
4 422
1 485
5 990
3 957
4 260
8 973
8 216
8 611
6 724
4 534
3 345
3 477
8 885
3 826
3 95
1 716
1 136
1 39
9 156
5 362
8 471
2 240
9 657
2 906
1 861
8 922
6 486
3 506
9 526
6 435
8 538
5 854
5 788
1 518
5 887
4 796
5 651
7 481
9 43
9 127
1 546
4 546
5 166
5 121
7 820
4 30
7 861
1 750
8 494
5 31
1 303
5 176
8 299
7 979
8 481
7 962
9 872
2 776
1 996
4 448
5 889
8 612
2 80
2 837
5 67
1 392
7 131
1 41
7 662
1 489
8 844
2 170
4 397
7 193
5 280
8 648
8 555
8 358
3 341
6 646
9 781
2 214
9 324
2 778
2 711
7 847
5 438
6 710
6 399
9 946
4 979
7 567
2 573
6 326
2 837
8 757
4 727
7 967
5 943
7 474
6 13
6 928
7 56
6 4
5 977
2 134
1 981
7 648
3 343
1 904
9 663
2 517
3 351
7 160
4 947
4 385
6 673
6 129
9 389
4 902
5 238
7 480
1 173
2 928
2 819
4 413
5 212
2 871
2 132
3 12
8 103
1 758
1 429
4 223
5 456
6 340
7 316
9 349
2 665
7 721
5 827
9 684
1 64
5 757
7 743
3 993
8 165
4 339
6 356
2 567
1 842
6 223
6 445
2 646
9 285
6 750
4 221
2 588
5 427
3 198
6 113
2 452
6 660
6 308
8 509
8 827
9 500
4 228
6 59
8 210
9 679
5 174
8 113
3 901
8 824
8 147
1 727
4 652
1 108
3 404
4 272
4 686
4 718
4 153
1 506
2 558
5 41
9 84
9 930
2 410
7 522
7 410
6 155
8 355
1 740
2 597
1 708
4 220
3 196
1 640
9 171
9 886
4 367
5 363
9 393
8 769
3 329
9 600
4 959
1 464
4 713
7 148
7 62
7 566
5 176
6 958
5 123
6 557
1 971
2 504
4 412
3 715
9 171
9 661
3 270
8 267
2 903
1 123
1 500
2 939
8 332
5 741
2 181
1 380
8 936
1 234
6 874
3 807
8 263
7 613
9 30
6 235
5 13
4 615
7 483
3 626
4 889
7 705
7 383
4 939
3 686
9 386
2 839
2 43
2 816
7 73
8 535
8 777
5 101
3 497
5 384
4 116
3 208
8 62
4 623
8 348
3 611
2 588
9 83
9 989
7 286
6 744
8 805
6 804
4 70
3 926
1 861
5 163
5 300
8 816
5 943
2 232
3 334
7 722
2 169
8 34
2 211
1 711
8 735
9 641
1 254
9 694
6 47
2 341
5 799
4 270
2 39
4 733
3 477
4 507
6 605
9 536
3 36
4 550
3 199
9 731
1 196
2 6
8 1
2 307
6 221
9 979
5 515
9 349
1 325
9 355
9 114
8 182
3 855
1 357
9 360
7 225
4 231
3 235
7 731
1 469
6 836
5 928
9 598
6 61
4 570
1 570
9 24
3 551
5 921
5 650
9 432
9 992
6 542
2 613
4 767
1 943
9 966
6 672
7 306
1 206
2 865
9 278
4 965
1 204
2 174
8 604
3 448
2 987
6 541
4 700
1 119
3 349
4 672
4 368
5 472
7 852
3 787
5 382
3 678
1 76
5 440
2 176
3 713
1 33
2 481
4 281
3 814
9 403
9 370
5 463
4 63
9 616
3 164
8 320
2 303
6 412
4 512
9 67
9 188
9 478
2 550
1 705
4 108
9 849
9 877
6 37
4 346
3 508
3 89
7 788
4 660
2 851
1 224
8 396
6 16
8 798
6 71
8 648
7 610
3 373
8 809
2 864
9 499
4 102
2 919
7 977
3 807
9 470
4 464
1 442
1 177
6 483
4 742
5 143
1 628
9 276
4 362
6 748
5 232
3 167
5 738
9 167
3 691
6 295
2 221
5 72
1 694
5 363
4 685
1 506
5 458
5 906
9 640
7 398
7 223
6 459
5 427
5 943
8 262
2 709
5 411
7 598
6 335
6 259
9 184
6 489
2 983
6 179
9 768
1 932
8 859
4 390
7 17
9 122
9 9
3 479
5 612
3 524
8 755
6 123
1 984
6 18
2 443
8 28
3 492
5 640
9 70
1 637
5 799
9 83
6 27
2 227
8 76
1 23
1 969
8 926
6 193
7 77
3 858
6 284
8 782
3 701
3 390
3 656
8 533
7 715
2 456
3 916
1 129
9 800
7 239
4 208
8 388
6 785
2 108
4 315
5 149
5 179
5 509
4 165
5 728
7 40
5 540
8 435
1 332
8 923
3 398
5 720
9 134
8 469
5 729
8 287
4 237
4 135
8 455
9 226
3 897
4 86
4 938
5 263
7 910
6 278
2 35
5 531
7 939
9 846
9 502
7 265
8 316
1 922
3 135
4 391
4 412
8 907
6 434
6 58
2 74
9 371
9 769
1 994
6 619
4 95
5 692
6 298
7 913
4 216
4 86
3 799
9 801
2 284
8 313
6 297
6 113
8 212
8 287
7 308
4 485
5 746
6 917
6 622
3 981
8 879
2 881
1 1
7 540
5 635
4 63
3 394
4 755
2 775
5 249
2 386
4 922
4 629
3 612
6 671
6 526
8 97
3 384
7 808
3 99
1 213
8 532
3 336
8 929
3 48
6 911
1 630
6 283
5 393
3 666
1 924
3 51
3 318
2 835
8 76
7 8
7 95
8 612
5 825
8 977
7 157
5 25
2 161
9 202
4 639
3 335
6 778
7 584
4 818
4 659
9 73
9 618
3 923
3 35
9 926
1 60
3 338
1 308
3 828
3 51
9 814
7 750
7 488
8 125
9 191
1 636
2 169
2 149
3 202
1 279
3 631
5 930
4 858
2 186
3 184
1 873
5 59
2 308
7 675
1 571
9 935
1 847
5 180
3 196
2 334
6 947
9 530
4 372
2 552
8 794
4 231
8 171
2 727
8 555
6 348
9 986
4 52
4 387
7 985
4 332
5 494
9 722
4 874
4 849
1 369
2 598
6 747
1 608
6 684
1 595
5 288
3 34
5 571
6 290
8 439
7 595
3 337
2 394
2 129
7 74
2 324
3 815
8 877
9 264
3 585
3 311
7 876
2 650
7 482
1 723
3 716
3 572
8 353
9 981
4 646
8 977
6 163
8 758
4 934
2 600
7 598
2 830
5 973
3 641
6 856
4 96
5 400
1 343
5 71
7 233
3 534
1 123
3 440
7 736
4 621
1 332
1 684
9 849
1 360
4 832
9 572
9 506
8 313
9 442
5 328
6 536
6 322
1 557
3 258
3 292
3 785
2 253
8 784
4 564
9 311
9 78
8 323
5 573
4 868
5 456
7 127
2 57
5 650
9 366
5 63
9 941
1 281
6 36
2 16
3 927
2 714
5 927
8 307
4 110
2 953
8 808
6 558
9 965
8 915
7 272
6 987
6 544
7 407
1 52
8 616
6 467
4 701
5 522
6 51
2 620
4 916
5 521
4 11
9 837
6 535
1 342
9 41
3 509
6 902
9 588
3 975
8 285
1 885
5 403
9 157
3 658
1 169
6 983
6 383
2 542
8 648
1 159
4 488
8 854
3 664
8 626
7 933
8 34
6 154
2 192
5 895
2 102
8 466
5 399
1 625
2 485
3 543
2 680
2 466
3 857
4 694
6 487
6 830
6 882
2 113
3 13
7 643
7 509
1 918
5 676
3 286
7 534
7 960
7 296
4 466
7 275
7 73
4 505
2 720
1 604
2 462
5 278
4 731
2 650
8 132
1 629
1 644
1 682
1 96
3 749
3 567
7 721
9 505
8 260
7 332
9 494
8 481
7 54
3 996
2 298
2 468
8 264
4 807
7 434
9 361
4 183
7 208
1 5
8 566
3 93
5 846
8 847
3 795
1 975
8 324
1 919
8 636
1 902
3 565
3 783
5 238
2 10
4 306
5 594
6 995
9 926
5 710
8 887
1 393
6 297
5 573
7 507
3 554
2 372
9 183
2 482
6 121
5 584
1 223
5 735
2 302
2 778
3 154
7 516
6 966
9 981
8 184
2 748
8 335
3 575
4 993
1 655
4 266
5 976
9 136
8 143
5 810
3 167
7 306
7 229
2 932
3 529
8 416
8 853
3 116
3 985
1 921
2 940
5 598
6 112
4 67
2 888
3 893
8 559
8 456
2 907
8 434
5 222
3 714
1 319
8 939
5 376
5 663
1 484
1 951
1 713
7 568
6 332
9 94
6 98
7 115
5 374
6 441
9 834
9 826
9 141
8 176
3 64
8 550
8 537
7 143
8 956
6 290
9 609
5 896
2 651
9 429
5 714
4 776
9 181
7 420
6 806
8 555
5 871
7 136
3 326
7 377
3 426
9 289
6 768
5 178
3 633
4 599
5 914
7 895
5 416
8 135
6 348
3 809
1 513
9 65
1 942
9 839
6 826
2 840
7 31
9 450
4 343
2 729
5 861
1 71
7 377
5 498
3 331
2 381
5 971
4 120
4 605
4 718
6 804
9 181
7 576
9 217
7 116
7 613
5 726
6 254
4 325
3 546
5 497
7 655
9 809
1 100
9 452
7 282
5 376
3 810
4 810
7 26
8 410
8 903
1 40
2 956
2 346
6 176
5 867
2 310
1 605
2 809
4 945
8 33
4 272
5 428
1 306
3 726
4 810
6 569
3 224
2 651
9 466
7 131
7 375
6 446
8 287
1 756
5 783
3 708
1 349
1 854
6 307
5 89
9 647
7 685
6 620
1 159
3 599
8 574
1 166
3 672
9 712
5 839
9 934
7 268
2 401
4 375
4 141
2 262
4 557
8 658
5 719
4 700
3 542
3 11
3 14
7 316
3 829
9 939
7 421
7 484
9 766
3 685
6 40
2 694
9 612
8 211
6 605
9 87
1 623
7 291
4 498
1 798
3 199
6 808
5 382
4 596
2 868
3 773
5 229
6 660
1 256
4 328
3 219
1 444
2 230
3 633
7 778
7 772
2 606
5 33
4 591
5 573
8 628
2 804
8 250
3 135
8 772
3 802
7 595
3 270
6 698
9 271
6 771
8 608
9 343
1 802
6 706
6 112
1 158
5 909
2 817
6 630
2 224
9 18
7 396
6 363
3 626
1 8
2 395
4 494
8 974
8 390
5 671
4 733
7 854
3 954
4 404
6 698
4 454
2 602
1 439
1 381
3 36
2 182
7 723
9 886
2 970
4 97
9 214
8 907
4 190
4 178
6 601
9 376
1 29
6 623
6 661
2 251
3 111
9 845
3 825
9 968
4 444
9 156
9 331
7 444
5 361
7 269
8 934
5 735
6 341
5 866
1 799
8 417
7 986
8 899
2 430
1 327
9 369
3 531
4 982
9 375
8 34
4 742
2 6
8 367
3 273
6 786
7 506
5 138
7 902
1 24
8 622
8 206
7 550
5 127
8 148
4 313
8 862
8 585
1 969
4 651
7 622
5 470
2 359
4 339
9 643
2 592
2 430
3 692
6 970
6 949
9 475
8 736
4 754
7 642
1 710
5 403
6 449
9 897
4 199
2 505
3 317
7 544
8 332
1 445
3 211
6 857
2 94
9 23
8 634
5 9
9 676
6 114
6 3
2 369
4 964
9 762
2 688
7 746
9 979
2 759
2 23
4 876
9 928
5 682
2 1
6 344
8 820
7 956
1 186
1 742
6 916
7 150
8 248
4 62
2 804
1 136
8 155
1 943
3 348
2 83
4 753
3 180
6 601
1 114
3 179
8 655
5 797
3 417
7 418
8 709
6 17
7 49
1 575
8 973
2 773
2 426
4 482
2 817
9 459
1 307
7 224
7 450
2 484
9 222
1 782
3 123
6 775
8 688
6 319
4 709
2 717
9 617
8 458
9 718
7 802
7 272
6 704
1 203
8 25
2 89
5 355
3 324
2 820
1 635
4 392
2 949
8 197
6 463
6 438
8 289
6 924
2 983
5 999
7 535
7 330
9 830
7 272
8 252
9 603
4 668
2 949
5 540
9 901
3 238
6 901
4 297
4 805
9 610
3 904
1 828
9 205
9 636
9 250
3 287
6 493
9 565
8 290
4 25
3 544
1 249
3 507
6 427
6 545
1 116
8 181
6 401
8 41
1 581
2 643
1 861
8 541
3 15
2 968
3 740
8 20
8 676
4 254
3 837
4 858
5 965
2 334
4 862
5 121
2 664
7 29
1 617
9 388
8 837
5 389
8 587
3 4
9 652
5 803
3 773
5 878
7 420
6 541
3 586
3 443
5 862
3 212
1 478
6 548
9 674
9 610
9 63
9 243
1 589
1 640
1 426
6 257
8 731
4 845
9 897
9 723
1 478
5 676
1 253
9 988
7 879
2 906
4 649
5 94
3 913
5 757
6 253
5 903
9 249
1 456
9 37
8 343
8 832
1 188
2 243
3 449
6 929
5 502
3 223
1 255
8 48
3 912
3 25
5 720
4 563
6 856
3 74
1 550
5 218
6 428
8 69
3 20
8 950
8 296
1 117
1 465
2 561
8 183
7 192
9 296
6 516
9 510
5 351
5 214
8 953
2 466
5 237
8 739
5 7
8 797
4 303
2 723
8 358
3 885
1 246
2 742
5 334
9 70
7 749
5 690
1 643
1 725
6 359
3 785
3 217
4 924
6 563
7 101
1 990
4 908
2 167
2 716
3 620
2 341
1 787
2 73
8 623
3 310
7 698
5 784
3 396
4 870
2 793
5 317
8 674
9 738
2 593
2 497
5 677
9 302
5 586
3 894
9 327
7 628
5 18
5 376
6 557
1 528
7 653
7 572
1 788
2 605
1 920
2 32
3 658
7 61
9 144
1 609
2 878
3 213
4 367
1 28
4 271
4 431
3 118
3 688
3 749
3 443
3 832
6 266
3 526
1 173
1 1
7 858
3 737
6 492
3 815
4 184
3 511
2 447
6 335
7 690
2 864
7 472
4 326
7 625
3 221
5 957
3 297
3 536
5 43
8 575
2 703
2 661
5 92
7 280
3 679
5 229
4 540
6 959
8 595
8 154
5 100
4 754
7 364
2 586
1 36
6 981
7 356
4 390
6 469
1 592
3 77
8 411
3 958
8 919
4 391
2 87
2 903
3 42
6 848
6 392
9 506
4 60
7 734
8 28
6 837
7 71
4 159
2 249
9 7
7 389
8 960
7 324
8 35
5 848
9 711
4 485
1 332
5 797
3 712
6 987
9 444
2 182
6 694
5 157
7 36
3 815
5 457
2 577
5 941
3 93
4 384
8 587
2 840
7 219
2 210
8 820
3 701
2 412
8 151
1 814
4 831
6 900
9 924
9 498
1 621
5 517
4 885
5 876
4 207
5 716
9 20
3 226
7 975
7 833
9 205
6 748
7 714
9 760
8 844
6 222
4 566
9 626
2 560
8 615
9 316
5 620
2 304
8 773
9 482
2 123
9 410
7 159
7 238
1 480
1 895
8 984
3 158
7 913
5 113
4 922
6 296
9 482
5 107
2 878
1 19
8 712
5 590
4 271
9 227
1 628
6 889
9 584
9 941
2 202
9 462
5 201
1 822
6 356
1 95
7 953
5 672
8 259
8 973
7 527
2 717
1 322
3 205
5 371
2 121
4 918
6 852
2 58
8 239
9 321
9 85
5 164
7 658
7 175
1 670
8 550
9 294
7 711
4 496
2 644
4 374
4 917
1 400
2 619
8 107
3 690
1 214
5 104
6 713
8 222
4 698
6 208
1 362
1 490
2 2
7 192
4 415
8 38
2 521
8 890
6 315
4 256
4 870
9 837
8 356
4 686
7 268
2 764
8 812
9 205
1 544
8 625
3 942
6 211
4 38
2 809
1 399
9 599
9 143
2 572
2 932
6 989
3 869
4 548
7 164
4 932
5 587
9 385
5 939
9 711
4 134
5 48
2 22
5 521
1 519
3 819
2 350
5 371
1 999
9 338
8 390
1 588
4 828
8 225
9 7
6 181
5 611
3 391
9 592
2 952
4 4
6 282
9 299
4 728
8 570
3 897
4 336
6 655
2 895
4 368
8 970
9 479
5 776
5 651
7 781
9 917
8 94
1 294
5 850
4 127
4 805
6 817
7 227
3 24
4 508
5 461
9 940
3 497
3 809
4 241
3 751
5 530
7 75
2 954
6 282
7 782
7 822
3 229
2 228
7 608
7 362
5 933
3 727
7 175
3 297
1 563
3 292
2 610
6 354
4 10
4 82
8 161
1 827
9 108
2 78
5 510
6 504
2 897
4 591
9 205
5 206
9 653
2 298
9 862
2 982
7 444
8 381
1 123
2 711
6 264
5 665
8 665
5 934
5 836
1 634
3 850
9 246
6 55
1 922
8 632
2 507
2 406
6 398
4 97
1 477
7 616
5 570
2 747
7 562
6 466
6 62
8 473
1 975
6 569
6 164
1 520
4 714
5 558
4 891
4 939
8 170
4 947
1 554
1 680
9 996
1 32
5 899
7 84
1 750
2 771
4 291
2 584
5 654
5 834
5 952
6 632
3 765
3 299
3 991
6 873
7 843
2 765
5 845
9 336
2 938
7 228
4 836
8 951
2 110
9 754
8 996
6 620
3 402
9 518
6 897
2 100
2 732
7 202
9 151
7 611
8 83
1 36
7 88
3 845
8 209
3 976
5 422
2 123
4 515
8 935
7 469
8 870
1 618
1 216
3 329
5 575
4 384
5 766
3 34
8 386
6 929
2 603
7 957
5 612
4 802
7 883
8 581
5 909
8 264
6 404
7 108
6 440
5 307
8 680
5 816
3 20
5 427
8 253
4 784
9 575
1 130
6 576
8 649
6 347
3 765
3 223
8 448
5 82
5 867
5 532
7 545
9 585
6 610
9 793
7 420
6 698
9 263
4 978
1 196
1 543
7 793
8 833
7 147
6 714
4 395
3 854
4 234
7 349
4 277
5 674
1 946
3 964
3 365
4 840
2 985
3 240
2 586
2 738
4 707
2 185
3 416
3 760
8 477
2 929
4 969
9 606
7 693
3 844
2 949
7 337
7 504
7 150
1 368
5 542
1 339
6 895
5 483
5 840
3 202
4 869
8 91
7 525
1 763
9 560
1 771
3 365
5 629
1 84
6 402
2 509
9 788
8 932
1 496
7 949
5 261
8 588
9 12
5 853
9 200
7 486
7 466
4 963
5 364
1 810
9 110
4 225
7 441
2 887
7 366
6 353
5 92
2 696
4 771
7 876
7 119
2 659
9 212
9 398
7 826
8 778
8 245
1 552
8 596
6 60
8 713
5 307
4 790
1 907
3 708
8 251
7 864
7 130
3 688
4 808
1 173
1 169
2 308
7 259
1 597
3 584
5 449
7 834
3 50
1 237
1 962
8 303
6 834
7 341
7 116
3 474
1 453
3 144
4 799
6 102
1 720
1 426
5 14
8 563
8 719
7 258
7 6
9 228
9 430
8 798
5 872
2 552
1 632
2 804
9 98
5 828
5 309
2 142
6 232
2 823
5 503
9 351
4 360
9 66
4 302
7 771
3 854
9 218
1 19
2 918
6 645
6 370
6 437
7 713
2 215
3 337
5 55
2 663
7 703
7 640
4 31
6 616
9 453
5 808
4 573
4 306
9 909
8 328
2 905
5 732
2 15
5 994
6 195
9 201
6 823
1 340
7 688
2 176
7 508
2 332
1 429
5 736
3 750
1 122
6 823
7 932
9 641
8 624
5 302
5 452
7 102
6 416
6 466
6 930
2 575
8 774
2 337
6 778
4 293
8 180
8 472
2 671
3 475
7 386
3 837
7 340
2 784
8 446
8 347
6 943
1 76
6 362
7 945
3 218
4 477
8 72
1 946
4 498
7 37
8 916
7 876
4 530
4 12
4 630
5 790
6 716
1 9
4 996
6 654
5 629
5 48
7 797
1 162
6 852
9 335
1 790
3 462
3 310
5 733
3 268
1 231
9 108
3 498
5 629
8 36
6 2
9 677
4 233
1 250
4 754
7 571
4 234
6 302
3 224
6 482
3 995
8 911
4 388
4 206
8 280
5 993
9 760
4 516
2 508
8 795
1 788
7 525
4 118
5 564
7 298
8 270
5 195
2 114
6 590
4 317
3 996
4 587
1 698
5 468
8 307
3 187
5 349
7 116
7 974
2 245
9 162
2 3
3 696
8 375
5 154
7 593
6 720
9 625
4 2
4 343
2 76
7 121
1 958
2 608
3 352
5 641
9 87
2 306
6 478
5 505
8 372
6 499
2 715
6 228
5 936
3 743
1 99
8 872
1 818
1 426
8 770
3 402
1 866
5 76
9 388
5 412
1 116
9 288
2 473
2 266
2 86
9 857
2 590
7 678
1 646
3 16
3 327
3 991
5 842
3 256
3 367
9 426
5 17
9 32
1 947
9 335
4 24
1 653
1 358
7 459
2 872
6 857
1 890
1 111
3 354
7 400
9 472
4 920
2 976
4 414
3 966
1 393
8 377
1 322
5 96
6 456
4 254
8 884
7 881
5 313
8 81
1 673
3 257
6 758
6 701
1 593
1 919
4 376
8 749
4 748
7 196
4 530
6 954
1 748
5 410
7 507
2 492
7 760
8 211
5 418
9 689
2 297
3 714
6 341
4 88
8 27
2 729
5 169
9 689
7 238
7 696
7 26
6 643
9 373
5 22
5 202
6 238
2 474
6 608
4 133
3 621
4 697
9 153
9 753
4 220
9 378
6 454
5 821
6 626
3 107
8 421
3 795
1 245
8 328
6 84
9 267
9 57
8 492
2 268
2 769
8 236
3 122
3 268
4 224
9 574
7 978
2 358
8 91
8 42
4 173
6 316
8 267
4 841
2 300
8 722
6 33
3 933
1 84
2 534
2 532
9 357
6 820
1 283
1 35
8 48
7 886
1 84
7 454
6 349
7 470
8 541
8 746
7 375
1 395
8 855
8 16
3 437
6 363
6 184
8 481
4 42
6 32
6 676
8 768
7 957
4 813
2 459
1 692
6 108
4 742
6 450
9 612
2 750
9 44
6 809
9 883
2 48
5 412
4 118
7 467
2 855
9 12
8 277
8 866
6 945
4 784
8 804
7 719
3 807
4 206
2 723
6 903
4 721
8 932
9 651
3 352
2 117
1 539
7 222
9 777
3 451
1 998
1 394
6 246
4 198
2 536
1 259
6 130
6 911
8 257
4 179
3 787
8 127
2 408
4 449
3 951
9 184
4 873
1 667
1 497
7 290
5 223
6 629
8 684
9 132
2 102
3 704
6 44
2 932
1 615
4 354
8 1
4 235
7 833
1 430
4 203
6 800
3 424
6 496
9 968
5 486
6 95
1 396
1 739
5 307
3 429
1 639
4 635
9 739
7 493
8 235
2 607
9 839
4 183
1 857
8 401
1 659
7 251
1 70
8 102
5 63
6 192
8 396
5 574
8 731
4 24
3 480
7 720
5 99
2 374
8 772
7 17
8 425
6 205
8 975
9 307
2 274
3 457
3 44
4 242
7 815
4 178
5 333
6 333
6 800
2 823
3 917
9 722
9 543
8 554
5 950
3 274
8 796
1 612
9 479
7 51
4 837
4 27
6 844
6 38
3 503
5 654
6 137
7 481
4 21
8 916
7 333
1 913
3 639
3 686
8 97
7 849
4 683
9 540
6 671
1 890
3 156
4 313
4 638
1 690
1 546
3 348
3 514
9 725
9 504
6 989
4 866
8 971
9 151
7 795
2 807
2 714
6 230
9 692
2 538
4 963
1 706
5 400
4 290
6 373
8 255
2 831
2 918
8 388
4 32
4 608
8 588
5 239
5 785
1 123
6 31
6 563
7 116
8 674
1 805
2 917
4 127
8 617
7 987
4 550
9 907
4 295
7 917
9 749
8 900
8 463
3 677
8 385
9 706
6 198
6 824
6 9
6 301
3 433
8 69
2 745
1 579
4 907
8 292
8 636
3 247
8 841
3 562
8 435
8 722
9 499
5 185
1 217
7 570
1 212
6 351
9 51
2 714
1 145
4 52
4 635
1 317
6 659
6 857
4 866
4 444
3 845
6 28
6 271
4 148
3 673
2 875
4 865
2 400
1 33
1 228
8 468
2 580
1 860
5 938
6 735
2 528
2 167
7 797
5 154
7 356
7 881
6 269
8 258
1 475
9 557
9 394
5 683
8 588
4 129
4 270
7 346
6 600
8 354
2 949
1 62
8 770
6 255
2 407
8 146
8 520
7 302
2 165
4 324
5 529
9 997
4 753
1 34
1 854
7 470
9 50
7 546
1 910
6 578
2 749
1 917
8 862
3 619
7 922
6 498
8 113
7 406
9 556
7 657
3 264
8 651
7 95
6 133
5 434
6 40
3 589
2 170
2 894
5 915
4 730
8 705
3 345
1 146
9 268
8 748
9 366
1 844
1 33
2 183
7 843
7 367
9 897
5 602
6 43
5 46
5 649
1 52
4 298
7 613
5 437
1 534
2 478
9 263
6 791
3 694
4 387
5 67
3 315
9 513
4 904
7 566
5 464
6 267
3 534
6 763
7 241
9 492
5 393
6 947
5 638
9 537
7 140
7 745
2 709
4 249
8 253
4 885
3 151
8 914
7 750
3 93
9 693
8 146
6 58
3 989
2 172
2 438
3 567
2 202
6 878
7 607
6 702
5 285
6 82
2 974
1 596
4 259
1 369
9 94
2 216
9 559
9 47
7 416
1 618
4 607
1 505
5 346
9 862
1 778
8 830
5 213
1 537
4 433
3 876
3 769
2 47
3 479
1 763
1 424
3 949
2 876
5 682
7 661
4 853
5 207
6 628
6 546
3 891
4 508
2 942
5 577
6 43
2 519
4 669
5 186
4 411
9 791
1 285
1 75
1 329
9 976
3 419
9 840
2 219
6 514
7 344
2 307
8 865
6 192
1 206
8 590
3 158
1 147
8 271
3 17
4 939
9 994
5 233
6 106
9 901
5 769
2 148
4 349
3 619
7 984
4 355
5 879
8 112
6 673
4 684
3 419
2 120
8 699
8 248
1 241
3 580
8 830
7 522
8 459
7 157
1 685
7 174
4 23
6 27
9 386
8 541
3 52
3 218
2 449
4 992
4 51
3 137
7 19
2 777
7 519
6 77
4 444
8 205
6 254
4 318
9 379
3 444
7 237
2 899
2 282
8 95
8 901
6 930
8 608
3 553
1 79
8 49
9 598
8 426
6 921
4 491
3 321
7 448
9 33
4 962
8 677
3 364
9 6
4 654
9 439
9 459
4 835
2 757
9 198
2 5
2 365
9 137
8 149
9 961
8 651
3 214
2 417
1 62
9 309
4 474
7 921
5 982
8 877
8 347
4 79
9 912
2 564
5 847
1 353
5 612
4 170
4 50
8 839
3 727
4 545
3 613
5 852
8 379
9 491
5 523
2 76
4 13
1 204
2 71
7 105
5 278
2 944
3 298
8 156
5 369
5 663
1 604
9 15
1 962
1 708
7 75
9 640
4 142
4 383
6 836
8 332
6 917
5 440
8 498
8 676
2 733
6 567
2 572
6 38
2 805
7 458
6 248
6 403
2 97
9 320
5 710
2 46
6 366
6 560
8 517
2 448
5 294
7 742
1 316
6 837
4 244
5 719
5 829
5 599
5 345
7 576
1 8
9 400
2 824
5 673
7 913
5 747
9 855
4 73
9 988
7 10
7 642
8 723
1 569
5 834
4 396
5 686
8 32
5 214
7 763
5 353
1 9
2 883
8 309
8 752
9 302
3 528
7 927
6 134
1 728
2 128
8 96
1 247
8 336
1 420
9 347
5 774
2 591
7 655
6 50
9 914
8 606
9 732
2 131
8 747
2 270
8 702
6 125
1 929
1 127
7 558
4 840
6 266
6 427
3 487
6 47
5 265
2 281
5 903
5 300
2 708
3 243
3 654
5 795
7 545
3 651
2 832
3 591
9 78
7 738
6 930
8 684
5 874
1 630
3 95
9 147
8 218
9 649
7 912
3 174
5 85
5 997
7 34
1 733
3 43
1 394
7 693
6 324
9 760
8 63
9 321
9 95
7 754
6 129
9 188
5 841
9 844
8 907
2 863
8 425
5 549
8 316
8 895
9 527
8 312
2 230
2 954
9 170
4 786
8 93
9 37
4 683
5 928
3 195
8 668
8 416
8 438
9 895
8 89
6 708
4 448
8 32
4 698
2 547
8 655
7 178
6 729
3 10
9 888
7 167
5 543
4 928
8 750
4 33
9 963
9 957
4 833
6 251
1 628
3 17
2 593
3 412
7 491
8 697
8 345
6 91
5 883
1 867
1 560
7 909
1 796
3 372
9 294
8 162
3 856
5 641
6 527
9 489
7 475
4 553
7 487
4 425
8 381
2 440
2 629
6 901
3 654
3 774
2 613
8 587
8 550
3 356
5 281
5 812
6 187
5 12
7 727
2 480
7 166
1 485
2 706
8 938
9 658
1 307
8 366
2 178
6 122
9 991
4 533
1 595
8 887
1 111
9 480
5 159
6 510
5 158
7 30
5 295
2 246
7 396
9 495
4 246
2 262
2 455
3 479
3 514
4 94
2 418
6 933
7 218
9 938
4 97
3 908
4 94
2 991
1 485
7 219
1 258
3 686
2 275
1 200
4 968
5 851
6 865
8 399
9 665
3 614
5 743
9 870
6 395
4 481
6 785
6 610
5 898
6 193
2 898
6 399
2 685
5 689
9 472
7 789
2 862
7 616
2 925
9 878
3 66
9 918
2 777
4 331
9 261
1 848
6 634
2 743
5 934
9 308
8 239
7 979
2 500
1 425
9 81
6 900
9 381
8 434
6 65
6 833
2 6
4 203
8 366
1 678
1 97
2 143
9 800
5 155
1 435
1 880
9 600
7 98
9 318
9 140
5 14
7 427
9 92
8 97
7 294
7 194
4 197
3 163
4 176
2 453
5 333
7 562
6 832
2 633
5 909
5 970
2 182
1 98
3 744
3 448
1 405
2 866
5 695
2 754
4 346
9 917
1 258
2 330
8 139
6 397
1 890
7 407
1 482
1 64
1 417
8 701
1 153
9 579
2 596
9 437
3 258
2 57
3 552
7 44
4 786
8 175
2 525
4 468
7 524
9 950
4 43
4 200
5 219
5 481
2 830
6 193
8 709
7 323
1 74
4 670
4 524
6 255
2 864
2 773
1 972
1 47
6 812
2 647
5 744
2 283
7 764
8 381
5 444
1 453
2 787
7 813
3 406
6 796
9 509
9 376
2 730
8 215
2 106
4 292
3 708
8 143
2 769
1 663
4 227
9 167
5 958
7 762
4 766
9 352
6 846
7 475
7 867
3 836
8 707
1 541
1 422
6 324
9 925
5 840
6 821
5 602
3 704
4 580
1 641
4 184
8 377
8 500
9 504
1 655
4 901
5 344
6 317
1 950
6 372
5 549
5 952
5 410
7 952
9 565
8 640
1 798
7 125
8 418
7 71
8 557
9 705
9 732
2 567
8 419
3 910
2 851
6 556
7 957
4 969
7 101
5 988
5 783
3 633
3 179
1 991
6 394
1 636
1 156
3 528
5 860
4 979
7 738
4 410
9 43
8 654
6 426
1 197
2 911
8 128
9 251
2 824
4 534
8 490
3 101
7 700
4 892
4 110
8 214
4 763
2 335
2 554
5 497
3 688
3 298
6 216
7 653
3 350
7 937
9 594
9 294
7 436
4 973
3 254
6 501
7 880
7 872
3 315
7 903
2 215
4 538
7 188
9 189
6 97
1 95
4 601
1 703
1 292
9 19
4 302
6 719
9 355
6 335
1 397
3 110
8 159
6 42
4 276
5 601
1 75
2 499
1 801
3 431
1 36
9 76
2 968
2 955
6 104
1 149
6 966
4 830
6 62
7 907
4 820
4 146
1 921
3 8
2 3
5 533
2 607
4 811
6 840
2 55
8 495
3 164
9 897
3 741
4 584
9 14
6 874
4 735
3 241
3 517
9 619
3 999
8 96
9 238
9 296
2 880
5 931
6 407
8 474
4 506
4 514
5 180
1 116
4 183
3 814
4 318
1 187
9 377
3 845
9 218
7 344
6 369
3 297
2 541
6 923
1 828
6 5
7 825
1 80
7 913
2 145
4 45
5 984
5 332
1 472
7 689
3 803
5 528
1 553
4 870
8 553
4 632
6 863
6 833
4 622
8 273
8 695
2 535
4 175
9 227
7 852
7 899
5 693
2 474
1 932
9 440
7 199
8 199
8 967
5 722
4 496
2 74
2 748
3 869
4 911
5 288
6 731
7 856
8 51
4 107
8 112
4 624
4 56
4 91
3 573
9 49
7 245
4 260
2 168
2 634
6 663
3 281
5 826
9 973
3 904
6 577
5 63
4 44
9 743
6 297
1 384
4 385
5 905
4 339
1 930
7 589
6 612
5 424
6 725
8 33
6 913
7 82
1 530
6 531
3 696
9 588
6 892
8 145
5 774
4 588
2 893
7 16
8 765
5 381
2 991
8 556
4 741
5 598
1 918
2 543
2 676
4 131
8 542
5 84
1 476
5 738
9 567
4 312
9 348
8 541
6 105
6 961
9 172
8 117
9 126
1 422
7 229
3 806
5 826
5 804
4 998
9 109
7 732
6 897
6 112
5 137
1 973
6 781
1 94
4 953
2 994
6 458
7 927
2 992
4 591
2 212
4 775
6 155
1 740
5 24
4 927
7 506
9 694
8 46
5 902
8 726
4 92
2 838
1 885
3 210
9 65
7 66
3 460
2 66
1 709
7 490
6 967
3 256
3 719
4 169
7 18
1 955
1 515
2 846
5 344
9 596
3 913
4 966
5 319
4 293
1 559
6 382
2 215
7 625
6 656
8 991
5 125
2 220
1 741
1 759
4 558
4 211
3 734
5 563
8 647
7 798
6 75
1 169
8 817
2 659
4 306
3 584
6 598
2 789
4 587
6 860
8 621
8 54
4 966
4 127
8 909
6 256
9 105
2 710
2 937
7 552
7 457
1 111
1 658
6 830
2 603
6 827
8 480
7 298
3 215
8 216
7 67
3 826
8 614
3 250
9 342
9 950
7 655
7 572
7 398
5 277
1 811
5 943
1 702
5 893
7 820
1 41
4 298
9 495
1 839
4 900
8 982
4 698
8 630
8 669
1 111
7 746
1 767
3 650
1 86
1 105
5 370
8 511
8 448
6 17
6 469
8 904
1 767
7 807
8 311
7 861
5 859
5 779
6 734
4 814
1 409
7 444
2 500
9 883
2 679
8 952
4 816
9 317
6 897
6 418
8 39
8 66
6 606
7 243
5 992
4 597
5 694
6 898
4 714
5 860
6 399
1 540
9 108
9 237
3 419
4 649
5 371
3 73
2 558
1 473
8 92
7 389
9 829
6 417
4 505
6 936
3 247
7 837
3 771
9 795
8 166
3 802
3 876
1 950
9 908
9 422
7 211
9 941
5 534
7 584
3 73
7 660
4 434
3 391
5 290
6 831
3 348
3 429
8 227
8 377
7 239
6 572
8 327
9 489
5 589
8 617
5 31
7 699
5 493
1 388
7 994
1 675
1 290
3 566
1 638
6 88
3 459
2 45
2 890
2 364
1 44
8 579
2 976
8 256
1 87
4 970
8 581
5 143
4 905
6 823
4 370
1 139
9 289
3 614
6 716
3 96
1 677
6 551
3 671
5 840
8 169
8 276
9 613
4 57
5 845
6 62
8 508
3 761
4 102
4 694
7 790
4 14
6 901
6 557
3 90
8 766
6 645
5 444
4 897
5 495
2 379
5 394
4 194
3 402
8 249
4 831
3 322
8 224
5 128
4 232
8 615
6 911
6 197
4 955
4 854
9 555
6 443
3 557
7 822
4 651
9 772
5 828
2 46
8 473
3 551
2 109
2 140
3 863
3 375
6 149
3 705
1 899
4 370
6 503
4 133
1 982
2 636
9 155
6 581
6 573
5 50
5 735
1 421
2 244
1 572
5 462
7 813
9 144
4 536
7 95
1 519
3 11
9 605
3 273
7 791
9 756
4 247
5 749
8 527
2 618
9 385
9 376
9 161
4 100
1 883
3 802
4 426
1 993
5 696
6 936
9 831
8 766
6 901
2 182
3 507
7 246
7 598
7 527
9 577
3 892
8 258
8 300
6 944
5 433
9 278
7 285
1 498
6 904
2 565
3 265
7 604
6 120
4 568
7 398
1 990
2 43
3 421
9 369
4 353
7 163
8 327
6 458
3 497
1 661
6 885
6 570
1 873
5 129
1 54
4 305
7 534
5 448
9 688
6 757
4 56
1 110
2 85
7 643
5 367
6 361
8 668
2 179
8 58
1 701
4 832
7 593
6 72
5 40
4 576
2 239
1 435
6 731
6 352
3 819
6 834
7 409
7 548
2 762
1 613
2 155
4 906
9 530
6 787
9 457
3 802
2 712
1 761
9 194
5 973
4 550
6 910
2 310
7 983
7 221
2 690
6 759
3 122
1 575
6 295
3 990
8 445
7 771
6 583
1 755
7 976
7 363
3 701
4 502
9 899
2 280
5 97
4 187
9 47
3 563
7 230
2 158
6 693
1 317
4 612
9 550
1 814
1 912
3 741
7 918
1 573
1 230
1 956
9 324
1 333
5 781
2 877
9 673
3 305
6 564
7 499
4 223
7 183
8 547
5 986
7 563
9 383
8 666
6 646
9 778
5 596
9 978
3 935
2 762
6 79
9 874
8 596
8 609
2 951
3 420
8 340
8 653
2 213
5 779
2 29
9 276
1 836
9 534
4 343
6 449
6 778
8 436
3 139
9 589
7 919
9 184
5 709
8 700
2 874
2 219
2 755
8 963
6 185
3 800
6 231
6 668
9 290
5 101
6 867
5 237
1 416
6 482
7 975
2 485
3 380
1 752
9 915
4 445
1 931
2 346
1 493
5 889
6 836
9 929
8 398
5 926
2 305
1 377
1 28
4 130
2 2
6 541
5 34
4 734
2 948
7 846
7 531
6 661
5 444
5 507
5 475
8 94
6 279
9 778
9 768
5 712
4 226
8 404
6 676
1 943
3 374
4 784
5 243
4 990
3 35
3 248
6 649
6 9
7 248
1 951
7 132
4 503
4 354
4 54
1 481
4 372
9 223
3 479
7 600
1 871
3 685
9 582
9 896
3 699
9 813
1 877
6 751
2 739
4 723
9 571
6 508
5 777
8 817
2 633
2 163
9 209
1 341
5 619
3 817
4 99
7 688
3 13
5 74
2 700
4 262
8 719
2 651
8 656
8 190
1 43
1 793
6 917
6 478
6 90
5 855
6 362
1 882
3 138
8 562
7 471
3 546
8 749
6 123
9 103
6 694
8 382
8 832
3 58
4 836
3 42
5 772
8 390
6 496
3 328
3 802
4 320
4 425
6 981
8 193
2 578
4 666
4 92
2 978
5 246
2 15
9 661
3 691
4 159
5 15
7 401
6 722
9 601
3 508
7 413
7 386
8 305
5 389
7 987
5 263
7 337
5 240
7 500
1 766
1 273
4 582
8 35
7 113
5 169
8 218
6 39
7 11
8 811
3 176
4 484
5 469
8 153
6 536
3 76
3 748
7 519
6 23
4 352
9 189
8 474
8 821
6 447
3 293
4 948
9 493
7 344
8 689
2 389
9 587
6 963
2 813
3 384
5 754
6 407
4 256
7 504
3 830
3 626
4 645
7 28
4 724
3 101
8 587
1 356
3 672
2 227
8 239
7 39
9 346
5 91
5 45
9 116
8 264
1 434
8 753
3 765
7 833
8 328
6 792
8 312
5 440
7 668
3 867
2 108
4 870
9 969
4 791
2 227
8 264
2 682
8 841
4 212
6 750
8 531
2 941
5 724
1 99
5 496
9 817
9 615
1 800
9 758
4 388
4 84
1 84
7 105
6 368
2 36
1 574
8 659
9 127
4 333
7 494
9 628
3 150
9 436
4 546
5 978
7 897
6 23
8 982
2 623
8 163
1 468
5 224
8 689
6 947
2 13
8 288
1 190
5 601
4 106
4 538
1 800
1 582
3 135
6 668
8 632
2 135
1 286
5 664
9 146
8 433
3 771
7 516
7 595
7 305
7 701
3 221
6 715
1 43
1 85
8 44
3 260
5 535
5 692
1 238
7 528
2 432
1 828
9 698
7 501
1 841
5 283
6 422
5 301
3 284
7 893
1 538
9 661
1 416
2 989
3 908
3 760
7 255
1 724
5 448
9 392
8 146
8 787
8 390
7 469
5 191
9 438
9 951
9 520
7 451
4 738
6 184
2 417
6 524
6 827
7 84
3 698
3 893
7 235
2 11
8 394
4 503
1 649
4 367
5 821
5 116
8 613
9 495
1 455
2 607
3 710
6 220
1 357
3 331
4 832
9 732
8 262
1 494
8 688
5 516
3 115
9 506
7 368
1 475
2 738
1 542
5 491
3 13
8 311
1 876
9 403
5 88
5 842
4 12
6 879
4 477
4 316
8 440
6 420
6 662
4 715
5 44
8 403
9 491
3 836
7 576
5 974
6 341
4 682
8 502
2 36
4 275
7 398
3 472
8 348
6 695
1 775
7 987
6 232
1 611
5 844
7 25
6 568
5 790
6 155
5 250
1 989
9 260
8 956
9 924
6 302
5 805
4 513
9 693
4 989
5 249
3 927
4 90
9 357
4 464
7 609
9 420
5 674
4 705
8 847
6 373
3 404
7 663
5 688
3 99
2 97
5 948
6 339
9 238
1 354
6 925
9 852
1 281
2 461
2 594
2 52
1 176
3 581
8 808
9 632
4 665
8 691
8 471
3 88
6 444
1 846
8 124
5 152
8 662
8 108
4 639
4 941
2 769
7 91
1 229
2 921
1 169
9 944
7 360
6 784
3 193
1 611
1 48
4 438
7 812
3 684
9 141
2 703
9 584
8 205
3 952
9 426
5 456
1 198
6 121
8 339
7 332
4 347
8 149
8 526
7 766
3 850
6 272
4 534
9 66
8 668
9 302
2 857
2 901
9 293
4 475
1 54
3 299
2 341
4 622
2 127
8 794
4 732
3 249
5 640
6 723
2 768
6 839
3 502
2 837
9 480
6 144
9 555
8 371
4 326
9 481
1 817
5 866
9 60
5 534
6 865
3 725
2 719
6 697
3 23
1 452
8 564
8 473
2 193
6 732
6 273
6 409
8 207
5 77
3 827
7 402
6 586
1 763
8 410
8 963
9 431
1 653
2 729
1 550
3 688
4 159
5 214
9 489
6 561
7 404
8 176
4 517
3 651
2 503
7 178
7 211
6 881
7 41
5 428
6 250
8 873
2 795
6 413
3 226
1 568
6 80
3 872
1 941
8 596
1 302
6 629
6 101
4 532
5 557
5 451
3 794
7 371
4 129
1 311
1 476
5 421
5 59
3 590
7 253
6 880
3 396
3 222
9 456
7 76
2 713
4 975
3 568
4 815
1 848
9 488
1 722
6 599
6 638
9 217
6 93
7 881
2 325
4 703
4 856
4 949
1 23
6 795
3 988
5 724
9 173
3 162
3 276
4 393
2 667
6 241
1 425
5 965
9 942
1 966
7 884
6 806
5 558
7 934
7 649
8 384
2 26
3 716
4 742
8 932
4 156
9 886
4 731
3 766
8 676
3 192
1 367
7 905
4 317
9 190
2 935
4 787
6 555
6 980
9 767
3 424
4 523
2 221
2 599
5 646
3 438
9 273
1 553
5 166
6 455
5 835
1 366
8 69
3 281
4 936
4 680
1 689
5 389
1 175
4 615
2 419
8 377
5 575
3 307
1 800
3 534
3 588
8 414
8 539
8 424
8 461
3 555
5 743
5 498
8 88
5 457
2 884
6 915
7 483
4 637
2 420
9 355
8 789
1 383
4 900
3 522
8 347
5 948
9 458
5 725
5 278
3 769
9 735
9 339
2 344
2 219
7 865
4 490
6 498
6 701
2 116
7 196
1 19
1 270
8 309
4 739
8 895
4 466
7 192
2 566
2 219
8 18
1 514
1 457
3 816
3 409
2 99
1 830
9 467
8 311
9 812
5 799
4 557
3 775
9 508
7 721
4 282
7 247
3 401
8 806
1 298
6 585
8 257
1 232
1 233
1 936
8 311
7 909
2 720
7 55
1 463
8 391
5 670
5 259
8 778
1 7
2 436
6 909
8 7
5 135
3 122
6 440
7 525
7 737
9 752
6 909
6 5
3 397
8 375
6 744
9 877
3 665
7 61
6 724
2 154
1 742
3 85
3 144
7 250
8 292
2 391
4 654
6 220
4 506
9 862
6 465
1 719
5 771
3 424
7 283
8 509
8 289
8 926
7 921
5 750
7 896
5 415
1 973
2 319
3 947
9 449
5 639
4 261
3 385
7 342
1 417
2 411
1 163
4 575
3 232
1 297
2 903
7 396
4 502
1 76
8 333
9 579
9 847
1 819
5 680
7 337
8 449
7 240
8 803
2 414
6 858
6 880
5 578
4 357
8 427
7 528
4 112
6 451
5 103
9 628
9 868
1 599
3 150
8 647
5 91
7 424
1 490
5 147
3 17
9 865
2 373
4 921
8 936
1 163
2 80
5 260
2 193
3 265
9 134
3 13
8 691
4 890
8 458
2 685
4 260
1 354
2 661
4 835
2 85
7 75
2 507
1 112
6 910
5 41
8 725
6 986
3 207
3 35
5 913
7 294
9 988
8 524
9 641
8 404
4 76
8 608
4 530
8 718
6 533
9 920
6 248
6 393
2 783
5 555
1 585
9 307
4 214
9 660
7 626
8 19
8 978
3 720
2 783
4 385
1 633
9 573
5 930
1 771
2 831
9 847
2 611
8 707
4 421
6 836
2 868
8 467
1 917
5 792
7 63
7 16
2 202
2 295
6 992
1 564
2 829
4 957
8 2
7 702
6 469
7 187
5 111
3 903
2 996
2 728
5 591
4 472
7 770
1 362
4 551
5 23
9 773
5 257
7 81
5 633
1 497
7 606
5 910
5 636
6 922
2 683
8 545
2 743
9 640
6 514
9 748
5 8
6 234
3 732
9 223
5 583
7 903
9 47
1 416
5 438
5 483
2 289
9 993
6 780
3 855
7 542
8 549
7 562
9 532
7 816
5 659
3 911
4 587
1 812
3 77
5 59
9 807
4 744
9 99
2 153
6 818
2 994
8 962
8 869
6 570
1 686
4 802
1 510
2 992
7 110
4 291
4 784
6 952
6 617
4 53
3 161
4 902
2 956
9 430
6 796
9 229
3 947
4 516
7 138
2 497
2 15
2 852
4 323
1 46
1 12
6 147
1 405
4 45
9 632
5 905
5 193
7 347
3 883
7 315
2 90
9 705
3 37
6 58
8 518
4 736
7 637
9 419
5 650
2 841
3 375
6 428
8 318
9 145
2 355
8 660
3 709
3 984
5 360
7 542
4 863
8 125
4 878
3 980
6 724
2 809
8 286
1 823
8 729
4 961
4 864
9 247
4 704
5 756
8 711
1 659
7 575
9 512
1 45
6 700
2 32
3 306
1 184
3 359
3 814
5 715
2 659
6 689
1 631
4 864
9 742
8 634
9 744
3 208
5 357
5 276
2 853
3 425
8 147
7 387
5 540
3 78
1 782
1 998
6 212
5 473
6 823
7 708
7 691
4 74
3 978
6 436
1 368
3 306
9 81
8 913
8 512
9 537
7 756
5 145
4 835
4 359
8 163
4 662
7 419
5 619
8 523
2 665
6 353
7 842
2 662
8 54
4 464
4 188
5 845
8 906
3 668
4 776
9 50
6 402
7 892
2 302
8 795
4 743
4 656
7 300
4 778
1 212
8 382
3 181
9 449
5 344
8 789
3 385
2 558
2 744
7 246
9 303
3 451
8 625
8 68
7 144
6 997
4 806
1 472
3 43
1 511
8 476
4 506
5 858
8 366
6 950
6 86
8 89
5 735
3 643
9 639
1 86
4 860
7 452
6 35
8 690
5 879
2 564
5 745
6 885
1 462
6 160
7 245
3 802
6 680
2 939
2 668
7 111
4 354
4 17
1 774
4 651
4 310
9 195
8 356
9 602
5 354
3 84
4 447
1 16
8 767
9 602
1 698
1 401
7 993
3 158
9 841
7 577
7 742
7 923
7 852
2 353
6 443
2 241
5 477
5 454
1 929
9 398
6 205
4 678
7 933
5 403
7 82
7 644
4 751
7 359
7 249
8 964
8 304
8 300
7 181
4 743
2 246
6 737
1 376
8 367
3 688
2 521
2 187
1 311
1 169
2 978
4 819
6 828
6 866
2 622
2 319
6 875
6 225
7 733
7 464
9 628
6 26
5 358
5 32
1 868
1 495
9 56
8 507
8 155
5 729
1 139
1 861
3 331
5 63
8 405
5 320
7 116
4 900
4 557
3 580
2 570
3 989
2 107
2 664
7 589
6 194
5 160
1 179
2 859
7 709
3 486
3 16
8 375
7 794
2 567
3 794
9 885
9 917
8 998
5 408
2 692
8 752
3 656
3 778
9 889
9 498
7 236
9 696
5 148
2 978
3 20
7 569
4 556
9 614
3 785
2 860
1 342
9 48
8 261
7 950
6 33
5 244
5 680
1 315
6 866
5 261
3 784
8 508
5 753
3 331
7 581
9 16
4 240
1 639
3 608
5 369
8 756
7 345
2 989
9 701
7 389
5 460
2 228
4 949
8 808
2 519
9 908
1 30
3 316
3 86
3 977
2 1
4 504
1 607
5 441
2 785
2 987
2 3
6 931
5 914
8 670
8 565
2 123
9 445
7 981
9 799
4 703
8 411
7 863
9 137
6 44
4 853
2 885
7 682
6 245
9 992
5 466
8 212
4 870
6 746
5 624
3 529
2 64
1 971
7 675
1 669
7 749
7 467
4 814
3 170
4 183
9 411
7 438
1 674
9 716
4 596
7 403
8 386
7 782
7 830
5 185
2 893
4 458
7 5
1 946
3 769
1 55
9 214
4 521
6 237
3 27
4 576
6 957
6 614
8 757
1 634
3 381
3 312
1 44
1 829
6 209
2 555
2 497
3 473
9 375
5 972
6 260
6 549
1 947
8 394
2 45
1 364
2 991
9 981
8 710
8 742
9 846
7 899
1 503
1 79
4 518
4 997
3 37
5 713
2 147
6 688
2 852
5 334
4 165
1 316
1 845
2 511
5 792
3 753
7 219
1 890
5 320
6 950
5 154
6 58
1 488
5 210
5 235
1 340
3 296
7 991
4 431
5 270
5 349
3 236
7 291
1 740
5 733
6 403
4 73
2 623
9 924
2 57
4 813
9 276
1 769
4 687
9 206
2 860
5 697
4 839
4 659
1 754
5 988
4 996
5 336
8 58
7 171
4 856
9 228
5 811
4 555
1 634
5 173
8 34
3 27
7 13
2 889
1 78
2 642
1 375
3 132
8 675
5 983
8 5
3 820
3 645
6 750
7 854
2 210
6 229
3 199
7 922
7 726
7 684
6 230
3 782
1 928
6 663
1 146
8 561
2 638
6 340
8 922
4 747
4 801
1 87
9 653
7 805
1 165
1 184
7 985
3 755
2 861
2 981
7 241
9 971
5 186
3 984
7 942
9 676
3 144
5 180
4 209
4 894
4 193
4 486
5 762
7 248
2 96
4 348
3 490
4 932
7 68
5 938
1 85
2 191
1 814
1 461
6 355
4 115
6 152
4 881
2 278
1 974
4 795
7 427
4 360
8 397
2 993
9 155
6 667
1 24
3 434
6 942
3 558
3 492
5 95
5 779
3 939
4 745
5 512
8 737
7 250
6 17
7 905
8 758
4 953
7 492
7 703
2 613
1 209
6 408
6 197
5 675
2 377
4 589
7 747
3 479
6 179
8 958
4 823
5 376
9 216
3 601
1 20
5 899
3 755
8 250
5 650
4 807
9 500
9 634
4 441
4 244
8 765
2 423
3 355
6 83
1 384
6 926
5 334
4 349
9 289
4 760
2 959
7 683
9 400
1 706
4 868
2 180
3 307
8 221
2 119
4 668
5 424
8 342
1 576
4 565
9 726
1 521
1 329
7 145
9 241
4 289
8 237
7 460
3 507
3 922
4 139
3 564
4 341
3 39
8 751
7 781
9 366
4 881
1 226
8 142
5 594
5 12
2 335
1 92
4 588
3 185
4 41
8 8
4 91
8 18
5 86
4 38
1 538
9 864
7 943
6 947
4 155
2 804
3 866
4 50
2 346
9 618
9 701
2 487
6 826
9 71
2 739
1 82
8 27
9 759
5 669
5 944
2 103
9 32
6 363
7 860
5 33
1 814
2 540
2 962
6 242
6 996
8 859
4 258
4 460
9 575
3 443
4 671
3 705
7 233
4 220
2 215
7 290
2 142
9 766
5 914
8 854
8 706
3 425
1 319
2 700
2 732
6 849
7 125
6 542
5 342
5 888
7 450
5 303
6 445
6 413
7 794
5 707
5 419
5 183
8 454
7 349
6 462
9 307
2 471
9 382
2 47
9 87
2 166
2 88
8 176
4 408
4 206
5 907
3 403
7 80
2 410
3 761
7 63
4 177
3 354
9 65
5 546
8 616
1 259
8 42
3 641
6 841
7 1
1 907
8 557
5 979
3 851
2 556
5 246
2 448
6 728
8 719
5 382
2 705
2 475
6 794
7 632
5 400
9 103
2 754
2 13
4 344
9 193
6 497
6 788
6 756
4 175
5 510
6 247
6 916
2 398
8 557
1 345
9 99
6 982
7 824
3 305
4 297
9 505
1 373
5 456
3 528
7 42
9 624
9 689
7 728
6 968
6 834
6 679
4 198
4 505
5 94
6 627
3 744
6 901
9 144
4 963
3 144
5 147
2 12
7 27
1 641
2 743
5 464
8 845
5 801
6 403
4 597
3 4
6 880
3 894
4 699
9 132
5 300
8 329
5 832
2 768
3 786
5 104
8 370
4 631
1 736
7 785
7 781
3 111
4 131
5 403
2 300
4 391
5 531
8 909
1 792
9 273
1 626
8 267
5 45
6 885
6 649
2 832
7 896
6 810
7 666
6 575
2 466
1 283
5 404
3 797
6 306
8 931
4 166
7 646
3 532
7 989
1 639
9 329
2 202
4 998
3 71
5 551
5 977
5 252
1 743
5 15
2 838
7 418
4 580
1 931
4 32
9 11
4 180
7 923
3 197
4 966
6 215
2 803
1 787
8 10
6 541
5 16
8 407
1 819
4 215
3 817
4 390
7 635
2 886
1 668
2 200
4 69
7 869
7 43
8 363
7 904
2 794
8 720
2 72
9 345
5 9
9 251
2 427
4 685
7 164
2 115
3 705
3 214
5 772
4 948
7 26
4 476
8 210
6 459
9 455
2 4
4 683
1 580
3 859
2 142
3 56
4 822
4 157
9 54
1 291
9 782
1 11
4 854
4 891
5 937
2 553
2 247
1 632
7 784
5 528
7 950
7 900
7 344
3 807
1 704
8 835
7 133
8 899
3 783
8 737
9 855
9 380
1 963
3 646
9 222
4 673
8 476
4 663
9 67
2 934
3 287
5 412
5 615
6 124
3 821
3 837
8 588
8 216
2 666
4 18
5 473
4 777
4 700
6 768
8 629
8 974
6 192
8 53
3 416
3 923
3 193
3 632
6 415
1 50
9 146
2 686
7 194
3 568
9 341
1 98
6 476
9 603
1 176
5 193
7 269
6 547
9 314
8 959
7 744
7 528
8 513
8 228
2 397
3 38
6 568
9 145
9 924
7 430
8 840
8 129
8 894
1 7
1 573
9 655
3 130
2 926
1 835
1 786
5 667
2 406
1 395
1 997
2 17
3 855
8 487
3 121
3 379
1 308
6 529
6 987
8 583
2 738
4 785
9 368
9 784
7 125
6 43
3 934
3 986
6 71
6 492
2 573
4 36
7 260
4 562
4 660
8 879
2 282
5 359
8 273
8 860
1 40
1 237
8 118
8 481
9 416
8 98
7 999
8 588
7 416
6 506
4 731
5 192
2 486
1 100
2 411
3 873
7 300
1 860
2 771
7 325
7 471
8 893
2 274
4 729
6 349
1 484
9 57
1 811
2 944
8 20
5 308
8 524
2 440
5 181
4 164
1 116
4 646
1 104
1 490
4 328
9 785
2 638
4 207
6 103
7 516
3 506
2 170
2 586
7 852
2 539
5 990
7 368
6 664
1 275
8 741
6 430
2 851
3 805
4 954
7 927
2 466
1 730
5 900
1 963
3 83
6 205
2 876
5 428
7 762
7 849
6 461
1 466
6 784
1 89
7 896
7 926
9 167
6 435
5 691
2 538
8 619
5 565
7 34
3 191
1 133
5 735
8 39
4 624
3 191
1 280
7 727
6 168
9 300
8 398
7 719
7 482
3 117
3 989
6 759
9 383
7 938
1 204
4 38
8 518
2 258
3 35
1 440
2 315
8 242
9 167
6 87
8 735
5 134
4 352
8 623
5 221
3 571
8 257
3 688
9 274
9 9
9 367
7 947
7 625
9 114
6 867
2 877
8 121
2 46
4 621
2 925
5 229
8 703
6 541
5 696
3 337
2 560
2 871
3 105
1 414
9 6
9 854
8 602
2 612
8 165
7 34
9 513
1 23
9 466
6 607
7 98
6 585
7 86
6 883
8 670
7 844
7 16
3 995
3 391
3 982
6 279
7 364
8 995
6 725
9 668
9 61
7 714
4 860
7 538
3 707
1 196
9 320
4 686
1 546
3 642
4 69
9 980
9 149
2 256
9 874
3 924
5 127
6 735
3 156
3 885
5 480
9 569
6 292
3 834
7 50
6 803
9 552
7 269
7 197
2 292
7 167
8 162
3 292
6 435
5 888
3 747
7 119
9 606
3 9
8 685
3 353
9 614
4 427
7 604
3 844
2 133
9 549
4 740
4 909
2 8
6 931
5 604
3 508
3 897
4 649
4 13
9 226
5 624
4 227
1 994
8 560
1 799
9 140
6 669
2 151
1 284
8 867
5 569
5 97
7 330
5 766
9 184
8 967
4 362
5 472
6 983
4 202
8 579
6 41
3 546
9 361
1 710
3 436
9 322
8 463
3 434
2 711
5 657
3 862
1 591
8 94
7 803
6 75
2 792
7 67
5 743
4 886
3 374
7 450
9 291
3 784
4 578
9 61
1 892
4 971
6 974
1 775
2 517
3 316
3 683
3 647
3 247
9 597
8 292
9 35
6 396
8 307
1 32
7 926
5 289
6 406
9 400
8 197
7 749
9 944
7 614
4 295
5 561
9 200
6 375
9 434
5 770
2 743
9 825
1 725
4 285
3 814
8 749
9 320
1 242
1 367
7 292
2 154
6 271
9 704
4 24
2 134
1 316
1 313
7 982
9 692
4 606
2 389
2 236
5 9
7 410
6 489
9 754
1 273
5 432
5 825
5 553
4 966
4 553
9 728
2 36
7 239
9 645
7 433
5 774
9 514
4 534
3 604
7 82
4 468
9 573
5 686
9 969
4 712
9 930
7 494
9 299
3 44
7 79
6 262
6 354
1 755
3 496
6 331
1 954
6 808
5 809
8 371
4 146
1 19
2 680
8 198
6 245
5 640
6 873
1 894
2 395
8 552
6 445
9 904
4 681
1 645
2 924
6 987
5 256
4 302
8 237
4 913
2 177
4 241
5 174
7 277
8 221
9 896
9 429
6 784
2 232
4 38
1 882
5 382
1 467
8 791
8 900
2 621
5 976
5 127
4 434
5 155
7 668
4 40
7 289
2 925
5 689
8 113
3 705
8 147
1 895
2 594
3 361
6 872
4 514
6 923
3 838
7 322
2 847
8 602
1 621
5 374
2 208
8 319
3 418
5 803
8 123
8 827
4 49
4 258
3 135
1 948
9 259
7 197
6 68
5 960
2 763
9 154
8 977
3 602
8 376
9 427
1 239
3 418
7 672
7 288
6 575
2 498
3 942
9 377
8 931
3 853
1 828
7 665
4 198
5 918
4 110
4 508
7 319
6 355
7 39
1 235
8 315
4 884
5 865
9 984
4 36
9 490
8 562
1 668
4 860
9 770
4 651
7 37
4 642
2 397
3 470
2 731
8 84
1 759
3 594
3 463
9 18
7 212
4 545
5 59
7 904
9 812
4 825
9 961
6 677
5 304
1 427
8 369
6 87
9 177
5 28
9 29
9 311
7 343
9 839
5 698
3 948
6 735
6 77
1 678
4 491
9 57
9 734
9 147
1 989
9 219
6 681
3 780
1 925
6 566
6 243
3 944
2 492
4 682
8 812
7 478
6 778
3 221
6 677
8 51
9 410
7 402
1 673
9 801
4 741
7 81
2 349
5 892
3 141
8 845
7 653
8 255
7 856
6 381
2 562
7 918
6 139
3 780
1 657
5 128
2 666
1 101
6 950
2 573
1 286
3 43
1 460
7 808
9 210
9 568
4 339
7 180
7 961
6 7
6 260
8 17
8 60
7 659
8 827
6 537
6 89
3 490
6 314
1 302
1 486
4 14
4 793
4 739
8 871
6 92
6 317
7 776
8 661
1 823
1 105
1 321
2 658
9 179
8 826
3 495
4 69
4 574
5 419
8 55
3 497
2 141
3 972
5 190
1 507
5 559
7 93
4 242
3 127
6 722
7 900
8 983
3 162
6 986
4 589
5 589
5 905
7 899
2 83
6 947
3 539
3 639
1 105
7 101
7 301
3 184
1 757
3 325
9 162
6 217
1 71
5 555
3 254
2 571
2 698
6 364
2 744
3 306
2 601
1 80
8 228
1 539
1 867
7 340
9 613
8 217
8 82
4 378
9 381
3 109
5 186
2 753
2 911
6 497
9 465
7 133
7 277
4 115
8 692
3 329
8 730
5 706
8 753
3 583
8 751
6 931
9 320
9 585
7 462
1 463
9 376
8 339
3 423
1 953
7 345
3 138
1 827
7 323
4 646
4 433
1 754
4 53
2 766
7 24
4 437
7 874
2 238
4 902
3 103
9 494
7 138
1 959
1 194
2 263
3 626
2 237
9 777
1 890
4 644
3 491
9 837
5 612
3 296
1 454
9 89
2 283
1 297
9 908
5 244
7 331
3 585
7 686
2 294
7 624
1 927
7 737
9 198
7 558
5 581
1 329
3 677
8 894
2 853
8 184
5 411
1 122
3 799
6 794
3 103
5 749
1 252
9 232
7 553
5 380
8 239
6 803
7 39
2 609
7 656
9 426
4 25
7 780
2 74
7 354
3 711
4 642
7 307
1 850
4 383
5 992
7 657
1 974
2 649
7 305
8 94
1 90
1 996
3 379
7 880
3 682
7 553
7 274
4 916
7 718
9 72
6 358
8 662
6 423
5 634
6 334
5 895
7 283
9 729
4 679
6 112
8 919
7 123
2 242
1 753
3 775
6 107
5 272
1 901
9 797
2 860
3 419
8 990
8 366
6 81
9 48
3 125
1 574
4 316
3 4
6 212
2 612
1 67
2 524
3 298
4 659
3 889
6 631
4 778
6 37
1 760
1 487
2 487
7 849
8 594
4 590
2 69
2 280
7 523
2 540
8 561
2 415
9 995
9 767
7 480
2 70
6 605
8 842
9 617
5 332
3 981
1 173
3 279
2 621
1 973
7 341
4 798
7 703
1 240
2 286
8 273
5 959
2 912
7 407
5 930
7 896
2 815
7 679
4 240
1 895
7 617
1 748
1 430
8 209
3 640
6 107
1 287
3 228
1 586
2 166
3 528
6 146
1 568
3 155
7 561
4 740
8 724
9 312
8 376
5 260
7 452
6 647
9 151
8 656
7 945
9 970
3 320
8 534
4 658
2 415
1 176
9 834
6 80
3 209
5 385
9 190
6 834
6 294
1 148
2 439
1 208
2 3
3 961
3 852
5 661
4 275
7 858
9 892
1 974
3 112
6 288
2 633
3 293
6 543
8 313
9 969
7 827
6 765
5 944
6 126
9 603
3 598
1 947
5 118
3 311
2 717
4 685
8 439
5 994
9 136
1 682
6 545
5 513
5 17
5 647
7 500
5 261
6 149
8 307
4 847
5 651
5 934
4 633
4 314
5 354
9 653
7 273
1 264
3 228
1 961
8 140
9 561
3 996
8 46
4 414
9 358
2 895
4 401
6 664
4 874
7 883
4 491
1 164
5 660
4 752
8 983
9 239
2 11
8 691
3 975
6 668
9 170
3 624
3 809
7 4
7 742
4 649
6 761
2 424
5 921
5 199
2 786
6 885
2 391
8 290
4 400
1 417
2 957
3 140
9 765
8 888
2 748
4 178
5 786
8 367
3 496
8 49
1 722
4 516
3 947
4 916
6 482
9 635
5 811
9 643
9 636
9 521
6 505
6 611
3 20
3 716
9 262
6 235
9 854
3 534
7 274
7 867
6 501
6 632
4 995
3 607
1 525
2 733
1 545
2 40
4 759
6 517
3 957
4 442
1 220
1 331
5 862
8 686
3 139
1 113
6 30
8 203
3 565
8 22
1 998
5 112
8 253
5 496
1 816
8 458
9 350
4 966
5 144
2 294
3 126
1 852
2 843
8 147
1 428
4 955
1 665
3 620
8 133
6 846
2 491
5 422
3 530
1 771
7 758
2 673
1 470
4 757
7 299
3 158
6 508
6 870
2 618
2 808
1 44
4 137
3 396
1 93
7 946
8 599
1 927
2 26
8 516
8 147
3 404
8 260
2 137
3 802
7 776
8 223
9 702
7 353
8 637
5 742
5 28
8 444
1 331
2 789
1 970
9 381
4 959
8 723
6 926
2 849
1 855
7 241
6 868
9 374
8 758
8 245
2 175
4 459
1 876
4 71
8 622
8 378
5 248
2 676
1 345
1 314
9 752
6 195
9 149
8 563
4 121
6 129
7 215
1 518
1 274
4 375
4 477
5 195
4 572
4 336
5 832
1 273
8 204
6 923
8 472
1 695
5 294
3 605
2 849
4 37
4 149
6 455
5 164
1 69
4 238
8 89
5 54
1 372
5 546
6 47
7 501
3 47
9 284
1 740
5 212
2 692
9 187
3 985
6 514
1 522
2 177
8 258
5 690
7 206
1 363
9 691
8 711
9 95
3 826
4 565
2 329
4 398
1 841
3 22
5 874
4 544
7 873
1 999
3 869
5 237
7 175
1 813
2 385
7 319
4 461
8 967
4 578
5 742
6 466
6 494
8 745
2 111
4 558
2 618
4 34
7 658
8 221
1 250
2 98
1 534
7 889
6 784
8 584
3 605
6 447
7 110
3 574
2 528
6 48
9 278
7 438
6 445
1 844
1 981
3 981
3 936
6 735
7 56
5 403
2 89
3 197
7 759
3 854
8 621
8 152
5 139
4 271
7 966
7 995
2 493
2 463
4 565
8 306
7 955
6 438
6 277
4 678
9 124
8 42
4 589
4 80
7 500
6 29
7 184
7 414
8 719
1 543
4 231
2 62
6 275
4 947
2 851
2 306
9 313
5 156
2 258
8 629
8 23
1 661
6 401
3 319
3 388
4 841
7 428
2 804
1 401
3 972
1 533
6 945
9 62
1 748
4 773
6 514
1 472
4 438
8 249
8 711
4 56
3 973
5 174
2 624
7 686
2 545
3 312
5 65
4 30
9 411
8 627
6 36
9 99
3 690
5 386
3 420
1 390
5 644
5 609
5 138
5 582
5 232
9 610
7 985
9 546
9 161
9 320
5 709
4 824
3 483
4 518
2 371
7 15
4 190
9 719
3 74
2 446
9 632
3 40
5 695
9 731
7 477
6 207
4 187
5 303
1 242
8 290
7 165
6 64
3 84
8 399
5 801
8 182
1 901
3 768
9 524
4 889
8 268
6 623
2 845
5 560
4 901
4 136
4 592
1 139
7 699
5 270
6 820
8 652
8 109
5 754
1 357
2 789
4 177
6 797
4 775
7 827
9 926
8 181
3 880
4 349
3 294
7 798
6 788
1 553
4 309
9 967
8 388
9 290
6 887
5 305
4 882
6 777
5 812
3 763
6 994
4 990
8 449
3 121
2 676
6 572
3 419
6 650
3 14
1 808
8 183
5 720
2 962
9 591
7 173
1 904
3 903
1 892
8 120
3 27
4 125
4 780
1 574
5 505
3 807
5 926
8 862
5 773
5 580
2 37
3 156
2 356
3 272
6 847
4 699
1 905
4 191
9 803
9 553
9 72
7 59
5 69
2 81
2 464
3 642
5 131
3 159
7 293
5 172
4 258
6 733
2 412
3 568
8 126
2 960
6 918
1 631
3 938
7 265
6 808
6 620
9 423
2 862
4 645
5 574
3 623
8 785
8 387
9 968
6 910
1 147
9 946
1 533
9 645
5 724
3 423
9 829
8 560
7 279
5 443
5 826
1 316
6 538
9 401
2 652
6 153
6 858
7 13
5 139
9 907
7 829
6 925
1 893
8 68
2 127
4 744
8 14
6 2
2 481
7 775
7 433
9 649
3 463
2 401
7 38
1 464
9 76
9 243
6 311
2 142
5 257
1 109
7 382
3 539
5 232
6 713
7 959
9 673
6 461
1 742
1 820
6 801
4 750
6 864
7 790
4 216
9 47
1 754
4 154
5 728
7 45
8 767
4 959
6 863
6 951
2 636
6 248
3 386
7 917
5 58
3 412
3 910
8 316
7 324
1 675
8 572
8 931
6 442
8 498
8 30
6 628
8 939
2 540
1 591
5 12
7 321
9 358
6 600
8 894
5 861
2 694
2 8
4 491
8 235
5 472
3 875
1 647
4 693
7 857
3 82
2 369
6 11
6 632
7 119
2 533
8 532
1 133
8 290
2 706
2 331
7 787
8 995
1 738
2 340
8 409
5 900
1 541
8 223
9 239
8 136
5 40
2 437
1 925
4 795
2 969
7 528
7 768
9 628
9 649
3 257
3 826
4 273
8 505
7 977
5 555
6 952
7 500
9 485
2 553
8 775
9 842
7 715
7 546
2 553
4 31
8 409
1 965
7 942
9 895
2 932
7 752
9 201
9 711
1 676
1 683
2 223
1 474
1 853
9 281
1 651
3 933
7 886
5 461
7 806
3 186
9 962
1 60
1 189
3 566
8 471
4 36
9 211
5 350
8 247
9 906
4 379
2 395
4 456
7 530
1 368
5 718
6 372
4 211
3 267
9 145
7 462
7 150
6 126
2 173
1 567
7 706
9 917
1 928
2 394
8 354
3 892
9 809
4 568
9 544
7 233
4 11
8 305
5 85
7 97
5 520
6 54
8 608
7 483
5 63
2 712
9 76
9 924
1 588
7 342
6 47
6 538
3 706
3 934
6 990
4 485
4 412
8 891
2 228
4 274
2 689
3 143
6 29
5 87
4 279
4 466
1 441
2 100
1 283
7 375
1 783
3 938
6 118
8 933
3 641
7 354
6 630
1 813
1 282
6 992
2 765
6 603
6 898
9 790
8 455
1 890
4 462
7 151
1 96
1 643
7 728
6 785
7 211
4 735
7 934
7 771
7 904
6 343
8 795
5 421
7 735
3 206
6 577
6 214
6 159
8 408
4 290
2 963
5 509
5 711
1 144
6 862
1 857
7 7
2 57
2 621
6 175
7 144
2 901
4 142
7 650
8 665
3 180
5 159
3 763
5 570
7 352
7 392
9 74
2 299
2 543
8 77
5 464
5 906
4 15
2 863
6 36
6 323
6 594
2 60
6 70
6 982
7 217
6 68
3 491
4 857
8 722
7 190
4 873
6 988
3 862
5 989
4 99
5 269
8 231
4 49
3 395
3 440
8 125
1 620
1 310
1 87
5 131
6 935
4 372
4 609
7 494
3 569
7 349
7 3
3 883
5 598
6 520
9 608
3 981
3 696
3 424
9 41
5 777
1 276
5 337
1 820
3 921
2 142
7 663
8 286
4 633
1 262
9 358
5 234
6 815
2 348
6 431
8 512
2 801
5 76
3 392
4 687
5 3
8 20
8 411
8 930
8 907
1 914
4 498
4 323
7 795
4 271
9 496
9 154
9 290
2 153
4 843
1 431
6 107
9 948
2 754
3 279
2 507
2 645
5 777
4 36
5 356
1 236
5 808
2 866
8 56
2 497
5 578
7 181
7 96
1 638
1 444
5 948
5 546
6 954
8 279
7 613
2 16
3 923
2 956
6 639
3 808
8 347
6 219
4 507
8 94
8 600
7 498
6 207
8 297
7 85
8 589
3 647
8 266
3 864
4 359
6 671
4 794
9 990
4 264
1 45
5 80
5 333
2 630
8 340
8 138
9 221
6 560
1 49
4 156
3 203
8 852
9 119
7 610
2 658
7 45
9 668
7 66
8 701
9 259
4 340
9 903
9 841
2 864
5 444
2 240
7 253
2 239
9 738
2 199
9 159
9 817
6 86
9 265
1 296
8 265
3 357
4 633
9 786
9 805
5 236
9 595
9 855
5 296
8 400
7 707
9 175
5004 821 961
2533 87 979
6574 47 768
2862 403 795
8198 600 834
2782 125 619
6667 887 999
5122 742 940
7816 335 413
7167 761 954
9173 4 618
5891 847 937
8772 985 991
9976 915 993
7759 759 787
6150 538 590
3502 270 633
5041 209 996
4799 162 944
2221 328 710
2852 387 564
5595 706 953
4196 509 903
8115 779 883
3850 683 776
5986 446 943
9918 578 640
4788 393 815
675 723 780
7413 687 806
6615 843 877
8132 731 1000
2925 440 906
1322 16 776
8647 581 643
4688 19 770
9029 610 997
5616 88 587
6543 351 460
9981 16 854
159 564 817
8689 718 794
5129 326 871
546 375 400
9908 218 314
5311 896 967
335 387 817
4837 678 754
8914 262 526
240 737 891
7905 151 749
3814 172 468
9766 944 980
370 699 948
434 495 747
7170 455 718
4481 307 585
1706 349 893
8570 692 716
7480 63 572
8659 585 777
8005 822 860
4555 788 889
4334 641 966
6049 834 967
699 513 567
9985 134 272
6755 308 623
4060 841 889
6429 88 932
358 62 467
1435 765 878
2578 200 584
3702 129 226
9925 209 597
2543 377 415
4063 249 287
3474 212 510
7207 664 993
6635 867 981
8193 561 767
9289 332 359
68 635 987
8284 415 763
3009 808 908
4135 32 883
3553 820 836
8589 920 949
126 962 974
9243 77 506
3496 328 787
5784 738 948
4978 413 572
2327 859 887
521 438 622
4879 702 891
9962 730 814
1775 93 460
6098 816 855
9697 27 948
1201 247 301
3404 822 928
1794 237 772
3046 691 718
7654 752 919
4474 194 520
326 111 834
9663 753 958
682 53 936
8232 955 982
2732 49 340
3674 612 934
9162 698 848
3709 504 582
7214 601 686
2354 800 944
3476 850 913
3073 855 887
3333 172 646
9809 46 935
4246 990 999
4616 616 970
8680 381 606
4146 698 783
4123 146 916
8207 599 738
8901 326 349
1891 492 629
3394 193 497
7987 962 990
2392 547 993
7148 477 587
869 292 856
3167 231 768
3842 702 855
3049 742 984
8912 982 996
9419 814 971
6431 991 994
9390 569 969
3813 939 961
4553 153 412
2888 821 894
8893 364 831
5651 4 401
9616 622 963
7551 460 962
7010 367 700
9072 917 981
2905 286 963
4849 953 974
1911 195 875
5370 344 642
6749 65 555
2970 493 572
1465 775 944
8318 511 689
5368 465 792
9544 130 832
2541 698 991
6045 290 356
2822 734 954
9397 508 614
5373 623 899
7961 311 394
9676 992 1000
9960 413 639
2212 272 882
2557 386 552
3379 746 896
6528 641 838
9104 12 699
5036 448 752
3905 53 81
5212 910 961
1327 744 834
1942 894 981
3768 105 203
6826 896 946
7286 752 908
4538 396 976
9011 780 979
5407 103 598
1197 424 929
4815 374 450
2685 319 870
2982 880 883
9144 725 853
8644 601 670
3938 638 659
4913 974 982
1178 899 997
3911 429 694
4878 791 870
5106 610 738
4862 633 935
6393 417 717
9644 94 430
3366 654 684
5719 767 947
5154 617 957
6178 407 777
7509 588 747
6117 609 861
8418 522 614
7968 240 926
9837 944 999
7312 811 962
6322 666 862
9473 405 647
9844 219 838
5768 504 697
3802 760 993
4195 810 849
2767 79 674
625 658 826
6229 869 956
6592 311 389
2069 989 998
6852 227 338
8147 380 934
6706 424 593
593 540 645
6460 596 852
6767 383 466
1977 513 767
3600 337 430
1687 992 1000
5684 135 712
568 576 586
7048 366 877
9620 840 972
5705 127 740
2878 812 832
9221 228 825
6523 176 558
1213 54 199
9894 88 565
2895 808 979
3904 602 823
7671 156 981
9897 125 597
5528 732 859
6699 741 954
6967 399 690
6535 67 224
4370 122 154
9005 435 744
6816 37 610
3844 634 707
9292 457 918
5331 604 794
4689 782 885
89 687 829
3893 917 968
2426 137 789
9335 296 344
412 453 712
1760 599 728
8041 153 853
8452 846 969
8867 48 248
5933 596 765
6772 340 506
538 91 109
1985 514 727
2034 787 900
2454 246 260
5983 851 978
3303 976 997
2722 661 825
271 344 448
2356 587 930
2621 123 999
4993 413 757
2430 855 1000
5839 519 956
4838 244 684
7070 747 848
9608 223 890
9318 305 616
8728 734 918
190 552 972
937 822 995
4911 672 1000
1367 18 803
9838 997 1000
2191 626 653
7258 794 899
3374 385 918
7744 550 949
7253 294 345
5510 227 848
4302 664 961
991 666 700
8675 324 539
5457 151 370
981 374 861
5558 802 933
6280 443 973
6623 554 977
7478 518 636
9060 397 505
3012 778 957
1509 225 720
6203 148 254
11 405 564
9853 235 556
6252 162 514
1732 90 885
4071 524 942
2560 489 840
7910 438 481
8997 923 940
6144 769 824
7560 647 954
3593 295 612
1458 991 997
6367 801 854
9217 519 574
8606 250 303
3862 825 830
5101 258 447
5601 774 874
5427 479 512
3390 756 794
4054 493 496
1365 998 1000
9470 927 996
6905 801 856
1297 783 810
9529 709 999
8807 535 540
7343 939 943
6335 140 400
382 641 787
5242 593 877
5843 557 881
9988 332 769
6784 798 919
6220 483 590
4214 912 991
7487 576 591
7528 351 736
1504 160 641
4422 493 567
9693 715 862
1052 405 983
3539 708 860
4918 710 734
8146 367 718
5711 929 933
856 505 693
3297 789 955
8463 557 743
2484 8 970
7410 179 769
1487 1 913
8545 755 910
5962 806 820
9537 239 334
7197 555 979
21 466 976
5119 225 751
5493 492 796
2481 408 438
4816 613 956
236 701 729
9652 950 958
1080 411 758
5317 881 961
8655 566 677
2360 377 544
479 891 943
4399 898 976
6622 839 978
942 646 845
1265 316 915
2665 254 991
8144 607 844
808 367 740
5327 619 835
3649 295 873
5198 337 982
2976 815 822
2540 445 568
683 796 925
9729 768 829
6026 81 322
5 208 473
5130 957 997
7452 287 836
1619 753 905
9509 261 616
3934 34 372
4793 285 359
1302 423 745
6753 61 65
2989 619 985
142 50 405
173 763 820
2511 80 504
2262 847 1000
6862 163 373
9370 198 300
9524 570 592
7309 559 801
7430 810 867
8790 641 887
9463 306 717
