4096 512 132
2 167
2 252
1 93
2 196
1 395
1 466
2 440
1 72
1 410
2 289
2 104
1 3
1 145
2 391
2 71
1 95
1 298
2 411
1 93
1 146
2 450
1 10
1 236
1 382
1 391
2 34
1 249
2 28
2 472
2 208
2 231
1 235
1 120
1 407
1 212
1 171
2 109
2 18
2 228
2 446
2 30
1 58
2 482
1 112
1 470
1 440
1 109
2 206
1 281
2 424
1 110
1 132
2 231
1 34
2 20
1 23
2 430
2 278
1 133
2 315
2 197
1 280
1 391
2 502
1 42
1 125
1 465
2 336
1 388
1 100
1 321
2 423
2 185
1 113
1 52
2 408
1 127
1 10
1 117
1 118
2 382
2 293
2 482
2 487
1 470
1 238
1 180
1 503
1 322
1 154
2 498
1 94
2 193
1 71
2 71
1 467
1 414
2 259
2 332
2 230
1 277
1 43
2 89
2 278
2 121
2 256
1 449
2 188
1 435
2 423
1 414
2 429
2 66
1 188
1 379
1 176
1 341
1 73
2 235
1 312
1 254
1 430
1 372
1 304
1 332
1 273
2 49
2 23
2 334
2 495
1 85
1 345
2 361
1 327
1 224
1 423
2 150
1 140
2 430
2 288
1 115
1 453
2 207
2 245
2 142
2 214
2 370
2 124
1 415
1 287
1 49
1 76
1 11
1 175
1 115
1 131
1 479
2 343
2 4
1 170
2 287
1 355
2 397
1 348
2 400
1 427
1 320
2 102
1 190
2 227
2 210
2 500
1 413
2 318
1 391
1 33
2 343
1 296
1 337
2 2
1 255
1 129
1 387
1 361
2 489
1 321
2 416
1 348
1 98
2 205
1 115
1 127
2 97
2 142
2 27
1 131
2 28
1 311
1 473
1 431
1 203
1 95
1 23
1 408
2 53
2 80
1 339
2 97
2 85
2 341
2 365
1 359
2 204
1 246
1 286
2 72
2 390
2 85
2 65
2 4
2 66
2 268
2 241
1 296
2 74
2 404
2 69
2 270
2 378
1 405
2 154
1 113
1 99
2 427
1 146
2 263
2 480
2 72
2 366
1 8
2 475
1 318
2 103
2 288
1 49
1 89
1 114
1 233
2 366
2 342
2 50
1 178
1 96
2 211
2 72
2 341
2 70
2 68
2 192
1 125
2 504
1 441
1 397
2 285
1 277
1 218
1 175
1 311
1 85
1 172
2 196
1 192
2 132
1 421
2 86
2 51
2 230
2 151
2 109
1 334
1 501
2 167
2 403
2 402
2 456
2 133
1 47
1 373
2 55
2 485
1 299
2 186
2 467
2 115
2 212
1 417
1 456
1 349
2 22
2 307
1 269
1 90
1 219
2 461
1 216
2 365
1 425
2 498
2 342
2 412
1 6
2 227
1 356
1 280
2 271
1 311
1 482
1 327
2 318
1 430
2 182
1 503
1 305
1 427
1 31
1 145
1 100
2 464
2 403
2 290
2 275
2 158
1 473
1 419
2 233
1 285
1 77
1 462
1 206
2 484
2 177
2 239
2 456
2 188
1 406
1 477
1 39
2 399
1 80
2 262
1 99
1 168
1 279
1 29
1 494
2 192
2 86
1 403
2 93
2 345
2 29
2 140
1 385
2 34
1 316
2 233
1 298
1 62
2 501
2 5
1 75
1 99
2 82
1 158
2 37
1 144
1 253
1 99
1 278
1 63
1 394
2 465
2 152
1 228
1 73
2 97
2 395
1 290
2 169
2 122
1 407
2 237
1 6
1 258
1 434
1 333
1 71
1 496
2 269
1 347
2 412
1 471
2 111
1 244
2 153
2 452
1 104
1 164
2 480
1 375
2 181
1 208
2 450
1 457
2 356
2 20
1 207
1 9
1 212
2 54
1 90
1 380
1 155
1 285
2 404
2 15
1 297
2 307
2 381
1 426
1 511
2 466
2 408
2 492
2 198
1 439
2 27
1 464
2 290
2 289
1 338
1 238
2 492
1 357
1 253
2 43
1 189
1 443
2 438
1 176
1 440
2 380
1 378
1 104
1 26
2 322
2 151
2 469
1 81
2 444
1 42
2 59
2 451
2 282
2 380
1 469
2 17
1 246
1 142
2 22
1 198
2 498
1 391
1 447
1 226
2 261
1 322
1 449
2 260
1 94
1 133
1 403
1 372
2 510
2 455
2 137
1 347
1 457
2 50
2 154
1 228
1 511
2 174
2 282
1 124
2 34
1 411
1 373
2 30
2 257
2 376
2 98
1 499
1 405
2 419
1 280
1 428
2 173
2 184
1 491
1 303
2 36
1 416
2 440
2 253
1 418
1 34
1 311
1 31
1 26
1 218
2 73
2 25
1 192
1 157
1 482
2 167
2 117
2 399
1 501
1 214
1 224
1 395
1 236
1 195
2 362
2 22
2 19
2 137
2 221
2 349
1 224
2 182
2 44
2 384
1 192
1 439
2 301
2 421
1 203
1 269
1 500
2 456
1 304
1 185
1 357
2 188
2 11
2 376
1 437
2 70
2 302
1 499
2 287
1 99
2 496
1 15
1 113
1 459
1 7
1 397
2 122
2 399
2 442
1 153
2 495
2 452
1 203
2 359
1 320
1 450
1 280
2 245
2 391
2 265
1 292
2 233
2 206
1 2
2 383
1 471
1 360
1 123
1 306
2 12
2 410
2 387
2 382
2 43
1 264
2 132
2 424
2 424
1 468
2 238
1 52
2 162
1 64
2 445
1 238
1 467
1 373
1 282
1 414
1 473
2 87
1 177
2 424
1 101
2 498
1 177
1 7
2 416
1 95
1 422
2 261
1 437
2 176
1 333
1 499
2 211
1 338
2 57
2 460
1 88
1 478
2 435
2 74
1 42
2 160
2 469
1 313
2 509
1 73
2 23
1 65
1 118
1 93
2 126
2 314
2 454
2 444
2 236
1 188
2 142
2 196
2 223
1 492
2 454
1 8
1 97
1 166
2 458
1 355
2 267
2 252
2 404
1 59
1 174
1 388
1 66
1 398
2 54
1 493
1 399
1 439
2 44
2 182
2 336
2 46
1 166
2 284
2 465
1 186
1 78
2 410
2 103
2 415
2 146
1 119
1 352
2 2
2 139
2 386
2 208
1 38
2 201
2 416
2 152
2 265
2 104
1 340
2 426
2 329
2 96
2 78
1 477
1 315
2 245
2 51
1 77
2 283
2 392
2 415
1 228
1 229
2 283
1 505
1 268
2 242
1 242
1 266
2 365
1 295
2 226
1 7
2 416
1 52
2 427
2 312
1 75
2 459
1 70
2 44
2 263
2 172
2 76
1 168
2 491
2 10
2 279
1 491
1 273
1 463
1 448
2 316
2 260
2 353
1 187
2 139
2 137
2 411
2 205
1 108
2 2
1 372
2 101
2 447
2 333
1 19
2 117
2 265
1 53
2 163
1 469
2 161
1 52
2 289
2 111
2 439
1 480
2 391
1 107
2 411
1 196
1 182
2 219
2 146
2 8
2 493
1 65
2 42
2 186
2 372
1 182
2 391
2 40
1 203
1 69
1 42
2 482
2 18
2 125
2 427
1 454
1 80
1 24
1 107
2 418
1 489
2 219
1 222
2 111
1 387
1 478
1 412
2 124
2 94
1 64
2 364
1 401
2 475
1 37
1 106
2 6
1 15
2 450
2 465
2 117
2 197
2 241
1 19
2 493
2 86
2 105
2 18
1 349
2 386
1 35
2 297
2 46
2 231
2 20
1 1
2 508
2 202
2 277
1 74
1 300
2 270
2 49
1 365
2 236
1 239
2 202
1 278
1 319
2 215
2 149
1 441
1 396
1 365
2 334
1 387
1 38
2 509
1 400
2 467
1 74
2 361
2 202
1 11
1 92
2 314
1 408
2 368
1 357
2 420
2 132
2 301
2 408
2 239
2 133
2 403
1 356
1 466
2 347
1 6
2 158
1 134
1 18
2 329
1 194
2 25
1 5
2 463
1 80
1 180
2 336
1 402
2 274
1 177
2 305
2 498
2 468
2 483
1 93
2 331
2 9
2 53
2 153
1 392
1 145
1 411
1 82
2 116
2 130
2 448
1 457
2 336
2 27
1 370
2 95
2 374
1 17
2 84
1 397
2 368
2 8
2 494
1 41
2 429
1 374
2 45
2 272
1 205
2 176
1 386
1 236
1 358
2 130
2 388
1 389
2 28
1 494
2 470
2 92
2 178
1 224
2 240
2 75
1 251
1 475
1 505
2 340
1 434
2 248
2 435
1 26
1 506
1 440
1 15
2 323
1 452
2 382
1 3
2 97
1 195
1 345
2 242
1 11
2 98
2 441
1 368
1 451
2 441
2 298
1 382
1 120
2 143
1 485
1 430
1 366
2 113
2 285
2 356
1 469
2 10
1 426
1 336
1 211
2 216
1 194
2 89
2 375
1 287
1 345
1 402
1 301
2 366
1 309
2 337
2 105
1 137
2 196
1 368
1 195
2 371
1 142
2 173
2 147
2 353
2 120
1 147
2 199
2 478
2 179
1 246
1 122
1 286
1 328
1 179
2 213
2 382
1 481
1 359
1 486
2 64
2 395
1 482
1 194
1 62
1 224
1 112
2 162
1 118
1 27
1 483
1 318
1 66
1 380
1 371
2 65
2 415
2 116
2 14
1 307
1 138
2 365
2 348
2 119
1 472
1 234
2 353
1 269
1 295
1 299
2 474
2 76
1 294
2 252
1 468
1 365
1 49
2 311
1 202
2 334
2 32
2 78
2 64
1 274
1 483
1 1
1 391
1 296
1 219
2 464
2 66
2 237
1 504
2 478
1 433
1 339
2 307
1 320
2 252
1 218
1 111
1 125
1 262
1 148
1 439
1 128
1 401
2 59
2 352
1 59
2 292
2 194
2 303
2 441
2 52
2 217
1 349
1 121
1 250
1 36
1 335
1 138
1 479
2 90
1 204
2 65
2 35
2 39
2 227
2 331
1 115
2 409
2 361
1 2
1 253
1 245
1 153
1 284
2 51
1 423
2 506
1 206
2 201
1 333
2 211
1 162
1 171
2 228
2 44
2 104
2 235
2 340
2 202
1 506
2 453
1 474
2 360
1 459
2 395
1 460
2 415
1 371
1 153
2 63
2 300
1 444
2 497
2 393
1 351
2 423
1 277
2 212
1 9
1 158
2 407
1 448
2 216
1 353
2 394
1 4
1 53
2 189
2 191
1 224
1 441
2 291
2 471
2 300
2 134
1 338
1 36
2 324
1 70
1 59
2 36
2 102
1 509
1 125
2 327
1 186
1 435
2 415
1 451
1 346
1 116
1 70
2 430
2 369
2 14
1 435
2 489
1 120
2 266
1 114
2 49
1 306
2 248
1 349
1 395
2 212
1 323
2 134
2 131
2 229
1 402
2 161
1 129
2 305
1 492
2 460
2 206
1 479
2 446
2 81
1 467
1 311
2 30
1 7
2 403
2 271
1 340
2 128
2 168
2 335
2 322
1 160
1 9
1 422
1 410
1 255
1 267
2 115
2 466
1 423
2 309
2 90
2 86
2 61
1 121
1 368
2 151
2 427
2 110
1 102
1 327
1 357
2 379
1 329
1 33
1 147
2 406
2 461
2 437
2 200
2 390
1 456
2 55
2 172
1 196
1 171
1 103
2 45
2 439
1 286
1 86
2 285
1 141
1 454
1 212
1 95
1 181
1 87
2 394
1 382
2 4
1 58
1 25
1 43
2 443
2 407
2 233
1 508
2 381
2 422
1 65
2 139
1 508
1 448
1 483
2 436
2 344
1 49
1 52
2 304
2 419
1 511
2 346
1 481
1 415
1 248
1 349
2 181
1 84
1 207
1 436
1 509
1 97
1 108
2 136
1 115
1 50
2 152
1 78
2 51
1 464
2 444
1 173
2 102
1 198
2 279
1 424
1 373
2 321
2 125
1 348
1 468
1 320
2 249
2 180
2 362
1 70
1 401
2 359
2 466
2 268
1 167
2 493
1 156
2 476
2 232
2 486
2 167
2 263
2 149
1 171
2 47
1 261
2 449
1 423
2 152
1 110
2 342
2 298
2 377
2 234
2 31
1 252
2 454
1 69
2 413
1 74
2 446
2 379
2 409
1 259
1 436
2 319
2 443
1 220
2 366
1 373
1 101
2 66
1 84
1 118
2 324
1 411
1 476
2 114
1 25
1 406
1 197
2 183
2 301
1 403
1 311
2 24
2 345
1 423
2 175
1 380
2 204
1 229
1 30
2 14
2 155
1 483
1 88
1 462
1 29
2 15
2 74
2 207
1 80
2 302
2 147
2 209
2 432
1 485
2 236
1 484
2 373
2 213
2 97
1 320
1 484
1 448
2 325
1 431
1 261
1 114
1 374
1 213
1 233
1 212
2 141
2 331
2 111
1 430
1 179
1 316
2 29
1 164
2 363
2 213
2 287
2 486
1 122
1 394
2 340
1 294
2 262
2 450
1 129
1 37
2 78
1 409
2 61
1 411
1 111
1 7
1 423
1 2
1 151
1 354
1 473
2 443
1 217
2 53
2 221
1 108
2 408
1 372
2 33
2 363
2 368
1 12
1 349
2 279
1 407
2 462
1 224
2 65
2 230
1 257
2 173
1 220
1 336
2 26
1 352
2 510
2 230
1 470
1 22
2 23
2 325
1 254
1 317
2 461
2 402
1 468
2 43
1 131
2 240
2 219
2 17
2 255
2 211
2 280
2 417
1 117
1 226
2 251
2 160
2 65
2 389
1 112
1 181
1 282
1 382
1 468
1 189
1 84
2 408
2 104
1 122
2 511
1 63
1 378
2 417
1 256
1 431
2 198
2 82
2 488
2 451
1 302
1 127
2 16
1 222
2 304
2 322
1 163
2 9
2 79
2 440
1 207
2 173
1 411
2 355
2 159
1 287
2 422
2 318
2 388
1 12
2 339
1 450
2 190
2 3
2 355
2 58
2 242
1 422
1 452
2 511
2 16
1 32
2 139
2 330
2 345
1 178
1 146
2 145
1 30
1 59
1 30
1 386
1 330
1 395
1 17
2 353
2 136
2 436
2 205
1 289
1 51
2 193
2 39
1 4
2 437
2 420
2 146
2 226
1 46
1 218
2 487
2 62
2 442
2 369
1 224
2 157
1 54
2 455
1 143
1 128
2 472
2 7
2 314
2 54
1 308
1 406
2 329
2 378
2 437
2 378
1 333
2 392
1 323
2 462
1 249
1 501
2 98
1 300
1 195
2 228
2 113
2 274
2 45
2 157
2 327
2 88
2 508
2 7
1 270
2 257
2 2
1 184
2 210
1 463
1 309
2 396
1 284
2 302
1 250
1 282
1 464
1 196
2 304
2 252
2 126
1 53
1 211
2 195
2 176
1 314
1 308
1 345
2 339
2 391
1 82
2 125
2 498
1 478
2 490
2 336
1 198
2 200
1 65
2 302
2 12
1 180
1 285
2 366
2 131
1 173
1 374
1 214
2 74
2 108
1 381
1 125
2 288
1 459
2 174
1 48
1 336
2 471
1 223
2 205
1 42
1 22
2 146
2 233
2 398
1 240
1 255
2 317
1 160
2 350
1 481
2 501
1 96
1 398
1 257
1 112
1 451
1 186
2 367
2 273
2 230
2 503
1 364
1 483
2 29
1 328
2 175
2 272
1 233
2 29
1 233
2 243
1 272
1 241
1 319
2 347
2 497
1 490
1 119
2 328
1 239
1 113
2 412
1 141
1 15
2 78
1 293
2 418
1 206
1 148
1 101
1 18
1 305
1 403
1 441
1 42
2 315
1 38
1 11
2 316
1 331
2 271
1 171
2 132
2 277
2 372
1 230
2 447
2 353
2 445
2 510
2 434
2 97
2 1
1 106
1 132
1 167
2 4
2 53
1 201
2 382
2 178
1 418
1 106
1 436
1 14
1 492
1 219
2 375
2 185
2 504
2 388
1 191
2 479
1 493
2 28
2 196
2 446
2 303
1 330
1 46
1 117
1 247
2 88
2 11
1 46
2 44
2 129
1 280
1 445
2 231
1 97
1 151
1 481
1 39
1 136
2 114
1 94
2 75
1 437
1 436
1 56
1 387
2 171
2 248
1 400
2 33
1 362
2 494
1 92
2 102
2 89
1 478
1 32
2 347
1 79
2 423
1 207
1 286
2 437
2 449
2 469
1 293
2 121
2 106
2 264
2 423
1 373
1 6
2 398
2 345
1 80
2 83
1 10
1 120
2 374
1 259
2 10
2 106
1 283
2 326
1 401
2 370
1 82
1 139
2 200
2 428
2 195
1 21
1 351
2 123
1 180
1 1
1 389
1 303
1 317
1 194
1 321
1 436
2 411
1 355
2 3
2 329
1 238
2 370
2 473
2 257
1 346
2 314
2 347
2 367
1 190
1 309
2 85
2 370
2 281
1 34
1 451
1 448
2 200
1 237
2 271
1 285
2 207
1 312
2 177
1 161
1 201
1 333
1 192
2 237
1 387
1 227
2 105
2 487
2 453
2 448
2 163
2 301
1 292
2 395
1 236
2 307
2 2
1 178
1 303
1 137
2 140
2 472
2 495
2 20
2 117
1 105
2 145
1 120
2 457
2 377
2 47
2 90
1 283
1 225
2 153
2 204
2 181
2 9
1 68
2 41
1 463
2 430
2 6
2 5
1 25
2 116
2 25
1 103
2 456
2 333
2 144
1 358
2 172
1 456
1 362
2 375
2 97
1 377
2 316
2 37
2 234
2 395
1 325
2 22
1 296
2 351
1 362
2 236
1 35
2 229
2 133
2 167
2 370
1 315
1 397
1 2
1 471
1 345
2 365
2 42
2 192
1 45
2 61
2 31
2 444
1 460
2 320
1 295
1 146
1 335
1 433
2 134
2 189
1 148
2 316
1 159
2 22
2 5
1 466
2 146
2 246
2 432
1 192
1 199
2 296
1 352
2 326
2 49
1 419
2 507
1 354
1 186
2 340
2 441
1 192
1 150
1 136
2 475
1 268
2 137
2 168
1 237
2 429
2 463
1 449
2 31
2 85
2 123
2 389
1 176
1 95
1 490
1 394
2 30
1 89
2 169
2 126
1 222
1 147
1 362
1 88
1 343
2 80
2 70
2 500
2 9
1 42
1 281
1 425
1 41
2 475
2 241
1 71
2 115
1 92
1 284
2 324
1 335
2 68
1 343
2 105
2 107
1 322
1 21
1 169
1 220
2 254
1 204
1 379
2 13
2 250
1 122
2 411
2 448
1 301
1 502
2 87
2 503
2 452
1 100
1 57
2 241
2 236
2 90
2 219
2 30
1 397
2 498
1 64
1 231
2 170
1 225
1 286
1 137
2 212
1 336
1 11
1 34
2 477
1 318
1 208
1 110
1 482
2 357
2 3
1 349
1 264
1 428
1 246
1 249
1 240
1 197
1 105
2 465
1 336
2 223
1 74
1 108
2 427
2 29
2 507
1 75
1 423
2 298
1 12
2 102
1 75
1 469
2 495
2 233
1 149
2 350
1 275
1 234
2 378
1 77
2 128
2 121
2 125
2 195
1 420
2 355
2 34
2 162
1 191
1 335
2 306
1 34
2 87
2 227
2 3
1 309
2 453
1 153
1 320
1 170
1 84
2 195
2 293
1 134
1 207
1 278
2 98
2 53
1 36
2 104
2 55
2 151
2 330
2 15
2 91
2 319
1 165
1 274
1 326
2 396
1 332
2 500
2 457
2 69
1 288
1 2
1 56
1 291
2 407
1 492
2 456
2 127
1 268
2 6
1 264
1 70
1 36
2 480
1 67
1 441
2 192
1 137
1 51
1 106
1 188
2 411
1 352
2 209
2 427
2 174
1 88
1 247
2 269
1 72
2 236
2 145
2 426
1 163
1 165
1 391
2 321
2 469
2 316
2 253
1 364
2 378
1 125
1 31
2 295
2 200
2 86
2 430
1 83
1 429
2 317
1 72
1 70
2 271
1 163
2 73
2 405
2 418
2 19
2 395
1 23
2 316
2 395
1 61
2 299
2 181
1 269
2 229
1 249
1 180
1 494
2 377
2 159
2 389
1 205
1 475
1 322
2 303
1 2
1 139
2 324
1 387
1 28
2 403
2 60
2 127
2 291
1 413
2 275
1 84
2 18
2 179
2 309
2 17
1 301
2 66
2 442
1 178
2 29
2 201
1 107
2 113
2 303
1 320
2 255
2 18
1 433
2 100
1 117
2 508
1 255
1 19
1 482
1 127
2 232
1 54
2 127
1 208
2 132
1 479
2 402
1 147
2 132
1 26
2 345
2 154
1 35
1 258
1 335
2 482
2 168
1 360
2 174
2 180
1 72
2 163
2 99
2 269
1 27
1 478
2 267
1 444
2 259
2 306
1 14
2 104
1 284
2 460
1 8
2 218
1 259
1 10
1 162
2 76
2 13
2 33
2 129
2 69
2 106
1 452
1 124
1 284
1 490
2 337
1 344
2 34
1 391
2 415
2 272
2 214
1 499
1 52
2 162
1 486
2 478
2 369
2 453
1 481
2 341
2 402
1 300
2 231
1 429
2 205
1 97
2 457
2 120
2 184
1 100
2 4
1 57
1 124
1 481
2 414
1 350
1 483
2 179
2 318
2 321
1 268
1 412
1 485
1 193
1 284
2 316
2 311
2 115
1 354
1 511
1 395
1 16
1 471
2 25
1 289
2 271
1 235
2 226
2 174
1 365
2 168
1 200
1 14
1 384
2 383
1 80
1 189
1 88
1 289
1 409
1 441
2 63
2 339
2 372
1 180
1 426
1 378
1 297
2 396
1 198
1 25
1 5
1 356
2 344
2 189
2 166
1 409
1 282
1 501
2 204
1 350
1 499
1 184
1 63
2 436
1 319
2 26
1 129
2 399
1 481
1 186
1 178
1 332
2 286
2 73
2 489
2 64
2 127
1 216
2 299
2 433
1 41
1 396
1 296
1 98
1 327
1 385
2 350
1 435
2 509
1 71
1 418
2 418
1 349
1 189
1 229
2 225
1 10
1 422
1 376
2 27
2 275
1 168
1 72
2 190
2 87
2 27
2 361
1 488
1 22
2 333
1 244
1 503
2 139
2 14
2 389
1 178
1 435
2 217
2 421
2 48
2 154
1 468
2 486
1 185
2 66
1 247
2 20
2 18
2 108
1 129
1 56
2 120
1 108
2 453
1 231
1 508
2 48
2 356
1 364
2 18
2 3
1 211
1 470
2 148
2 244
1 50
2 39
2 245
1 489
2 147
2 144
2 34
2 63
1 196
2 401
2 344
2 445
2 410
2 240
1 452
2 306
2 238
2 127
2 473
2 109
1 264
2 234
1 426
2 174
1 211
1 292
2 451
1 54
1 85
1 378
1 232
2 478
2 499
2 392
1 164
2 41
2 225
1 197
2 43
1 233
1 402
1 264
2 222
1 162
2 67
2 298
1 184
2 208
2 324
2 120
2 60
1 388
2 419
2 407
2 427
1 171
2 125
1 130
1 207
2 108
2 303
1 12
1 126
1 129
1 290
2 409
2 377
2 90
2 326
1 201
1 80
1 15
2 277
1 22
2 403
1 213
2 7
1 152
2 426
1 53
2 1
2 10
1 203
1 117
2 35
1 242
1 177
1 318
2 383
2 394
1 452
1 467
2 319
1 46
2 355
2 421
1 32
1 189
2 480
1 235
1 95
1 100
2 220
1 182
2 213
1 365
1 158
2 67
2 379
2 166
1 193
1 18
2 472
1 427
1 494
1 410
2 99
1 317
2 383
1 393
2 34
1 204
1 24
1 124
1 365
2 81
2 331
1 222
2 287
1 187
1 255
2 314
1 50
2 143
1 73
1 499
2 239
1 265
2 444
1 120
2 133
1 311
1 265
2 210
1 126
1 277
2 432
1 221
1 166
1 386
2 355
1 312
1 21
2 327
2 404
2 234
1 103
1 455
1 21
2 391
2 500
2 14
1 219
2 373
1 54
2 78
1 61
1 474
2 405
1 17
1 192
2 289
2 234
1 135
2 336
2 400
1 154
2 216
2 88
2 228
1 292
1 6
1 135
1 416
1 224
1 309
1 139
2 183
2 286
1 116
2 314
1 418
1 369
1 311
1 167
1 70
1 284
2 283
1 26
1 429
1 93
2 138
2 280
2 76
2 109
1 131
1 147
1 346
1 127
1 460
1 124
2 208
1 77
2 297
1 151
1 320
2 424
1 457
2 249
2 229
1 180
1 235
1 364
2 330
1 182
2 239
2 264
2 200
2 410
2 395
2 182
2 259
2 148
1 285
1 193
1 225
2 329
1 171
1 496
1 143
1 219
1 454
1 316
1 279
2 110
1 230
1 348
1 369
1 165
1 363
1 96
1 202
1 8
2 93
2 313
1 141
2 88
1 486
1 208
2 74
2 383
1 64
2 264
2 187
2 15
1 258
2 82
2 22
1 272
2 64
1 332
1 77
2 270
2 279
1 272
2 266
2 129
1 345
2 218
1 293
1 10
2 341
1 465
1 163
2 443
2 283
1 413
1 138
2 394
2 120
2 258
1 280
2 154
1 250
1 85
2 59
1 37
2 168
2 217
1 184
1 28
2 378
1 297
1 67
2 421
1 316
2 11
1 25
1 149
1 503
1 289
2 310
1 433
1 283
1 279
2 254
2 404
2 202
1 124
1 336
1 405
1 183
1 176
2 51
2 465
2 29
1 76
2 23
1 287
1 102
2 244
2 327
1 475
2 294
1 252
2 104
2 226
1 32
1 493
1 214
1 108
2 128
1 37
1 163
1 423
2 345
1 108
1 244
2 161
1 142
2 127
2 30
2 19
1 211
2 128
1 397
2 123
2 386
1 115
1 467
1 285
2 149
1 460
1 431
2 401
2 490
1 273
1 337
1 37
1 243
1 443
2 367
1 109
1 198
1 261
1 233
1 452
2 395
2 230
2 478
1 343
1 103
2 431
2 379
2 458
2 104
1 223
2 412
1 183
1 27
1 234
1 462
2 96
1 31
2 131
1 428
1 420
1 66
2 426
2 264
2 11
2 218
1 310
2 37
1 183
1 408
2 289
1 63
2 175
2 182
1 58
2 267
1 84
1 273
2 217
2 354
1 360
1 444
1 146
1 106
2 15
2 201
1 344
1 159
1 323
1 313
2 405
1 314
2 352
2 470
2 68
2 267
1 340
1 57
1 151
1 269
1 148
1 435
2 204
1 499
1 390
2 363
1 319
2 229
1 224
2 183
1 467
2 206
2 105
1 252
1 407
1 372
1 462
2 8
2 362
1 137
2 246
2 491
1 137
1 196
2 363
1 123
2 284
2 85
2 46
2 101
1 312
2 464
1 256
2 368
2 449
2 298
1 476
1 219
2 469
2 429
2 249
1 110
2 336
1 377
2 497
2 291
1 438
2 16
2 186
2 240
2 359
1 289
2 302
2 377
2 378
1 35
2 334
1 103
1 305
2 508
2 429
1 44
2 2
2 505
2 425
1 293
1 242
2 36
1 33
2 259
2 195
1 492
1 405
2 127
2 20
2 456
1 409
2 276
1 30
2 69
1 469
2 182
2 414
1 214
2 86
2 329
2 222
2 265
2 361
1 280
1 498
2 300
2 211
1 262
1 300
2 166
1 164
2 455
2 22
2 496
1 86
2 355
1 80
1 405
1 466
1 308
1 397
1 320
1 128
1 320
1 399
2 157
1 290
1 101
2 225
1 385
1 366
2 90
2 303
1 357
1 141
2 198
2 217
1 106
2 59
1 243
1 368
1 492
2 467
1 408
1 134
2 458
1 477
2 417
1 20
2 509
2 383
2 169
2 185
1 415
1 157
2 174
2 2
1 110
2 219
1 104
1 254
1 323
1 87
1 455
1 474
2 233
2 120
2 416
1 148
1 21
2 432
1 268
2 315
1 373
2 366
1 341
1 511
1 295
2 348
2 159
1 163
1 111
2 264
2 59
2 301
2 156
2 240
2 127
1 273
2 33
1 433
2 204
2 510
1 485
2 193
2 129
2 506
2 125
1 222
1 110
1 230
1 216
2 162
1 481
1 299
1 2
1 359
1 124
1 160
2 176
2 212
1 179
2 510
1 431
1 454
2 215
1 279
1 99
1 229
1 330
2 53
2 219
1 504
1 241
1 422
1 487
2 192
2 311
1 425
1 394
1 228
2 507
1 511
2 386
1 129
1 228
1 503
2 50
2 261
1 120
2 195
2 277
2 217
2 33
1 258
1 465
1 507
2 447
2 506
1 207
1 509
1 272
1 336
1 468
2 84
2 240
1 156
1 120
1 48
2 470
2 52
1 247
1 323
1 26
1 487
1 424
2 106
2 441
2 473
2 15
2 457
1 306
1 226
1 425
2 50
1 51
1 262
1 132
2 464
2 390
1 340
2 380
2 437
1 374
1 162
2 426
1 98
1 160
2 102
2 69
1 439
2 236
2 384
1 262
2 475
2 248
1 409
1 220
1 392
2 189
2 422
1 101
1 291
1 299
1 333
2 31
2 453
2 433
1 73
2 134
1 306
2 306
1 464
2 505
2 48
1 338
1 268
1 444
2 187
1 438
1 54
1 237
1 175
2 305
2 341
2 267
2 276
1 306
1 59
2 29
1 464
2 47
2 292
2 251
1 194
1 455
2 102
2 211
1 337
2 508
2 409
1 269
2 292
2 385
1 345
1 440
2 267
2 500
1 434
2 509
2 400
1 331
1 104
2 250
1 17
2 79
2 493
1 71
1 393
1 96
2 356
2 11
2 463
2 142
1 222
1 484
1 64
1 100
1 333
2 80
1 68
1 232
2 473
2 289
1 246
1 69
1 377
1 169
2 47
1 185
2 416
1 362
2 444
2 119
1 282
1 72
2 324
2 365
2 93
1 113
1 495
1 396
2 212
2 160
2 330
2 494
2 484
2 186
1 277
2 139
1 469
1 364
1 1
1 24
2 327
1 399
1 284
2 142
2 303
2 210
2 101
2 354
1 24
2 458
1 299
1 299
1 294
2 490
2 335
2 354
1 121
1 444
2 491
1 356
2 359
2 386
1 230
2 501
2 224
1 10
2 4
1 236
1 442
2 31
2 199
2 384
2 82
2 179
2 390
2 327
2 46
2 154
1 397
2 1
2 62
2 89
2 302
2 329
2 505
1 466
1 215
2 494
2 126
2 341
1 136
1 210
1 324
1 456
1 489
1 287
1 450
2 87
2 139
1 425
1 230
1 323
2 189
2 213
2 433
1 302
2 165
1 238
2 346
1 154
2 95
1 361
1 271
1 241
2 302
2 13
1 5
2 448
1 112
2 475
2 158
2 59
2 249
2 282
1 446
1 390
2 332
2 45
1 143
2 468
1 423
2 448
1 288
2 77
2 500
1 401
2 273
1 435
1 227
1 60
2 97
1 157
2 161
1 488
1 455
1 203
2 397
2 250
1 474
1 30
1 334
2 64
1 345
2 88
1 176
2 189
1 69
1 157
2 19
1 499
2 50
1 312
1 297
1 76
1 344
2 194
2 502
1 245
2 228
1 363
2 448
1 132
1 368
2 218
2 405
2 316
2 379
2 356
2 150
1 408
1 9
2 132
1 331
2 286
2 166
2 418
1 144
1 106
1 310
1 355
1 1
2 113
2 259
1 16
2 372
2 373
1 2
2 348
1 338
2 347
2 243
1 93
1 275
2 370
1 489
2 243
1 356
2 340
1 296
1 494
1 251
1 9
1 316
1 41
2 446
1 133
2 113
2 19
2 391
1 444
2 74
1 329
1 3
1 4
2 480
2 438
1 309
1 455
2 243
2 239
2 339
2 321
1 53
2 327
1 200
2 267
2 419
1 159
1 208
1 176
2 116
1 380
2 4
2 10
2 275
1 406
2 91
1 25
1 11
2 58
2 84
2 451
2 391
1 379
1 229
2 248
2 112
1 225
1 422
1 345
1 465
1 254
2 422
2 171
1 103
1 115
1 9
1 144
2 136
1 470
1 22
1 165
2 289
2 232
1 79
2 368
2 273
1 75
2 373
1 72
2 457
1 133
2 207
1 336
2 254
1 163
1 468
2 392
2 172
2 429
2 161
2 281
2 363
2 73
1 73
2 187
1 297
1 466
2 67
1 318
2 42
1 68
1 264
2 211
1 44
1 158
2 381
1 110
2 267
1 456
1 277
2 325
1 418
1 37
1 26
1 261
1 308
2 17
2 276
1 479
2 339
2 507
2 53
1 423
1 238
1 98
2 466
2 64
1 158
1 312
1 422
1 218
1 374
1 262
2 444
2 425
2 354
1 462
2 492
2 165
1 213
1 204
2 157
1 506
2 334
1 481
2 352
2 446
2 404
2 319
2 409
2 80
2 124
2 98
2 403
1 305
1 508
1 239
1 247
2 451
2 508
2 298
2 79
2 18
2 412
1 275
1 41
1 16
2 383
1 252
1 359
1 347
2 26
2 508
2 275
2 309
2 340
1 91
2 311
1 357
2 428
2 503
2 457
1 120
2 104
2 60
1 384
2 305
2 447
2 137
2 206
2 481
1 13
2 420
2 152
1 6
1 353
2 24
2 499
1 84
2 482
2 41
2 21
1 219
1 103
2 134
2 290
1 310
2 148
2 98
1 435
2 367
2 84
1 48
2 501
1 145
1 257
2 282
2 2
1 200
2 345
2 364
2 421
1 392
1 348
2 339
2 49
2 20
1 41
1 186
1 181
2 469
2 498
1 170
2 213
1 44
2 160
2 120
1 42
1 109
2 441
1 117
2 98
2 93
1 171
1 135
1 80
2 245
2 316
1 21
2 240
2 14
2 472
1 467
2 100
2 359
1 495
1 501
1 67
1 186
2 343
1 61
2 412
1 471
1 191
2 184
2 45
2 318
1 313
1 485
1 305
1 425
2 263
1 336
1 480
2 39
2 330
2 206
2 371
2 398
1 130
2 465
1 235
2 146
1 1
2 416
2 403
2 50
1 217
1 451
2 379
1 480
2 61
2 379
2 324
2 466
1 302
1 83
2 146
1 45
2 330
1 420
2 246
1 343
1 311
1 104
1 244
1 343
1 214
1 193
2 442
1 462
1 22
2 241
2 244
2 281
2 202
1 251
2 99
1 366
2 364
1 60
2 508
2 368
1 69
1 220
2 179
2 216
1 187
1 335
1 214
1 477
1 261
2 318
1 298
2 240
2 97
2 213
1 143
1 288
2 118
2 178
2 150
2 464
2 322
2 240
1 375
1 406
2 404
2 466
2 368
1 291
1 445
2 46
2 46
1 271
2 313
2 427
1 298
1 255
2 155
1 115
2 171
2 125
1 204
2 205
2 225
1 13
2 472
1 218
1 359
1 152
2 392
1 78
1 431
2 269
2 299
1 60
1 359
2 485
1 215
2 95
2 162
2 69
1 133
2 111
2 246
1 91
2 298
2 272
1 468
2 258
1 364
1 182
2 469
1 231
2 316
1 83
2 400
1 56
1 421
1 463
2 413
2 249
1 193
1 383
2 7
2 373
1 414
2 38
1 165
1 510
1 66
2 430
2 199
2 453
2 125
1 231
2 429
2 192
2 440
2 243
1 159
2 289
1 114
1 399
2 67
2 231
1 461
2 53
1 91
1 224
2 381
1 208
2 374
2 391
2 445
2 205
2 194
2 121
2 291
1 58
1 389
1 456
1 389
2 455
1 501
2 167
2 62
1 140
1 246
2 193
1 126
2 239
1 362
2 99
1 352
1 466
1 396
2 24
1 407
1 241
1 102
2 223
1 253
1 54
2 366
2 150
2 132
2 282
2 220
2 107
2 505
1 257
2 456
1 135
2 215
2 204
2 238
2 446
2 262
2 461
1 217
2 63
2 454
1 314
2 197
1 190
1 449
1 36
2 183
1 217
1 1
1 169
2 319
1 184
1 58
2 152
2 183
2 95
2 31
1 256
2 268
1 369
2 332
1 55
1 30
2 383
2 148
2 235
2 110
1 503
1 8
1 440
1 325
1 299
1 398
2 22
2 456
2 328
2 266
1 262
2 126
2 292
1 140
1 211
2 401
2 399
2 297
1 54
1 302
2 432
2 363
2 310
1 316
1 55
1 508
1 333
2 416
1 394
2 112
1 260
1 263
2 392
1 442
1 125
2 270
1 403
1 481
2 412
1 311
1 323
1 239
2 412
1 240
1 171
1 355
1 335
2 34
2 121
2 117
2 179
2 273
2 491
1 256
1 495
2 299
1 346
1 433
2 153
1 13
1 480
2 211
2 440
2 486
2 192
2 293
2 460
2 424
1 279
1 272
1 191
1 40
1 84
2 254
2 90
2 17
2 89
2 344
1 438
2 65
2 392
2 472
2 378
2 253
1 504
2 391
1 55
2 175
2 343
2 342
1 167
2 473
2 41
1 256
2 96
2 69
1 134
2 301
2 381
1 129
3621 21 267
1414 75 200
2280 196 265
2663 27 351
3427 368 418
1038 409 458
866 376 382
2058 444 487
1681 457 459
1511 326 500
4007 171 318
471 182 345
2529 367 511
2191 452 471
1586 177 379
2383 140 404
3109 358 388
1452 368 408
1728 1 336
39 112 482
1075 367 441
2346 88 288
2700 198 253
2802 19 286
3146 493 503
2478 1 181
921 380 486
709 193 385
3947 406 442
832 281 398
390 370 414
2469 167 320
1971 242 249
2547 264 417
251 277 460
384 106 275
1658 176 491
3226 336 458
3535 504 512
2014 98 380
1643 466 495
3827 231 383
3511 86 177
263 365 456
2545 499 506
74 138 303
3113 428 468
3993 210 411
3002 363 388
338 330 345
2305 239 269
1444 456 459
560 17 267
2331 141 314
892 337 458
2932 60 411
117 334 340
22 501 505
3879 226 237
26 426 459
4029 361 498
2662 369 491
1876 137 457
261 370 509
694 328 486
2997 287 352
3103 338 416
64 130 392
2317 17 482
1195 469 471
1458 37 68
649 208 392
1492 208 269
331 91 149
3238 222 324
2249 78 104
2683 308 454
3871 302 382
3513 270 405
3346 48 322
3392 479 496
2278 235 399
563 317 454
3215 183 383
3965 484 493
656 8 192
2481 366 456
3299 326 392
3297 389 477
959 255 281
500 366 433
3983 30 470
1089 142 363
3907 280 491
120 321 441
147 64 448
416 309 499
1533 354 469
2811 331 357
1015 225 291
3999 9 422
3815 185 419
3382 480 488
3173 50 427
578 501 506
1320 508 510
2073 179 272
2068 303 374
3050 158 453
853 16 389
647 435 448
11 345 357
1160 478 501
537 112 268
434 468 503
3585 450 490
1878 66 432
242 193 384
3017 103 479
3414 186 259
1981 169 245
3890 420 469
989 458 485
336 408 483
2148 40 150
237 154 371
1391 335 507
3104 350 438
2609 42 281
693 238 243
3028 156 471
2812 285 349
