500 50 26
13 30
40 8
35 21
42 25
27 41
7 39
37 48
35 13
35 43
46 28
28 21
31 14
22 4
30 29
7 49
47 19
30 42
26 15
13 24
44 40
20 2
34 8
5 24
20 39
17 21
22 1
46 3
14 19
7 49
3 18
4 5
37 38
47 18
9 10
46 3
5 17
9 38
24 13
12 48
7 29
24 28
34 21
36 3
44 47
2 46
15 11
1 2
48 3
25 7
18 21
10 22
37 23
16 16
36 27
19 42
11 43
26 44
14 12
47 13
9 4
9 23
14 14
30 18
17 10
24 34
30 38
11 23
12 26
43 3
9 13
49 24
11 25
19 29
41 21
41 49
29 5
28 48
18 13
16 39
22 44
28 7
33 39
29 49
15 23
2 28
40 6
3 1
31 26
29 27
2 20
32 30
24 10
28 46
22 48
36 48
43 19
5 26
8 34
30 28
12 36
6 2
41 13
2 27
38 30
5 39
5 36
20 33
1 3
29 27
2 20
25 49
39 34
30 2
18 10
34 29
45 45
35 41
8 36
19 46
21 28
35 30
19 10
13 19
13 47
45 19
22 25
18 16
9 47
18 32
12 7
16 12
2 2
3 15
42 26
11 14
9 1
43 27
11 12
1 28
14 1
2 35
25 24
2 39
21 24
21 37
35 41
48 37
42 6
2 35
37 17
4 45
17 2
28 32
13 28
10 31
34 16
17 14
39 23
3 15
2 28
2 36
20 49
28 17
11 29
2 47
1 10
42 23
12 25
5 29
9 20
11 42
35 27
6 25
5 9
39 6
41 46
41 11
45 20
28 6
4 34
8 10
44 1
32 6
30 36
34 38
11 44
30 46
26 36
26 30
49 20
35 40
16 32
7 17
2 39
27 10
23 35
19 17
40 1
27 20
42 17
9 3
16 43
4 42
34 34
27 33
5 18
29 25
49 35
41 6
24 19
15 2
9 34
24 48
39 1
23 31
22 31
39 38
30 47
35 14
32 12
47 41
29 31
16 28
21 13
38 44
31 4
1 44
42 24
42 31
30 15
18 2
2 12
44 31
9 29
44 45
41 46
36 20
27 3
4 3
20 41
46 1
49 3
44 41
26 41
28 11
11 1
18 12
12 12
42 25
41 42
21 37
43 12
12 26
19 20
28 38
12 30
43 16
32 42
8 13
33 40
24 44
40 46
11 7
8 4
36 4
1 12
45 43
24 8
19 47
27 47
36 43
32 29
10 14
27 22
26 10
12 5
9 7
1 20
18 14
28 9
22 28
21 18
26 49
30 1
2 12
3 37
11 34
22 20
47 48
46 28
13 13
33 22
24 38
46 41
7 24
5 29
7 30
2 32
29 36
32 31
47 34
23 8
18 49
32 20
47 33
48 16
45 36
42 19
29 38
15 36
12 25
20 23
5 26
5 39
12 42
25 9
31 47
22 5
3 9
24 5
42 27
20 42
13 12
12 47
49 31
33 16
6 3
38 11
28 48
49 44
40 24
8 26
26 29
30 28
43 10
33 35
36 8
27 5
20 43
2 24
30 34
40 35
41 33
1 24
31 5
18 26
33 25
3 10
10 32
42 8
46 30
42 33
38 24
37 8
23 43
31 3
32 26
42 28
10 43
2 40
47 24
22 31
4 24
45 18
11 37
25 8
23 22
45 11
2 37
18 24
30 4
31 17
30 23
44 44
16 1
39 19
29 11
5 37
39 49
6 6
41 35
13 14
13 13
29 14
49 46
42 34
6 23
1 35
45 49
34 17
49 23
35 28
34 44
20 28
48 25
33 44
16 45
14 28
13 42
41 12
39 33
45 49
11 1
34 6
49 18
22 4
45 12
36 29
11 7
8 9
36 40
4 2
41 17
34 4
9 30
21 3
13 21
2 28
22 40
34 26
13 11
35 9
28 21
42 38
27 5
47 19
45 6
25 41
27 10
49 40
39 20
43 8
46 49
35 23
45 24
48 8
35 33
21 18
10 14
6 41
18 8
10 18
18 35
14 44
49 14
35 38
38 33
1 34
32 36
7 27
10 11
40 49
48 11
17 8
24 28
49 47
35 14
15 4
48 29
3 3
47 37
41 35
20 41
20 8
32 31
39 47
41 34
46 40
45 19
3 24
46 2
26 36
21 46
44 19
30 47
27 27
34 18
17 10
14 41
22 46
23 16
48 19
1 49
14 1
18 17
24 19
23 6
6 43
2 5
18 31
2 44
8 41
17 29
1 30
21 27
31 43
42 29
17 47
34 31
47 7
201 26 45
157 31 43
476 32 37
265 13 50
300 25 27
478 4 25
485 29 44
425 22 44
392 44 49
133 25 38
320 27 50
384 2 45
313 25 40
287 16 29
7 1 11
250 7 43
130 43 46
46 16 32
2 17 42
5 8 13
158 0 24
297 27 30
499 40 47
397 43 49
431 0 31
63 42 50
