3243907852
1880981588
2164324983
2134494931
1603448826
3559295782
2450248027
3431231588
1929310315
2181623125
2104222440
3399710855
1591592897
2979922137
1328163754
1687610228
1924410922
3694670040
737148093
1897617111
2245140922
3560107096
1790907873
2102347403
2891120601
2318953811
3777510255
2834013392
4087771730
3623595387
2775997985
2775705513
3745296020
2391836768
4931085926
2720129872
1196132445
3849121189
3035983752
4774127776
1304846298
3205651550
1254393349
1443583693
2382971829
2944590306
3479311487
1911105722
991544435
2829959801
1701316823
2847777143
1777048073
1774216681
1880014273
2058689839
2254477435
2389619221
3066755782
1460378432
4290653915
2744783292
3219351181
1796770405
2675563799
2801110449
3567706339
3513452730
1893989069
1101319281
2452614216
3652008834
3074336559
4056392682
1973206827
2940908763
1612786960
3251707349
2800576568
2028996814
3795495892
1746982740
2144690108
958240256
2345586554
1984414100
2421401277
1947464099
3198038676
2193815132
1884070193
3273492583
2381355473
2602735704
1079980749
3657904763
2324793085
1109727443
3045350766
4957458922
2114537159
2649381662
2871620831
2256042085
1048247962
2404864817
3094285490
3028813782
2133109414
2989129426
1784785145
3903432131
2900897628
3158893338
1097482042
2408557212
1685954099
2934051011
1844780554
844541600
3505293020
3439132326
2813822479
1817554744
3045649606
4018750540
1387653215
2379419925
3031781529
3364004255
3079837477
1476748399
3636106620
2532304419
3517588378
2288279410
2346728891
2452631651
4117097939
2426479586
2045896174
1292174694
3172823311
3481713803
3285748103
4348710433
2683801084
2823858936
3795576171
697480890
2006075011
4177852559
2513842233
3447336682
3377371196
3118672899
2635377435
2823596115
2882461102
2989923495
2602096654
4031345825
2498222321
3771435910
1605118549
4497080226
2107629831
4053284677
2596195896
3639941864
3067734110
3048975778
2157777145
3009898901
2661010039
1888297747
3440819297
2216874801
3716964817
3253134517
2635450496
3060835459
2927191539
3839622704
2671295366
1917432649
3866178393
2191933865
2885195022
3057985949
2875257353
2359874122
3940005311
2862997739
2972289617
2940688658
3180871570
3389521661
2817851208
2989561206
