200 200 2
862354875 722454525 685688994 925023509 742495266 774129283 552033390 804654317 580305129 449984475 951257357 389168953 736743950 717320691 7531066 502357615 302088896 54071757 821629445 236688301 583854745 921923854 497959830 259565536 426057244 547951510 36431532 722171442 297923192 946521659 357221448 600248938 328885965 316866772 526953045 886199422 310600037 882162319 508922782 608422600 247069153 693410662 769884869 427702548 897923089 41085949 29341260 298365988 715059948 875151757 170391260 304605877 978001736 924477744 749621346 772581469 91724773 28261819 623917033 903716823 348294564 24168724 828908236 540619592 163792704 478868537 164813836 62964631 658887923 157978431 773682180 845755731 356026599 457333048 754777714 156666408 677800282 392372605 344077015 792548810 908743426 347656385 320395997 235835734 41155491 248311307 331348808 460280426 918553389 759039367 963981460 134912847 458464559 269641975 529528383 576635859 717561880 978996176 478264047 681042201 569330366 831791495 305888129 556998991 915028759 262905618 412283566 712499864 53576174 477590978 971081815 335882916 658097009 207434057 565174204 912347367 812073630 467676537 514607946 437915354 825366900 34664309 405086712 362407008 143183229 367548246 708823204 773942763 578385022 336275268 563301925 477769267 787415452 555585690 785746359 492311459 644107642 949343185 503593017 364049063 679542010 917731302 543505120 383536793 473994185 442299085 512703358 51327884 339300548 138723814 759860178 391096817 65202914 686618092 414278440 657468825 445434163 509362117 861837961 303479241 716481415 412700471 402516378 869818498 454230185 773375403 809624020 417940030 234439618 749050087 894604024 760894824 169758516 377055303 262878926 707646002 629550713 612813365 367783671 195807111 371767608 414886982 771369383 220136176 932244244 348188770 716300834 569708908 872963167 253384072 410814862 211731415 705287763 257022946 741200170 145920074 608805069 735925257 359747187 285064745
2 1
3 2
4 1
5 4
6 4
7 1
8 4
9 5
10 8
11 4
12 7
13 3
14 4
15 3
16 12
17 1
18 3
19 9
20 15
21 17
22 9
23 3
24 7
25 8
26 2
27 23
28 27
29 16
30 13
31 5
32 9
33 11
34 31
35 22
36 4
37 33
38 15
39 13
40 28
41 11
42 37
43 4
44 43
45 11
46 26
47 21
48 35
49 7
50 17
51 39
52 7
53 39
54 14
55 11
56 23
57 29
58 10
59 27
60 18
61 38
62 9
63 13
64 55
65 19
66 38
67 33
68 30
69 34
70 67
71 23
72 48
73 48
74 1
75 53
76 18
77 24
78 56
79 11
80 15
81 25
82 47
83 48
84 58
85 61
86 11
87 42
88 71
89 4
90 59
91 52
92 1
93 64
94 77
95 68
96 92
97 27
98 13
99 80
100 65
101 55
102 95
103 74
104 70
105 56
106 91
107 37
108 96
109 59
110 71
111 49
112 32
113 100
114 72
115 67
116 47
117 100
118 2
119 79
120 24
121 98
122 63
123 116
124 120
125 33
126 56
127 48
128 97
129 84
130 118
131 104
132 77
133 125
134 13
135 94
136 92
137 122
138 103
139 58
140 135
141 30
142 66
143 4
144 50
145 27
146 8
147 138
148 8
149 141
150 72
151 52
152 112
153 61
154 78
155 91
156 121
157 12
158 152
159 45
160 140
161 139
162 42
163 35
164 7
165 26
166 16
167 132
168 76
169 113
170 101
171 78
172 73
173 62
174 141
175 7
176 87
177 7
178 92
179 73
180 120
181 148
182 44
183 36
184 137
185 170
186 159
187 89
188 180
189 105
190 128
191 184
192 121
193 25
194 76
195 142
196 1
197 7
198 49
199 50
200 16
123 171
119 42
44 24
130 40
57 74
139 88
23 77
115 38
177 178
51 7
30 168
32 39
85 39
115 197
51 153
56 105
178 165
142 5
84 148
109 24
25 115
42 78
123 16
55 44
183 161
181 87
176 124
166 85
30 87
155 83
56 180
51 57
150 147
110 141
171 170
122 200
16 52
68 19
100 84
105 159
132 106
122 36
9 34
99 60
63 196
12 190
142 44
14 47
13 184
197 65
97 99
177 107
197 103
143 25
143 139
116 175
182 70
42 146
85 42
79 133
97 83
170 186
127 58
194 103
86 22
134 120
91 95
65 59
26 59
31 65
192 137
139 179
107 3
182 174
5 25
90 4
2 78
163 182
199 141
177 108
127 16
86 170
5 113
23 88
157 181
92 54
168 75
6 86
119 164
77 91
27 136
185 42
191 98
120 78
65 112
88 162
58 64
20 126
200 115
102 176
86 12
186 58
174 1
20 132
88 109
46 187
106 22
88 181
4 93
29 97
81 10
11 142
42 139
167 85
157 175
194 10
136 130
68 70
25 67
12 180
146 137
106 174
19 70
70 143
111 80
54 63
38 23
151 135
67 114
181 90
186 89
175 199
22 66
76 34
192 57
63 71
26 173
116 66
105 129
19 1
122 7
104 86
64 147
110 119
58 185
138 156
112 182
173 188
32 185
120 24
55 47
151 189
180 145
151 105
149 143
131 153
73 41
144 137
197 129
147 184
38 120
64 127
66 132
64 117
196 13
90 117
19 143
51 170
1 152
132 158
10 159
98 199
198 164
110 151
84 131
168 141
174 4
101 45
159 61
162 147
91 85
14 90
153 119
8 53
79 113
65 86
91 100
168 157
156 191
193 3
123 141
38 178
113 78
135 3
100 8
126 44
78 5
80 135
133 18
76 193
