10000
31072
26908
160954213
26755
24767
18165
13534
11443
12646
27940
12135
801567054
28180
31555
1779
28956
9238
32673
30195
15520
22471
29085
19407
7054
10751
992944662
32396
24369
12309
5328
10530
25583
13015
623
25901
28184
23078
28071
1694
16544
31656
32294
20596
6738
2191
17444
13990
8856
4254
15816
24127
6639
13641
9014
10788
11477
27356
4184
3015
2749
195837157
30438
29060
4039
10924
21555
17814
22203
17914
474235359
16686
27597
20825
499525770
17331
25080
426
27104
19652
5859
17877
27566
24369
30273
20915
16662411
5956
22848
18455
31357
615972558
3159
16389
653614581
5282
24067
18880
2160
29503
3665
22962
17456
30538
19637
23675
26635
27128
1876
31804
20008
6017
7320
6577
15788
908170594
4064
4208
931
7508
13082
30267
4905
10270
22378
3843
183
6034
6329
16424
6279
12428
19010
11439
11509
27751
15759
46139082
22707
28074
31334
9751
14962
17382
28187
21308
17699
17005
1651
21012
14194
26758
3026
7054
21996
12373
25395
19854
9686
83405472
18211
31827
19790
30501
23484
16348
30776
11885
21858
18153
12184
270
11700
3416
27033
1008856257
5258
1694
23734
19295
16452
9970
933130269
1592
15226
10933
19239
869125512
5859
264888353
32158
29899
4223
30212
11228
4202
1051665790
16168
2923
22616
13948
32268
11370
12387
21799
24369
21685
29532
7213
960783155
14231
7084
23588
4385
17348
3856
926896423
11866
29181
2191
32402
14108
23080
7382
16114
9779
16641
956019333
11935
9041
10016
22054
245175260
13844
16700
21934
29908
29975
4297
2196
20212
21267
18595
642644921
18772
18165
18896
27433
17348
3214
25994
18392
25163
695459763
28844
12299
3891
22529
12194
15760
7690
8439
11504
15489
23761
962180906
16016
12241
10072
12079
12079
23909
1850
16082
23674
28611
18324
419462188
6050
21556
22754
2698
12283
8990
10600
26523
10466
10665
32764
11000
29541
20218
10764
7217
13970
22696
2484
3076
8610
2462
7524
26871
160078509
615107669
6254
5698
10781
19652
24869
27096
19846
18018
21903
31526
27449
28850
12696
9419
26517
30366
21183
10863
6667
13772
5007
21996
8072
27823
3145
8655
2530
18964
29074
32353
178810636
217796048
23401
14029
3622
4890
8131
6275
32561
11857
21304
3030
26144
29541
31375
2379
20424
734285744
14862
17636
22261
31559
31307
18758
9626
31864
20466
5336
17718
14709
10682
28479
12147
17385
4184
18478
318
3440
26737
30916
15631
4957
26796
13787
282
16544
7448
21187
12661
368895638
19904
636436678
620612374
650
5063
4125
24614
27781
25604
18043
13112
15406
14945
10662
19424
15336
26418
4352
24283
180277701
31854
14745
22990
6039
25179
4646
5872
21552
18117
5802
32250
31002
23834
8865
21338
644
1516
32556
967505038
30826
222
9624
7165
32649
26631
20067
32428
16732
26437
16062
4236
27432
27015
12902
11705
17167
8226
16766
414
13078
12196
20821
25604
31793
17933
26096
19251
27284
3675
1412
32346
2774
3491
5723
2983
22558
6765
7803
22289
31994
6099
19309
3805
22198
4703
19573
17855
13772
3809
15697
30145
30099
13959
27932
25467
9101
31033
23183
864542750
25146
28772
17507
15500
8491
238
29976
19090
17221
18772
12646
20185
24423
22077
4208
27322
8258
756
5420
23720
714074387
22226
9366
28948
7735
23289
19205
26466
9830
3308
18433
17881
8594
19155
14280
30786
16009
7430
21005
18927
967870919
16272
14119
3968
19736
9403
20508
19452
32393
13357
475700477
10101
21947
5888
9330
27581
907
5030
603
6451
19458
489562056
13281
8854
1069
26095
6259
6860
23935
30570
21294
10072
3473
21543
11005
16114
27168
490
16713
492814873
22524
12917
2621
17907
1004913365
15966
14402
346
28278
418716678
17586
2250
16297
3787
27948
19090
20484
16225
17923
13388
5494
32483
16055
15349
6726
22288
15563
23158
839
9913
1928
13371
23568
15902
515001577
1007
10788
27781
27618
14805
28611
2312
1494
17081
22281
30299
17492
16616
126
27562
23024
10837
26041
14906
24427
25049
16611
19573
9001
15974
14165
6431
30966
22471
29281
26003
992495147
11815
7912
29473
13313
17284
2778
12187
15035
30679
29183
142540814
12078
9674
19233
15553
13153
15130
1907
3145
23476
22457
22156
7148
30755
26149
14709
24277
1489
9473
25955
10975
23515
2004
512406586
27466
3622
24767
6520
21161
9926
13396
12692
14070
311
546002300
29813
12307
7595
932870310
31528
4455
28600
30657
32758
3895
12395
10012
362
16699
19941
9793
10581
17819
8654
17178
4525
17721
9541
1970
12248
32480
5657
7106
26366
11911
65314151
21767
17358
477653381
21185
5282
490
947146461
32465
1477
15193
17329
17760
4569
17388
31900
318
25313
1983
29095
1385
20059
9032
24150
21353
9032
21836
19750
1207
421186081
364519487
32083
7630
4310
4754
32555
32153
19626
3760
866012715
5802
11913
9272
27039
18165
14946
11153
27967
27931
23293
4895
25943
11072
4530
7912
11439
23972
28965
29924
12320
2350
185719213
4259
17453
730
22363
27696
30863
13673
17179
639574732
4490
22762
396
25919
8291
18814
14393
31226
17412
7
335102956
74682447
22137
10625
9555
3746
2115
10712
21758
31456
14808
21921
10254
362
643804967
910
554911512
52434579
28630
22001
38648871
30366
29854
6482501
21893
6467
737551390
32482
21564
11126
27400
14808
23043
22659
1958
4385
25334
13492
570287078
15465
31597
2295
31382
403
16652
26028
19947
31702
22707
17493
5324
19736
22754
7395
6193
14114
19567
15457
7353
13350
12119
23672
6418
4394
18413
460
27694
12657
10278
10248
22769
16309
21138
18284
20951
32177
3330
16745
30628
5203
19465
29019
17887
2953
15721
29328
3291
16896
10347
7617
32396
17512
12165
23493
3843
31634
27245
10663
29149
2770
7858
1012836985
10215
30332
7264
22863
10209
29316
26882
22323
11710
673185961
12008
2013
6549
887469640
26295
31429
995831131
11096
29921
119458769
32026
31719
14460
15781
10593
4307
14068
8236
32092
24067
9423
26480
13764
30618
32744
1359
23467
7822
2424
21188
1037291984
23302
1380
1412
25612
5054
2042
24278
10225
5823
669984600
17189
5342
11884
11654
23306
13541
25604
25063
14852
30989
26217
26747
25197
2790
26403
28277
395123902
29587
5658
12166
570287078
27778
29358
23168
20949
6071
24127
10662
23233
23585
18758
5354
21833
11153
1311
29055
15698
5195
14840
14728
7561
28291
5215
3890
5339
13851
18096
30745
10384
5545
3399
12987
199848893
4452
10425
12905
3208
25160
29388
30685
11801
28504
899
8460
28967
27042
31263
11827
13025
7617
11661
4721
12370
16452
30235
2917
9813
27114
1876
22377
20008
11858
14676
12174
366055874
17888
419843618
16221
12164
25035
13710
3651
11505
30192
395123902
16777
26796
11128
27824
640
11836
23690
5354
4697
27700
15062
212748402
11203
1489
8401
425639620
21920
283428443
1934
24642
9392
1067341414
20697
21308
5405
5577
10916
17148
7912
24427
7980
9720
11898
31992
12951
12740
6695
22227
1376
959306821
24861
21039
5178
20508
17212
155
3294
23622
20557
20757
31371
9533
19543
22369
10553
8882
6988
223
28354
6429
5537
30868
26366
20297
6450
9288
2608
16989
32402
287853319
29497
909470461
23230
27931
29488
10035
17772
26354
728
13916
28194
29341
9473
10067
27470
21037
10416
30358
6050
25505
28066
7569
27460
866012715
13718
19
13821
14619
285
19790
203
6584
31232
23395
31083
16001
13844
25773
59464463
15565
3954
4236
228939176
5033
20123
27245
15966
12751
3504
396
14857
12079
26675
3228
6741
3845
13751
31950
17830
17288
13959
539056300
2549
19000
7072
32669
18478
11009
1201
20889
29180
15721
24785
27690
26480
163
13992
13239
13721
20621
610620229
693
27631
29436
29348
16779
16893
26439
20708
7735
16188
20008
18194
11079
26506
670951287
80
25653
12020
31526
25673
3868
20675
444176575
19485
9144
13013
25603
2473
23902
10563
424166325
7361
13624
15428
9518
22094
783329021
18566
11041
856
32403
9419
31902
5100
400724503
29271
11576
25352
23682
20881
9630
32294
20757
31510
895
1348
22378
21382
856673705
12668
28630
8166
8477
16439
16033
6439
15565
21991
30183
29530
27714
22183
8823
444176575
19934
11540
20382
18534
31962
2141
11111
6858
1012836985
21748
946423903
30790
7196
283428443
5554
180033082
7387
16038
29740
22786
14111
26217
29532
10942
8178
970631373
25499
26401
14025
28515
21046
21381
25798
17268
2306
18416
191483762
7760
666680826
17352
27483
26882
14084
12783
551365717
2479
19339
26746
15520
8997
17519
20531
27037
27104
22272
366736714
20115
13021
25894
30452
17752
20424
7107
27890
24785
13975
2917
11878
4811
9288
9666
13936
418716678
22099
14157
22069
23817
16675
6113
4384
8232
27525
16998
5166
32270
32465
19481
10112
21402
32073
25107
1887
6259
6166
20206
1805
10571
21129
32250
22129
11751
31841
60293015
17303
31828
1008186068
29673
13257
29900
27128
27464
14590
992944662
245190130
788
6980
22741
16527
17491
903453402
11904
14482
10342
21484
17491
210814659
16170
28311
22115
520139038
17239
30628
2100
402450263
15771
12756
16525
8272
4126
7383
432795450
17360
17618627
27485
3876
27690
22867
11700
9563
17418
16813
21484
44686969
431869037
10353
100
23415
2430
870352080
5131
29864
110026014
11297
2479
31550
14357
1179
1609
143
30006
11985
15547
19807
18325
8251
907458367
853538238
6228
598766748
6329
9290
2727
6487
22054
794887380
4259
19159
1047314878
1008528040
30460
999980762
31104
26222
32386
4335
5122
14677
4513
4310
1293
883171636
25035
19357
731103676
20147
24957
22755
1881
23973
22522
6658
530523755
7054
12759
8018
32047
21384
12686
13437
289
23569
6414
8906
12669
981631110
7264
183
20697
10960
17318
2976
9194
19944
1133
20566
16769
15366
16636
19227
27245
13851
15905
26401
23902
907378165
15318
494251391
8655
30006
2099
12196
23290
7152
8802
9856
11035
4354
2852
28986
7291
10297
1377
10433
14380
315161811
24079
5993
24058
31038
29241
28943
15162
7977
821
11126
21378
22621
2296
888177931
13786
10764
2530
22219
28461
31428
198413574
8990
4726
2981
31171
1622
5336
20310
15690
325819578
28565
791028268
23622
26569
8574
30937
30028
27211
12029
22000
19450
9316
19543
21127
4857
17732
9087
20572
30434
474235359
16797
13947
7245
369416247
27981
4708
19617
14461
15024
9006
13865
20343
1774
19349
5007
26705
25523
25452
23337
27513
7019
4597
19024
5090
11378
14376
15958
28659
8682
30987
4393
20268
9555
18284
23462
15615
1179
30975
19467
19010
14119
2180
27159
5846
30889
1878
27513
4184
8038
8607
24463
14903
23410
30728
27811
8793
13926
9469
8997
22524
290707820
7643
321016770
29711
14954
28573
801
1002697786
992944662
9454
5188
24705
6540
12646
4927
184503462
16652
27427
16841
27492
24705
21557
19742
9777
13035
13926
22081
28968
5336
18188
10822
10470
173261583
23407
15642
5332
2479
20848
3520
31030
576
21005
26128
905202938
784359480
806420677
9886
3277
4678
1655
16075
9112
8868
9088
32713
24660
706268030
15617
185719213
932870310
6197
7800
30145
17875
5030
1041289949
22212
16416
15061
18519
16269
9746
1219
12664
12482
2953
16699
5871
12223
16353
31795
318
18254
18846
8990
1748
19000
19217
213
110703513
16644
7067
23277
1077
13924
24815
8018
23797
6644
80479798
19019
20142
2654
2475
444176575
10967
5802
3320
19161
8310
1779
11260
24127
13425
5459
29636
31277
17903
5030
2187
27916
23245
15259
11533
499525770
4816
16641
22560
1785
20965
26271
8127
6566
6644
21441
5750
7475
9656
29464
6511
5186
12078
13294
8251
6322
25528
20255
15576
13029
19231
8477
15754
28709
2502
255042660
1028128824
612
737551390
29019
6796
12646
17692
7968
14500
19055
31181
7618
14019
167191626
16523
7725
13363
9615
10163
17630
26405
584780805
24824
14095
6405
29325
31229
5872
27139
5883
26581
31581
30270
23047
19402
27410
23727
19336
7260
15522
32083
14155
6674
28339
32382
13594
21213
24745
21685
945937836
13671
13461
610620229
28905
12951
120
4490
1825
17129
23379
31521
18194
4390
3527
19217
553170527
28826
27627
17438
977237982
20143
3152
19561
2603
1050
1006799676
3782
24192
20415
9969
10539
19710
3378881
30417
19642
16616
32138
9485
18170
21496
20708
409500200
24111
21460
7040
19301
26901
10248
4495
660123679
9574
19202
18042
22307
3494
23403
32726
29808
27634
14147
8958
22540
7392
6035
9555
23279
25146
342189248
5342
4901
7989
24888
3375
16692
3272
2770
5257
22616
1108
853
20404
15447
32123
7524
28603
10539
10863
13326
4525
21353
20327
6845
13652
11820
6955
26664
12686
994
25994
5297
21886
8354
26783
8347
17681
18105
14380
18426
18319
283931615
23909
13779
7300
5843
4956
16682
609940710
1783
17863
31875633
32307
19674
1972
28449
113585091
18407
32561
25049
5020
1538
7438
70
15555
283
26406
14273
16001
21484
26786
11661
8375
30875
23973
6796
59464463
12926
6770
20114
11009
791814529
23164
27015
1416
11000
15726
18624
23423
19714
17618627
21129
22865
15929
4293
21445
15553
18254
8921
16726
19372
27981
7201
14602
8793
3868
31058
361
30183
14021
11755
17929
13350
8354
15088
5763
3962
19207
11483
11777
11751
30976
26740
8832
1360
570287078
27849
1624
3668
16453
1758
2232
24113
17881
30576
29521
23996
18710
12078
11701
1669
32425
28835
17829
471963770
14483
27545
25082
6703
890994357
7910
25373
13257
18122
10178
28273
9558
17330
4741
21837
27068
15897
12211
31963
8161
10108
2425
5888
6429
23682
2610
17134
14308
8611
19119
30687
16389
12342
27734
18872
32271
4386
29623
10254
21232
2568
21037
783513214
116106175
3732
954874192
6324
11107
1071
14141
11668
1394
4567
16965
31198
19002
2728
10933
7535
21231
27326
26271
25958
29678
9767
12756
6242
25955
21445
26950
29087
23168
1531
24636
7169
13256
26400
31308
283931615
13153
15721
19750
6632
19567
3677
32689
6011
1644
30030
31038
713901546
12327
20404
8347
23260
14169
29367
10882
639286344
31452
157078322
7152
15046
25456
27530
20236
273
30531
23310
30171
27981
24036
25424
5593
5992
25635
935477213
29500
28611
5158
24053846
11694
31446
753142558
2667
13861
27068
26244
11798
401376308
21204
26756
10692
16266
28565
18415
871
8498
11866
22498
29692
28943
17129
2296
15724
26405
22939
20241
13808
8907
26995
28744
20310
12327
21343
11509
22955
28212
30276
4450
30267
704
4531
31908
28587
650
4936
11203
31043
18455
28356
23675
494
14583
1345
12794
22662
2013
4469
24884
4410
1772
344639485
120863695
9547
6705
29989
29948
11820
25912
6511
31870
283
32522
5744
23052
23675
1709
20343
439380380
12361
26358
11334
1694
13764
230835713
27400
27251
690174865
989
4738
6014
689541798
31982
5328
18326
25959
24290
5763
24957
27033
21997
12757
11917
19051
15978
7978
29958
21681
23260
220945303
11480
8594
16569
25505
12378
21232
13808
1146
1055811207
3808
9006
15848
989
27908
21846
30299
24481
325819578
23115
18840
20599
23164
16508
26475
14269
32437
2554
20757
10218
12079
25080
30306
27087
23672
12251
14962
27158
16093
14716
11000
29532
1821
172005668
21375
29644
19223
1921
9385
15897
10333
25964
26264
29644
19205
25994
22922
55051435
26510
26835
9252
7630
5033
14376
28202
12459
31481
647175063
11722
30960
10642
20840
18603
26340
11705
27914
13001
13654
29751
584704821
8548
7444
6255
7563
15518
735505773
7596
6451
32284
21685
1054715458
19244
23158
5542
12261
16873
26254
2708
1179
12316
1512
3845
15608
28761
29662
2653
7560
23013
24776
853
18188
16684
16998
19942
3943
7213
12013
18510
20760
632054223
30284
30957
32431
171
9069
28317
369
20542
31744
27931
28244
23168
17453
12905
11935
4422
6856
21049
3885
7960
12348
12309
9306
32490
14280
4927
32186
17459
9496
27276
14932
5203
9162
4125
13363
7878
21546
31138
23401
8030
2333
21684
9333
14453
11041
21732
6856
11565
109
28936
29283
6812
19844
11197
30992
6119
3760
14421
409500200
32402
16450
20565
12344
29134
18090
18246
15349
18918
25942
23811
17051
28223
983443529
12354
872475842
9473
21846
10858
3333
32515
26244
22707
3607
5075
1073
64944780
13054
26488
16546
315161811
27033
2980
9087
10975
22745
28408
15518
278978102
654
5620
28392
29288
32744
19256
9923
4720
29552
14322
6610
9571
28444
1832
28896
11579
301609335
13535
21589
18235
29561
15274
16275
22502
21232
887478599
6456
8670
544
1223
2777
18519
17412
12254
28062
8820
942781500
17834
13865
5383
29091
3746
17031
29956
8692
13403
333709982
9817
3682
17591
22634
18131
12669
3286
27167
29575
16245
7563
22189
23857
8188
28761
23610
12164
10868
5474
22367
24606
1895
8710
21902
836739722
28723
9001
30006
4162
24290
29042
452664850
15025
9162
31964
6412
16278
15199
20377
29858
6164
683
1896
25563
17347
15097
21604
7614
9708
13021
25992
25007
15752
12481
8484
4251
27118
3071
5871
32447
26354
723
27284
5392
23930
15515
27188
26046
6802
10835
17620
1774
10539
22297
2484
3004
534808070
27609
931554459
7421
18914
6197
5299
1044433801
19193
21868
25794
8083
11125
690967730
8325
5158
11459
4097
880580980
27015
2077
30992
3378881
6062
986
8484
27400
21839
27618
18159
26747
14605
31308
18252
2808
28315
22821
26455
19812
24869
4579
28577
9288
20247
30910
29584
273
25357
1096
13424
5443
19089
11668
15318
20566
8725
595
27346
1900
29100
14874
632562568
13131
29958
7260
20566
14157
8401
163939476
30133
14916
394891986
12422
1586
19328
61373781
17281
401781969
29366
30923
12203
4068
17636
403970002
606431720
1071822814
27523
19064
22168
24815
677
1748
29432
8226
19567
1252
7381
19024
22081
23712
15169
28812
13180
3410
20867
10022
3868
19973
27464
18319
409500200
10163
25410
16360
29724
23309
4289
19010
32353
11144
1002561502
272488315
816
32473
22426
6005
29561
3145
3819
9613
15150
8617
1824
10675
22824
15781
8129
26766
32138
5554
31679737
15500
907458367
20723
24136
624
15957
25155
14946
17624
31382
723
23585
7952
7392
5512
15819
47533068
8565
12201
13561
5888
4979
1821
11985
25678
945937836
22006
5946
16188
14256
21282
27719
338
23020
26449
1091
13554
6393
839
19119
27188
32431
1293
26361
17304
11681
26539
27719
1050
15657
338473777
12356
23896
24784
7148
9566
7312
2134
28055
20147
17925
28066
13479
8340
25378
474235359
12685
886000827
13353
12889
2180
9555
19513
17318
24703
7636
12354
13915
607
31040
8574
20292
16525
458972854
660123679
28420
13151
9076
30143
18306
65802008
11505
7607
13295
26593
3205
2981
16475
4189
18605
22764
11903
31654
20949
18317
17716
9174
10464
20736
19429
391525782
20675
27932
26552
9886
22932
23047
824263938
29892
18964
19520
29930
1136
15600
32112
16416
289296359
7395
9641
20206
713901546
22037
7764
16728
31428
18914
22427
12847
12546
18519
15687
4378
26887
24241
2399
8832
1207
7131
17814
19939
18823
19465
28017
31950
1934
18219
20221
8516
9306
1564
24770
63178912
672575660
15612
17101
29226
29473
11502
11672
19223
6242
4936
14095
9068
31317
16965
14968
999980762
362
42049029
24821
24039
8304
5922
5441
16491
14421
15595
20603
17741
7100
32270
64992956
5890
33
7686
26921
11935
29059
19680
5408
23339
16599
6275
14075
16632
10009
20426
26433
26244
10487
2004
3455
5366
31308
16518
28147
30334
8706
28349
15457
22123
29816
900
18407
25452
3658
7996
6259
1634
25672
3136
13877
12541
26433
7643
25353
26163
6259
28508
7692
19241
300579062
2194
22790
28017
15406
91197739
933166786
27947
11223
4435
16184
20542
28539
15357
28423
12353
16998
9961
31982
7382
26740
143
29648
28052
934823862
5823
632054223
21623
6429
188859656
20446
14222
7983
403970002
4352
21715
31519
14441
21472
24068
5002
23672
719709653
3965
24244
20418
30623
28054
9490
18353
727554050
31175
5211
26688
30099
25967
15035
13824
10657
13035
30857
13350
3935
12151
32257
9619
362
8069
12744
282
28250
13350
11775
24249
576
14409
27857
30679
20424
11672
10162
5785
23593
7423
884502380
10181
5195
32083
900
17212
27069
20142
18595
416
8274
14025
15087
5007
24113
26235
774273408
29948
31962
10835
1989
3650
1643
13010
22081
624
18624
30971
32297
17198
19231
9888
6189
31142
770535280
120
13899
4567
26626
30776
8725
27895
6259
15349
31526
11045
2877
20697
1412
9688
29290
19067
12734
25773
2064
472049989
2379
2983
26439
3385
17855
15264
19141
15565
24689
19024
23082
17633
26012
20965
19934
19300
27860
16295
15902
31252
22688
22623
27438
20848
32309
12023
20500
20170
29532
2332
20469
22447
10687
19037
27602
9630
3782
16724
18975
6450
159691959
17459
13385
14916
14874
7421
12926
2819
10349
29923
26338
18740
26468
27640
4039
19434
754
21947
30662
31510
23996
408624189
13786
31982
389814741
3579
30754
11647
23659
2624
12105
3464
28012
13257
14645
21604
11178
29711
22852
28312
17906
22825
5687
11918
196
5441
27650
21343
26439
7488
1700
503012824
18811
25635
20635
14412
313
27041
3329
16058
15554
23230
19870
1953
3874
8946
30570
8144
11167
11537
21900
6610
774766610
2727
23218
16301
5102
21989
10564
15739
129090371
344639485
5437
22762
9064
7913
15881
17956
16094
14344
3082
14496
11107
3649
16388
31112
24037
17323
7677
29477
16076
19115
27015
21129
1832
19115
19339
32726
15213
13007
21373
28157
22885
31690
884502380
12395
14488
7148
327805915
2077
21315
27736
16141
15741
11911
26505
6489
6511
30844
2584
22001
16429
6741
20633
26023
13147
11553
1168
455397357
468
9779
29509
889477689
26931
866674687
190
4812
672575660
27185
29433
18028
4254
32428
6590
9145
4185
13864
18629
22649
16797
17178
29000
22727
22351
11265
31177
9160
20794
29388
30531
15680
18213
23401
5474
15905
17578
15500
6259
15648
712382396
26444
12872
5107
32544
27864
5079
12568
690967730
9777
28801
13034
277
6418
25424
21094
31612
101837265
11691
13250
19450
579529314
998
6253
13355
18567
16584
8930
25179
31891
19834
311
30295
11060
28573
4066
6164
9610
24111
16505
31125
1810
26054
7699
9735
3464
713901546
30079
8667
1051058464
13669
28439
30875
2753
25099
14878
25955
14084
783513214
27457
28761
4905
6450
20242
8011
14101
26486
20206
854
31878
431
23460
14456
29190
420680214
1192
13965
9615
4390
3747
12166
23133
29509
17239
11079
32589
24278
20965
26366
20348
29900
26382
12639
7015
6243
6742
4981
24498
13914
4056
8501
14786
19217
8242
6859
721344897
28936
19372
14114
6482501
13408
31594
19299
6765
23358
149
13205
16523
28932
25197
450826104
18167
27015
4812
16180
18618
15150
1030076288
8439
28761
19402
13355
30267
3004
5428
32386
31879
12641
8193
15188
110703513
26235
27116
15892
13826
26053
15544
9969
17005
3693
27331
20108
3508
15820
17329
20206
29385
7854
11502
10497
30629
16260
30527
3405
17608
245175260
11918
660
115013500
167191626
6242
32441
22272
11579
25384
30004
27079
3711
14956
59
30530
21991
13035
21992
17645
32576
27690
863138484
11649
24843
21604
7379
5420
18975
13350
22662
25256
4792
404624554
12361
4693
6340
30910
8072
10260
17530
180530624
10086
7452
23160
22407
13495
919712937
17718
16635
11281
27069
347507006
2136
1236
3585
17711
27694
150391295
12734
7100
3727
16777
26982
26871
707808328
3893
19971
185719213
15686
7813
836739722
4329
27438
2077
19465
14240
799506443
5152
29294
4160
411679068
28054
26475
3129
16094
24957
400
32073
6582
27597
3159
27734
11452
966207376
16374
7579
6961
30902
727554050
14808
6698
25151
32110
30889
12145
9808
31915
5389
30584
14322
14233
27139
909470461
3361
28291
10248
28237
18811
302068382
11757
15752
30662
162044272
990
31040
18629
8194
23973
341346754
8458
19973
25392
1825
412
28154
1117
15617
6192
32556
28561
4713
30418
13851
865041569
22688
566750499
32556
24609
9333
21998
11755
31428
3644
20426
9968
14102
24249
29233
8198
4184
11617
15673
23049
21501
5545
2782
6134
19268
28872
21232
3074
16079
19407
25694
654
10764
5107
10663
12967
17424
13697
10689
783329021
11574
9685
742232546
28150
20541
5057
28541
8871
26191
28012
27065
18824
1634
753142558
871
31891
2624
29914
32003
31387
22417
11858
910204427
17938
6515
18534
870429601
14231
18622
7949
6511
180780725
17329
32388
13086
23737
27037
21630
10663
648
14269
28739
9145
20402
10851
22990
15931
125317473
19295
10725
6117
10459
5573
29290
16824
28946
16631
6735
369
30701
10553
11801
18720
1162
12077
8688
9028
1108
6393
14402
17013
12455
659813230
12564
2854
17315
385
149
11834
28505
3191
8821
18510
32060
22762
30761
1012206388
1878
1134
17304
685197259
16078
4936
510076495
178810636
29415
62324363
801
29150
7073
23344
28101
16465
18003
19561
12641
32767
2845
636435218
3159
6366
23533
10239
15186
14638
16038
450826104
26960
4982
30902
11107
9068
30427
12435
241010791
18622
240807028
806751613
16959
9194
32092
29094
18042
11268
7695
23341
30130
5935
1946
15848
7054
19458
21078
6620
4310
5414
11121
909114781
31190
21118
21262
28277
28184
10440
27566
17144
3385
21802
521
11121
31088
11031
31879
27657
17855
16467
16113
28468
20965
14857
717785109
30434
23808
5290
12883
20297
9566
11506
432795450
19201
17795
11294
32353
22897
3159
7047
13439
946423903
4383
10799
26335
20697
2409
23045
20395
29858
15049
7
626
7276
23256
23013
12687
9041
8458
10028
11121
13852
15842
14144
30617
6366
8935
9335
13844
4127
4082
6349
25564
21501
29436
230835713
22640
8336
18806
24613
16508
6172
4844
15401
21039
1387
8533
20779
12340
19974
22235
7913
28577
22610
3645
3410
31607
12
6602
27740
22288
29051
27456
11265
26366
29055
1004913365
3677
6620
21037
9288
6770
26432
17877
18935
12541
32229
1071822814
8226
26684
14084
10534
24011
21049
31543
3105
935
17645
25278
1030838313
213
615107669
15940
19916
12788
15199
11121
30677
15642
21533
5158
1048808252
660
8352
15024
6832
6102
2473
18550
25810
873014199
10162
8884
6735
1173
31010
25881
11547
15545
14956
1142
9438
26838
10625
30236
5622
21824
26128
4056
19750
3977
11376
29989
27634
7733
9188
15978
32395
6559
26756
23119
18624
792002018
486792833
15315
16677
29183
924
1017292636
23607
696
14350
30875
12164
961060072
13151
9555
22451
595326388
3351
6644
14896
30158
8682
15082
6667
31911
21965
32510
13131
16188
18241
5030
3974
30302
6429
22378
1529
10141
4259
3520
12994
27065
13925
10932
23346
17358
9087
67997714
608152578
17178
12035
5043
11009
14331
4324
17505
14269
230835713
22219
28967
12814
5211
12316
25242
824263938
101837265
29682
5106
12852
5802
13802
816
19051
30111
23930
24917
32603
11631
32631
21138
15500
30317
18626
10642
7896
24169
19854
899590906
29741
30325
29692
19812
27270
3924
31519
7652
5690
14321
2720
12119
10271
29421
27482
8242
10820
2685
2932
1057
29755
10653
102
21100
11378
6159
4390
20930
10975
17459
17883
9523
28650
23064
28194
403897447
31163
9541
25010
22615
29436
22842
21802
544941872
31744
7059
25246
6327
25808
26796
16584
17081
24924
30471
19637
431491979
19434
3954
2955
26871
32270
289296359
22995
16813
31456
21600
6849
7120
12215
6961
28087
28453
8011
30652
6106
9014
6785
14294
6588
11654
719
15822
21213
13010
24048
16531
30171
806420677
8108
14737
21308
5494
31270
2042
18107
6883
2152
5167
18169
27892
4269
23854
7100
25108
15400
1333
25063
17752
9037
25152
29689
2815
9541
26622
12013
178810636
5217
22524
29087
7569
13250
4082
9383
907378165
14515
31442
610620229
32550
4167
25923
32408
20402
16692
15690
30952
13671
11358
5967
10461
31477
728
17358
3395
1477
10689
3288
72305829
24876
23982
16374
22377
6863
14480
21839
2
3508
18413
27749
19973
2815
6349
23113
22888
2046
29130
2858
29825
12478
17890
7635
29134
25478
6602
19044
15330
28433
28622
8531
2631
12594
21182
14131
28182
11575
14906
19059
2479
25520
18154
23713
12834
6297
26041
22546
25377
16278
8856
27139
5577
31972
25313
13054
2669
5669
22037
28282
23403
9340
27864
11096
5116
25206
13307
8684
3076
27087
17943
18209
109740193
29923
29434
6431
22077
600288181
29960
24068
21192
32403
22502
26234
15457
5516
16303
29
6513
25353
15958
19207
31729
29271
31407
27159
27456
31757
26849
4475
27068
24248
866069728
16632
19481
13495
27657
28551
7009
21187
2825
22955
16660
12858
13959
16636
6160
21468
6011
4308
19890
20377
998
6610
15838
20557
13925
21893
11668
19233
374249779
23844
23143
1069
12346
19854
29446
26688
29921
28054
28127
532
512406586
125135351
6035
29433
12639
240807028
2685
1652
18727
27275
13166
11223
31248
774766610
13317
1866
15150
865
15135
10875
996802912
23817
17119
12821
8744
31793
25499
23374
20189
19019
32032
30028
7690
16728
5872
7494
17133
28066
1004913365
28159
29916
798018475
32563
870352080
20878
20523
22446
5203
3071
2530
24549
2570
252042868
869125512
7583
9667
6189
20848
779
3742
5534
10637
21921
3893
31125
27449
17855
3004
18758
7894
801
25206
2
13035
28278
11801
1039047408
22288
24965
20816
5366
14738
14581
17855
8678
11245
19100
3778
30975
23902
15722
14668
17773
11454
17293
1932
281954413
14108
31515
9473
19227
14480
639198123
25794
11148
17841
1158
4184
21198
9811
5763
20310
878581851
1493
11672
3385
6361
23858
2618
4859
3149
23896
31405
21015
2379
27464
19447
16364
29179
251335596
29353
6327
23094
26543
689541798
4189
1057
4258
1788
28390
32704
15754
100423729
9547
12215
20292
20511
501847838
19088
14176
606431720
24283
24756
30686
27716
540
615107669
7211
29527
30158
29598
21900
7300
27583
32016
26742
22232
29105
16726
14121
28157
25358
25749
667
27759
8113
17809
4761
1560
17507
20585
21232
18655
319771701
15512
13608
4982
9898
9210
15848
20482
10376
30321
5354
5534
3579
26605
21983
2858
31581
361
16148
8516
8865
2462
30366
20678
6722
25994
28341
18736
29673
26908
13079
32431
9810
20365
13669
1016587067
11475
25612
8818
16611
23177
29807
6259
21262
32079
26838
801176444
8935
10275
31940
24695
11518
24460
9641
5312
28408
1069
30299
14119
12283
7067
28956
19749
5305
32767
3177
5521
2169
5923
21245
3410
32541
20326
10720
11203
26063
24441
20873
20840
368082960
22901
32561
7387
21899
18894
11433
8227
29598
524710974
998
5577
19637
595326388
2256
284338386
25334
17205
101837265
11877
8663
32294
16019
29156
14945
17814
1281
16025
11980
22808
27104
22541
9968
23881
31537
25035
3548
854
1516
102
11899
10015
26019
477653381
2484
4386
9006
29597
25798
25912
24799
10381
403897447
25510
24522
31382
16025
10163
20822
29353
12161
2260
28420
16997
28184
18184
13307
4757
12506
27170
3200
31094
3707
2161
180780725
30650
7536
364519487
3030
3105
967
13344
2819
30755
1360
24019
6985
3528
28958
26090
16508
18964
9815
3030
23047
32313
32645
313331231
6543
22876
8402
14114
1494
21662
1056158772
318
15455
743376102
28272
1095
57951644
31098
23341
30328
8538
8538
2295
29755
16632
29563
18980
1821
5043
19111
25912
1772
766959145
4929
1053
1450
3396
1972
24134
490
20597
14488
9256
15235
21049
24884
98940743
18165
18747
30786
23218
29496
19854
5348
1044433801
20936
31162
22467
2880
29996
14441
20848
19037
15992
126532921
9005
32123
22378
31337
31190
11594
12375
5765
197151513
8498
29032
9308
4778
397722060
14141
10687
608152578
11977
26737
24776
8352
31229
24655
27811
1644
10718
14131
23569
27694
31963
7682
32526
16077
18890
911728746
28962
30876
25399
104675661
27466
111460839
27240
11040
30505
25924
9037
16608
532
20212
3746
2603
13492
16191
8531
14581
18774
31793
27650
7652
3531
8523
8612
26466
8565
15024
3719
2540
3893
26046
17489
1718
26899
357360892
20959
15049
5167
14027
13189
10184
6620
32096
31612
5665
28835
10664
2667
21118
12608
8607
1144
19328
1046050219
21556
17624
19806
1954
23928567
31598
11579
9112
13161
21182
20873
31088
17448
18411
27857
21336
8884
27037
11167
29571
25959
10275
23797
251335596
17358
10487
1340
3416
24522
4830
19002
13288
472049989
16969
28184
903453402
1117
12340
656836398
7628
8305
14322
1840
1028454585
8502
283640303
17539
529446089
24628
5888
29187
30434
4256
801176444
4992
64992956
30677
29748
8072
10532
30745
9559
6254
6193
20903
8446
372681068
13751
16644
10425
8446
15226
28132
7507
14231
28552
5892
10381
16184
31140
18037
28026
9753
21824
26940
20818
26134
10772
10270
30434
15457
6377
27928
14195
4290
15853
5534
10625
28819
23695
853
16019
11552
25576
21092
16148
22223
24155
7896
3074
27206
16724
22468
26230
16629
12379
31940
10160
21272
7693
24286
9101
17762
19520
25672
6692
8732
1359
7569
19973
18501
20142
23064
31528
11211
24837
17571
16145
31198
14677
23289
16652
21665
27116
23975
13948
20833
742232546
17971
4720
27051
21934
8930
893
21315
29682
31476
426710228
6858
6300
25476
6393
14660
27191
30521
28091
15633
3184
250
18090
15848
21934
16724
559208651
15682
6471
12471
4499
27973
3082
17741
16088
20235
3971
21564
439380380
8072
16732
27690
7705
7231
17212
29686217
1192
376
404834866
1007940803
27068
31125
19357
15406
12965
5377
8080
18218
23403
8204
6020
7190
13459
196
14924
8097
5285
30886
1425
17888
28213
17943
5997
15213
9808
27065
18037
22852
35639629
990
256132172
11144
19205
8663
8429
27947
22079
10237
1360
12431
18519
23476
32473
21697
11893
13558
474607712
7690
6479
318
13844
20881
20340
32194
2898
11210
181075105
25790
510076495
17084
26826
32047
19263
24141
11439
1385
19299
9981
28678
6005
16303
289296359
18778
2589
3288
5097
5932
3538
30971
7318
15025
3159
7446
16210
29016
22914
5174
21555
27296
25603
18121
26871
4485
3506
17856
301
28739
23715
18153
8538
18600
20059
8501
8915
3487
30318
113585091
4402
5351
28453
14480
756
147328370
899590906
16063
19388
14142
17164
17829
28420
7106
13759
12675
13385
22328
17243
8354
30708
21484
25575
9287
853
9043
338
23018
14689
1120
13007
554911512
24784
26803
28339
1630
10316
3351
27650
18541
17907
30465
32313
16513
15186
21802
1942
30772
29735
24558
11565
16343
120683375
29755
25425
473002092
31878
21530
21604
14287
27159
32555
5258
802233165
31405
25035
13992
11992
28272
1051665790
12481
723
6482501
4186
31982
32092
9774
5379
1700
6498
929
2462
856
24533
179457421
3954
5516
11594
3184
3463
16180
2136
2296
8596
18739
32565
697648598
15698
24756
23218
7989
16058
26480
22323
29135
8771
23096
21192
1540
17681
9509
26931
18501
8823
28932
32026
19939
5376
8059
5735
23550
5285
20863
1157
24052
17412
3333
13131
1066
29383
980307575
6000
28356
9065
30321
338
26821
563687975
31559
24762
8227
903453402
5740
541
8885
9434
6361
26803
31870
31111
18772
1630
32125
14509
26439
7334
13721
32057
22763
423290839
8868
7977
27104
26164
1564
24184
8103
16699
18319
9810
16700
2232
15294
31210
945937836
15259
25757
6259
7148
48051220
8304
8072
30292
1522
26940
731778782
14986
7395
12299
13787
23386
19983
25360
1557
16374
31871
525
31835
10581
8714
23695
12616
8038
18197
28150
30960
6533
30835
30427
31872
23554
743360030
30171
28194
31994
16699
29967
27932
11820
786910682
32237
8844
110703513
10050
31632
3320
639286344
25840
8392
26982
21958
9981
20747
30747
4723
636436678
25919
24651
19467
18977
29231
6934
22288
9973
15235
30075
6255
20235
3410
10425
5053
873014199
24629
27532
19674
1472
11654
24068
16114
31758
11878
20596
10571
494251391
3575
26979
11827
204016213
13802
5097
11125
1026533231
12340
19834
23325
11878
29435
7013
10692
26254
20180
7952
24884
18600
15905
967505038
8101
2795
816737221
30277
32744
849
14269
23230
7392
4640
23160
15500
18173
32026
28827
595060784
25109
30276
13350
13985
29666
1042087602
3348
8242
15049
24957
21068
16523
9194
26041
12180
1037769298
32128
816737221
23019
16343
629349485
32153
16785
3177
14152
12081
31962
5999
600195238
20242
28433
151509344
1956
4355
30579
10764
4979
22769
9276
31429
793026756
20903
13370
3145
6816
9112
19489
313
17927
3221
29051
26442
24293
26581
26740
264888353
29916
8918
30618
5801
17897
29488
32128
16653
13673
29496
2483
18636
18268
32297
161041602
6921
18484
1824
15553
12646
13535
11509
14428
11755
23610
15455
21158
27817
23268
17752
14338
9555
412
161041602
27377
23379
5888
3732
1907
19263
24241
7617
16701
19944
23476
1056158772
7470
2088
13661
30176
22450
10112
19002
2043
3873
23966
24642
23685
13289
16386
4266
31795
1878
27702
14075
17933
7389
31097
546002300
20269
17330
12428
24762
5932
29415
30325
9069
18136
421186081
11376
14605
30622
8072
20936
26475
15747
642644921
17887
29031
10896
27910
10401
397722060
5620
30326
27773
13230
5686
8498
19458
17261
10376
30544
8611
2035
26246
25068
21086
7054
18166
25330
12989
887478599
1040556882
995964507
20142
12503
9069
13357
18778
18964
13673
30236
234117618
30111
23942
12269
7705
18178
20881
28282
5211
19620
7617
12785
15228
30056
91008485
6341
29989
913
20579
29464
3326
16699
17888
31854
6639
2992
14393
18591
5327
8708
13934
15259
10977
26319
5116
24373
9878
893
4316
38648871
32589
24184
7881
17669
8298
361
12075
18159
17997
18235
9041
8108
15500
7494
13035
856167880
17424
9626
9953
11608
15848
9465
16724
11559
2854
12669
10401
32409
8227
10178
6606
17133
6261
6632
937522701
1376
16666
743376102
26204
23631
4162
25869
14695
30236
27229
942
26358
412
30593
17452
5303
11506
28974
30264
1630
18077
9555
32017
903453402
31429
25155
17448
16589
4738
220
874
14240
29421
6604
12783
30116
17979
6459
136681335
7353
30075
14660
1409
30107
10342
23612
14233
22930
12847
1782
4186
2256
19121
5884
22616
21473
5512
6415
801263680
283
27841
23344
19339
4884
30704
21325
3585
30832
5106
23233
22212
14159
23690
1557
432576134
32555
1146
23080
30910
31870
13131
15698
14256
1904
1010662399
16386
806420677
58065969
8678
25195
30657
32007
801
3506
21546
182644413
27938
7666
29541
11738
20143
12164
32186
28324
20508
12431
20816
728
30578
896536338
18162
918981866
22876
10788
23492
8684
15588
4429
5116
19223
11223
1002561502
835
4729
29954
120683375
26196
10912
26222
18520
29710
532080814
2483
2851
11694
21893
19806
933166786
15556
3121
26990
14668
26096
14102
690174865
38619220
12751
21556
887469640
25207
3183
18385
3355
16787
12309
1002561502
11385
25278
2971
15576
23275
29112
10778
25478
12482
29008
18626
9959
30811
3538
7947
7910
4860
2831
620101573
29436
30684
8291
5453
19289
2981
13731
16272
14896
31535
862107
465092611
16230
13160
128300652
19606
13730
30377
14212
28948
20526
905415327
5217
1890
12967
17714
24783
23401
6651
18276
12379
5657
18417
17084
27279
15081
3159
633609773
31105
9006
5838
12482
30343
32079
853538238
19792
15517
20825
770
3740
1168
16495
30062
719
31917
32693
16863
19010
6037
14213
1243
17814
6483
31010
21177
11496
2232
30538
27773
12130
1896
913607606
20627
12012
21921
3844
5932
17492
18727
4616
24172
30117
21398
13377
18600
28476
12889
24703
24375
13172
24031
11072
10497
1508
900
22869
3749
9886
23139
15978
20067
11738
2568
11681
10239
10184
13899
21672
19100
6764
26218
1000684141
28989
23734
26733
21084
5252
30014
26844
24620
17834
10745
28886
885544603
5690
4907
993394071
23973
17360
28387
6507
30321
3414
18844
1866
21232
12434
5958
941901760
29432
8442
4411
260384815
30745
16637
191483762
13163
489333673
18772
25840
9476
722345727
26271
13034
4511
10464
26510
23467
3004
28454
2945
25850
25937
20697
17493
21339
2296
30898
863138484
23817
43250033
27456
26635
12012
14909
22069
26799
25947
1878
9688
32130
2276
30270
557695208
2992
15341
3822
31908
6159
5686
592708800
19430
217796048
7040
22762
16600
23515
22740
28441
28125
13912423
10571
869125512
3071
15754
17414
1783
870633863
2992
26054
4792
3819
19289
10696
5391
26403
28387
18751
852510741
990990127
129
4929
17424
706268030
30772
21860
18626
2296
11000
6807
21191
9523
28180
11911
941393521
30786
28354
264888353
7740
28946
16508
16079
20508
8354
6487
1652
26510
11334
8270
168545989
5090
31625
12118
640111112
21311
23429
14033
16188
29598
25894
660404287
31364
31594
19465
16388
12344
26337
21311
31418
129090371
1699
11913
30062
11228
19774
13673
22993
26935
28250
12434
30453
27663
1128
21868
962180906
10529
16745
14906
1146
17424
20667
21490
7213
30685
24736
7909
30107
5387
8682
28971
2845
19993
393937018
19637
19514
9473
29976
31459
12708
1228
25723
13915
29042
17098
19408
7742
912318648
655406750
12307
9065
28204
1135
23977
8009
1494
30045
4251
13749
213809768
11483
13558
587244735
14147
723
25523
1043966342
5328
24403
29688
24150
3740
25520
21977
12342
6014
30202
17331
30334
10225
8725
13700
23719
22231
19043
24422
1516
28476
18378
10689
31462
20476
5033
28184
945937836
26921
16188
32105
4450
19870
64992956
31361
27523
385
466160578
28826
32307
28954
31116
880580980
10254
2169
26193
303
11079
5936
29103
1073422240
2749
389814741
32744
17711
16114
26887
10092
19424
400
12023
18478
854947847
4845
19019
18541
24692
28760
23553
3655
3015
23553
11505
31950
9677
20185
26063
13721
28668
20446
15730
22237
12307
15724
23568
8270
304448831
1450
28980
358
6582
11079
30185
23230
24453
21833
561644355
15024
23657
3013
24212
24039
22755
31412
18746
6036
12428
32748
14460
30745
11922
14619
29631
3205
28766
16779
5526
1194
5907
7568
9888
24642
18042
3048
30015
14874
1010662399
26634
29530
396953868
6034
18305
546002300
8158
21651
29839
17674
12661
26509
2871
20142
10799
12283
2753
27353
30479
15404
791028268
14118
21183
1459
28626
15648
10835
2917
3067
4266
28312
10107
671
8354
10781
10246
16599
14644
24184
27864
5733
2332
22774
17752
22774
795520920
19594
408624189
8777
5328
931
319447048
24338
12346
21508
272148378
24660
2445
23388
15539
23219
23273
5097
8823
8083
1450
23282
29960
26275
18747
29222
22804
20758
4719
29476
28250
16721
4708
57907185
512406586
10274
14857
15359
1221
26218
13794
21625
9476
13948
6511
9145
541
24885
22870
28611
17239
7661
28565
277329173
26066
17185
19809
17906
32472
23115
25609
5622
14797
4152
665
21838
22227
15759
9637
12757
9541
27346
15268
7949
9269
1067341414
30276
7536
10015
2857
3168
9485
31328
29345
3579
1359
5686
6511
23410
14075
6033
15315
743376102
861998430
19812
7430
17405
11547
1011380251
5855
20821
24758
27851
2276
6242
2475
9397
32687
256132172
17334
5946
499525770
4498
15811
17405
3856
15820
22769
28045
1192
1330
26188
12543
18484
20418
31949
24655
11801
3887
9584
28965
11233
1774
3361
9175
30256
6091
8823
5302
82148120
11421
14256
23386
3030
26460
860933533
5140
30966
31273
629502968
12965
14852
218416422
8069
13100
4125
7405
6489
25011
17491
29604
25670
22407
30684
7618
21171
703722377
4567
17844
25170
22640
1643
20299
32085
19102
4945
29816
6193
15724
10365
163833979
16081
1158
18370
4930
31627
30489
10043
4133
9288
29215
11752
9559
30383
25798
27074
368082960
10751
21824
11502
13313
14338
97275081
883171636
2144
16163
23448
451
22378
30004
20348
10977
5929
12517
28965
28958
9953
4203
18811
1972
12888
13311
10764
476322829
22733
32351
8191
5086
5292
29500
5086
28633
27122
29804
7054
8002
7618
14306
14090
10015
23064
6717
11755
11607
25378
4884
15601
9500
15011
25189
28688
20705
19244
28965
26230
17337
15188
29233
23854
17102
21672
17492
25246
15498
12759
23496
8777
368895638
12546
27821
29666
22320
24797
7661
15283
18550
17431
7733
3168
22647
6830
18758
59972383
8946
8958
27280
32176
18411
28499
11086
22897
15908
7980
16041
27627
27616
686785913
5740
8456
3085
4992
1039047408
96280276
336127976
11575
21814
7264
27832
28272
15526
361
25728
3618
27609
6832
18831
338508305
30387
15228
4437
28537
2403
27120
2570
18090
16653
24811
8116
21899
3873
16441
32130
31452
20292
2839
3537
19600
25010
26629
5690
28846
25537
27864
12327
20258
20388
20696
487708216
12365
29263
603
3208
3837
30107
27924
240807028
17897
29755
16608
14322
1002697786
3013
21161
13915
3618
27339
30064
6296
595326388
9971
126
24057
8354
32138
3622
20480
8095
16156
23185
13599
8038
205726043
9746
11477
12524
16801
17711
15612
6726
751469625
17855
28585
14230
24876
5550
27981
10162
22447
170563736
19161
9961
13844
8477
13220
18178
20008
7361
18710
15722
283
30701
3208
3121
7159
30786
12512
2430
10993
20511
25937
411296341
13358
30526
26747
14569
4290
32003
31011
4146
11079
28505
31945
31719
15966
22794
30975
21919
853
816737221
21600
3889
30650
7488
22265
23817
27566
30598
13934
285
23337
14068
24290
7402
48051220
1101
29563
18510
15177
15733
274736224
6452
25735
28565
22804
17943
862734580
6559
9171
13794
14005
17971
7635
24679
32565
5494
12359
29698
2515
13503
5799
586467680
18636
5391
3145
371774079
12338
279
28368
16187
27616
16156
21623
170563736
2302
3326
29623
4860
2152
20245
28429
19241
19692
714074387
21860
14231
2399
16465
29385
16075
12160
21308
12858
31040
659
22876
29294
19452
32279
26940
9101
31719
32368
14742
731778782
17120
7148
1429
9489
21046
11700
31872
74682447
12528
3177
11871
10239
14762
412314670
9541
6451
28444
31163
8402
4411
4039
436655511
22754
28967
28959
3183
121460354
125566797
32079
679988906
31249
16525
3226
8083
32359
28432
504
10908
5107
22808
23568
308135021
22649
16546
27740
11992
19904
24141
9005
30841
19669
5383
31550
1130
7912
17923
25869
17164
12987
12076
25403
27811
956019333
629502968
29042
5733
16078
27740
16636
18144
27589
16508
4289
28250
31248
4669
854
544
11247
743360030
4548
21002
929220377
27545
1000838916
8865
14956
9194
30995
1495
17293
18783
7941
31581
31094
26437
1
23930
28826
26940
31681
23908
948
1805
31002
30045
6412
7699
20539
9285
19672
770
7702811
7298
1010662399
22849
12639
15931
535
22688
28980
26769
27851
11228
12592
14580
32744
17795
24636
163
6602
27377
10419
30719
11281
22932
29433
27361
666680826
14703
19467
5927
19465
999980762
21468
162044272
627953980
22272
20292
26053
145
22112
23068
18141
535
28074
13749
26863
22107199
391995104
3004
23410
5217
14857
126
15211
17938
6243
6020
30937
29804
19158
11125
3361
31758
22852
13779
29369
25074
2338
7912
4316
453
6193
17624
8297
14283
20566
26566
31168
31175
26008
31349
31678
338473777
18893
20758
15240
8777
1881
29288
19806
19742
7568
9681
9619
9755
5366
2774
21185
4678
690174865
28908
26670
125317473
22764
24797
30345
28208
2568
18325
5934
11483
26405
30660
20528
30177
1450
1630
2770
20480
8670
30685
23341
30455941
17608
23373
24248
22112
15411
1805
24290
13116
29477
3891
12561
29541
28182
28800
10594
1825
31994
932870310
27664
11260
25011
13877
9913
16825
26325
7507
23981
23036
1901
9685
20175
1821
603237075
10146
16001
696550430
30578
16555
30212
17329
21703
12428
2125
12309
19233
11114
11128
18632
12241
606808542
9692
22426
13844
11951
28201
22385
8397
24394
29368
23410
1380
16596
32342
10673
8796
25741
6995
26460
6921
16219
3844
3903
413036793
29724
19366
627284578
12594
14160
5332
23275
8551
18740
15648
30234
16874
6674
7217
527561095
16539
10215
32221
8347
1050036006
1409
566838305
1433
6988
2794
16700
9465
12917
128300652
1073
12275
30212
503673703
660404287
12015
12664
12282
10727
2937
12999
25414
31828
2530
20948
4955
774273408
20697
6513
29695
14467
766
23359
26733
8574
5516
2752
24935
11326
18578
28307
28091
578478491
31337
10415
15697
16453
23817
9449
14325
18169
753583325
21375
25810
21783
31793
9681
452664850
22429
16088
319447048
25360
6050
19513
7801
31098
1498
26524
29444
21092
887478599
8362
11601
19969
25242
13113
22797
31945
816737221
1887
14355
27199
10861
31102
29434
6451
17884
7067
11312
9812
281954413
1306
21965
21227
20912
28390
29628
59
22869
416514636
26730
13031
639574732
32105
24406
20404
579994918
30677
2525
10427
15634
18114
14136
20779
28439
11480
6849
3320
1010
22235
31702
4289
26769
419843618
13844
27947
32309
474235359
24127
21049
9348
25242
911728746
3394
30460
4603
21343
15266
6381
5632
29914
31922
31803
29477
19256
24373
27583
22797
2754
14082
12526
23115
29890
23043
11977
7532
29362
8439
10381
8352
10822
14416
16188
26583
10981
27857
24622
21556
24094
5869
22237
15312
6294
14222
15978
31774
96280276
22522
17360
26054
7740
524710974
31703
8477
1970
27096
23720
15500
28904
27579
1699
3642
29435
19205
15294
595060784
14116
13029
18077
8682
28339
9772
1212
8390
1380
15994
4890
10427
5838
12369
20441
29457
23020
8233
30229
9076
774273408
8203
15549
26437
23719
338473777
26871
14333
8868
15024
24148
16436
28896
15673
27509
9797
3848
5593
7925
5686
14160
31128
21665
19197
1622
15912
196
20253
15563
59
13686
838439844
30171
8011
3823
6968
5785
31083
7805
19231
31719
14461
31285
7100
28311
2955
2404
598766748
15452
15116
3177
14431
30171
4528
4393
26222
16589
12902
27579
30434
2983
31163
24453
30538
9808
21900
22836
26562
16348
20528
28154
17173
17883
8080
338295181
2375
11705
788
22229
24069
6297
22115
82148120
18178
16693
9523
10845
14357
22629
3486
489964917
17291
88
354308601
11840
6833
31870
3848
3970
18096
15520
11594
9290
19617
25967
1634
31162
178810636
28545
1823
24888
30041
21803
10725
25528
210814659
32128
5103
19844
774273408
25410
31702
30468
32138
11684
983443529
23421
24111
3968
13915
1881
27482
11265
9303
4669
13388
16700
12370
14084
6832
17825
13534
5075
17907
653614581
103556062
12989
28187
11517
16797
9566
17051
20966
7422
26747
32003
28645
5997
25179
13674
11643
9485
25371
2180
26325
23421
11903
27947
75155942
21992
14144
26942
9613
32462
20758
1637
11439
4390
27808
17304
24522
5923
2445
24609
13846
12769
25313
16082
20236
4068
21600
19052
452324973
20500
15318
20404
30628
31610
3410
23590
14747
30438
13005
8392
8191
10105
12930
21496
17938
30383
17051
418716678
14269
20723
8865
6006
1211
16493
9720
15264
32540
3125
256132172
26928
32268
5327
21046
17856
28603
25398
30352
10975
18252
15826
20736
656836398
28666
28971
220
17624
20760
2971
32237
12858
7392
9928
32473
13300
31767
9915
12669
19839
60293015
16777
27119
1311
4933
23219
29807
22825
21131
20912
23373
30147
2173
17371
5453
32707
3193
17522
5116
25902
2857
4233
28288
9064
30913
30632
445714530
19227
12269
13388
940545260
73916613
12035
12423
31359
9051
12983
12314
24441
17714
19111
2379
18823
6948
931
7448
26366
919712937
21839
3076
9774
349
6011
18624
21846
16967
24048
14131
24155
13929
2589
18105
12320
7941
13151
3939
22168
10589
24650
4401
1622
1772
25478
14528
17116
15902
6540
28350
26921
7233
673185961
32555
22932
22021
20463
458972854
14029
31690
25582
16272
569734444
1073422240
41080995
14448
31555
28587
23119
1890
15822
13730
26444
18166
8390
6167
5823
220945303
17954
4528
1816
14231
727554050
3000
28621
126253024
9808
16822
17699
16544
3270
17352
26036
6002
11268
30116
24067
15489
22962
15626
451
15027
19999
615107669
17268
996802912
24614
29360
13654
17029
12639
30171
19802
456
21484
24578
29955
4991
1235
13992
31561
4307
16278
556970539
19485
870352080
30675
8247
16114
27079
17662
491
11801
19193
13948
6507
28520
17268
7190
10347
6764
12077
22445
489562056
5033
5823
11547
28201
30703
338295181
2851
731778782
406180676
26382
9316
16495
8537
13273
17602
22211
28832
16105
6005
21874
3606
967870919
28146
5988
28146
29994
16116
279
22272
7318
11601
16156
3749
17938
25723
16036
19750
12112
14194
25741
18105
2937
767919468
26449
4350
641700178
4435
31891
32470
10687
3948
23818
13742
6165
17903
29527
8874
67997714
397722060
32541
19969
950342940
5577
12211
21213
23612
2811
1229
15104
14689
5926
7475
9610
3649
29473
28944
23092
23857
31434
10239
4479
14528
26217
19402
17714
23771
10571
20951
27658
4890
14651
6521
14583
28182
783513214
935
28415
1498
5920
5804
23996
24514
16188
25902
24290
14090
11565
943641593
30529
319771701
14791
9088
21128
660123679
20240
29503
22771
10835
21335
29353
10875
719709653
15311
5339
4167
27464
27663
7913
907
17323
15654
16616
525354201
19844
6165
23273
719709653
6182
6651
16255
7
1417
20299
22896
30796
3979
31232
4385
12360
30194
6020
3458
9808
19825
161041602
22107199
22993
27931
147328370
17173
31581
23654
556970539
23044
16244
11700
30075
6777
31970
8236
1763
17358
28204
3843
20878
17711
19454
4125
12375
22647
669
104932799
25236
24666
27535
15370
17231
12181
12276
869125512
2936
24695
29986
24072
484847750
30115
935
29091
22142
190
4530
32671
14226
31521
16606
22074
20689
1420
31917
3473
11167
178810636
6580
16396
9490
25478
26786
21106
5118
29921
17144
14945
1189
9774
28643
1896
21802
3410
1567
11684
12814
15983
10157
5692
4964
20597
3346
31900
4385
26942
352587638
129705196
5376
15892
6584
15311
30324
30527
7260
903550391
4871
27042
27074
905202938
3740
25423
20872
21568
22560
18683
11389
3558
12546
9219
13965
29748
27763
31891
23341
18892
30622
17629
8001
8818
25657
17816
14338
12546
25749
9473
15238
20784
5888
17259
32224
13599
30898
11796
1508
23113
32500
489964917
586467680
16152
14046
29854
11796
30290
23036
14689
31085
19044
17844
16525
22123
941393521
9970
11459
31868
13710
10845
4661
3309
13220
22707
31837
26629
32073
7978
16682
3903
26444
15411
8014
19483
1416
19205
7473
13493
1157
17881
594
3819
23183
240807028
18096
7201
24165
32615
12076
10342
13051
574008312
544941872
32313
30315
3760
17360
29351
28600
32085
31480
10237
323
22707
10033
15680
32221
24034
19465
5517
25695
11388
25565
25197
31661
29358
9777
25537
7418
26809
563687975
17491
20723
25513
27103
31598
15822
20845
1528
9847
323
403
29724
25950
29846
32110
25832
2220
5158
5339
23386
27663
16653
26406
9101
30893
1536
12512
10260
26382
20067
945937836
2565
23540
410068421
1018502421
28019
27206
24811
13034
9485
7820
20013
21802
20013
30290
30618
26254
611
579529314
20624
16505
197151513
29930
19299
8354
23139
693879631
11751
32342
11376
15821
12546
13288
1051058464
1630
26838
15646
29179
28528
12699
640
15705
28943
12441
10349
12452
1047314878
17505
3402
12261
15754
23302
31915
22662
1526
18411
16116
23462
11638
10497
13324
32339
29578
14282
22377
5425
17473
415782637
3491
1564
25901
29805
32631
7945
8663
14376
24498
403
28315
11197
14136
19008
16429
28087
135
697648598
9618
27693
5097
28307
20634
29796
29808
920297866
25694
20317
17598
23080
23187
26901
2787
23358
31632
32386
31963
26813
22741
20675
3096
1111
3227
8340
23950
70831013
17231
27900
30334
11643
7163
14305
14569
19314
13029
13844
577326808
885544603
32624
27513
21540
4443
10088
5170
289283737
28772
556970539
28944
12164
7802
9256
23429
11903
23143
32704
13558
20391
3183
18550
5290
14325
5188
27499
29105
19424
28723
10178
15687
5946
7337
20612
6102
20377
31469
17971
29994
30617
9855
14991
17133
25757
6243
21604
16109
32669
18747
3272
22662
47533068
6255
15848
765183613
22647
31229
17971
8783
12553
23020
6606
32401
4565
14212
19766
13385
28494
12821
27322
757708501
363531728
14231
20511
17930
1067341414
12409
14022
20541
12564
30324
23896
484
679988906
15978
23981
232880166
28573
31418
1875
3665
3908
800
7423
25334
14261
25351
15149
31098
16965
5676
15411
9485
4149
6934
9017
27626
20794
6261
6807
13731
14141
413240584
25992
27566
2150
15715
23958
684396043
10381
8148
21672
3096
32751
21558371
2787
21558371
4528
189319800
21838
241931649
24373
8233
3693
1270
27321
72305829
7264
4706
28967
3055
8375
80479798
1071
20800
11827
5043
18696
1953
8009
445714530
21703
31334
20241
13581
26204
10778
8516
17221
7444
28461
30116
18153
3809
21127
14273
27456
10745
21381
26543
3506
25414
15626
12826
365
273
19927
28743
1512
23878
14171
17669
22930
14605
32559
18556
512717983
31280
16708
16184
24832
24319
5620
13001
18353
24954
19973
10223
180780725
17890
8375
18890
7389
187582753
29975
19567
30431
12196
14082
4532
21382
6020
27935
16716
3491
23185
6674
7121
1412
7092
25609
21358
880
126253024
16168
2794
2062
9506
29584
9641
13640
26439
9981
7663
773549742
22764
26337
3329
13641
12105
338295181
9923
3979
8482
5669
5857
30992
3391
10274
10916
27037
31307
19561
25785
183
32342
17241
26950
6279
30609
29899
24056
16169
14720
19674
661068008
13024
2654
32631
8336
651123870
18896
17330
17488
794887380
12883
17714
15724
22591
7165
25063
14355
8144
25942
18324
21126
2103
318
13455
31982
14482
11540
13256
19755
27494
11019
26358
23952
1630
18417
14634
15686
943641593
1071
21037
19642
30417
32645
17331
31764
856
679988906
3491
26319
6765
3520
11031
27924
16922
23921
31038
525615055
21325
211108331
9533
29890
16637
6698
10619
29181
28621
21468
20482
9403
12151
19301
25581
30786
20299
26468
13013
703102778
558337831
10884
5494
9352
26967
22471
15608
10657
30987
598766748
21378
30784
21182
14373
8205
12288
24433
13733
12646
1134
20705
18541
22361
30570
32401
29984
22245
28429
706268030
1330
2667
18153
19400
32473
21315
30677
15781
14441
11031
27037
20949
21662
21859
17624
24369
4884
25349
10497
23593
20949
22347
931
13608
403970002
5871
26543
21586
18543
9628
10365
27703
16523
30425
791073520
9340
915
30835
24150
17098
28761
4927
6483
31705
477935424
17824
3954
4962
29436
21151
23154
4936
28337
26679
393937018
25817
6087
16779
5043
773549742
660123679
13948
19692
779500217
32679
19603
32559
15435
16191
3844
27356
7448
31803
258233489
10673
22000
32437
11378
933
14638
31746
16439
9284
22347
1956
19543
21951
9626
615107669
16038
9695
8320
14619
14568
546002300
17382
14605
228939176
10083
6166
8670
19489
28992
28650
23685
2787
6303
3934
18415
19109
29135
23669
3939
7854
27039
28971
412314670
6159
25155
8271
595326388
31681
19159
26132
28485
31359
11207
3974
29892
161627742
20760
23337
3843
26116
8481
3326
9929
6246
2295
30075
25358
13759
13664
24249
14986
22885
2260
24558
16301
18814
22058
30992
22649
31793
29150
8946
2077
25049
2727
472049989
13934
14227
20891
27752
30652
10061
9171
1096
1655
6674
27796
7695
5366
17421
18519
2425
12428
23981
28958
15228
28772
32081
8291
13934
29948
13697
349
26913
22741
30077
165115540
4324
16641
2296
15983
21294
30452
14240
9287
24917
18114
29926
18885
1006217794
16038
731103676
14294
6349
1066723055
24405
22123
12319
430
27051
289296359
16116
5425
18265
24614
21150
28476
3818
18975
784359480
23612
30096
30530
23963
24375
30847
30868
31535
5494
12037
23590
21493
29300
29846
21838
5384
22338
14183
10625
29759
32176
12794
3142
409500200
6289
9144
28026
220945303
17358
12184
31102
65802008
28311
1540
18014
23585
91008485
31902
7159
28691
6479
8421
16802
2004
9005
406180676
27821
5366
17971
27331
29307
31841
439684006
3410
195837157
927476936
26023
319447048
16699
29032
12160
7388
18823
29921
9065
13503
20281
3395
12853
13948
21161
15142
31583
8457
21381
24441
23484
26921
4353
21375
14509
18326
1329
24625
19573
29644
24762
31729
14165
11607
2790
546002300
5457
10788
3845
9928
30284
30728
2627
7527
15631
27297
24884
29078
17119
19051
21977
22993
12275
20404
26758
25564
31412
5387
23395
16343
29610
30910
8188
23340
7564
24578
25902
629502968
31828
1340
31737
4907
10297
32007
3675
23920
26100
182644413
16359
9626
12655
7423
20696
4678
16629
22468
11072
21540
3588
11454
21999
13451
15940
14838
30863
8236
19976
31277
11472
11348
5315
11502
6215
15336
10297
23953
7666
1669
4857
16967
27419
26335
2378
2809
9885
7392
5336
4297
109740193
20528
10260
6960
23495
5888
5115
30618
13495
6856
17281
19869
11858
15199
11757
7681
389814741
8554
31723
22540
19870
16046
28645
21951
14742
13846
3138
8014
22189
13317
15834
11136
11987
12686
1942
13915
13377
2937
22069
9469
7690
6451
12387
3606
3837
128300652
1000838916
11775
8548
8456
7525
230550927
745
4452
16959
30893
23569
28598
25582
11877
19256
27663
27339
5494
10581
27835
31138
13025
25301
3943
21232
15838
5956
19674
15931
19205
21177
1360
5545
23492
9089
5690
10882
806420677
9397
24442
5002
29338
17478
4936
25657
13403
19807
1429
23139
20500
4778
1069
31375
30629
10384
7214
32128
26382
1002561502
10417
910204427
8300
866012715
801896748
12163
1394
22869
18090
21940
10615
27689
7072
1054787580
44686969
10950
26144
26835
734285744
308135021
11178
9171
30111
10760
15024
9767
19599
29689
7438
1037291984
28592
23341
18246
17120
7960
23168
5346
14941
807931849
9559
30960
753142558
8610
11358
31171
7860
1111
32268
23057
20557
26605
16523
10172
23975
13786
995964507
4757
6635
8612
931554459
11019
17691
711508022
26997
873307681
1788
23115
22852
1056158772
26166
32342
32105
8670
23719
2996
11031
29346
19573
29
14355
973
31950
13306
10529
26335
23407
28494
24146
1855
3539
18584
22115
1157
31592
16495
16424
2603
432795450
18333
683
15957
28545
27167
16068
27322
5999
16500
9601
24025
9666
30814
8311
21015
7573
29552
7690
8304
217612495
29908
579529314
28091
4324
2141
4258
7652
24578
20903
9132
27697
32221
10837
28415
28616
15561
22265
8868
22825
14170
29264
1560
2416
25369
11148
29531
12191
25256
360
5537
18629
65802008
967576283
12036
26585
12821
6259
26593
2778
17293
615107669
30937
29087
19869
30142
28454
7100
24150
15874
17203
7866
22734
18305
22395
659813230
13355
4184
24146
5936
31375
1380
8874
29804
5607
14679
3294
17263
31434
18659
31566
88
22955
31580
23076
4693
13459
22866
6883
29464
887538942
29682
22211
9132
28327
23180
22572
31317
21860
23017
3200
12696
15634
8915
26562
6050
24277
27981
11329
3348
670
17334
1901
31361
1508
16251
29748
15321
7695
648
4693
17825
23340
14569
907
12788
11137
16237
13434
14227
16525
1281
1106
22265
22077
15705
23922
503012824
303852297
27068
7617
8516
31357
10858
9961
7912
9688
14393
1901
5103
28176
4039
29179
12734
379967182
23245
24549
3519
836739722
11031
27532
19217
14075
29060
20949
21920
3942
17348
14083
7848
757708501
17824
12269
16328
293274654
31935
172005668
1158
27470
7059
5818
10539
9566
60293015
17863
26399
8065
26711
25334
28244
32472
21158
24184
30209
5801
21037
29030
12015
1091
4982
28159
19790
18325
10107
5716
12251
20388
10696
27438
11691
21697
9005
9597
9171
9137
26466
17684
2467
32656
4669
27404
9448
7527
31337
97275081
6131
20269
8832
13250
21748
22591
23038
16173
5420
237755339
16152
3030
16188
366055874
124
25082
24091
878581851
30520
2077
16599
13654
27702
6816
16518
7532
20603
792002018
6513
9626
23622
26222
19099
21998
25358
957
5033
23960
17331
12378
3364
347507006
30192
8002
21382
23587
25132
11144
9847
12385
25869
29055
29686217
1958
8651
21546
16779
25146
8537
79
24552
24136
4208
30005
27910
19300
31116
14237
15240
10835
16441
2077
17620
371297885
13031
24290
2808
28423
19002
27694
30358
24150
471963770
25955
15874
27460
7159
28528
6602
1210
13906
2759
30427
5103
14344
9626
3607
29415
24451
1455
21974
31854
19848
12161
26193
13356
20612
970631373
11321
17173
8611
16292
32710
30171
11509
1010662399
15169
14095
28282
26492
8678
26382
10260
11757
22688
24614
398357848
8796
24254
20358
636435218
13355
27087
1192
7368
32229
30611
46139082
5014
7636
25132
1048808252
9532
12478
28474
16596
160477267
27646
30847
6808
212958694
28687
31083
27973
6898
30229
3490
20746
20125
2555
25012
24967
30835
1531
13010
21519
283396534
23568
4186
31387
23187
1994
23896
24679
3378881
20953
29762
13288
15435
22467
7430
23340
24121
5593
23669
14467
3643
22223
29075
30041
30045
3677
6255
12917
25179
5534
25923
29433
31033
1243
28670
10050
5
28621
24184
29344
10342
29807
31248
29344
5698
22863
26882
18254
25695
26566
17586
23340
29497
17358
20634
319771701
12410
28992
4542
23273
18844
29571
18096
27824
82148120
10196
22629
11505
11153
7690
30171
28508
950342940
910204427
8462
7803
23119
23588
29060
8442
10518
17040
24692
26808
10248
142540814
29239
5622
23685
32744
8446
14338
24369
8554
29925
6050
3026
9449
16887
393937018
18618
6722
7978
6275
929
4640
23133
7402
6451
10050
25653
26737
23299
2052
19692
14213
24767
399
14027
18567
12015
10677
30844
30267
1306
21767
11268
24318
23233
27178
16221
15700
2794
18178
9784
667
10637
14945
