500
2 207327
5 173995
13 132089
19 30785
29 433665
47 26249
67 64714
73 55121
79 621001
101 175685
113 169419
131 163771
137 55981
149 667801
151 66823
167 10603
173 30945
179 87327
181 185737
193 24833
199 181375
227 221937
233 306361
239 53923
251 202371
257 65729
263 519633
277 39518
281 324721
283 127459
293 590479
307 264326
331 227361
353 14485
383 224879
409 313846
419 2801
433 487231
439 176177
443 584767
457 232201
461 130731
479 50689
491 111937
509 873355
521 159557
557 142849
563 44269
569 73230
607 10891
613 633697
619 388811
631 433341
643 219154
677 80385
683 358285
691 91351
719 471255
739 358753
743 124870
761 573481
811 74650
829 147391
859 10501
863 572743
877 335441
883 82948
887 282332
919 204001
941 295276
947 224472
967 3466
971 246403
977 277488
1039 261636
1051 516337
1087 159937
1109 340417
1117 97761
1129 162046
1187 441457
1229 18661
1231 30047
1259 833449
1277 772487
1279 15129
1283 65541
1301 859751
1307 35251
1319 504907
1367 578425
1373 918457
1399 241531
1409 120295
1423 428702
1427 122581
1433 619796
1447 125569
1451 924484
1471 168561
1481 92021
1483 88331
1489 267001
1493 104166
1511 364031
1523 495331
1543 889641
1549 462497
1559 447427
1571 53626
1579 242761
1607 7567
1609 26879
1621 184339
1657 728833
1667 150401
1669 240193
1693 573406
1697 31364
1699 399382
1721 432355
1723 390221
1741 41727
1759 536917
1777 69901
1811 727948
1831 59275
1847 31311
1867 74341
1871 33571
1877 29950
1901 100383
1907 9381
1931 11409
2017 20527
2029 172501
2063 661689
2069 344419
2087 81280
2099 36520
2113 65953
2153 187474
2179 89007
2207 611777
2237 709735
2239 277642
2243 372601
2251 600079
2267 11192
2269 312755
2287 179333
2293 1993
2311 35582
2347 17408
2351 47571
2357 175593
2381 144110
2383 45233
2393 192787
2399 217552
2411 185720
2459 507739
2473 331081
2591 223509
2593 122181
2617 250039
2663 736784
2671 15265
2683 129418
2687 508357
2689 708797
2749 808681
2753 71425
2767 26282
2801 88
2851 26599
2879 73936
2887 179895
2917 45249
2963 346481
3001 51451
3089 769739
3119 39577
3121 170559
3137 101641
3163 145345
3167 176608
3203 189244
3217 325501
3253 13985
3257 265609
3259 201553
3271 205005
3307 26555
3359 134236
3361 112608
3389 151681
3407 193340
3413 939589
3457 55101
3461 72761
3469 51966
3517 348173
3533 299281
3539 49791
3541 155761
3547 14167
3571 197452
3581 315011
3593 179147
3607 359724
3613 88921
3623 78352
3677 723113
3697 66295
3701 150599
3719 266641
3733 69095
3761 329895
3769 248698
3793 22402
3797 4973
3803 242491
3821 517222
3823 57913
3833 261577
3847 20497
3853 231953
3863 652784
3911 7831
3947 30133
3967 185821
3989 170101
4003 647452
4073 143107
4079 15408
4091 190081
4157 5644
4229 16761
4231 487026
4243 573883
4259 487225
4283 221001
4327 365926
4349 533141
4409 721132
4421 67979
4441 19044
4447 747616
4457 35851
4463 233921
4523 2576
4603 442861
4621 70951
4637 74621
4639 72705
4643 19699
4663 303370
4673 235411
4679 391021
4703 152398
4721 130638
4729 418129
4751 22681
4759 317029
4787 81856
4831 64527
4861 733587
4871 123241
4877 146413
4889 87137
4903 375255
4931 160348
4933 110981
4937 457105
4969 55121
4973 183316
5003 227356
5021 124993
5059 45951
5081 72286
5113 792941
5119 438441
5147 95373
5189 207157
5197 223267
5209 793593
5227 240313
5231 4321
5279 58591
5281 147511
5309 302
5351 507249
5387 36479
5399 261889
5413 55335
5419 59025
5431 11173
5437 12375
5441 96304
5443 280089
5477 205961
5483 137116
5519 91272
5573 17467
5647 543483
5657 130721
5659 245531
5669 691337
5683 33328
5693 1571
5791 100937
5801 71493
5807 13609
5813 59641
5851 65661
5857 17381
5861 142147
5869 502358
5897 12937
5939 59901
6011 812521
6047 14602
6067 278669
6091 392401
6101 494833
6113 514066
6143 699543
6163 8756
6173 30516
6203 147408
6217 58451
6247 387193
6269 191837
6271 477205
6299 182407
6301 105281
6329 315041
6337 25831
6343 213001
6389 164497
6427 265321
6451 488481
6473 441471
6481 227131
6491 504649
6521 6777
6569 271359
6599 603645
6653 129025
6661 652491
6689 510563
6701 134641
6733 144665
6761 399735
6803 125401
6827 146829
6829 171986
6833 551521
6857 66081
6863 907441
6869 5326
6883 11265
6907 225829
6911 148614
6949 245311
6967 843533
6977 15748
7039 145318
7043 68021
7057 290837
7069 235468
7103 242515
7121 149966
7187 187111
7193 19013
7207 126587
7211 211737
7213 72913
7219 6553
7237 317728
7243 40738
7297 145705
7307 55956
7333 144971
7369 15391
7393 410126
7417 468785
7433 150933
7457 549433
7477 118042
7481 127225
7489 641832
7507 55753
7523 113501
7529 786855
7549 195766
7589 73501
7591 662689
7607 644521
7639 30381
7669 64391
7703 276574
7717 40978
7727 731512
7741 174241
7757 513507
7759 31406
7841 626837
7873 354615
7883 457453
7927 553571
7951 571539
7963 429
7993 160783
8011 564001
8087 673084
8089 1803
8101 7561
8167 232066
8209 56098
8219 505633
8221 11287
8243 54036
8269 351136
8293 69949
8297 377313
8329 194041
8443 633413
8461 239799
8513 779403
8537 133009
8543 810901
8581 137905
8623 50246
8627 464465
8629 266401
8641 225181
8663 54989
8669 141047
8689 201829
8693 612041
8699 177159
8719 61846
8753 12101
8779 111538
8821 119289
8831 789073
8867 246385
8923 106873
8929 69979
8933 485249
8969 869347
8971 270358
9001 88297
9059 148321
9103 720820
9109 25721
9133 6449
9181 794534
9187 430462
9203 243271
9221 97752
9257 577
9277 1575
9281 433297
9283 42295
9319 19433
9323 507609
9349 486844
9391 404041
9403 29797
9413 464897
9437 476239
9439 158313
9467 21011
9491 95566
9511 74726
9547 257057
9587 26227
9619 10453
9649 7305
9661 322373
9689 159104
9697 148293
9721 530965
9733 155421
9739 667591
9743 16441
9781 322075
9803 349057
9817 113401
9829 363043
9857 708496
9883 228007
9887 5498
9907 96796
9923 329377
9929 52609
9941 59707

