1000
2 1000000
3 1000000
5 1000000
7 1000000
11 1000000
13 1000000
17 1000000
19 1000000
23 1000000
29 1000000
31 1000000
37 1000000
41 1000000
43 1000000
47 1000000
53 1000000
59 1000000
61 1000000
67 1000000
71 1000000
73 1000000
79 1000000
83 1000000
89 1000000
97 1000000
101 1000000
103 1000000
107 1000000
109 1000000
113 1000000
127 1000000
131 1000000
137 1000000
139 1000000
149 1000000
151 1000000
157 1000000
163 1000000
167 1000000
173 1000000
179 1000000
181 1000000
191 1000000
193 1000000
197 1000000
199 1000000
211 1000000
223 1000000
227 1000000
229 1000000
233 1000000
239 1000000
241 1000000
251 1000000
257 1000000
263 1000000
269 1000000
271 1000000
277 1000000
281 1000000
283 1000000
293 1000000
307 1000000
311 1000000
313 1000000
317 1000000
331 1000000
337 1000000
347 1000000
349 1000000
353 1000000
359 1000000
367 1000000
373 1000000
379 1000000
383 1000000
389 1000000
397 1000000
401 1000000
409 1000000
419 1000000
421 1000000
431 1000000
433 1000000
439 1000000
443 1000000
449 1000000
457 1000000
461 1000000
463 1000000
467 1000000
479 1000000
487 1000000
491 1000000
499 1000000
503 1000000
509 1000000
521 1000000
523 1000000
541 1000000
547 1000000
557 1000000
563 1000000
569 1000000
571 1000000
577 1000000
587 1000000
593 1000000
599 1000000
601 1000000
607 1000000
613 1000000
617 1000000
619 1000000
631 1000000
641 1000000
643 1000000
647 1000000
653 1000000
659 1000000
661 1000000
673 1000000
677 1000000
683 1000000
691 1000000
701 1000000
709 1000000
719 1000000
727 1000000
733 1000000
739 1000000
743 1000000
751 1000000
757 1000000
761 1000000
769 1000000
773 1000000
787 1000000
797 1000000
809 1000000
811 1000000
821 1000000
823 1000000
827 1000000
829 1000000
839 1000000
853 1000000
857 1000000
859 1000000
863 1000000
877 1000000
881 1000000
883 1000000
887 1000000
907 1000000
911 1000000
919 1000000
929 1000000
937 1000000
941 1000000
947 1000000
953 1000000
967 1000000
971 1000000
977 1000000
983 1000000
991 1000000
997 1000000
1009 1000000
1013 1000000
1019 1000000
1021 1000000
1031 1000000
1033 1000000
1039 1000000
1049 1000000
1051 1000000
1061 1000000
1063 1000000
1069 1000000
1087 1000000
1091 1000000
1093 1000000
1097 1000000
1103 1000000
1109 1000000
1117 1000000
1123 1000000
1129 1000000
1151 1000000
1153 1000000
1163 1000000
1171 1000000
1181 1000000
1187 1000000
1193 1000000
1201 1000000
1213 1000000
1217 1000000
1223 1000000
1229 1000000
1231 1000000
1237 1000000
1249 1000000
1259 1000000
1277 1000000
1279 1000000
1283 1000000
1289 1000000
1291 1000000
1297 1000000
1301 1000000
1303 1000000
1307 1000000
1319 1000000
1321 1000000
1327 1000000
1361 1000000
1367 1000000
1373 1000000
1381 1000000
1399 1000000
1409 1000000
1423 1000000
1427 1000000
1429 1000000
1433 1000000
1439 1000000
1447 1000000
1451 1000000
1453 1000000
1459 1000000
1471 1000000
1481 1000000
1483 1000000
1487 1000000
1489 1000000
1493 1000000
1499 1000000
1511 1000000
1523 1000000
1531 1000000
1543 1000000
1549 1000000
1553 1000000
1559 1000000
1567 1000000
1571 1000000
1579 1000000
1583 1000000
1597 1000000
1601 1000000
1607 1000000
1609 1000000
1613 1000000
1619 1000000
1621 1000000
1627 1000000
1637 1000000
1657 1000000
1663 1000000
1667 1000000
1669 1000000
1693 1000000
1697 1000000
1699 1000000
1709 1000000
1721 1000000
1723 1000000
1733 1000000
1741 1000000
1747 1000000
1753 1000000
1759 1000000
1777 1000000
1783 1000000
1787 1000000
1789 1000000
1801 1000000
1811 1000000
1823 1000000
1831 1000000
1847 1000000
1861 1000000
1867 1000000
1871 1000000
1873 1000000
1877 1000000
1879 1000000
1889 1000000
1901 1000000
1907 1000000
1913 1000000
1931 1000000
1933 1000000
1949 1000000
1951 1000000
1973 1000000
1979 1000000
1987 1000000
1993 1000000
1997 1000000
1999 1000000
2003 1000000
2011 1000000
2017 1000000
2027 1000000
2029 1000000
2039 1000000
2053 1000000
2063 1000000
2069 1000000
2081 1000000
2083 1000000
2087 1000000
2089 1000000
2099 1000000
2111 1000000
2113 1000000
2129 1000000
2131 1000000
2137 1000000
2141 1000000
2143 1000000
2153 1000000
2161 1000000
2179 1000000
2203 1000000
2207 1000000
2213 1000000
2221 1000000
2237 1000000
2239 1000000
2243 1000000
2251 1000000
2267 1000000
2269 1000000
2273 1000000
2281 1000000
2287 1000000
2293 1000000
2297 1000000
2309 1000000
2311 1000000
2333 1000000
2339 1000000
2341 1000000
2347 1000000
2351 1000000
2357 1000000
2371 1000000
2377 1000000
2381 1000000
2383 1000000
2389 1000000
2393 1000000
2399 1000000
2411 1000000
2417 1000000
2423 1000000
2437 1000000
2441 1000000
2447 1000000
2459 1000000
2467 1000000
2473 1000000
2477 1000000
2503 1000000
2521 1000000
2531 1000000
2539 1000000
2543 1000000
2549 1000000
2551 1000000
2557 1000000
2579 1000000
2591 1000000
2593 1000000
2609 1000000
2617 1000000
2621 1000000
2633 1000000
2647 1000000
2657 1000000
2659 1000000
2663 1000000
2671 1000000
2677 1000000
2683 1000000
2687 1000000
2689 1000000
2693 1000000
2699 1000000
2707 1000000
2711 1000000
2713 1000000
2719 1000000
2729 1000000
2731 1000000
2741 1000000
2749 1000000
2753 1000000
2767 1000000
2777 1000000
2789 1000000
2791 1000000
2797 1000000
2801 1000000
2803 1000000
2819 1000000
2833 1000000
2837 1000000
2843 1000000
2851 1000000
2857 1000000
2861 1000000
2879 1000000
2887 1000000
2897 1000000
2903 1000000
2909 1000000
2917 1000000
2927 1000000
2939 1000000
2953 1000000
2957 1000000
2963 1000000
2969 1000000
2971 1000000
2999 1000000
3001 1000000
3011 1000000
3019 1000000
3023 1000000
3037 1000000
3041 1000000
3049 1000000
3061 1000000
3067 1000000
3079 1000000
3083 1000000
3089 1000000
3109 1000000
3119 1000000
3121 1000000
3137 1000000
3163 1000000
3167 1000000
3169 1000000
3181 1000000
3187 1000000
3191 1000000
3203 1000000
3209 1000000
3217 1000000
3221 1000000
3229 1000000
3251 1000000
3253 1000000
3257 1000000
3259 1000000
3271 1000000
3299 1000000
3301 1000000
3307 1000000
3313 1000000
3319 1000000
3323 1000000
3329 1000000
3331 1000000
3343 1000000
3347 1000000
3359 1000000
3361 1000000
3371 1000000
3373 1000000
3389 1000000
3391 1000000
3407 1000000
3413 1000000
3433 1000000
3449 1000000
3457 1000000
3461 1000000
3463 1000000
3467 1000000
3469 1000000
3491 1000000
3499 1000000
3511 1000000
3517 1000000
3527 1000000
3529 1000000
3533 1000000
3539 1000000
3541 1000000
3547 1000000
3557 1000000
3559 1000000
3571 1000000
3581 1000000
3583 1000000
3593 1000000
3607 1000000
3613 1000000
3617 1000000
3623 1000000
3631 1000000
3637 1000000
3643 1000000
3659 1000000
3671 1000000
3673 1000000
3677 1000000
3691 1000000
3697 1000000
3701 1000000
3709 1000000
3719 1000000
3727 1000000
3733 1000000
3739 1000000
3761 1000000
3767 1000000
3769 1000000
3779 1000000
3793 1000000
3797 1000000
3803 1000000
3821 1000000
3823 1000000
3833 1000000
3847 1000000
3851 1000000
3853 1000000
3863 1000000
3877 1000000
3881 1000000
3889 1000000
3907 1000000
3911 1000000
3917 1000000
3919 1000000
3923 1000000
3929 1000000
3931 1000000
3943 1000000
3947 1000000
3967 1000000
3989 1000000
4001 1000000
4003 1000000
4007 1000000
4013 1000000
4019 1000000
4021 1000000
4027 1000000
4049 1000000
4051 1000000
4057 1000000
4073 1000000
4079 1000000
4091 1000000
4093 1000000
4099 1000000
4111 1000000
4127 1000000
4129 1000000
4133 1000000
4139 1000000
4153 1000000
4157 1000000
4159 1000000
4177 1000000
4201 1000000
4211 1000000
4217 1000000
4219 1000000
4229 1000000
4231 1000000
4241 1000000
4243 1000000
4253 1000000
4259 1000000
4261 1000000
4271 1000000
4273 1000000
4283 1000000
4289 1000000
4297 1000000
4327 1000000
4337 1000000
4339 1000000
4349 1000000
4357 1000000
4363 1000000
4373 1000000
4391 1000000
4397 1000000
4409 1000000
4421 1000000
4423 1000000
4441 1000000
4447 1000000
4451 1000000
4457 1000000
4463 1000000
4481 1000000
4483 1000000
4493 1000000
4507 1000000
4513 1000000
4517 1000000
4519 1000000
4523 1000000
4547 1000000
4549 1000000
4561 1000000
4567 1000000
4583 1000000
4591 1000000
4597 1000000
4603 1000000
4621 1000000
4637 1000000
4639 1000000
4643 1000000
4649 1000000
4651 1000000
4657 1000000
4663 1000000
4673 1000000
4679 1000000
4691 1000000
4703 1000000
4721 1000000
4723 1000000
4729 1000000
4733 1000000
4751 1000000
4759 1000000
4783 1000000
4787 1000000
4789 1000000
4793 1000000
4799 1000000
4801 1000000
4813 1000000
4817 1000000
4831 1000000
4861 1000000
4871 1000000
4877 1000000
4889 1000000
4903 1000000
4909 1000000
4919 1000000
4931 1000000
4933 1000000
4937 1000000
4943 1000000
4951 1000000
4957 1000000
4967 1000000
4969 1000000
4973 1000000
4987 1000000
4993 1000000
4999 1000000
5003 1000000
5009 1000000
5011 1000000
5021 1000000
5023 1000000
5039 1000000
5051 1000000
5059 1000000
5077 1000000
5081 1000000
5087 1000000
5099 1000000
5101 1000000
5107 1000000
5113 1000000
5119 1000000
5147 1000000
5153 1000000
5167 1000000
5171 1000000
5179 1000000
5189 1000000
5197 1000000
5209 1000000
5227 1000000
5231 1000000
5233 1000000
5237 1000000
5261 1000000
5273 1000000
5279 1000000
5281 1000000
5297 1000000
5303 1000000
5309 1000000
5323 1000000
5333 1000000
5347 1000000
5351 1000000
5381 1000000
5387 1000000
5393 1000000
5399 1000000
5407 1000000
5413 1000000
5417 1000000
5419 1000000
5431 1000000
5437 1000000
5441 1000000
5443 1000000
5449 1000000
5471 1000000
5477 1000000
5479 1000000
5483 1000000
5501 1000000
5503 1000000
5507 1000000
5519 1000000
5521 1000000
5527 1000000
5531 1000000
5557 1000000
5563 1000000
5569 1000000
5573 1000000
5581 1000000
5591 1000000
5623 1000000
5639 1000000
5641 1000000
5647 1000000
5651 1000000
5653 1000000
5657 1000000
5659 1000000
5669 1000000
5683 1000000
5689 1000000
5693 1000000
5701 1000000
5711 1000000
5717 1000000
5737 1000000
5741 1000000
5743 1000000
5749 1000000
5779 1000000
5783 1000000
5791 1000000
5801 1000000
5807 1000000
5813 1000000
5821 1000000
5827 1000000
5839 1000000
5843 1000000
5849 1000000
5851 1000000
5857 1000000
5861 1000000
5867 1000000
5869 1000000
5879 1000000
5881 1000000
5897 1000000
5903 1000000
5923 1000000
5927 1000000
5939 1000000
5953 1000000
5981 1000000
5987 1000000
6007 1000000
6011 1000000
6029 1000000
6037 1000000
6043 1000000
6047 1000000
6053 1000000
6067 1000000
6073 1000000
6079 1000000
6089 1000000
6091 1000000
6101 1000000
6113 1000000
6121 1000000
6131 1000000
6133 1000000
6143 1000000
6151 1000000
6163 1000000
6173 1000000
6197 1000000
6199 1000000
6203 1000000
6211 1000000
6217 1000000
6221 1000000
6229 1000000
6247 1000000
6257 1000000
6263 1000000
6269 1000000
6271 1000000
6277 1000000
6287 1000000
6299 1000000
6301 1000000
6311 1000000
6317 1000000
6323 1000000
6329 1000000
6337 1000000
6343 1000000
6353 1000000
6359 1000000
6361 1000000
6367 1000000
6373 1000000
6379 1000000
6389 1000000
6397 1000000
6421 1000000
6427 1000000
6449 1000000
6451 1000000
6469 1000000
6473 1000000
6481 1000000
6491 1000000
6521 1000000
6529 1000000
6547 1000000
6551 1000000
6553 1000000
6563 1000000
6569 1000000
6571 1000000
6577 1000000
6581 1000000
6599 1000000
6607 1000000
6619 1000000
6637 1000000
6653 1000000
6659 1000000
6661 1000000
6673 1000000
6679 1000000
6689 1000000
6691 1000000
6701 1000000
6703 1000000
6709 1000000
6719 1000000
6733 1000000
6737 1000000
6761 1000000
6763 1000000
6779 1000000
6781 1000000
6791 1000000
6793 1000000
6803 1000000
6823 1000000
6827 1000000
6829 1000000
6833 1000000
6841 1000000
6857 1000000
6863 1000000
6869 1000000
6871 1000000
6883 1000000
6899 1000000
6907 1000000
6911 1000000
6917 1000000
6947 1000000
6949 1000000
6959 1000000
6961 1000000
6967 1000000
6971 1000000
6977 1000000
6983 1000000
6991 1000000
6997 1000000
7001 1000000
7013 1000000
7019 1000000
7027 1000000
7039 1000000
7043 1000000
7057 1000000
7069 1000000
7079 1000000
7103 1000000
7109 1000000
7121 1000000
7127 1000000
7129 1000000
7151 1000000
7159 1000000
7177 1000000
7187 1000000
7193 1000000
7207 1000000
7211 1000000
7213 1000000
7219 1000000
7229 1000000
7237 1000000
7243 1000000
7247 1000000
7253 1000000
7283 1000000
7297 1000000
7307 1000000
7309 1000000
7321 1000000
7331 1000000
7333 1000000
7349 1000000
7351 1000000
7369 1000000
7393 1000000
7411 1000000
7417 1000000
7433 1000000
7451 1000000
7457 1000000
7459 1000000
7477 1000000
7481 1000000
7487 1000000
7489 1000000
7499 1000000
7507 1000000
7517 1000000
7523 1000000
7529 1000000
7537 1000000
7541 1000000
7547 1000000
7549 1000000
7559 1000000
7561 1000000
7573 1000000
7577 1000000
7583 1000000
7589 1000000
7591 1000000
7603 1000000
7607 1000000
7621 1000000
7639 1000000
7643 1000000
7649 1000000
7669 1000000
7673 1000000
7681 1000000
7687 1000000
7691 1000000
7699 1000000
7703 1000000
7717 1000000
7723 1000000
7727 1000000
7741 1000000
7753 1000000
7757 1000000
7759 1000000
7789 1000000
7793 1000000
7817 1000000
7823 1000000
7829 1000000
7841 1000000
7853 1000000
7867 1000000
7873 1000000
7877 1000000
7879 1000000
7883 1000000
7901 1000000
7907 1000000
7919 1000000

