1000
2 227425
7 105001
11 70345
13 32477
17 41371
19 228127
23 813025
29 36193
31 60321
37 42884
41 558667
43 18145
47 904386
53 272832
71 30431
79 637177
89 313694
97 154175
101 2290
103 403031
107 355301
113 56948
127 102385
139 66049
149 780090
151 34441
157 559681
167 181430
173 322729
179 351865
181 196801
191 12041
193 239697
197 724461
199 196812
211 162451
223 97581
227 426651
229 416157
233 242001
239 144856
241 88401
251 409432
257 34561
269 537491
271 252307
277 157942
281 27586
283 87310
293 333023
307 330201
311 460981
317 10751
331 206041
337 76951
347 539029
349 123729
353 7593
359 127459
367 875197
373 150229
379 124321
383 402457
389 11301
397 191843
401 421641
409 77221
421 240481
431 696576
439 104945
443 280121
449 30933
457 25273
463 248761
467 604501
479 679468
487 828478
491 8438
499 139721
503 203393
509 323896
521 26567
523 535278
547 2563
557 367984
569 189801
571 212001
577 427714
587 345611
593 218800
599 414289
601 106336
607 28127
613 122479
619 335377
631 584201
643 59686
661 139921
677 136641
683 16597
691 52641
701 171837
709 53441
719 247589
727 96281
733 532861
739 391405
743 491964
751 86001
757 2361
761 71733
773 133421
787 62731
797 161677
811 602437
821 34897
823 573843
829 200431
839 387397
853 87296
857 293021
859 27985
863 99082
877 137055
881 663397
887 100933
907 28801
911 5071
919 130561
937 283201
953 134191
967 188861
971 194035
977 312853
983 200813
991 102589
997 215587
1009 405406
1019 206001
1021 19321
1031 381518
1033 66786
1039 149203
1049 553488
1051 589573
1063 50406
1069 298937
1087 494761
1091 47881
1093 330751
1103 729488
1117 116181
1123 93196
1129 31925
1151 79819
1153 803867
1163 7601
1171 106252
1181 478021
1193 355521
1201 76861
1217 313237
1223 19483
1229 865525
1231 186903
1237 42285
1249 422236
1259 144376
1279 84108
1283 139811
1289 40753
1291 204817
1297 115625
1301 164957
1303 11881
1307 166013
1319 24131
1321 176716
1327 32043
1367 35911
1373 218065
1381 281113
1399 98911
1409 116623
1423 637527
1429 55761
1433 493813
1439 809517
1447 192238
1451 511489
1453 88291
1459 12785
1471 501731
1483 28216
1487 622251
1489 790625
1493 5859
1499 127161
1511 241425
1523 165551
1549 215776
1553 566441
1559 10952
1567 7534
1579 169593
1597 535565
1601 137215
1613 32399
1619 370541
1621 122795
1627 622351
1637 123778
1663 138891
1667 135199
1669 382378
1693 51745
1709 266455
1721 91334
1723 30412
1733 233733
1741 531862
1747 609551
1759 102379
1777 304561
1783 136276
1787 258130
1789 138828
1801 505345
1823 242677
1831 182326
1861 847281
1867 239761
1871 212136
1877 424665
1901 492776
1907 742528
1913 194569
1931 668851
1933 730497
1949 165691
1951 35569
1973 289276
1979 33251
1987 296841
1993 852721
2003 677026
2011 118774
2039 198221
2053 746917
2063 43825
2069 76801
2081 68998
2083 314085
2087 211632
2089 611236
2099 12781
2111 538681
2113 123691
2129 565811
2131 284626
2141 47479
2143 298201
2153 107001
2161 183571
2179 313536
2203 440551
2207 410719
2213 125245
2237 175
2243 305215
2251 173329
2267 819425
2269 549133
2273 26059
2281 8893
2287 91729
2293 425866
2309 139472
2311 119168
2333 161729
2339 523873
2341 3017
2351 436537
2357 490861
2371 28576
2377 265763
2383 67833
2389 221707
2393 682277
2399 69013
2411 51811
2417 375233
2423 171172
2437 25173
2459 6877
2467 293361
2473 535081
2477 11606
2521 995005
2531 22480
2539 276151
2549 207001
2551 684478
2557 41877
2579 295036
2591 434071
2609 161099
2621 541521
2633 25306
2647 222311
2657 344005
2671 511873
2677 48640
2683 13121
2687 240956
2693 591361
2699 364810
2707 717515
2713 285442
2719 183547
2729 218919
2731 169201
2741 32001
2749 37102
2753 37683
2767 575361
2777 596311
2789 61105
2791 209917
2797 165005
2819 833311
2833 33674
2837 347269
2843 278479
2851 8857
2857 48985
2861 207622
2879 483201
2887 302203
2897 145307
2903 28601
2909 208377
2927 433321
2953 303209
2963 92309
2969 115117
2971 390562
2999 323313
3001 243755
3011 407827
3019 246229
3023 566866
3041 31937
3049 399736
3061 390501
3067 133381
3089 354493
3109 254406
3119 39097
3121 574288
3137 290128
3167 85187
3169 111932
3181 646697
3187 382361
3191 452896
3203 12922
3209 813233
3217 925855
3221 446429
3229 39529
3251 340132
3257 142003
3259 393823
3299 83143
3301 229073
3307 353911
3313 565441
3319 674529
3323 43821
3329 405421
3331 247457
3343 53059
3359 102259
3361 10586
3371 326657
3373 35110
3389 412829
3391 438075
3407 430921
3413 58146
3433 224166
3449 7081
3457 13651
3461 39616
3467 92566
3469 10531
3491 98686
3499 105780
3511 355811
3529 635949
3533 18766
3541 554705
3547 599028
3557 166193
3559 5314
3571 333740
3581 155407
3583 153361
3593 200929
3607 524602
3617 398269
3623 273846
3631 126171
3643 466591
3659 310024
3671 66995
3673 544826
3677 561536
3691 270457
3697 316405
3701 237298
3727 660997
3733 10441
3739 3503
3761 212075
3769 637953
3779 116111
3793 2311
3797 66711
3803 83791
3821 655525
3823 2908
3833 268057
3847 80201
3851 159721
3853 399589
3863 163987
3877 712909
3889 284276
3907 52060
3917 417481
3919 29105
3923 154633
3929 122361
3931 244201
3943 198537
3947 144601
3967 165457
4001 199045
4007 39397
4013 553141
4019 797375
4021 183145
4027 421795
4049 361461
4051 92161
4057 37928
4073 838186
4079 544105
4091 213929
4093 302291
4099 575201
4111 27922
4127 558775
4129 293609
4133 683676
4139 13819
4153 132185
4157 80921
4159 122428
4177 155872
4201 140959
4211 19457
4219 24081
4241 280963
4253 104391
4259 245121
4261 78525
4271 415750
4273 10083
4283 80899
4289 33697
4297 291593
4337 5557
4339 317626
4349 22141
4357 414001
4363 18585
4373 198617
4391 195645
4397 730297
4409 382720
4423 19405
4441 2481
4447 326033
4451 356253
4457 519169
4463 262793
4481 12202
4483 75141
4493 627761
4507 415330
4513 506985
4517 19846
4519 437383
4523 151001
4549 152831
4561 55705
4567 619227
4583 81692
4591 552111
4597 86274
4621 321418
4637 354281
4639 40951
4643 7841
4649 61071
4657 243493
4663 464699
4673 390689
4679 40528
4703 60481
4721 171673
4723 874210
4729 244225
4783 818988
4787 307693
4793 77833
4799 546679
4817 12463
4831 103601
4871 86724
4889 87270
4903 311419
4909 60724
4931 154705
4933 127303
4937 584449
4943 236251
4951 165755
4967 286066
4969 368116
4973 282881
4987 925420
4993 94519
4999 601900
5003 127261
5009 494509
5011 58219
5021 2509
5023 159211
5039 43770
5059 53201
5077 191161
5081 136273
5087 153749
5099 48361
5101 204868
5107 504876
5113 583221
5119 283021
5167 334804
5179 408775
5189 14697
5197 237833
5227 839791
5233 436147
5261 94829
5273 74047
5279 211561
5281 229797
5297 485266
5309 550941
5323 348391
5333 112001
5351 4849
5381 659989
5387 71713
5393 757771
5399 223501
5407 564664
5413 194341
5417 579565
5419 58987
5431 184889
5437 95833
5441 12951
5449 468945
5471 527389
5477 151699
5479 76189
5483 116887
5501 611927
5503 909756
5507 768241
5519 93519
5521 734329
5531 444565
5557 489784
5563 120121
5569 113785
5573 821494
5581 239767
5591 31281
5623 337646
5641 263093
5647 381916
5651 185929
5653 442251
5659 151752
5669 119565
5683 519096
5689 350621
5693 148887
5711 130270
5717 625177
5737 78856
5741 63181
5743 652801
5749 27640
5779 207419
5783 43249
5791 94042
5801 161656
5807 173529
5813 705158
5821 133439
5827 253164
5839 236513
5843 449695
5849 72481
5851 111295
5857 106801
5861 24769
5867 337354
5869 429525
5879 295583
5881 894773
5897 69301
5927 185314
5939 390127
5953 423255
5981 168751
5987 764506
6007 219561
6011 274416
6037 829777
6043 479168
6047 615326
6053 210491
6067 524381
6073 327772
6089 177541
6091 372995
6101 54601
6113 174661
6121 373270
6131 41497
6133 376961
6143 370015
6151 357737
6163 113051
6173 326987
6197 235078
6203 360964
6217 356179
6229 50201
6247 5041
6257 34781
6263 38108
6277 409969
6299 373645
6301 77958
6311 150949
6317 338301
6323 341038
6329 157296
6337 100801
6353 5025
6359 767981
6361 40601
6367 519201
6379 18447
6389 543276
6397 199877
6427 509021
6451 756977
6473 66760
6481 18514
6521 470815
6529 84136
6553 434233
6563 743581
6569 303863
6571 219913
6577 303776
6581 62041
6607 126829
6619 309926
6653 19889
6659 325439
6661 65200
6673 290347
6679 222563
6689 857476
6691 20117
6703 127821
6709 125889
6719 173863
6733 62353
6737 385447
6763 107790
6781 50831
6793 119635
6803 418133
6827 98821
6829 61958
6833 80001
6841 332929
6857 358513
6869 13457
6871 49026
6907 156871
6911 337821
6917 656698
6947 96832
6949 479375
6961 248401
6967 511787
6971 8465
6977 228740
6991 30913
6997 12601
7013 250609
7027 180076
7039 51409
7057 2925
7069 6469
7079 299821
7103 190571
7109 912088
7127 159843
7129 87585
7151 179041
7177 306001
7187 60181
7193 135539
7211 505907
7219 351169
7237 417112
7243 112481
7247 116161
7253 221817
7283 218831
7297 431755
7307 171809
7309 33763
7331 21587
7333 1519
7349 231679
7351 204528
7369 143207
7393 429301
7411 522515
7433 142618
7451 236456
7477 448295
7481 328605
7487 338976
7507 196713
7523 26266
7529 82081
7541 263999
7549 66376
7559 49475
7561 456787
7573 697411
7577 748585
7583 390825
7591 262373
7607 148429
7621 140101
7639 197065
7643 40461
7669 85801
7673 737801
7681 322654
7687 280801
7691 252725
7699 38441
7717 103425
7723 183601
7727 270630
7741 96225
7753 267875
7757 720801
7789 366056
7793 657576
7817 542098
7823 154803
7829 241961
7841 172060
7853 833093
7867 283197
7873 388634
7877 175649
7879 362557
7883 58217
7901 690563
7907 158632
7919 86090
7927 164261
7933 573397
7937 385561
7951 181807
7963 473281
7993 470681
8011 297991
8017 741851
8039 301943
8053 26658
8059 574561
8069 15975
8081 300601
8087 217461
8089 131658
8093 44556
8117 695176
8147 300493
8161 932868
8167 107713
8171 89992
8179 295669
8191 278466
8219 266637
8221 643211
8231 72073
8233 553
8237 894188
8243 417481
8269 210651
8273 80713
8287 19258
8291 5353
8293 236521
8297 502276
8311 139357
8317 42631
8329 206813
8363 210218
8369 163453
8387 503399
8389 422089
8419 275773
8423 474252
8429 42022
8431 21755
8443 23377
8447 54285
8461 33217
8467 610039
8501 350391
8513 202301
8521 133481
8537 147829
8539 18001
8543 173076
8563 475397
8573 84281
8581 100773
8599 389621
8609 107587
8623 20164
8627 357001
8629 408107
8641 58528
8647 41840
8669 56605
8681 33321
8689 142481
8693 295730
8707 7239
8713 334243
8731 440361
8737 315449
8741 473025
8747 120401
8753 806383
8761 18376
8779 41289
8783 240996
8803 21567
8819 95976
8821 117761
8831 831341
8837 215992
8839 586923
8849 95494
8863 141604
8867 20149
8887 9517
8893 164187
8923 306181
8929 111931
8941 453956
8951 47321
8963 48288
8969 95179
8999 20023
9001 186875
9007 24481
9011 46411
9041 187001
9043 774900
9049 529894
9059 52171
9067 415759
9091 1591
9103 52820
9127 406646
9133 71557
9137 59201
9151 25537
9157 303026
9161 89179
9173 522609
9181 29701
9199 163297
9203 475253
9227 53848
9241 385089
9257 137116
9277 249921
9281 458173
9283 311905
9319 371185
9323 795297
9337 207923
9341 832385
9343 49141
9371 321297
9377 391834
9391 350596
9397 242099
9403 250370
9413 62836
9419 277629
9421 2081
9433 99959
9437 26041
9439 9954
9463 22357
9473 672193
9491 690657
9497 792793
9511 643875
9521 82999
9539 40599
9547 178529
9551 154737
9587 343435
9613 194401
9619 479425
9623 367081
9629 155771
9631 129031
9643 982
9661 16246
9677 35777
9679 864349
9689 56012
9697 55579
9719 67501
9721 139503
9733 4423
9739 22111
9743 249953
9749 216841
9767 33137
9769 827031
9781 41303
9787 615881
9791 97651
9803 22471
9811 235249
9829 373441
9833 259741
9839 3031
9851 92215
9859 371435
9883 114725
9887 296023
9901 97791
9907 137287
9929 243145
9931 537055
9941 286963
9949 6211
9967 387087

