200
2 95322
3 29242
179 72772
197 5587
229 30295
277 34411
379 25429
397 68501
449 841
461 84817
491 18606
569 222555
593 218541
599 5761
601 162191
641 721
653 47873
661 129654
683 2857
751 18448
839 9223
977 85793
983 142353
997 76885
1009 89013
1229 9481
1231 76936
1249 81916
1373 75041
1399 7475
1459 125833
1481 106429
1493 75037
1499 4231
1549 86559
1567 144376
1609 43982
1709 156365
1733 54777
1741 21889
1787 31383
1811 197626
1901 14987
1907 5125
1931 192760
2083 898
2087 44331
2141 23385
2203 108771
2309 91053
2333 39961
2351 66361
2417 170317
2473 11661
2549 221099
2617 52321
2689 20189
2693 196968
2753 149151
2777 17459
2833 33902
2861 1081
2879 9401
2897 44744
2963 188124
3001 84631
3079 225095
3083 3691
3121 10770
3169 101107
3181 13941
3221 25621
3253 151791
3257 58672
3307 2262
3313 11441
3359 48115
3371 104006
3373 94582
3391 69385
3433 155653
3449 128701
3529 72661
3539 78779
3547 73677
3559 21718
3593 11851
3727 68451
3739 101995
3779 13826
3793 451
3847 165885
3851 61938
3917 41003
4093 162111
4139 11137
4273 60845
4337 239
4349 89545
4421 174538
4481 145801
4523 186590
4663 105953
4679 198
4691 134686
4721 3649
4793 82547
4817 65125
4871 46117
4903 20516
4909 12156
4919 30590
5011 81055
5077 72451
5101 5903
5113 148241
5209 13021
5279 9813
5297 8037
5399 37991
5501 6661
5503 156768
5581 3231
5657 123133
5783 70669
5791 165005
5813 32454
5839 23799
5869 117601
5923 88939
5939 28439
6067 77353
6121 21433
6221 60631
6263 219881
6287 6714
6397 7076
6421 72298
6427 6577
6491 87361
6577 25917
6659 60503
6701 58548
6791 241
6793 129259
6823 47953
6829 116313
6911 7627
6949 36407
6967 25081
6991 120905
6997 23689
7027 195597
7127 128233
7129 13825
7187 37633
7213 7381
7219 170313
7237 28144
7547 172082
7687 143263
7753 111265
7789 123865
7829 107381
7841 8681
7919 3382
7949 52866
7951 24511
8069 13288
8081 12636
8117 82601
8123 47440
8171 10702
8269 124730
8363 55705
8423 15868
8513 14593
8521 2237
8543 125551
8563 6439
8573 3631
8629 188709
8677 4529
8689 14553
8783 16615
8819 70120
8929 30821
8963 203206
8999 177860
9013 15061
9281 7421
9349 19111
9403 21557
9419 43975
9431 215202
9467 40015
9533 111001
9719 17776
9733 178363
9923 17761

