220 240 7
157 681 526 658 920 470 411 461 269 599 509 465 327 217 838 386 325 698 717 262 676 966 199 940 201 673 274 333 464 957 255 593 4 322 304 24 218 946 759 234 890 47 303 505 687 236 783 272 119 750 852 85 226 125 299 330 633 422 805 570 474 126 904 877 381 850 729 342 405 762 925 594 376 626 437 668 792 69 263 846 723 285 605 745 100 922 609 776 89 241 538 511 570 953 262 559 735 37 5 778 47 393 154 265 856 348 39 804 4 752 887 336 953 671 944 142 156 934 198 64 766 534 471 282 169 176 541 229 74 195 267 467 160 383 238 100 473 999 803 104 42 990 358 380 754 296 582 271 104 472 143 864 969 253 688 914 704 771 415 55 501 439 79 496 646 728 413 58 695 165 427 644 832 667 393 412 862 873 361 4 27 355 848 292 781 28 715 966 397 617 740 722 570 960 883 561 952 102 943 184 104 69 69 955 79 739 944 396 880 661 463 800 443 191 392 257 718 492 431
168 141
24 60
88 216
190 78
86 198
17 26
68 58
155 175
47 102
220 12
87 136
177 132
184 147
10 27
182 35
166 63
202 150
102 196
80 196
154 100
143 36
171 127
15 112
124 197
190 89
10 63
83 201
179 118
97 103
70 112
3 162
197 80
2 71
14 194
76 118
12 41
213 185
95 116
140 61
218 97
194 156
116 209
68 141
163 30
176 26
112 156
204 45
59 132
39 191
52 76
206 76
138 177
16 82
75 215
10 14
158 9
40 129
76 219
70 160
36 58
36 65
96 163
95 12
173 52
118 170
158 157
197 161
138 189
121 194
117 2
66 158
83 77
199 86
74 23
70 143
111 125
42 150
12 13
123 105
205 183
141 112
210 185
173 50
119 99
39 89
188 28
30 149
181 67
147 218
192 127
183 137
98 11
72 135
106 219
100 158
126 49
46 6
215 133
11 109
17 21
130 52
129 89
56 35
177 217
149 153
112 186
137 26
199 17
164 195
49 44
134 86
152 186
16 119
169 143
193 80
184 150
14 78
170 198
195 53
50 190
196 112
161 189
80 27
69 162
97 115
21 188
6 149
155 159
211 155
193 137
13 134
213 203
8 63
173 194
219 150
84 50
156 10
3 66
181 194
52 62
127 113
103 211
207 184
120 127
192 75
130 3
167 207
115 14
197 169
145 182
139 21
29 211
166 191
159 53
181 193
55 51
153 186
89 153
186 198
14 97
20 23
29 108
66 5
187 158
23 83
40 202
36 24
163 147
131 43
50 179
59 3
165 4
57 38
69 56
41 27
147 43
81 96
55 31
220 173
88 56
217 118
135 170
137 63
210 205
214 69
102 173
7 153
197 147
193 194
57 56
168 50
126 7
48 149
83 35
125 126
25 42
164 155
172 129
124 125
96 78
130 146
125 148
113 154
35 166
51 35
183 9
102 216
16 213
3 193
211 116
90 18
212 3
101 156
18 39
4 63
203 210
180 159
181 31
209 85
86 209
18 167
134 97
21 202
96 11
164 1
16 117
165 93
164 172
142 11
174 97
170 40
11 57
147 54
51 49
134 116
187 131
2 90
110 143
89 22
141 13
