100 800 100
9 5 3 10 10 8 4 5 8 10 8 6 3 6 1 10 2 1 3 2 8 2 9 7 2 1 4 4 9 9 9 5 7 3 1 4 7 8 10 9 5 6 6 4 8 3 2 4 7 5 9 2 1 10 4 3 3 9 5 2 8 6 3 7 2 4 8 3 1 5 4 5 5 7 8 7 7 8 1 8 7 8 10 3 5 6 9 1 3 9 7 5 7 1 2 1 3 5 2
2 3 11
93 14 22
401 41 73
42 11 32
60 10 18
50 47 68
11 2 54
149 24 83
225 47 88
8 5 44
69 15 26
333 38 57
53 47 77
1 1 51
12 7 9
28 17 37
284 32 39
43 7 9
338 36 67
1 2 3
628 64 86
132 42 87
31 11 65
1 1 5
46 26 38
77 32 56
43 69 99
76 11 14
129 39 44
560 80 100
11 2 11
2 3 12
1 1 87
53 9 22
19 3 14
51 10 15
44 8 91
70 14 62
15 5 23
448 53 76
189 71 98
8 4 9
65 30 38
1 42 56
259 72 80
2 7 8
23 14 25
166 61 68
56 39 63
43 9 17
216 25 55
8 6 39
31 7 73
134 37 66
17 5 20
37 11 15
45 46 68
7 3 4
146 29 67
208 30 81
478 52 88
12 15 32
1 1 16
40 5 9
272 38 63
42 60 84
372 42 100
30 29 31
75 30 41
1 1 70
19 17 94
129 27 41
1 1 54
1 1 25
126 25 82
21 3 11
302 82 84
463 56 63
188 52 71
14 3 83
1 13 38
82 13 38
1 1 3
48 10 16
329 56 95
26 4 5
220 27 56
117 15 64
186 33 81
1 1 6
422 47 73
244 78 91
214 26 47
81 23 74
143 18 77
220 42 55
1 1 10
27 5 71
89 10 43
223 40 66
24 7 37
1 1 2
117 14 48
6 2 98
12 3 10
22 6 69
12 4 100
290 31 97
315 41 44
7 2 7
49 33 42
1 1 52
229 49 86
79 13 83
1 1 55
162 26 87
1 1 2
204 25 59
20 3 84
467 53 90
2 3 10
54 27 36
19 3 5
236 93 99
108 59 81
113 13 16
19 3 5
13 13 67
33 12 29
266 41 55
39 14 44
82 11 84
10 2 9
3 3 75
67 44 83
11 5 85
58 18 41
19 9 87
73 10 43
75 10 24
181 35 81
57 8 18
19 13 99
29 23 66
42 12 51
120 31 76
21 6 26
1 1 26
65 8 27
103 30 45
121 14 51
97 19 70
233 84 93
52 11 83
1 1 5
54 8 23
80 69 90
88 12 70
8 2 11
96 42 75
9 7 41
260 36 63
97 20 21
175 37 42
461 59 96
19 6 23
22 16 43
9 6 7
8 53 64
657 89 93
6 18 50
370 53 81
108 20 27
212 46 72
144 33 39
260 38 61
20 5 34
334 39 43
661 79 98
90 25 51
101 24 30
106 36 69
2 5 10
190 71 88
60 31 41
77 19 23
43 7 24
252 64 74
43 7 72
19 6 90
66 38 67
57 32 51
10 37 93
1 1 2
85 56 82
213 33 79
484 62 81
166 27 88
68 11 52
1 1 2
49 6 78
1 1 25
141 40 47
112 14 80
14 8 65
195 34 39
10 20 38
1 1 48
28 15 54
439 61 87
58 11 53
115 33 82
30 15 84
94 12 31
150 29 61
4 23 36
57 18 72
36 12 53
1 1 34
848 89 93
36 38 53
67 11 90
1 1 3
155 26 38
58 10 46
69 23 76
252 44 95
148 17 24
11 15 17
241 64 81
1 1 31
297 54 59
35 5 20
211 54 64
377 80 87
123 22 52
45 27 31
191 20 73
86 73 79
6 7 16
10 2 3
89 14 24
668 72 73
9 23 94
212 39 88
9 2 3
58 13 93
188 25 36
141 35 47
60 12 33
63 25 93
8 5 12
157 19 32
27 10 43
27 8 23
33 38 93
13 30 65
109 19 36
16 23 32
115 40 84
1 28 34
110 60 85
99 11 45
308 36 94
6 2 4
51 21 53
3 9 12
235 44 90
32 17 60
5 14 23
25 54 74
3 17 30
4 3 9
151 32 39
63 11 17
1 1 15
164 41 77
63 27 68
139 32 94
22 10 97
63 10 45
37 8 9
93 11 14
2 11 12
23 7 99
387 66 70
109 33 66
48 14 96
70 14 19
24 11 15
52 7 11
258 70 78
270 38 56
1 1 48
384 54 94
444 80 99
1 1 2
320 35 49
2 2 37
31 4 9
93 13 23
105 67 98
198 37 55
194 22 34
72 17 34
43 11 78
11 3 4
19 8 22
2 2 6
116 54 59
13 3 4
108 37 66
1 1 2
63 13 15
87 11 19
161 32 66
111 56 83
297 35 78
142 30 39
112 31 92
245 43 48
44 12 60
19 6 37
91 23 77
425 67 68
393 46 67
26 14 78
20 3 8
33 15 24
189 20 26
76 12 25
109 40 66
30 8 24
1 1 2
81 18 92
15 3 15
54 7 8
15 6 92
56 9 27
73 13 60
1 7 89
57 11 23
22 5 88
432 47 85
6 5 15
47 20 78
5 13 97
8 22 23
391 50 78
16 7 10
83 22 95
153 19 62
156 19 24
74 19 50
97 23 28
194 37 51
1 3 27
131 39 44
13 3 47
88 15 39
335 44 56
45 9 27
155 95 97
430 48 88
198 88 96
4 46 87
1 1 94
12 3 5
133 35 84
10 2 75
62 14 17
413 49 87
156 23 24
2 3 24
41 38 82
5 32 95
9 3 7
176 50 86
13 5 8
85 20 66
161 52 69
252 37 52
6 4 28
64 9 32
37 11 68
40 9 11
12 6 13
9 2 28
163 20 44
22 5 15
88 10 31
3 7 58
22 5 18
45 13 38
139 50 87
46 15 45
3 6 11
1 1 2
295 36 83
23 5 6
22 4 9
6 23 26
9 4 16
74 43 99
127 20 40
21 5 7
399 45 85
89 36 46
163 33 62
166 21 39
392 46 92
41 15 52
63 8 33
20 4 5
160 17 87
22 14 58
134 47 84
233 38 49
249 64 95
9 5 30
451 46 100
35 6 16
21 17 51
1 1 89
146 73 85
40 8 28
24 15 23
6 36 90
3 2 51
8 6 86
45 7 22
135 16 31
237 37 56
39 6 9
376 53 73
655 94 97
106 36 59
1 7 83
256 78 89
1 1 5
61 54 83
33 5 68
17 5 59
103 13 27
104 12 81
414 47 77
185 21 95
266 56 72
381 67 77
4 2 3
579 64 98
223 29 32
10 34 99
80 11 31
15 7 55
158 35 96
141 20 52
426 45 49
71 9 10
1 1 3
9 3 38
46 16 55
163 63 65
67 35 51
228 63 69
281 30 48
86 75 83
226 37 49
1 1 8
95 14 61
244 27 28
5 2 3
218 64 77
13 3 11
216 30 76
111 15 21
377 43 76
3 2 19
191 35 42
1 1 6
10 6 16
197 57 79
1 1 2
268 41 78
362 38 69
48 10 73
76 15 49
1 1 13
25 4 10
229 54 88
482 64 86
175 23 44
114 20 81
4 2 20
18 9 23
4 3 4
1 1 2
17 6 8
221 24 84
26 15 59
11 56 66
26 6 11
108 15 73
45 49 58
24 4 32
57 10 77
60 11 27
89 13 31
105 78 82
9 44 62
140 48 99
121 74 80
1 1 3
53 16 20
117 53 69
183 20 32
36 5 28
181 54 88
2 2 13
290 36 74
8 3 54
78 10 16
598 67 77
78 10 58
11 2 4
1 1 2
127 15 23
342 70 100
97 53 66
20 3 36
25 8 81
49 10 36
178 32 62
57 7 20
90 12 31
220 26 28
33 7 17
399 58 79
262 33 44
294 36 54
181 28 64
1 1 19
98 36 72
22 33 40
26 5 38
470 50 94
1 1 52
215 58 79
3 12 48
1 1 11
38 44 94
52 25 46
26 10 36
1 1 13
3 6 74
9 3 10
33 9 62
85 45 95
310 38 97
242 30 52
75 55 100
29 8 27
54 8 50
48 30 53
46 6 61
106 17 45
91 11 20
213 25 29
44 6 22
17 13 25
19 20 24
144 22 89
44 8 12
10 9 27
46 8 12
239 88 94
21 6 41
113 29 51
172 25 28
260 48 100
47 23 91
51 8 84
343 82 96
210 36 50
401 45 55
36 6 19
134 25 68
17 6 31
46 19 76
115 37 58
1 1 68
117 20 31
61 16 36
6 7 66
228 39 60
33 5 69
26 4 34
23 7 8
98 26 43
12 5 6
3 5 20
1 1 3
44 6 34
84 11 29
22 5 11
27 17 31
201 66 78
1 1 19
160 32 37
21 8 100
3 6 13
68 10 25
7 2 91
19 7 14
108 75 90
4 2 5
148 22 71
149 52 63
1 1 2
271 43 87
35 12 21
18 4 5
86 21 38
25 7 93
6 4 5
125 45 63
79 11 28
3 2 16
19 3 73
309 37 95
90 17 73
226 53 73
18 3 75
13 55 71
1 1 4
20 6 14
85 64 83
70 20 37
81 15 28
7 6 17
40 5 6
305 64 69
374 85 97
21 11 30
6 3 14
20 23 79
2 2 3
103 14 56
16 30 57
41 9 12
1 1 6
41 10 11
60 73 82
75 12 16
128 38 51
26 7 21
244 38 86
239 42 85
16 8 91
178 35 80
170 27 75
119 13 21
225 39 83
7 2 5
110 15 33
148 30 47
222 39 58
509 89 95
456 54 95
24 6 66
1 1 8
1 1 31
18 4 38
81 53 63
211 35 43
114 23 68
1 1 20
139 18 80
2 12 38
348 60 69
36 26 30
57 16 21
3 10 48
90 11 15
34 10 22
143 35 93
87 19 70
24 5 17
32 5 72
192 43 68
542 70 91
177 40 81
104 81 90
11 2 12
1 30 92
1 1 12
387 48 85
443 53 63
121 14 70
20 4 99
15 5 39
65 8 10
1 1 19
381 47 61
2 6 26
131 50 73
56 7 13
357 67 81
10 2 76
212 32 41
159 22 27
34 5 12
22 6 91
94 21 36
360 56 71
6 9 12
1 1 22
8 3 31
19 12 16
230 30 72
4 3 4
80 11 76
34 15 39
125 25 64
213 39 44
210 36 42
170 53 84
60 11 28
576 75 97
9 5 33
133 20 92
1 1 2
65 21 24
8 7 55
100 22 36
183 25 47
10 8 48
55 27 35
96 12 73
18 4 11
46 17 28
62 14 92
83 33 63
13 3 4
145 19 20
180 19 88
1 1 2
52 11 69
11 3 12
295 71 91
15 3 42
467 80 81
1 1 9
20 12 43
48 7 13
43 36 71
17 4 13
232 41 58
29 12 34
19 3 39
153 36 56
34 35 53
344 67 74
361 62 70
27 11 71
268 37 74
1 1 3
93 17 55
124 32 36
40 31 86
1 1 65
121 27 42
2 10 18
256 34 61
10 2 4
6 2 29
62 17 29
2 3 25
8 4 11
74 14 17
59 27 52
5 2 46
38 30 84
3 6 81
20 5 89
23 5 18
17 3 32
1 1 7
358 37 94
132 16 25
97 13 42
16 3 16
133 22 29
249 38 40
116 15 29
73 9 40
153 34 54
4 6 54
17 7 18
40 9 42
