250 1000 2000
42 27 6 11 3 48 46 25 2 33 10 14 9 20 4 15 36 33 1 18 25 44 25 9 40 3 21 23 18 1 2 18 35 7 20 2 13 9 20 50 3 21 7 6 5 28 26 39 20 19 44 43 14 11 26 12 11 27 3 15 29 13 27 3 28 16 38 33 25 31 22 13 17 43 42 36 47 36 31 15 10 8 39 1 46 31 7 32 11 32 15 14 50 37 5 35 3 28 25 19 46 47 12 45 22 36 27 47 49 44 13 14 26 36 49 39 22 5 4 50 23 34 49 5 23 5 35 14 11 3 28 13 5 31 12 11 45 15 4 30 45 40 20 3 27 13 21 43 46 50 17 14 39 29 21 26 1 17 19 15 41 28 44 19 24 38 7 29 5 30 1 9 40 1 4 42 24 48 13 27 6 22 15 8 50 50 38 1 27 14 37 41 19 1 48 43 5 3 36 8 19 7 23 9 7 19 5 46 18 8 9 43 19 41 49 34 33 46 25 47 27 29 6 22 1 34 35 16 25 12 3 24 33 29 25 12 38 5 7 38 9 1 28 48 47 50 40 15 10
3177 67 71
3500 109 230
525 46 77
464 48 92
399 102 236
637 47 212
26 8 207
1 1 3
98 106 110
373 17 100
2256 72 74
176 110 131
124 23 216
706 19 144
198 7 15
399 35 174
2073 128 143
1303 153 154
281 36 79
4383 133 137
71 3 100
3668 120 133
5 99 203
5434 123 243
39 12 28
206 11 18
3728 84 89
256 171 250
95 110 116
841 30 185
1578 75 163
6730 156 177
1 1 17
309 9 40
311 119 148
1 1 2
437 12 27
178 5 13
765 23 48
5053 125 204
740 26 61
22 2 5
355 10 115
2493 56 206
176 14 20
319 57 61
788 62 116
460 50 233
5300 151 199
1 1 33
126 13 38
10 2 11
2205 48 242
2334 92 236
622 29 66
398 45 61
2013 169 228
26 9 110
1170 26 47
38 2 9
3864 88 114
690 17 125
1127 75 193
114 4 19
4725 181 225
2610 61 200
1761 80 147
971 47 201
68 144 183
637 15 29
3578 135 192
574 50 118
1564 59 245
6937 181 212
65 68 181
348 11 151
1976 53 181
20 5 32
1569 59 132
1907 42 53
346 43 112
871 42 79
391 38 57
2153 90 150
32 3 8
100 7 26
806 28 40
1863 49 238
353 22 43
357 22 40
1 1 21
1 1 101
40 14 141
1189 62 119
5600 119 250
1902 94 207
1124 34 201
196 12 58
2410 86 233
55 3 4
196 113 249
897 27 143
2502 74 104
305 15 62
2343 72 198
423 41 198
334 49 80
1122 61 132
402 13 135
205 21 76
643 17 26
1587 175 239
3321 74 79
917 24 29
677 35 129
837 45 115
201 8 177
637 24 99
1711 95 135
1501 51 126
171 30 154
254 7 118
60 6 15
1456 43 51
298 37 41
8650 182 206
1448 95 137
40 2 29
66 3 137
716 19 20
858 19 23
1028 27 53
537 45 98
2358 77 95
1377 48 53
2067 129 221
488 14 40
1737 115 145
264 57 192
809 54 151
3962 87 93
245 12 22
529 17 44
570 30 47
7760 204 213
1903 45 47
2015 189 217
70 6 202
1530 42 237
219 10 79
1 1 77
84 11 82
893 120 245
9937 217 236
239 6 22
806 98 105
1739 39 88
666 33 41
476 13 176
9002 227 242
807 30 86
1123 40 244
521 75 169
5584 232 247
4977 139 231
6239 184 195
2099 50 93
1496 37 166
1422 36 55
885 25 90
901 61 193
3842 189 230
1088 31 73
2564 105 223
1 1 29
911 184 212
2187 178 233
8132 192 231
2603 95 198
1352 72 132
4037 89 169
289 7 131
269 166 210
658 77 159
982 150 207
527 15 86
402 10 188
3 7 53
448 21 49
1008 27 244
400 10 29
552 34 76
26 6 52
1152 76 242
1 1 164
1798 65 177
3738 180 237
211 15 191
3637 102 241
2352 128 193
3772 120 146
1043 94 108
639 29 219
1745 200 202
414 23 30
895 35 133
425 55 75
1 1 29
1869 61 69
594 53 178
1553 108 162
3099 75 146
360 9 118
222 20 153
113 77 127
161 7 67
938 21 35
284 12 30
2247 74 141
348 105 155
3126 98 130
3505 77 132
15 6 10
412 18 48
4007 162 245
1 1 8
554 21 37
140 47 97
2568 101 200
1480 38 192
180 6 85
128 25 100
158 31 83
70 77 95
54 44 46
3325 96 126
370 31 43
426 10 91
170 9 20
51 13 47
77 38 130
26 2 10
1376 32 200
1798 80 169
505 35 41
292 8 158
335 8 118
440 17 170
886 54 219
5919 152 204
478 53 150
4 2 5
5090 124 170
100 13 14
1330 178 226
3966 92 191
95 13 22
810 128 230
1 1 12
100 3 5
2700 69 138
715 48 63
1553 106 179
145 12 22
12 12 55
221 42 89
233 16 28
1 1 27
739 23 174
856 78 178
405 13 20
506 77 112
1976 195 200
1694 38 129
149 6 42
754 73 174
3198 131 167
66 5 10
1529 59 79
14 2 21
536 23 159
3078 73 133
696 26 45
978 22 58
727 72 96
863 177 233
690 19 222
1061 27 137
531 43 67
211 8 29
12 27 103
5674 151 189
1 1 234
2957 98 168
2017 72 82
115 15 94
22 4 11
109 4 8
1 1 105
1048 34 155
1819 99 240
809 148 216
1767 39 47
795 27 36
1716 66 78
1776 51 60
6125 184 217
682 49 57
1137 75 153
2276 165 193
3078 129 209
1750 130 136
5905 167 230
134 50 81
1 1 133
154 18 29
1542 79 234
3906 158 240
79 13 80
1761 54 184
206 34 142
1983 74 120
75 7 14
1097 86 127
572 20 28
3734 84 148
2584 138 174
3799 113 152
897 30 243
767 127 188
6050 128 206
1504 107 126
251 64 158
2625 121 165
2247 140 198
1755 102 140
20 3 192
1549 45 135
443 34 53
3512 175 230
116 122 153
1043 77 80
8969 186 222
48 2 11
3889 143 194
10 2 3
245 144 169
380 9 66
1016 114 117
1107 55 201
2644 56 134
44 35 101
3305 103 139
2512 127 147
466 16 70
2147 143 170
132 8 16
1 1 50
5510 136 188
24 11 130
3344 182 228
400 12 81
2537 118 245
5798 170 172
4034 149 184
841 18 179
501 28 51
782 56 65
3136 106 241
869 89 182
1720 41 127
366 142 244
1415 45 52
467 12 36
351 11 16
1207 34 182
1130 26 27
4871 126 160
716 67 180
333 8 16
231 7 76
4986 105 108
1780 72 121
1503 183 211
219 6 20
2997 182 232
464 16 23
834 97 135
1 1 7
1259 32 213
5662 122 243
2000 47 100
1926 45 98
14 3 200
1 1 3
138 4 108
437 56 194
4560 106 218
4863 102 142
7099 174 206
107 4 6
2733 56 88
1074 34 35
1992 63 106
423 11 94
1239 60 90
4548 143 202
30 5 11
69 10 14
6300 145 221
4325 201 224
3578 135 247
92 11 25
461 71 164
1978 45 209
1457 78 231
42 2 14
6543 163 248
933 26 66
1027 29 53
1067 36 160
635 28 55
5374 146 186
3170 69 185
1456 185 236
419 28 40
196 89 141
1068 68 75
9174 197 213
1080 38 237
1561 117 193
1879 134 135
735 61 85
7 44 83
574 27 81
607 32 103
93 6 129
1390 56 238
6 2 27
4564 103 149
1 1 101
4030 147 169
360 36 184
2507 146 177
1730 95 217
1678 49 126
241 42 146
1859 69 81
86 84 158
789 17 175
178 5 11
1667 48 161
2743 90 147
1641 166 230
4628 139 230
544 17 44
295 10 76
256 22 34
688 43 178
27 3 5
1192 30 155
25 31 34
1916 145 213
4587 127 206
1465 54 80
641 31 55
1 1 2
3589 79 188
888 42 90
82 33 224
546 14 20
673 31 196
2529 80 84
780 18 38
3435 89 181
7805 244 250
2086 60 98
111 4 21
1332 80 128
3561 135 148
5521 125 236
906 46 48
1304 55 62
2861 82 227
5735 121 194
494 30 37
468 15 66
1841 54 85
1825 120 173
5528 113 181
2221 55 86
143 4 95
1 1 220
411 15 194
301 14 169
1 1 3
302 23 36
92 3 180
311 44 163
24 15 118
6290 170 197
915 23 28
1871 51 67
3922 87 230
327 30 58
182 6 128
1932 64 93
1654 62 110
119 6 47
220 6 89
842 117 178
5757 186 200
1395 137 159
330 27 38
1395 35 181
1154 108 244
149 165 177
1908 111 129
507 29 55
7028 160 224
16 12 216
128 10 26
2674 81 222
62 6 20
592 36 92
24 2 84
1569 51 92
613 75 221
12 3 46
3137 80 206
98 8 128
1152 40 193
2243 62 128
3799 91 178
181 5 7
274 59 203
4867 153 195
3972 144 225
498 66 72
2410 106 146
208 7 19
1626 118 205
947 166 243
785 25 165
6554 149 172
1609 35 131
580 52 236
88 10 64
191 35 126
706 38 63
21 2 142
1124 36 50
2340 59 123
288 7 243
228 9 18
402 14 129
2920 147 200
744 69 181
3903 93 166
5334 141 228
1639 36 88
2312 74 110
283 11 161
153 14 82
569 16 102
1319 31 120
378 20 65
227 8 100
229 21 123
66 10 24
2170 80 110
1747 65 103
3916 169 174
7941 214 248
110 8 112
175 8 134
477 28 212
327 8 61
1384 135 163
301 9 179
73 21 125
717 40 92
175 9 51
3484 86 166
1943 42 137
1134 33 215
2218 153 225
122 16 92
1002 56 73
4751 186 214
1727 107 146
1699 71 133
693 19 89
2417 62 213
6157 183 230
1585 79 227
684 109 166
180 8 107
13 14 55
519 19 100
1080 114 120
1764 46 68
453 145 156
2465 58 189
1205 46 221
91 5 27
742 28 106
26 2 5
3780 80 167
11 2 5
3180 94 124
307 55 106
4242 89 210
93 5 57
2954 123 151
296 10 141
8233 167 222
133 5 97
59 6 40
32 11 31
561 37 91
1361 50 97
318 19 52
16 29 34
56 4 8
233 13 89
1633 48 86
1824 40 112
146 5 229
31 18 19
1934 51 167
1770 88 135
450 37 140
3500 72 119
2658 64 170
1 1 8
6 45 85
78 36 214
2304 115 158
10097 203 231
920 163 177
635 14 107
207 6 130
38 3 6
135 12 153
301 17 60
1593 105 230
1504 143 201
1594 49 249
3029 78 156
5540 113 114
1001 49 73
285 9 10
1585 88 108
1044 41 53
2523 97 121
3749 110 146
723 20 91
221 88 183
4735 129 172
678 32 135
1 1 73
3568 186 194
776 89 154
55 54 93
4427 104 163
3200 220 228
1469 130 147
1278 137 227
664 56 125
9630 206 228
4315 131 181
140 5 58
64 31 39
1942 54 236
312 182 242
919 50 58
1254 36 37
445 61 88
107 7 47
539 15 27
4421 102 149
1218 61 64
253 23 160
1275 84 103
1785 60 97
2902 86 129
3889 100 234
6770 144 166
175 16 36
3004 67 180
206 31 140
1551 70 89
2330 129 202
1 1 11
1786 63 72
85 11 79
2936 114 202
589 26 156
508 92 167
1933 209 241
263 18 107
179 8 17
830 43 177
5711 149 183
1412 136 167
7084 150 234
1748 73 105
3150 124 202
1265 42 50
1467 52 85
1390 53 84
2600 53 83
431 22 24
1559 47 124
87 56 78
2905 117 238
216 27 55
1149 45 123
1058 38 210
133 42 45
1187 98 181
387 33 229
1620 54 190
740 123 127
1 1 47
671 120 204
427 12 44
1976 116 186
699 31 39
2488 72 149
1259 40 147
555 18 176
383 31 33
666 30 78
42 12 30
95 3 13
2119 107 149
998 47 115
520 31 61
701 61 143
2116 148 196
123 20 204
598 43 130
397 27 91
42 2 239
168 65 88
1715 104 108
31 2 20
1578 44 63
773 176 199
884 27 33
99 4 15
9490 197 215
4953 134 159
441 154 225
2 71 93
1091 115 177
2321 54 209
1 1 8
834 80 152
34 12 17
154 9 28
342 11 29
4564 140 173
956 31 148
1522 165 194
2828 97 105
778 39 152
29 8 93
2447 51 104
2167 100 121
467 19 22
1774 52 70
65 5 6
7376 196 224
3307 77 98
1518 106 111
852 20 110
1 1 2
61 14 34
4829 149 223
1942 103 167
7392 173 248
1585 150 164
6324 160 227
1205 117 244
367 33 174
200 14 158
6293 205 221
50 2 3
1449 105 172
8041 188 199
491 11 238
2648 85 107
57 17 47
3268 99 143
1247 29 51
1754 123 223
3745 163 201
496 27 126
52 3 16
260 78 203
1420 76 135
2108 52 216
1447 83 128
24 16 94
1466 49 119
367 9 87
771 17 31
2450 69 89
5753 172 222
2686 64 108
1661 42 51
2665 61 79
6657 197 234
3303 103 167
262 125 133
5 2 3
1040 36 97
1577 34 85
2843 114 232
3725 172 197
35 8 174
2143 59 105
1879 64 89
838 20 112
1176 78 230
3394 72 177
5050 135 149
2599 79 90
2262 56 122
285 9 39
674 51 173
216 15 227
940 34 53
1670 101 139
2818 61 103
580 20 24
753 36 114
3826 79 152
55 69 71
465 42 73
1056 25 153
417 104 117
278 22 147
69 29 107
31 29 32
1459 38 189
112 21 63
1766 78 206
5565 122 175
3006 89 149
192 20 219
10 9 14
434 191 240
228 8 10
85 4 46
224 208 231
1 1 20
2560 111 117
295 68 103
2719 64 136
562 17 212
1530 48 105
605 25 38
164 8 39
90 14 66
4242 189 245
80 42 75
122 10 54
5889 121 145
251 24 26
2744 117 128
792 21 60
51 124 233
9307 197 211
2991 91 203
896 20 46
488 82 136
5560 165 225
433 26 78
174 18 145
1366 143 189
1131 41 155
2063 58 66
1386 59 74
937 39 45
2136 59 190
2328 95 145
3109 91 172
264 15 130
658 26 193
4282 130 140
1110 28 210
2571 155 230
1480 64 116
968 34 43
1266 33 124
1647 95 189
880 92 159
178 44 59
7003 181 247
100 4 7
3154 78 247
1287 85 125
3716 95 152
545 33 45
2951 128 145
69 7 8
1056 89 115
158 103 108
6444 180 186
230 9 22
288 19 66
7746 176 248
80 3 21
15 3 245
4083 132 219
101 28 159
927 39 156
1 1 3
10025 203 208
456 15 195
2896 62 124
4707 116 151
3839 89 241
1023 96 191
1104 180 211
55 9 107
738 75 169
2347 98 150
628 24 28
858 80 124
180 46 184
193 7 10
998 43 114
688 24 26
215 53 100
144 170 181
2176 130 202
793 47 178
1003 38 124
5559 144 198
32 3 172
2643 55 121
1 1 19
5821 136 153
1 1 2
177 9 131
656 36 60
1968 111 193
1 1 3
9104 195 220
1 1 2
1408 30 133
248 8 56
983 60 129
48 3 208
789 157 216
1052 79 186
736 44 194
852 20 81
2054 64 126
103 8 195
2419 125 138
4426 102 243
5777 199 212
493 51 124
1295 50 128
8 2 36
218 13 41
554 151 170
1 1 2
189 24 119
2128 74 164
13 10 187
494 11 103
4615 112 131
492 20 37
335 154 182
1 1 62
2742 109 187
2469 66 106
407 85 222
2299 124 199
1533 61 81
4414 97 135
646 16 27
3859 145 223
4316 98 151
4628 127 147
552 25 190
733 41 174
6074 201 232
2522 96 130
57 72 78
3670 117 123
3685 80 82
737 40 212
