700 5000 3000
55 82 58 49 9 22 21 73 36 83 34 79 84 79 76 84 7 26 91 60 27 48 33 82 31 83 88 67 65 90 70 15 18 30 44 4 86 80 27 1 68 97 74 28 56 50 78 49 36 6 61 77 18 58 16 7 53 60 21 90 95 7 69 57 62 73 90 57 7 77 79 39 92 98 11 20 8 90 82 91 82 55 92 39 94 90 7 14 7 99 86 19 30 15 92 12 53 86 53 69 45 5 2 83 9 60 40 2 100 77 5 28 75 8 55 72 69 21 63 31 10 1 43 38 72 5 20 2 61 1 24 83 91 90 70 42 70 29 1 19 17 70 17 7 73 22 58 94 45 89 94 91 41 1 28 72 71 25 80 19 1 26 4 35 49 38 41 87 3 100 83 97 86 53 5 33 99 31 97 72 1 92 18 13 92 67 89 59 18 7 20 5 41 6 35 77 71 40 22 62 12 37 44 38 48 7 53 72 22 45 81 15 74 1 47 69 75 91 39 85 26 48 52 50 57 28 39 29 25 68 54 59 81 53 94 69 41 43 45 98 44 42 25 97 66 29 27 39 39 66 29 33 25 39 5 77 26 12 47 96 100 91 59 3 7 7 12 22 95 25 78 34 43 74 97 28 19 74 40 64 31 91 59 60 89 68 49 98 67 63 40 85 95 19 55 92 93 7 11 62 69 57 11 52 30 99 86 43 52 86 73 91 75 26 66 88 85 20 66 45 68 40 56 92 6 62 16 12 75 89 85 60 27 4 28 73 9 47 26 15 97 8 90 100 75 71 41 27 90 61 60 55 50 27 85 46 70 36 34 39 10 50 8 80 86 33 9 16 25 93 59 30 71 53 32 36 32 95 56 13 75 41 97 91 79 32 26 98 37 3 3 83 9 56 75 22 8 76 63 17 13 30 45 78 81 79 49 97 73 49 55 64 31 76 63 45 65 11 23 32 1 21 53 42 24 53 59 47 64 77 69 88 61 20 2 38 23 44 19 13 34 73 35 26 41 40 17 86 27 41 61 20 66 85 95 23 47 5 54 77 31 53 75 66 85 5 4 91 29 83 94 43 91 88 26 46 38 75 63 76 54 61 43 14 26 75 42 42 10 2 86 38 66 54 54 34 94 88 94 95 16 25 80 48 21 64 94 16 64 36 14 73 77 83 9 59 7 40 36 8 46 10 54 34 22 70 48 16 2 78 44 44 15 12 31 6 11 59 59 68 42 95 53 17 47 36 71 98 72 19 7 28 58 68 27 75 26 13 51 16 64 1 6 65 98 42 66 75 93 76 35 3 20 96 60 74 59 30 82 99 13 56 50 2 66 16 79 99 54 29 82 47 9 43 45 31 85 50 57 86 79 4 96 52 10 24 95 90 38 39 9 11 34 43 62 74 99 71 4 89 31 48 70 36 54 23 84 92 41 85 49 80 98 82 53 75 33 14 95 12 98 91 28 33 20 84 73 56 20 24 9 61 20 17 6 7 72 78 59 42 93 77 36 91 57 29 30 52 64 78 23 68 22 64 91 41 82 36 85 69 25 39 55 40 93 13 70 64 82 38 19 64 5 20 84 65 76 76 44
21317 343 486
724 10 264
875 35 105
10274 166 218
1 1 34
19038 272 278
1430 62 87
599 46 100
16717 227 354
53687 569 632
5563 145 300
11927 135 195
11162 347 491
18000 207 524
2399 65 283
13625 197 584
4449 50 396
3099 47 182
2935 31 94
309 5 567
33798 429 628
6983 120 264
2117 131 309
12256 138 385
21390 279 682
20002 283 388
35797 454 577
9788 187 449
4152 74 104
40133 412 646
881 28 78
19216 472 618
9599 126 671
10987 317 521
5445 260 359
24293 247 472
33826 457 524
14447 213 536
28531 289 493
19737 231 316
538 9 143
106 6 24
1377 110 246
176 3 66
26098 308 566
5765 68 221
373 5 14
1106 97 294
287 4 36
8088 93 617
23683 438 455
33661 567 684
2751 93 343
9403 196 546
562 15 189
225 119 630
280 4 84
2019 30 47
8773 117 580
322 56 137
5747 92 264
28796 299 546
36 316 409
20923 383 529
11994 306 651
4394 236 644
13059 227 287
643 44 497
6658 397 693
4068 97 121
19079 281 594
22627 321 322
42497 489 523
9406 206 244
2145 65 230
18464 542 616
27563 294 391
2167 70 134
12988 137 232
4514 47 318
613 154 242
462 12 147
9961 468 488
20866 377 399
17796 216 393
12319 160 407
5196 111 286
340 5 18
24221 278 407
1603 361 502
51 32 140
1133 175 387
28745 419 499
34700 381 508
1589 53 115
475 32 36
4144 137 185
12111 223 311
4185 43 259
5149 479 694
153 415 524
18167 183 222
3148 109 657
5550 107 157
2754 32 265
2614 275 533
5648 80 93
7865 375 398
2961 162 168
1962 35 131
9400 373 436
372 7 37
9642 248 684
8085 197 317
394 22 74
8426 181 281
155 8 39
97 13 188
5862 109 287
6691 113 170
6389 112 339
28568 409 489
2278 214 497
688 23 30
404 17 53
4547 153 414
1702 59 547
6096 181 336
6869 203 211
9847 119 282
31960 471 518
24447 343 378
20775 307 422
6290 321 334
18900 494 683
17045 241 248
18594 389 429
18369 289 670
43133 493 512
3949 85 403
1557 26 28
1841 267 322
31596 337 659
20388 473 588
9226 356 371
4289 240 278
2644 61 93
34297 363 517
1556 28 94
2735 215 344
7177 74 106
3817 90 175
35722 370 526
29161 303 416
25368 325 500
8716 136 435
19421 237 651
8117 92 570
531 307 395
10475 201 421
13597 218 464
18986 474 544
1681 65 126
2115 70 344
17285 210 557
4070 238 487
4168 46 73
28304 289 632
2453 30 601
1901 23 217
392 5 13
5046 295 518
783 37 64
16197 222 291
13791 187 374
37618 420 431
4097 83 630
11638 219 520
6934 86 563
272 444 577
3730 57 227
1795 33 88
52162 526 561
8134 417 562
23760 419 442
3628 57 62
74 4 308
497 69 189
23636 665 686
15395 320 563
7062 284 416
25037 326 695
2429 37 44
8955 291 352
1290 25 181
3404 200 609
3733 159 376
6260 130 149
4495 350 527
25497 363 697
2392 223 315
5797 64 68
2664 81 130
4700 136 189
987 38 396
24 14 59
33020 490 694
143 7 224
2739 354 619
251 68 644
33990 366 371
20238 244 675
11878 162 282
271 28 31
3434 131 314
14958 200 287
7230 150 257
11604 148 317
2015 40 41
2961 214 256
609 11 46
7026 87 356
8041 164 468
15145 205 343
991 21 56
1829 72 151
1731 20 26
1036 22 189
2126 64 260
7129 613 632
5253 54 59
20431 297 523
18260 271 536
178 39 563
7072 89 662
7008 143 415
9152 119 214
918 273 282
2938 309 389
8988 215 649
212 5 52
15967 168 355
1 1 4
4578 117 598
23182 314 316
3057 140 560
3169 130 426
275 25 159
34647 358 648
10780 165 206
1891 21 45
37928 400 508
10446 202 580
23319 302 523
161 16 78
3514 87 275
18535 483 603
15652 168 338
10092 293 446
371 6 162
2881 153 202
6 105 200
6167 264 657
9433 213 619
27657 344 605
519 11 95
19958 254 672
1007 28 182
1540 108 248
10167 161 300
4342 150 162
34020 534 572
21096 300 433
14668 405 582
15925 346 372
4447 76 276
219 13 41
14891 267 482
18355 303 436
2600 60 292
9288 122 245
2862 42 447
867 16 486
80 4 74
1355 47 689
50028 585 683
26556 495 557
34875 351 699
1513 49 694
7632 227 663
2479 199 207
20384 413 430
7141 227 260
19901 308 324
12117 300 326
16062 170 646
45906 630 685
5634 77 555
9003 105 196
2980 33 311
4909 118 196
1673 30 111
415 17 33
29636 482 485
2629 145 303
1004 71 89
1833 217 258
7703 223 604
3226 82 409
2736 203 605
550 8 19
300 25 128
508 22 285
7209 547 572
29982 505 534
26 2 143
15156 191 671
2496 69 139
8880 123 130
255 20 141
11527 183 230
443 40 194
912 23 75
28812 318 435
20142 375 510
52574 644 661
87 11 23
30936 453 511
14045 151 213
16056 338 344
2625 61 90
245 30 158
41234 690 691
69 6 433
1393 72 651
3829 109 119
170 9 631
3783 160 220
9069 422 560
29378 403 606
22296 234 343
201 21 124
6730 136 294
416 19 327
30290 457 566
895 61 119
21373 455 502
11715 175 279
179 68 455
5156 132 678
3612 94 356
24099 323 388
6914 317 517
183 113 312
777 278 290
2351 28 127
7258 185 474
22269 533 570
10895 589 676
1755 169 311
5349 64 591
1127 70 138
9665 219 278
9397 380 456
10508 279 496
27125 496 504
56 2 70
384 9 143
15899 173 278
12691 196 233
6081 387 604
34214 508 517
13906 377 401
18970 453 480
32699 656 680
25701 461 561
7887 131 175
896 36 95
24344 286 513
646 30 105
21460 271 502
2779 99 146
720 76 209
1984 22 34
9797 396 534
15913 267 303
40597 518 637
11088 185 331
2094 65 486
6105 189 586
1255 18 462
1822 93 138
5528 204 594
11981 137 504
28383 399 442
1436 23 92
933 16 335
2152 33 177
5960 405 620
30654 549 576
46774 484 510
1470 462 591
1511 17 248
2063 507 645
1247 14 345
3702 68 133
380 8 474
7562 586 696
12811 577 597
4560 117 248
2024 128 217
6031 369 418
10546 361 675
5199 475 593
3753 165 640
7062 86 124
8049 93 351
92 119 174
7826 141 219
1812 72 118
29080 373 687
7980 85 560
11291 161 452
29076 357 475
9049 143 218
4758 84 196
986 142 238
20936 419 449
39069 506 689
878 16 37
7909 145 146
6341 80 143
1031 37 297
445 7 90
35610 375 621
4144 439 463
8719 388 536
44062 584 664
642 66 680
35 250 557
2242 390 500
1087 42 353
5636 367 673
3911 54 418
10607 212 401
2706 89 222
2146 29 34
5976 183 247
5136 82 299
5802 90 411
27676 398 566
3777 89 406
38 6 342
5019 89 97
468 7 132
6711 82 557
357 12 105
3816 133 238
219 19 608
4886 336 646
12401 183 485
8961 468 584
4792 50 114
4159 44 135
2234 452 694
38054 460 681
1009 43 73
6109 64 317
13188 156 243
461 8 215
11808 137 195
38850 444 680
58 8 114
3934 275 345
1316 20 52
3133 46 447
13749 530 591
23952 330 621
3777 93 251
5432 91 253
2216 162 289
19058 266 402
1 1 15
6548 69 217
27651 303 460
769 35 304
21398 225 268
4302 369 599
46894 589 672
13485 148 235
284 12 308
4956 110 373
8184 155 453
3270 171 418
9167 197 483
47385 486 695
15173 252 264
12252 340 370
5329 194 428
2941 34 96
36017 500 585
562 56 66
2417 235 315
13811 217 464
618 22 242
266 137 145
383 36 91
3126 171 424
1683 28 469
293 10 38
1644 260 586
4137 70 119
16938 309 572
3473 71 543
4577 63 85
694 26 42
3019 33 61
1934 24 606
2929 34 102
6741 246 428
287 196 197
790 70 71
1117 77 115
697 8 53
81 2 21
12584 132 333
19490 443 542
3914 57 232
34783 431 496
24408 410 519
8434 251 575
9186 211 662
1068 130 329
92 509 700
5472 221 574
11012 192 470
4116 67 104
11493 252 399
5443 230 260
693 19 23
9162 502 601
10492 268 452
4049 74 145
1252 33 70
638 25 31
6891 167 655
7231 499 592
9775 219 403
3697 278 409
12431 222 550
12220 152 442
297 510 663
3866 59 581
3001 299 453
18863 312 594
7158 350 398
7270 159 531
16832 630 647
3852 141 290
11938 175 208
134 20 188
5740 114 322
3135 43 238
16567 204 601
1134 28 39
932 16 213
1712 62 124
4005 86 245
27955 348 484
8355 224 258
65 2 15
823 24 648
2419 36 146
7600 83 127
2377 384 578
10648 140 254
6602 122 190
171 85 148
8144 257 562
2364 31 38
1015 36 403
340 7 51
6338 228 326
889 180 329
8589 527 559
10450 326 350
21302 253 673
21862 401 502
60 87 140
5717 98 384
26506 276 413
1657 157 346
3904 118 553
882 25 135
11205 247 386
31079 621 665
3472 52 297
12569 349 624
6615 72 129
1326 65 74
14605 224 308
1009 194 688
900 34 181
5934 454 610
380 54 191
3207 153 159
1635 60 574
5179 81 689
23152 316 392
5166 193 684
14386 221 638
1045 12 40
17100 211 452
1665 56 121
128 13 145
247 38 274
6343 217 691
30470 353 679
581 190 476
671 102 295
13765 146 647
824 11 631
1962 65 123
3183 101 160
8451 93 594
5570 98 109
10370 140 408
16431 199 247
261 35 46
1500 489 530
1726 20 87
24730 269 564
2312 54 126
6362 284 477
18892 364 451
6025 81 130
2503 105 597
262 4 33
3523 91 136
8003 92 700
21324 587 588
193 14 405
1885 155 165
12932 524 626
2516 392 506
15773 211 236
5523 145 420
9760 228 611
9173 103 605
655 16 22
39378 448 532
19351 621 628
3516 445 542
1444 58 93
58213 619 683
11253 127 322
1546 73 320
6816 163 232
18079 183 557
3534 117 440
6018 125 542
523 8 35
18856 241 337
6851 201 485
53907 578 677
12447 145 303
1780 27 426
8947 125 457
3455 51 191
29478 345 573
936 133 267
210 10 16
53 3 94
430 8 9
21570 229 264
2418 42 405
2248 27 550
5529 102 256
66408 680 698
2984 48 624
11462 184 474
1093 30 180
1969 90 384
339 48 62
1 1 87
165 5 639
14845 153 586
19565 210 212
8460 197 505
10060 141 668
8839 151 636
8899 120 167
2316 27 272
13043 249 649
10997 240 635
7939 85 267
14939 173 312
3573 75 80
22218 321 585
23688 380 508
80 57 59
1002 207 210
9128 101 132
7475 108 610
43832 593 674
10953 136 417
5092 52 191
1620 121 686
6225 229 258
5214 103 108
7376 216 549
13862 211 291
325 163 336
9145 125 151
3162 61 237
5072 100 180
148 5 8
3642 268 628
1200 15 45
9263 103 224
8028 317 486
17069 213 516
5993 372 473
1380 43 160
3846 63 628
9195 258 431
5624 134 383
6839 190 199
15013 667 678
3477 183 598
11766 228 600
29734 498 575
478 125 208
719 78 653
3335 100 609
2724 388 697
179 20 263
6438 497 624
25 7 627
57779 686 689
3328 35 153
1302 76 280
16029 172 351
2994 96 217
42016 593 640
21749 375 648
3718 43 64
2984 78 118
6907 80 161
11208 154 375
240 41 652
5474 112 212
260 5 35
2422 95 591
642 33 251
26325 351 352
1052 52 363
327 14 23
1989 130 189
675 16 85
15066 154 445
664 9 23
9914 244 567
10766 179 237
3110 267 501
2254 32 55
12410 515 559
33537 410 436
8695 129 196
6780 247 619
2192 50 288
5613 128 452
634 57 697
259 8 230
4686 69 342
9543 125 212
1392 48 546
201 339 636
6438 94 619
634 10 31
20230 253 517
10111 105 127
2838 43 518
32662 490 532
1 1 2
4568 100 191
9002 198 339
3645 187 342
1427 151 249
3767 40 128
2684 40 443
396 26 155
242 7 19
6618 368 380
8465 252 328
25786 468 643
17454 251 565
20556 220 373
5384 76 361
17768 215 483
5246 115 661
22852 260 521
23474 309 478
11900 309 420
876 76 526
2659 64 130
17361 229 418
417 44 273
5121 58 188
1171 29 36
38 8 152
693 39 144
16745 265 502
367 240 528
2774 102 151
4631 330 380
14954 318 508
12757 184 254
371 84 147
2195 57 126
3788 347 375
9616 185 211
25778 364 531
1901 83 276
3278 234 295
13017 335 481
7925 404 411
24494 252 394
6715 466 522
1995 216 310
24627 259 375
10781 222 609
19305 241 490
14768 291 359
4762 67 146
1185 94 481
1414 70 114
249 149 154
328 20 67
12377 298 597
1172 18 250
2311 62 75
25160 413 616
32667 374 418
17817 250 310
4713 123 521
18242 288 612
1424 34 273
7996 204 281
3918 72 165
620 10 414
1280 37 89
30679 309 421
1261 338 571
2162 143 478
3505 192 232
8095 186 499
25398 270 437
2921 62 289
5283 181 531
5913 101 630
13262 139 340
3332 37 679
19997 539 655
43387 442 536
284 4 11
3404 388 635
556 50 96
2360 130 355
17361 208 245
8860 129 173
277 249 342
316 275 374
145 4 527
592 52 544
10812 152 476
23903 373 376
6633 112 287
1273 182 635
17936 315 493
1338 18 103
662 27 77
3661 61 65
28574 416 492
1154 91 425
310 51 378
2291 57 118
18395 284 341
1856 76 664
87 8 365
5274 376 428
15030 211 251
9537 112 268
6372 76 87
1551 72 91
2529 78 146
34044 477 484
1001 149 571
15922 334 442
14209 194 428
1514 40 531
5104 174 361
533 45 274
4292 381 631
4331 207 598
7592 113 613
4656 51 308
5659 133 215
28933 432 700
22326 265 583
2095 140 673
2188 214 452
15325 204 279
2912 35 197
25366 445 471
6738 196 403
1077 36 52
5761 61 432
38495 507 541
6337 92 183
17094 237 330
10369 153 611
20863 241 244
6018 73 77
2394 26 123
3688 48 63
4938 76 229
80 2 37
15529 262 370
36826 380 670
17488 210 610
577 49 403
1577 78 237
26251 383 611
584 20 196
3062 110 121
25189 278 325
19868 387 506
3044 55 59
69 22 584
13442 339 365
234 8 85
20348 252 262
10842 184 241
10065 118 340
18971 224 567
8579 640 652
11612 222 628
2943 215 245
2642 633 675
15373 191 629
82 7 183
675 12 27
829 64 86
1682 19 245
2127 175 284
8046 163 482
103 8 76
47103 473 595
12726 205 565
20246 310 686
260 16 460
164 4 652
5644 271 335
4019 89 324
30841 353 696
13090 227 697
4043 90 101
38960 464 465
405 9 501
19954 292 463
9508 260 601
1 1 195
2918 168 208
21579 389 490
10857 254 366
22637 312 700
1127 38 115
76 29 85
6071 366 457
877 132 384
4983 97 611
4 3 10
1992 334 655
1802 25 41
11272 171 549
6704 357 387
20818 240 300
9774 183 561
597 9 55
1364 30 124
20548 233 405
1416 122 468
2517 38 43
5996 191 356
10574 130 391
40 2 139
1057 368 672
33243 370 508
10425 195 221
40013 442 603
19263 249 561
2514 37 193
7264 120 199
100 24 554
3433 36 118
2182 88 124
121 12 328
7192 296 501
2765 52 226
5578 193 539
1321 31 447
17352 304 442
18976 196 484
2996 55 77
28764 345 362
2683 47 273
9671 192 488
1466 92 311
2110 279 561
1406 28 62
1908 401 431
2783 35 647
841 28 374
2587 42 159
14671 148 267
32336 413 466
7406 134 578
2580 226 502
10254 205 365
332 9 212
25 20 563
1482 28 237
1 1 4
2874 150 287
1840 159 317
2251 103 412
970 130 144
7999 550 635
6513 342 443
18917 485 677
1500 135 161
8935 93 388
419 14 97
9546 98 162
150 346 528
1944 138 191
607 14 49
11862 279 656
3240 42 90
4590 215 614
455 6 565
12375 268 284
21362 234 652
6582 112 195
14036 180 193
20061 213 437
15327 442 491
1143 95 205
3995 251 600
754 16 109
35851 416 468
23076 251 421
4798 136 241
2065 38 59
2096 38 54
1674 107 132
3899 76 540
9364 204 279
8769 96 137
2761 84 471
7128 220 312
2149 35 633
1642 171 548
18776 263 445
18735 323 607
39 156 225
4258 69 392
28126 384 527
392 130 141
19529 202 203
4652 305 565
5721 116 557
3178 75 559
22512 270 337
9276 130 321
23222 382 592
7211 152 198
23052 272 446
32977 336 357
15209 396 504
1 1 13
146 4 39
5691 192 330
2847 37 151
2096 52 189
1995 214 663
147 4 98
18018 286 361
266 4 299
22173 574 681
10882 228 503
4853 58 410
14180 196 332
6666 94 626
136 14 157
1499 27 274
461 274 486
409 6 235
2132 322 384
1776 120 319
12218 159 411
1855 80 207
46 2 605
13451 395 418
1848 590 643
1220 29 296
535 17 129
2987 476 675
21717 306 635
20901 566 656
5683 342 530
1343 75 362
11243 272 313
10687 201 267
3155 170 183
32763 391 553
39273 639 675
7131 78 335
8591 104 548
3893 83 514
6084 123 541
6948 134 177
661 42 346
1468 24 79
6055 86 239
20380 417 594
7108 107 484
1736 32 220
8505 98 240
16069 425 428
5710 77 174
15760 289 319
4479 63 118
983 27 83
2972 102 368
40453 558 593
5611 140 387
3340 253 254
2794 57 536
12603 268 432
3210 178 246
1539 51 395
19609 407 603
5509 222 409
6286 117 130
2670 28 315
327 19 20
1926 26 40
2333 49 56
52966 548 648
2989 68 228
31528 532 538
17432 235 586
12769 263 578
18758 218 368
867 31 571
2790 94 191
3234 52 286
7021 121 264
286 15 273
22979 385 548
27733 337 354
2093 32 225
38242 471 514
4715 141 387
56 18 22
11486 160 255
12335 186 233
1917 44 52
618 69 671
22519 511 514
8487 96 231
21228 242 641
3879 142 528
1281 14 471
833 26 43
6146 301 315
1976 131 432
5225 148 260
3236 44 374
156 27 262
18894 363 655
13326 170 305
9472 179 251
33179 443 527
28528 311 420
934 276 440
6088 77 102
8570 116 204
17 2 7
5238 84 197
1610 126 694
13126 145 678
8206 131 510
20355 469 584
5572 148 348
13390 164 390
11608 164 512
1129 23 97
353 8 17
1194 27 182
876 21 78
920 84 302
1853 174 205
73 5 15
20704 510 621
7257 410 654
805 18 226
14161 406 476
592 7 117
1189 336 663
37 2 25
4471 60 111
20 24 58
31089 319 448
25938 422 471
5028 76 316
43827 528 638
5162 221 302
4543 555 694
15079 560 677
6305 167 305
1532 26 173
3998 154 615
343 6 34
11223 179 454
3005 48 54
11156 462 691
25834 335 441
11712 142 382
13519 137 245
7136 270 428
11414 130 149
4868 82 328
2933 265 685
466 16 143
3713 121 356
624 13 17
7380 92 99
2528 612 689
17637 442 686
186 3 12
9828 106 158
9498 307 317
7112 202 530
7300 92 457
23380 242 697
5080 141 173
30 2 69
1289 23 28
4523 49 540
2677 114 261
1400 207 262
4191 344 603
499 12 468
26715 273 663
2624 117 126
3502 40 696
5553 73 244
9496 152 230
6435 323 573
9809 146 470
17556 224 500
12796 326 491
7989 89 265
11646 180 584
1568 19 240
1754 285 460
5076 62 139
10945 139 279
478 34 268
46247 480 521
4171 70 160
8003 151 333
2423 79 167
33 20 437
13542 146 366
12374 374 634
3519 89 547
5682 258 696
28202 447 534
407 23 481
1725 488 495
2673 78 151
6558 78 493
489 31 92
13350 164 254
2812 57 64
45224 585 630
610 36 551
995 37 48
13434 657 686
19532 345 500
160 39 189
18279 184 263
13463 419 452
20560 422 546
3810 106 199
1643 32 135
7918 165 248
14480 185 610
8906 102 667
8780 111 184
12032 224 252
9068 102 186
17643 352 441
2554 344 565
1844 57 148
3122 369 468
124 3 74
2581 53 402
419 9 181
15983 184 339
248 13 73
17349 230 456
222 525 609
658 16 17
4254 63 596
12154 125 306
1031 40 69
3246 66 525
980 12 559
29781 336 674
6997 126 274
475 159 273
24636 335 526
372 17 597
4935 247 262
23662 325 453
498 9 43
12817 241 659
4716 146 436
16222 284 687
2504 88 186
46128 523 572
10690 297 557
46010 575 576
343 171 245
6909 161 445
6848 181 257
4272 46 417
3059 123 448
19729 350 443
1605 24 584
7820 164 523
2863 62 240
8315 354 488
7150 108 333
10531 251 677
20492 289 344
13135 193 294
3985 71 80
33 2 137
31885 489 527
11202 115 230
46135 553 664
6107 231 258
6033 124 461
2083 23 66
1414 41 589
15720 216 312
1839 151 346
6587 354 363
1537 27 569
1 1 453
4231 83 99
5688 166 499
18 99 654
13919 255 363
5362 389 591
5497 86 344
13970 313 599
8062 109 457
2524 36 238
13418 313 369
35924 525 613
43 2 16
13268 466 555
14763 265 472
4751 52 110
4165 52 163
443 127 676
7394 111 288
9210 134 181
8709 98 157
804 45 119
130 3 10
454 12 86
34 5 156
812 18 44
1143 396 680
37699 579 640
13735 418 438
26 2 5
2376 146 575
1006 17 135
22815 245 289
18289 450 688
335 10 21
1415 32 510
14565 155 222
7475 135 431
29614 326 621
16207 252 289
13294 144 368
8 8 30
10538 262 378
26616 373 680
3582 41 283
761 38 104
40 3 210
33600 442 528
2768 30 39
18422 207 231
12661 177 434
8226 408 497
20966 407 507
58 8 546
5945 62 313
14999 193 460
19725 206 400
5 2 20
1185 192 544
7793 181 322
2609 157 684
740 134 455
547 12 128
503 12 32
102 19 205
3262 337 515
5404 183 185
8275 172 428
2694 99 306
14031 192 660
1256 80 152
13999 295 385
21111 229 543
2706 60 567
716 21 163
5391 192 308
7633 81 396
16125 294 491
4624 55 368
5966 104 185
14012 175 337
8967 230 529
9212 94 98
10750 202 455
290 13 431
470 113 117
3676 202 697
684 56 78
20744 263 369
34710 617 622
141 3 294
4231 343 508
7609 84 85
12842 294 366
23341 555 695
21153 415 595
5449 298 378
2900 322 584
12812 288 449
1956 547 578
18072 557 610
208 6 220
28 99 271
473 63 219
2244 111 189
4123 125 697
4676 210 286
3484 40 208
5874 91 102
1926 93 193
22323 299 598
58 4 91
20267 653 654
7224 346 641
5935 118 618
14730 348 368
651 9 595
38708 623 627
893 37 75
2073 80 548
9299 96 552
12122 275 485
876 10 299
7913 269 574
518 12 489
48084 543 555
388 689 693
1719 19 138
34870 406 452
12512 131 624
4301 90 187
15345 199 206
9648 146 154
5817 474 662
4072 335 503
33908 367 435
8553 308 659
25453 266 361
36910 549 610
562 17 319
3130 50 77
13954 255 676
20536 266 403
3803 57 266
18783 382 632
1914 33 460
13156 216 409
793 193 526
22505 328 432
3198 115 487
21799 459 633
20558 359 367
9290 181 226
1455 165 374
2465 78 89
13812 282 371
7972 169 387
3361 47 71
5562 68 80
2473 73 313
12483 267 564
16323 315 437
1 1 5
5105 344 678
5002 97 385
567 29 241
3691 82 122
14045 226 237
11799 312 659
8569 326 363
5645 206 425
1528 23 35
16791 373 395
9689 125 213
11617 203 289
6787 217 682
6269 247 431
5760 72 89
3052 462 553
3821 40 73
3101 178 542
583 20 572
1108 60 205
2158 45 51
6898 181 481
3210 70 105
5371 178 200
2583 188 506
30260 328 444
5522 115 270
1293 105 373
6472 89 229
6112 348 547
12449 269 586
3986 364 413
1 1 117
12855 208 464
22983 347 636
1190 45 171
169 10 323
9472 105 162
14136 144 146
19165 269 320
13969 334 516
18772 376 413
267 44 128
9703 265 344
7124 197 335
34091 389 640
1 1 200
18 2 326
267 150 488
6135 90 303
2476 356 432
2135 386 598
20603 368 509
1464 43 294
11534 353 498
3241 44 352
9275 115 137
498 28 82
36840 425 476
1625 21 38
20858 237 352
5709 437 553
3456 685 692
3915 184 350
16649 304 463
6188 113 364
2458 45 102
17463 221 684
341 5 157
285 7 67
5545 256 497
54180 554 638
19946 372 569
23629 381 445
33808 490 571
32310 345 484
96 2 15
180 16 48
4 3 330
9266 165 477
3814 149 165
1766 274 579
9 4 88
2696 87 227
1080 18 233
1575 42 48
2122 395 550
919 48 642
4384 142 156
1794 24 115
4775 85 156
7308 80 442
398 10 273
8395 132 331
5270 463 482
8094 142 518
9417 202 572
522 21 24
13192 290 338
2281 34 121
2445 31 200
1 1 25
9918 292 686
13234 511 600
1374 105 161
10144 365 435
828 11 581
10 5 22
4375 50 480
294 10 197
27953 458 594
1050 26 48
1474 25 229
17556 355 380
2115 98 509
875 164 176
1391 64 184
2761 79 137
16214 465 645
16749 222 386
34861 637 677
12121 127 463
5008 146 352
6487 80 86
513 40 424
11487 116 195
604 141 165
3759 375 426
2474 187 328
14391 220 266
910 617 639
182 6 166
59322 605 624
11008 180 189
1752 266 472
1 1 649
2116 75 657
4094 256 448
47048 491 554
9673 141 343
1424 112 421
3720 191 297
24913 356 424
6894 155 648
6845 73 249
8394 125 685
1922 43 76
25118 283 507
16758 224 521
25329 295 449
15730 412 692
10791 111 214
325 18 62
621 10 31
1813 106 513
9407 190 390
8862 108 199
1829 37 90
1427 23 190
31101 396 672
1079 43 160
4535 318 453
6350 103 177
848 13 37
4027 89 169
4060 217 237
667 41 93
3018 75 398
6157 185 233
7015 187 677
28279 390 583
687 12 39
4199 67 608
34472 371 407
1353 27 32
4781 64 231
1676 98 259
3028 127 246
2808 231 493
8737 210 219
1415 36 640
47598 557 683
4485 155 223
8594 164 178
412 7 172
57910 609 694
2431 26 72
9723 116 239
4901 202 246
23280 283 382
3673 66 679
821 597 662
35183 431 475
3616 52 55
1964 32 80
3061 493 500
953 56 88
38338 438 694
12819 131 452
1402 17 131
30059 333 467
3727 66 440
492 6 497
1474 43 165
10031 130 411
18028 458 577
18997 207 450
9637 132 249
132 3 5
316 279 502
39763 449 466
8544 319 340
1461 18 183
23852 331 481
2488 146 285
22419 277 495
3294 70 71
5016 284 692
2135 26 51
2661 35 60
9348 177 421
7448 214 258
3523 222 491
850 40 56
27749 419 493
30580 347 693
2980 36 258
41 2 513
13102 134 570
20481 411 419
2153 201 419
30863 396 467
3689 67 312
904 23 132
3746 44 254
8429 332 575
7004 78 588
254 5 25
6017 79 90
5951 129 485
1661 38 76
9968 326 355
17861 322 535
3132 133 177
63 64 187
21329 322 348
5342 63 84
4202 243 605
24923 346 434
5832 154 372
25890 311 351
1639 71 310
8009 88 274
1874 29 43
6568 108 542
5014 96 192
2569 77 447
21287 396 684
8747 93 185
8508 253 397
41808 454 508
1405 42 538
3441 41 140
9661 103 319
1988 108 330
924 21 126
14886 454 514
5120 74 76
2610 37 328
3319 41 80
19412 351 625
15411 212 468
740 34 156
18 4 60
13313 238 260
2980 90 180
4925 108 122
1196 139 464
34398 441 552
3337 60 62
42027 529 679
4867 157 273
473 75 242
11417 256 402
1 1 456
700 203 255
20965 272 439
15182 181 251
7330 242 483
1155 21 496
2905 122 439
4341 53 87
26820 375 381
1993 405 693
2529 80 518
3169 182 249
20151 220 379
1213 175 393
5907 134 136
122 98 124
7514 208 353
9679 162 193
9535 123 681
7829 195 210
1352 26 663
4028 180 213
9356 382 678
37958 649 679
1344 17 41
55047 597 618
3816 231 366
46788 495 526
67 16 154
2946 172 244
3433 81 547
12129 133 318
12635 263 299
1888 44 271
14807 255 405
6591 114 202
19417 223 343
3166 55 142
536 60 141
8529 110 448
21 2 3
10266 253 430
59 2 26
454 22 226
8113 109 571
14742 152 490
9 6 31
37353 558 582
5917 85 112
1954 157 298
5740 173 499
6961 81 95
29178 598 635
419 88 285
3697 185 186
7391 383 524
109 6 51
2205 25 89
14519 289 312
2861 125 238
833 93 661
9669 139 251
8440 303 511
3697 232 595
875 91 415
4436 66 115
1527 49 169
4470 71 500
1463 43 258
3709 102 137
5133 118 626
35847 556 620
999 18 175
1978 33 42
12189 180 629
29556 396 640
1103 36 82
21137 466 647
5412 92 283
21290 259 424
816 124 566
8644 338 385
13 10 146
12736 157 574
4347 51 291
23959 315 664
24162 414 580
5683 155 425
2440 95 235
4210 50 65
331 20 163
9639 119 342
13687 204 634
76 2 17
29020 335 373
4139 53 199
714 31 239
1339 22 47
2825 232 396
11119 148 373
6537 178 557
35259 385 615
1232 16 112
1322 362 542
5531 263 483
27652 499 695
4465 58 355
8246 157 444
161 173 598
8552 527 595
3828 98 111
1267 184 494
13697 256 672
2014 139 662
13999 169 304
16401 241 507
37834 481 517
20055 257 441
7595 116 191
21535 217 267
299 22 356
23298 465 588
491 19 383
6415 82 363
32625 569 595
8550 159 273
27496 380 611
2179 47 333
5181 91 466
193 262 510
572 19 238
11235 117 492
7126 184 221
1 1 23
138 9 547
5311 287 431
2242 30 698
2028 29 254
1 1 10
33307 411 531
12695 130 296
676 27 207
11303 501 640
236 124 253
81 40 77
1463 28 50
387 6 36
17133 388 399
32864 376 565
6579 381 578
1288 24 180
2126 32 272
11249 142 183
16619 249 397
3079 39 83
3146 40 100
684 17 84
16271 275 467
4664 144 257
743 128 404
6520 114 234
4643 446 464
6545 248 617
1906 46 293
2816 34 610
14171 144 363
22530 427 437
1967 247 338
2477 50 143
1007 48 62
3225 62 230
40844 522 644
17092 639 640
16379 369 544
7701 292 540
10796 606 695
9451 149 224
5045 266 651
3244 305 543
3970 179 180
1487 143 273
14286 150 433
5752 264 483
23889 536 682
8477 206 215
11922 396 432
21733 429 617
2761 41 136
1222 116 146
336 15 31
338 47 56
1059 12 81
11663 281 445
4104 206 261
403 10 126
8166 85 412
114 6 580
30170 475 636
29502 314 507
5164 128 530
12877 529 683
6027 192 324
117 10 12
11927 277 529
54000 589 600
189 99 331
2894 58 143
5740 70 551
3621 98 408
6379 162 571
30865 324 391
809 48 64
3465 218 281
10814 182 687
13258 301 377
2494 312 396
1641 26 167
4239 139 216
6867 211 363
20282 361 543
585 23 67
2915 47 125
10781 134 524
363 9 300
809 236 252
5691 157 211
227 11 276
2038 186 451
1244 59 588
1007 38 74
6633 69 491
5000 150 360
5637 64 113
94 2 67
12302 211 306
9385 166 432
19022 210 293
25661 359 637
433 105 174
444 7 57
364 79 137
28912 291 460
12826 157 168
1460 20 553
8737 320 689
8289 185 336
1939 72 320
5335 360 451
686 43 82
588 10 183
43591 474 692
43364 533 612
17449 183 359
18591 201 593
1651 58 112
1495 26 31
18694 231 381
295 9 115
727 135 186
21649 587 696
30025 307 651
2650 29 34
24691 325 364
63440 646 669
17730 253 441
1303 38 657
10693 372 537
15799 313 365
5823 70 590
4400 46 121
42434 509 645
12734 187 200
696 37 67
12488 204 458
48040 608 614
10228 106 278
26539 345 364
1989 40 349
1 1 2
3652 53 163
19677 324 505
6773 271 501
1116 47 116
6521 119 122
14773 166 235
14824 247 695
7646 104 291
9882 114 119
439 11 341
29280 466 589
5830 254 504
27774 359 504
74 5 615
47 3 256
12762 200 389
9537 190 204
2124 27 32
12420 361 552
6106 339 527
11767 318 445
1931 21 142
5634 194 396
2499 30 39
989 57 635
5603 68 442
6344 170 537
3274 85 95
526 290 391
43991 453 616
17294 260 359
13362 194 326
5232 109 596
476 86 88
3505 121 131
810 85 286
1310 17 28
14070 404 506
379 5 7
5057 87 351
417 462 641
34123 368 669
795 9 16
1117 21 573
532 9 24
2921 100 305
11335 209 506
24460 401 469
7372 459 687
627 22 88
906 17 23
344 14 43
47669 638 698
6123 99 566
38428 592 618
18072 236 374
775 172 349
19311 376 400
17658 359 431
518 42 110
5669 161 462
20986 339 664
16892 228 475
7022 174 235
1286 24 259
1253 56 95
17006 227 379
30928 368 381
7782 145 460
10281 183 555
1266 29 278
7993 90 340
19491 472 637
2249 38 150
1565 75 655
11999 206 491
1816 35 71
18543 469 523
5440 190 204
20791 335 371
3772 247 349
12849 149 208
10747 351 461
963 54 315
11243 169 312
15670 211 564
1 1 15
20172 331 408
1055 26 160
8555 288 398
6940 452 500
26106 276 324
14038 535 683
1521 20 142
7978 138 392
1229 70 175
7650 85 193
7450 118 672
41643 455 608
3117 135 520
68 2 32
34529 417 530
1947 129 276
788 134 217
2174 27 118
8179 100 151
4285 201 292
2476 122 202
10582 277 633
6309 250 319
501 86 341
174 5 230
4921 65 76
1249 18 23
865 66 548
1437 27 89
5860 114 227
4053 119 192
17280 191 329
1056 20 136
171 3 239
12076 149 687
740 20 95
1644 30 139
3205 213 253
2632 45 103
6138 159 290
13149 559 699
674 64 76
17942 392 510
2470 123 536
272 44 181
2483 207 280
1340 15 30
4220 55 614
10483 217 663
2699 63 118
6815 121 378
221 13 454
9373 233 240
837 89 624
1115 21 109
12400 276 429
2719 376 456
768 12 42
6703 159 490
24753 329 517
1803 30 203
14913 307 405
3268 59 594
10092 189 385
32000 384 496
30784 486 649
6108 187 240
965 17 45
36453 448 539
3754 137 439
1762 19 45
5693 147 466
558 35 101
31832 548 555
1902 269 492
4421 150 225
19959 236 587
1306 35 80
7784 157 226
5857 72 308
4259 84 170
15677 350 424
2461 59 167
2665 36 218
2205 29 165
4388 278 451
40907 421 436
1279 184 541
2821 78 131
12507 177 222
3225 40 69
2496 38 542
2555 275 462
23583 362 658
6494 108 255
8169 179 317
376 233 250
50486 534 660
611 8 631
9650 122 123
2959 72 357
328 9 31
4510 67 333
190 40 199
10179 132 142
5808 84 187
15537 214 574
1446 33 124
10531 245 329
3137 41 148
992 25 36
596 11 63
868 426 538
654 141 220
311 12 46
3341 101 345
8733 203 315
2593 41 44
5180 75 295
762 40 617
1205 25 30
360 6 17
31335 537 697
4455 111 541
17642 227 337
3129 67 197
34231 565 700
4189 219 609
10780 110 522
11809 608 654
395 8 65
2990 428 470
2166 168 437
20275 334 417
69 3 80
72 7 8
2055 49 96
284 53 135
1951 70 162
390 139 593
5349 224 239
10035 242 243
3079 406 700
15548 177 189
83 6 10
3182 49 68
95 22 87
4313 149 683
41430 630 683
5195 240 542
13647 246 482
1298 15 134
337 20 330
155 26 65
29290 326 645
2570 48 174
6097 277 364
7613 93 577
4472 65 95
15 8 516
829 47 268
8769 95 114
13400 268 459
7354 124 162
3552 37 679
606 155 339
642 10 163
1006 362 444
841 505 556
13832 144 438
4155 62 102
3676 122 184
3251 46 72
2802 34 109
5707 353 565
9570 328 645
10282 286 474
1764 56 532
11150 215 345
1699 21 102
536 27 253
31140 369 529
1488 62 111
9527 100 113
2204 140 250
534 142 292
4363 132 681
2123 23 36
5852 67 80
24153 272 514
249 8 132
694 131 225
2948 102 116
3944 56 128
11399 127 338
2653 80 600
364 19 33
489 7 602
4397 53 242
16758 359 436
4337 190 471
2240 61 372
37298 468 620
3682 44 148
4150 84 221
5896 71 145
4429 95 248
8766 245 488
586 33 223
830 10 140
28563 373 629
3675 153 381
13194 259 674
1092 35 102
5142 70 411
12709 164 545
246 4 6
15033 513 591
27683 335 658
258 5 93
6669 75 264
1288 65 79
5189 628 661
259 10 107
9937 107 554
672 24 178
1176 410 509
35859 454 541
3766 55 493
2107 40 515
17504 518 620
525 16 120
15079 453 629
15745 346 426
12955 335 479
17241 191 367
32399 352 439
4564 121 285
10114 408 696
5826 85 453
38608 523 694
512 7 681
5792 327 543
29976 372 686
114 10 83
11718 352 373
4496 97 450
1628 32 162
7311 271 308
195 41 90
23410 375 380
3175 57 332
1163 75 81
985 30 44
3146 82 211
2158 35 614
3051 559 611
1484 100 448
25194 264 282
256 5 414
1284 97 178
77 2 3
413 8 185
389 105 191
1939 86 345
1202 14 515
4634 85 116
1856 35 70
1141 34 91
18912 345 501
2213 54 226
2153 188 371
2131 132 174
383 5 159
2635 147 160
7871 124 659
5110 69 327
3660 100 179
964 13 76
37061 447 528
7 4 392
18351 491 521
670 28 315
8895 314 443
14462 156 538
22746 240 518
47471 550 683
539 9 177
3484 71 318
9822 372 606
10362 116 137
12286 182 483
35291 517 688
10789 344 427
1840 367 417
2266 34 130
21632 233 410
31931 359 372
10417 116 372
6724 75 109
134 23 34
30024 338 616
12816 142 275
6879 77 233
10364 110 112
1163 39 80
8346 292 357
2558 33 117
1524 123 173
4719 206 288
4900 52 57
30281 362 494
1588 209 314
805 69 73
39771 429 501
20063 277 403
7197 74 547
1409 34 116
27659 538 562
3249 40 100
7730 94 247
2440 44 585
7327 175 232
5550 279 461
30255 399 640
3632 367 585
3259 47 96
1979 30 43
5249 74 247
27122 297 365
43408 456 525
18752 197 544
3766 84 412
3469 108 247
1082 18 28
4014 67 193
40581 428 699
490 172 555
3421 82 454
4098 214 547
31476 565 659
2 106 121
1537 39 157
6391 69 455
14703 167 681
1411 140 241
3861 100 305
7882 134 148
809 249 570
7300 544 630
3331 40 72
4646 61 160
16283 226 343
3337 87 596
1244 67 109
263 155 570
100 21 56
22514 249 542
4723 263 355
38791 409 600
14462 289 619
10370 108 109
1635 79 130
3519 76 404
4939 62 640
3616 38 562
1086 19 158
32103 449 640
167 13 17
342 26 280
17642 293 309
64 2 139
6351 304 523
9714 273 542
12680 165 270
7036 104 287
4951 102 128
6407 233 265
63 3 55
7741 173 524
50775 544 667
4885 107 593
9712 211 314
7240 136 333
1 1 4
257 19 193
1885 24 46
9400 261 359
5067 110 401
553 11 52
20594 224 552
4510 116 263
28567 357 670
4316 82 149
1 1 4
26959 391 681
293 71 83
14127 188 408
1173 19 207
2826 63 180
2255 67 118
601 58 183
938 50 283
2355 258 590
4491 118 216
341 6 501
5180 125 172
11225 143 440
7497 79 551
24877 305 504
8237 420 494
287 4 335
6650 74 662
3928 244 574
10773 405 418
33514 401 483
6306 191 272
32367 388 596
2472 281 419
389 50 499
10235 376 582
2882 94 376
6112 187 447
2899 171 184
1 1 3
2503 28 117
148 125 165
13541 237 444
253 199 604
231 87 423
6577 81 140
194 6 139
13870 153 154
2027 61 69
8401 221 333
79 2 8
8828 150 258
17561 225 340
4469 60 238
1397 28 52
6516 80 148
946 189 192
16694 546 556
170 13 64
116 34 326
13086 192 473
1344 26 287
14 92 419
778 10 230
8370 162 349
18537 441 597
5476 306 627
27625 283 314
1644 21 602
181 5 543
1228 14 36
848 23 462
9770 152 504
4429 283 427
1570 218 222
12178 680 696
29163 359 396
9008 118 205
7102 101 368
5695 91 117
4564 371 506
16120 179 651
48 6 90
2244 33 38
39 12 343
3517 57 123
4 6 103
1942 21 98
157 3 9
301 55 122
3298 43 138
2304 125 128
445 611 671
202 34 435
1785 63 198
9970 110 340
9347 145 189
1150 44 54
120 8 34
1571 22 133
227 7 9
1 1 26
53 2 12
3229 67 77
4131 48 643
801 262 361
25093 270 566
9510 324 640
3950 90 148
13996 171 244
1097 13 15
4094 110 430
11595 137 407
44 11 549
13927 153 261
10159 124 183
908 18 118
12875 142 607
10095 124 188
108 5 14
7723 120 700
11648 361 645
148 345 349
9114 115 118
8121 101 241
1215 179 202
1 1 278
4546 85 129
11112 132 174
7840 574 642
631 119 175
16996 256 599
4050 93 162
1961 22 64
3624 96 202
38635 490 616
4741 157 189
5391 91 134
4733 107 122
574 9 46
389 64 489
1167 18 19
1933 31 171
14658 183 329
13748 484 640
19998 209 424
8562 98 253
6929 74 93
2731 57 651
1767 34 277
671 11 29
32727 382 481
336 17 104
4136 201 322
5822 88 309
3871 48 64
8099 124 139
19128 513 611
38015 552 686
51 62 127
14417 186 207
12405 134 374
25864 365 437
2876 165 603
15579 261 338
1717 123 350
15792 258 313
16362 229 428
34897 373 677
1 1 112
1 1 97
1313 40 286
11284 473 544
15285 220 283
138 3 71
17719 192 463
4517 55 432
1814 41 436
16406 196 641
360 28 287
123 4 375
7564 92 342
12156 327 583
3384 83 695
496 8 13
598 11 85
2822 36 45
7526 416 446
513 15 629
1003 13 118
19891 424 496
21073 229 695
10862 381 466
21029 413 538
3129 42 290
1825 20 136
27358 344 616
9493 99 127
7356 136 165
5805 141 238
6204 92 284
1866 49 315
8663 102 157
9685 250 287
2081 187 542
20307 274 403
17023 405 641
12123 189 321
560 29 53
4477 64 150
4627 62 81
4438 185 205
9790 104 442
6310 369 408
1811 85 700
26970 366 415
12769 270 421
1054 18 401
2112 80 575
1000 230 336
2232 230 378
4446 271 512
10001 189 264
1 1 101
18565 396 627
13022 164 191
721 87 188
13263 162 452
171 16 83
20682 553 667
4303 257 428
3689 167 435
126 83 291
100 16 438
14456 167 541
5498 69 109
16474 457 676
28479 307 567
693 57 82
6486 142 368
12176 124 216
1380 24 40
5229 578 669
7258 77 147
2178 23 79
1885 47 50
9633 146 699
384 7 26
36 2 55
17820 297 299
4886 182 366
29926 348 398
1122 20 87
18184 212 637
739 16 33
2463 53 103
101 10 15
28659 343 632
18413 242 513
8916 221 581
5688 142 451
47780 532 612
45961 487 565
10504 308 684
12830 260 442
8005 206 680
37021 550 653
3865 45 90
15703 197 419
851 89 254
5960 106 228
4466 333 589
1911 184 677
40372 441 486
6492 128 592
2061 266 681
18597 188 281
32386 374 432
7791 106 116
190 13 66
20475 244 560
2592 38 278
7197 106 487
6726 75 381
246 13 247
10964 171 301
14731 393 693
11408 378 571
5061 155 160
13646 138 157
4273 118 159
7236 82 194
1487 69 180
14713 215 298
2099 32 395
11787 149 184
12911 151 222
19 22 35
43908 636 640
20008 223 250
9931 103 624
5221 63 233
12927 211 238
9712 127 467
37852 417 441
42458 466 634
1173 15 19
1790 221 409
22570 568 610
12202 218 479
19168 274 657
5311 155 310
360 29 80
10085 167 396
1 1 93
5919 62 332
3084 62 219
4733 95 302
4419 67 114
632 23 81
1479 22 84
2410 71 300
533 9 184
1741 29 533
4545 69 626
14802 152 415
3352 283 679
18395 406 678
3403 114 160
7514 104 636
15228 171 200
12715 280 579
11333 169 328
335 42 115
11 3 42
7294 480 508
1352 15 24
1135 17 60
708 14 39
7273 202 358
1040 208 280
14511 384 410
5127 65 410
1459 46 331
14995 182 263
15724 175 288
1725 28 215
438 36 406
11635 344 368
3032 33 43
1136 499 660
9717 163 320
2 2 28
5796 102 171
8117 322 673
2452 109 151
3370 39 145
15131 320 410
4497 54 433
10019 267 697
222 11 60
799 13 75
543 9 102
3271 42 63
3206 48 94
4214 63 119
2295 341 390
33 14 150
29960 312 553
1841 105 111
4470 211 520
18769 198 522
138 4 39
1837 20 248
3218 145 148
14008 160 169
14249 225 310
1 1 6
1914 38 328
14037 203 624
198 57 98
12811 292 381
2871 73 629
1280 27 100
940 72 151
7926 149 327
11 2 12
6536 143 527
12493 323 403
2171 158 161
5679 106 141
11270 418 581
12516 190 495
2990 35 123
5901 157 540
22645 322 553
22596 376 591
27219 446 565
36 3 36
796 9 570
46781 642 648
3182 109 620
1951 345 425
468 28 479
310 6 29
12066 163 323
14434 211 231
9086 102 428
6381 210 337
1546 28 52
7403 156 158
1803 37 591
4886 249 261
19705 222 481
1568 37 122
21761 340 390
2559 517 539
513 50 59
144 32 37
1160 29 141
138 10 641
7953 157 563
15419 189 192
786 14 246
12243 165 228
12278 203 263
36366 452 545
1113 62 75
465 11 74
1 1 580
366 5 18
2380 47 186
3503 56 107
22753 229 279
773 65 128
4071 59 656
17 84 276
1358 83 145
863 10 570
24386 366 669
740 44 130
1540 22 124
20356 661 685
363 6 310
7673 475 496
12562 137 402
11989 240 355
12842 160 201
150 8 334
664 160 267
411 25 274
7905 177 435
17432 378 450
10952 172 252
473 110 172
16882 204 233
83 95 573
18338 223 231
9667 129 395
3851 99 422
34 6 42
4296 161 315
26531 418 491
8748 232 632
41 3 58
404 23 370
2621 30 193
1216 15 269
5374 286 310
641 24 92
6348 335 371
905 58 548
21170 526 619
5894 196 435
1562 36 187
123 14 130
1226 116 138
8633 93 413
10253 127 666
37390 494 596
9851 303 349
1326 264 464
8296 134 525
456 237 621
875 11 85
10305 115 690
6013 141 428
12605 237 320
8867 114 120
2849 44 420
38809 480 614
105 3 354
303 37 394
553 12 352
681 11 62
4256 116 390
1737 100 112
700 54 113
5657 86 174
7044 197 320
1455 25 101
1040 27 221
2691 70 242
164 59 515
3619 167 384
16252 362 655
14331 241 491
16264 323 459
5151 97 147
3410 42 170
19181 427 597
18636 287 444
2464 27 46
3205 178 219
1570 102 165
369 6 83
2010 110 120
6657 452 544
16018 171 621
2534 158 315
473 7 72
9418 157 435
15002 153 265
5583 77 377
13167 506 537
25732 289 347
7295 181 188
9468 300 343
1700 22 85
24639 267 333
3722 63 315
656 115 135
7543 153 305
269 72 238
36959 458 597
5802 151 555
390 41 198
6677 262 282
14364 283 299
22268 446 577
21713 251 288
3001 147 193
11230 291 521
18159 214 370
1317 56 298
12287 156 284
11370 285 289
198 6 55
1969 27 271
388 6 138
16154 309 625
468 10 286
21536 286 376
3238 181 273
6409 69 177
20009 417 564
13529 153 502
19275 326 356
32707 370 528
8204 111 186
1585 341 686
10342 134 592
13993 212 264
22131 237 476
8182 105 133
11126 206 333
734 26 622
8594 171 480
408 8 24
40120 462 467
55 6 56
18132 285 610
23724 289 351
500 22 96
1559 42 268
478 61 602
2728 78 360
6747 119 451
28743 523 657
9467 186 499
17843 257 327
15513 161 318
716 46 94
740 24 595
267 29 31
1539 135 484
11165 127 128
515 16 29
3014 154 688
1071 97 178
15848 386 466
14584 492 568
28229 557 633
918 17 22
2096 23 30
25978 264 437
11963 131 651
21780 299 409
9706 122 427
8839 148 568
4913 103 268
22615 598 644
7520 79 346
7687 316 342
17373 366 389
1 1 12
909 84 191
3 28 523
9385 334 494
1844 81 228
1116 26 27
196 142 302
1 1 5
6 3 10
4182 437 659
1484 233 580
6313 86 107
24 3 646
3588 121 343
1 1 137
3874 102 581
13697 182 332
28340 307 325
35103 400 465
3323 60 401
8149 100 559
1137 24 185
1522 74 135
20586 373 476
17841 193 218
38341 392 405
5858 220 266
40916 482 524
3021 36 60
2280 212 685
597 21 654
16005 192 596
1935 41 45
2935 133 359
868 12 265
5882 228 372
1 1 42
20196 224 528
19671 348 615
6985 477 535
1688 18 417
607 58 94
14734 164 566
24362 272 442
227 4 246
784 36 505
11429 222 246
8077 131 294
5651 112 363
27515 331 690
21 210 614
1190 22 227
715 231 658
5284 75 264
13774 239 461
175 3 615
1 1 15
330 50 404
304 5 9
44732 469 565
5805 107 209
1920 22 111
1044 22 226
1345 20 95
12762 136 161
5274 106 252
2839 148 322
1820 128 285
3308 47 81
7552 131 172
14547 397 413
285 36 618
607 89 178
1728 34 207
6901 239 533
4816 69 571
48 124 314
84 3 637
2948 144 152
25651 331 646
1529 141 355
8254 103 425
7404 178 206
12950 265 647
1889 41 249
328 295 555
23003 283 400
16863 249 581
228 26 59
10547 197 202
6281 430 562
45 2 90
3533 242 257
769 103 536
1008 33 637
2497 203 215
619 13 306
7570 266 289
1072 13 84
11372 270 333
232 18 530
24312 488 555
3213 224 305
60 4 7
2841 73 133
2875 99 134
5474 91 189
145 8 270
7116 129 577
14276 248 323
66 6 23
6233 167 663
11346 424 568
2607 513 683
6704 72 424
2228 49 88
3731 336 636
1 1 2
9345 103 182
5934 76 451
13006 190 290
4388 55 309
10838 267 288
1 1 8
3254 97 129
878 10 26
2329 104 136
15354 243 472
8268 146 245
3801 68 265
3246 290 365
1529 38 163
9957 426 627
1174 36 287
36314 593 600
11504 432 492
18220 384 533
7825 107 169
5662 64 458
4319 182 242
7633 127 162
1054 43 205
45969 565 582
3915 228 613
3989 135 501
14160 250 290
28 57 242
5154 154 229
8523 474 493
396 141 151
4267 58 77
8074 514 558
4636 232 478
865 76 331
5701 60 248
16639 241 452
1750 139 265
599 70 84
7942 215 270
100 2 12
4727 53 104
15373 412 471
416 8 470
3692 100 574
8088 154 180
756 25 448
2295 36 61
17090 224 280
9468 263 301
13039 154 184
6441 110 153
24080 357 419
293 4 10
143 12 132
12670 294 658
23093 249 277
3063 57 197
14492 304 404
5401 64 160
7419 91 195
1018 17 68
2224 25 165
9925 105 262
19670 227 312
34838 370 592
15878 236 290
4957 303 485
7807 328 689
2432 83 317
4758 152 546
8041 225 533
945 102 628
20228 287 623
43605 442 473
6730 111 118
50226 562 563
17756 235 697
53 2 9
7004 220 347
5653 137 606
2781 42 183
18480 446 479
110 3 24
17285 363 666
2260 90 686
538 10 520
1299 51 70
3167 409 502
16017 194 545
194 4 11
1586 128 366
1381 38 197
11611 153 224
20441 210 292
4592 72 552
2074 286 495
1158 73 108
18033 264 479
2863 147 479
2343 60 208
18835 232 524
3328 82 601
3421 129 286
4556 188 218
1810 27 578
8515 118 337
534 10 20
7531 134 205
2920 126 312
1412 48 494
1171 24 125
955 12 193
23062 236 313
1590 152 224
25725 294 356
26371 524 537
477 49 260
13008 279 361
16973 228 394
1842 283 340
33561 373 694
3388 178 187
13511 185 275
1749 53 120
20810 429 686
3922 225 313
4616 50 180
46506 483 491
1867 68 333
3924 138 371
1271 18 699
12666 188 672
1822 44 491
1230 16 454
4105 129 186
2865 83 427
18286 523 655
8126 86 236
8093 128 445
3216 474 655
18892 286 665
7831 227 392
1639 80 108
1535 227 651
1716 25 85
5416 63 65
4344 111 366
18127 238 645
2146 38 655
1396 89 317
189 15 204
553 18 33
41 3 69
19793 257 475
8197 356 451
5825 68 467
2856 152 234
7692 113 174
9828 299 393
4204 58 327
14149 347 641
2682 426 503
278 31 426
2318 44 47
20964 349 439
2388 46 83
19263 204 484
286 61 436
2389 409 576
11294 143 669
39278 418 549
574 47 177
39 3 33
4154 62 67
13263 141 409
13166 218 302
9343 379 626
2456 40 44
3640 125 391
529 10 28
1174 15 17
7687 118 328
13100 317 427
3672 101 541
51038 639 671
18915 212 354
10767 132 255
2139 55 570
19158 332 608
4328 196 409
6774 170 615
2167 78 132
12447 143 351
5362 71 254
566 18 609
4754 53 215
3328 40 42
11646 559 647
24 2 64
13986 254 431
4818 58 547
4739 116 226
585 92 392
7306 83 476
12445 208 523
5466 140 160
379 61 606
9883 254 301
839 51 86
2921 106 142
2822 60 65
1999 27 409
4312 186 434
741 56 61
1 1 4
10937 420 690
1670 53 201
4038 350 418
5989 272 444
9402 110 581
4529 104 477
8587 133 225
15206 547 640
9159 181 494
29491 329 476
4764 151 165
26749 480 564
2700 59 90
511 15 68
8521 134 193
1269 142 359
12454 263 684
3182 33 180
3503 45 168
33559 384 620
6828 165 502
22927 249 541
546 64 519
1126 42 66
810 12 64
42650 607 641
595 96 432
1264 66 692
782 151 238
8611 121 452
45 11 476
918 33 441
2077 396 517
25560 265 484
65 21 190
7967 90 322
2231 107 583
3830 432 550
12566 235 382
18616 462 589
11960 399 448
14066 227 423
10634 114 360
7046 129 285
12110 149 204
4683 176 186
2691 206 697
27931 288 432
1407 69 170
3913 89 446
12674 132 451
8990 127 619
3389 73 82
25319 346 578
459 22 578
3874 58 95
290 9 51
10885 456 552
5191 262 463
1 1 24
13676 444 488
4624 72 403
1118 17 25
7229 247 298
19029 273 361
5091 252 312
112 5 30
6057 467 676
230 11 527
10793 228 572
6054 82 91
23739 290 641
5253 72 445
11219 155 642
7635 360 538
14670 183 406
6097 147 266
1806 46 55
3638 83 94
2865 102 385
6959 75 290
82 30 372
9248 103 258
10353 116 529
2208 31 39
42 11 18
5426 285 350
1087 18 107
6522 77 175
7216 101 184
4907 80 426
794 112 251
8425 343 364
255 6 381
5742 154 196
471 16 22
1136 13 410
3590 51 82
2531 103 683
507 93 268
1686 343 628
5995 153 390
30972 390 653
348 62 191
8662 487 535
7899 91 107
1456 42 172
898 36 37
8708 231 380
22234 241 271
1065 15 16
1307 17 344
4530 521 608
167 13 277
2858 151 227
15181 190 360
1495 16 156
5689 114 635
11420 272 431
12390 198 345
286 10 454
18388 240 596
5155 268 388
50 3 48
4702 52 77
9319 174 297
1141 14 48
5716 491 623
28743 393 530
19 54 189
3407 146 179
1956 42 413
13808 185 528
2080 153 654
10706 110 215
1231 17 54
7994 188 481
3734 153 346
18244 311 665
1868 20 248
7811 101 570
52157 572 661
7979 239 363
17 2 619
7057 318 434
91 12 304
1401 23 287
45591 505 637
576 12 24
12309 171 522
2508 209 477
12047 146 520
24096 316 365
9439 257 597
707 72 176
3955 201 207
972 146 279
2435 72 532
1666 42 122
3117 213 239
18811 499 578
1636 22 456
1936 99 434
2410 37 43
10875 272 417
25 98 446
14044 192 197
2129 47 65
2154 30 183
7202 141 326
1725 104 680
160 13 359
6291 186 424
2579 89 106
303 5 356
12242 232 289
2257 71 83
67 111 594
7154 77 235
7276 514 674
50544 653 677
6359 69 91
2357 45 211
454 21 117
11148 229 394
8375 163 647
9115 142 590
777 160 256
7195 221 306
9521 112 490
1145 26 48
6843 156 307
8096 194 478
8732 182 266
30758 430 609
2845 35 37
6410 157 645
25556 346 497
2714 170 606
16050 266 465
22467 461 660
5047 52 87
3453 65 338
15826 343 418
20248 372 624
1584 217 496
16090 228 312
18339 367 526
2662 77 108
9078 92 373
1811 222 670
4303 76 619
430 12 19
12694 263 556
3323 272 404
1606 60 368
38659 445 499
696 14 56
21316 259 280
1460 29 368
37441 398 487
12725 207 385
39540 418 536
6786 373 650
4293 57 104
9954 236 286
5732 102 140
6494 125 427
6896 127 457
15742 182 497
43777 589 695
2404 127 212
15237 327 365
8964 158 210
22936 291 298
323 13 19
4944 111 301
5927 329 369
408 7 57
36280 381 417
44870 467 523
29305 400 488
17713 213 345
34730 447 646
1019 27 55
1187 17 209
4836 89 389
66 4 7
190 7 57
68 2 13
42523 468 475
7533 302 611
11702 188 252
1 1 2
9935 207 671
2050 30 35
14360 248 424
95 2 5
3136 42 547
32818 513 515
295 107 317
2331 40 287
402 7 646
2675 60 161
13106 166 168
1588 595 657
2325 92 219
797 12 31
8518 100 306
10584 392 684
20168 426 540
7267 107 661
2938 70 97
3335 51 355
2607 104 247
388 37 125
28861 365 549
1780 31 96
2661 356 497
188 14 225
217 161 247
16757 195 459
37071 559 599
12682 358 547
2258 109 281
80 2 303
463 14 614
1689 419 605
38 11 54
18085 339 673
6380 84 510
25156 255 478
844 424 472
21418 323 324
232 19 35
178 44 230
86 2 4
590 7 282
11889 192 249
1042 30 98
1955 302 311
3965 71 288
436 8 290
20983 470 645
1944 25 466
7718 92 359
43363 450 640
6000 127 589
1284 41 497
420 8 25
1655 257 451
702 42 559
780 34 96
21233 546 573
33408 352 452
297 55 71
1020 18 221
21299 502 590
14212 159 472
15492 308 316
7102 175 403
3960 42 506
6766 77 407
4920 79 225
15010 220 328
27411 570 619
373 6 145
4276 48 119
4567 49 173
12296 353 637
4172 439 491
3609 58 423
23059 582 588
31158 324 591
10620 241 256
715 16 479
3573 101 170
1998 237 429
2884 164 538
975 11 99
23382 278 327
1858 21 53
63 10 89
931 19 66
8765 265 563
3132 77 432
3189 219 453
490 459 465
1567 19 36
26648 511 581
15844 165 311
5724 153 413
1 1 4
17273 205 648
612 20 67
2489 67 322
266 19 103
11240 115 625
13879 168 561
35352 373 484
786 78 192
7570 467 544
4644 142 268
3942 129 627
3326 51 202
3975 95 150
4550 502 555
22405 304 331
3784 153 583
19560 225 307
1211 24 36
2851 104 403
24913 287 395
105 20 28
5354 57 207
1889 42 63
333 80 444
5918 63 417
22091 286 535
232 7 15
6293 272 540
7146 248 519
2014 45 493
6507 515 637
22172 448 669
153 13 47
1931 122 321
2765 126 199
92 4 437
2050 58 529
4365 193 609
1798 281 362
1969 144 187
3098 168 309
3902 101 686
17439 192 261
1388 290 346
41229 542 699
17951 306 391
1214 231 263
5511 60 596
14431 321 610
1841 61 148
7138 147 158
5104 85 464
6940 83 282
12034 318 658
454 10 207
86 4 26
46221 499 544
1748 52 687
658 120 165
128 45 46
3243 360 504
40119 597 627
392 43 57
537 49 138
15747 200 408
586 97 130
34699 604 620
2114 28 70
9035 92 135
1142 20 26
1984 63 121
212 79 525
7842 134 210
7994 480 564
9489 233 295
653 101 190
23646 412 598
7350 116 559
590 11 12
21525 477 509
76 2 12
2419 229 359
21840 336 536
794 17 97
25355 330 374
191 3 88
1 1 3
1602 26 225
1647 171 237
2449 37 325
6838 257 448
1329 200 377
27245 457 572
4874 69 290
8233 490 623
5208 131 158
8994 180 317
3293 74 498
31575 519 559
11422 203 525
7357 266 339
6179 103 179
27321 291 413
585 34 502
27415 286 387
13408 547 668
1986 33 49
29651 316 516
7018 76 322
5857 212 409
25639 312 361
4096 94 320
4875 179 683
1631 47 204
7840 251 399
1360 16 471
1216 46 79
4603 490 511
31318 330 514
4828 268 593
34007 374 502
323 400 513
596 31 432
37691 412 445
1985 238 361
7112 245 405
4215 197 602
321 15 37
44 5 273
8536 308 435
12602 141 192
106 5 54
1019 17 68
3450 37 375
3851 87 632
2871 31 219
3549 230 399
22520 410 683
698 157 554
2490 191 222
4205 161 427
25934 310 455
15213 185 211
555 25 308
2019 129 249
6071 138 273
2066 128 150
41148 505 557
7184 90 310
850 40 118
3926 55 647
4562 179 241
2442 30 44
346 144 221
6277 66 94
33775 543 580
718 42 88
10213 437 438
7369 79 345
29490 473 579
1195 29 283
4115 113 270
24761 352 433
2599 85 484
14329 227 319
6764 70 105
1621 67 217
18879 263 302
39815 524 583
33312 402 691
1045 19 174
3090 203 626
1600 91 566
32560 327 527
16682 493 679
37204 429 574
6468 448 556
10658 217 475
3901 83 558
3055 83 597
324 60 373
7536 93 504
7685 90 636
1197 36 364
9024 174 196
5528 309 583
1877 20 149
1368 54 140
248 29 431
29570 339 510
9517 183 434
12494 276 624
6816 550 697
2638 60 471
3829 482 578
6182 271 302
4721 84 471
5276 116 447
2660 105 327
2085 124 261
2389 134 251
3666 114 457
33111 379 447
17823 228 665
135 4 19
621 66 98
14168 517 602
481 7 54
7471 224 380
472 59 210
3532 41 47
4862 60 204
17362 252 254
1096 61 440
26792 275 342
1780 56 59
12583 259 305
288 16 59
39 4 199
3823 72 104
33439 354 514
28889 348 417
20675 476 619
151 7 57
147 4 12
8344 90 312
509 101 227
22 3 41
31001 564 602
49979 545 615
6998 386 393
712 19 474
32954 609 699
10589 264 415
3873 400 688
88 5 235
5851 456 645
1769 93 322
1115 82 99
417 24 535
6778 370 700
677 36 104
2991 66 73
1783 30 69
4308 56 666
6592 297 533
6582 76 245
7115 182 677
32117 327 388
4639 148 542
14025 302 428
6985 205 502
1829 25 44
184 4 324
1 1 8
3651 59 236
8540 131 255
2260 61 330
1181 113 416
4519 71 137
15075 242 587
1000 28 159
3057 71 80
2932 35 247
16673 603 674
5913 74 605
12568 245 260
50399 537 621
6000 65 112
16722 170 380
173 6 22
1518 30 386
5584 126 516
15654 281 626
8225 123 618
14432 177 518
10944 175 368
535 56 320
3934 677 678
12733 431 496
14234 254 430
26833 361 601
7126 233 459
62491 668 695
24609 393 555
12670 505 620
48816 569 580
5259 56 618
1864 156 279
24358 495 516
15 25 87
1365 71 176
1866 27 252
4928 158 230
6857 164 338
7356 79 487
4859 192 449
1046 79 98
30559 456 623
3308 93 141
24662 287 332
11782 230 602
9283 380 417
10424 169 360
353 20 456
1014 38 75
4039 78 347
6492 116 480
5473 243 317
3260 224 630
17433 212 230
11323 366 505
1393 24 36
1480 54 442
25165 581 630
11765 279 335
12275 324 468
2781 123 190
1465 25 90
29228 372 499
20206 292 390
9513 292 297
6539 101 119
8698 97 310
22740 267 544
1391 30 232
778 32 223
11524 318 545
1568 30 158
2205 30 282
7350 381 649
2662 87 129
4112 79 159
1023 56 319
4400 83 84
3840 102 387
1973 32 154
937 286 581
14300 147 200
7175 104 301
2607 64 428
11150 133 273
29170 550 593
10499 337 462
8926 215 581
191 13 428
5904 99 560
5205 148 232
2850 245 442
8427 104 355
9686 361 426
3935 49 51
3835 86 245
35093 545 579
479 7 10
368 16 19
28442 303 394
9068 249 252
3054 67 124
1179 199 281
11749 175 373
41074 566 607
8478 112 342
4573 60 673
4198 105 148
368 5 627
1111 17 105
9070 382 545
644 13 118
20476 332 472
5254 70 78
23874 258 282
6790 424 674
15 2 36
1057 25 65
5865 102 204
559 216 240
953 40 217
1748 246 615
9479 154 319
543 8 559
1338 107 524
13657 442 609
10445 181 575
19508 330 493
7317 77 242
8219 119 441
10024 108 230
2195 121 582
37206 526 683
324 25 463
10369 466 647
824 28 522
3954 276 426
8775 106 651
2767 53 362
17622 245 510
24570 459 683
1 1 2
3097 76 254
2623 82 92
8111 94 99
2311 37 69
6358 211 682
695 35 589
6740 349 435
7522 110 230
9094 336 631
2102 94 422
25824 366 429
953 65 512
18053 195 567
423 6 626
15140 346 637
237 9 21
41 34 65
19700 250 495
15408 210 624
8409 177 295
120 4 251
115 3 484
689 12 67
843 64 138
35692 378 424
23046 301 421
3517 106 180
1011 16 595
8237 96 425
2496 46 494
13391 298 357
1152 19 129
21355 292 315
5356 193 563
16787 286 345
24693 264 634
7622 100 143
2789 46 123
7212 449 498
4043 162 311
2471 252 284
12602 271 423
7949 88 302
4653 105 309
142 24 481
131 8 38
923 61 131
6400 131 358
799 41 289
7887 638 696
9397 394 398
1493 121 215
1392 373 552
2225 87 376
459 41 45
742 43 442
494 69 143
41213 512 692
13463 137 177
33528 535 659
4298 164 323
16399 462 634
56 2 5
1800 164 306
4079 55 83
12 158 677
12963 344 534
8449 218 271
297 25 48
1747 106 133
391 17 30
18949 319 465
1496 47 543
11969 131 152
2502 41 385
7473 105 140
486 30 496
7530 191 474
19010 199 209
34828 443 450
7222 156 388
13 8 503
35342 465 662
69 5 38
1996 34 214
718 11 358
2878 39 54
18940 197 245
459 6 19
4917 178 365
11905 143 274
9581 171 198
39144 456 670
14065 236 644
1075 101 423
32636 446 563
492 64 123
4996 132 420
45874 549 655
39108 433 460
260 15 473
38759 541 551
11481 165 174
9232 103 212
6791 90 98
2681 49 159
3698 131 589
3091 65 70
93 40 354
10450 150 340
7571 164 270
828 63 435
2802 102 121
2611 200 278
888 35 375
5678 134 384
1105 117 258
12324 378 633
1338 168 357
1 1 12
5873 177 366
226 31 35
4751 141 375
329 41 143
2111 45 116
15335 175 527
918 24 96
49310 510 672
43544 488 608
677 16 458
768 28 63
6505 84 647
40303 500 507
540 16 52
1324 25 345
1793 91 243
1446 245 308
1909 38 220
417 542 594
421 25 53
14916 160 469
4430 75 517
9957 214 257
6498 134 700
34693 509 597
16218 182 301
15196 450 657
439 58 448
9210 211 369
6183 514 532
13948 475 578
3623 126 266
10531 160 189
51211 564 582
194 4 264
75 7 11
15750 512 592
911 11 12
13122 137 472
17266 198 604
839 24 85
4179 127 139
21 10 40
7394 113 124
17594 283 581
11421 294 497
7122 185 343
7417 178 232
4828 65 336
13529 356 630
3544 151 564
18082 410 564
5446 477 600
21603 230 313
12062 127 237
2257 49 435
33 8 627
4253 84 429
2128 109 159
6022 619 681
476 31 650
7082 197 446
9294 256 510
27019 272 606
3245 38 54
1952 80 252
4540 209 559
4432 59 420
3644 144 627
514 9 29
5338 114 544
40207 514 562
18106 200 284
67 174 313
1345 267 381
5134 142 256
14606 164 299
959 74 491
22676 237 324
12461 243 623
15655 404 634
9575 412 440
2058 42 390
3537 49 207
8129 89 122
89 10 313
5171 204 250
854 35 668
1 1 12
22820 237 273
201 54 137
34630 527 532
9926 114 549
38798 389 428
3733 47 147
669 44 291
38681 565 683
2449 27 50
35745 382 483
54 9 213
24060 272 517
718 66 116
762 32 482
3254 62 154
12717 187 288
4434 137 233
5537 185 466
31713 515 563
1101 14 31
3278 60 532
9857 140 207
10299 123 197
17155 461 469
12748 208 343
27686 343 423
584 70 177
24450 402 656
3488 445 468
1107 78 109
662 22 66
14022 146 595
3584 202 482
6708 156 314
26906 465 469
2012 77 216
45544 669 690
5293 141 185
7 13 46
4162 123 220
25103 461 507
14680 268 328
17162 333 528
761 15 18
13489 140 418
14465 168 328
332 5 46
600 7 119
802 74 545
1379 23 39
20984 476 548
2982 90 536
31081 449 560
164 11 13
44678 518 685
4852 68 153
1143 243 286
28010 329 427
7775 114 310
9884 424 650
519 31 420
26 8 86
4942 102 699
723 21 67
844 80 352
161 104 118
94 3 402
17724 394 498
10013 295 495
23167 328 630
1181 24 405
7886 86 277
1541 69 77
4209 69 371
17914 588 596
15626 169 297
35560 464 603
921 91 324
17128 213 291
2819 42 161
4456 322 337
20510 213 464
6269 379 508
24581 438 489
2045 321 597
31063 331 504
6375 228 698
408 34 479
13234 374 441
12393 247 533
20163 327 443
2023 141 610
10644 359 510
408 283 459
15262 161 619
785 12 17
15623 196 249
3205 354 525
8351 288 344
39112 406 433
3225 89 124
422 10 87
511 7 71
10459 434 621
4052 109 625
19 5 9
26972 389 526
258 85 282
1 1 2
1 1 133
2249 116 603
168 60 237
10555 264 357
5959 105 179
3829 42 154
3529 42 53
143 13 418
50517 546 561
13813 401 655
14926 618 674
27208 391 405
291 36 137
2379 94 155
7410 85 141
187 17 675
22502 234 414
7310 196 274
20264 231 436
2730 681 690
5078 98 653
9428 119 429
151 9 651
2779 76 262
17277 268 594
1950 126 152
9517 367 615
8586 130 374
5270 62 89
852 13 119
8961 327 544
3088 38 178
375 9 21
2873 33 37
33992 557 625
6968 300 425
1537 26 203
8542 97 546
897 22 87
1141 28 578
7366 150 474
3734 46 185
32280 372 501
5 2 7
24158 251 334
12276 156 398
515 17 147
367 11 14
1635 37 87
26997 413 631
2838 60 176
12091 162 370
17682 330 406
28868 359 614
3053 293 544
28832 412 420
8837 139 470
24539 465 636
6073 70 672
1476 67 512
6688 335 552
3899 364 411
64426 676 700
15096 332 585
1594 399 480
12 110 452
8115 95 363
1815 23 67
426 25 62
9325 307 448
26251 324 390
17669 297 365
4338 110 123
15969 192 643
6787 165 168
7625 291 407
24846 384 610
8441 208 593
6850 92 379
1230 29 177
1132 111 247
28012 450 461
19142 207 341
20931 323 575
1408 35 412
25004 415 691
1325 83 429
3085 37 142
1106 355 667
2868 37 353
144 12 501
2062 25 34
50585 597 683
6332 92 302
1058 28 181
5618 179 364
5926 86 107
16233 247 394
1778 34 84
1044 32 48
4645 74 120
833 19 26
12472 149 500
79 8 206
4846 60 436
4762 113 544
1314 18 21
15748 175 203
4126 218 307
4 3 19
28064 414 459
16056 451 498
721 13 67
4146 322 633
286 4 17
4853 76 529
4853 150 513
1375 134 536
28686 323 700
7485 106 616
11543 198 202
2671 245 515
11867 384 396
27361 596 638
4942 350 384
1925 43 554
19035 252 614
230 5 128
5596 70 115
950 66 77
1701 176 589
17147 248 508
3644 125 435
874 52 266
7358 101 159
1 1 2
6149 91 468
1746 202 315
8144 148 154
48110 501 602
872 12 129
978 12 17
28732 333 385
5713 257 465
1 1 2
17127 183 404
102 67 431
9711 273 580
5075 144 403
11370 451 517
2587 96 503
2032 73 215
1089 53 267
17452 411 581
6926 90 370
16715 178 202
6061 202 410
3175 70 122
29755 321 626
2844 76 187
1255 22 111
13036 135 319
423 24 333
22387 306 373
6217 98 287
2537 32 167
1911 42 406
13242 307 431
18773 206 494
76 5 30
12246 395 661
6749 84 224
6472 247 429
28567 326 621
2136 30 48
12834 196 586
20095 227 265
13064 218 567
866 14 25
3735 55 432
1826 22 163
106 267 498
363 27 135
5407 79 353
2715 111 274
342 38 154
5702 556 661
7284 269 432
15528 359 370
6537 103 169
2396 210 487
13036 207 491
43303 495 549
4745 55 336
17184 328 478
12568 389 611
2200 69 262
29996 368 690
256 4 48
1299 45 607
1476 63 330
2302 51 88
6701 361 456
16984 258 477
4881 63 188
7267 392 399
459 124 579
1100 24 343
8867 123 218
1276 97 286
22046 230 607
19376 578 664
1726 26 38
2818 159 427
9302 103 524
762 16 19
7927 307 524
25479 352 643
10883 153 162
1205 17 466
7920 217 625
3671 41 108
586 111 240
18720 359 430
12800 133 266
20242 467 502
2918 45 266
8898 296 371
1644 182 307
6675 234 683
18350 289 427
266 79 253
16127 347 433
7509 256 290
4712 142 342
293 10 24
4893 126 472
285 46 163
648 17 86
2786 45 46
11950 350 582
3959 44 78
23551 563 639
10673 146 424
13725 276 528
12367 276 393
7733 102 421
7926 235 653
1 1 4
5889 168 521
5614 189 427
1205 104 598
919 11 147
6059 169 433
1559 18 45
21312 344 633
626 29 657
7200 293 455
1310 19 31
12225 402 498
2989 45 304
142 11 23
25049 273 600
9360 379 478
380 17 48
48366 607 628
6026 72 260
19035 390 586
155 3 199
25 2 133
43633 483 554
2066 99 178
2531 43 180
563 20 182
2767 63 82
13172 137 291
12124 192 456
4001 355 698
2555 130 182
3134 56 562
295 4 115
4350 70 225
3407 44 85
1425 35 61
5155 74 261
39122 435 495
3233 268 384
7258 95 646
496 25 151
61 2 70
344 25 146
12976 159 550
5241 59 326
3694 323 394
35909 389 646
395 52 358
3351 114 274
112 11 121
1461 35 55
3864 165 175
2156 284 369
6970 88 391
1630 33 435
4334 54 92
11249 335 414
6394 77 150
7751 393 520
645 572 647
34 2 53
10307 116 179
15401 458 603
10894 150 193
198 48 599
477 6 19
4040 44 451
2188 70 232
5389 68 553
31841 375 401
2511 175 590
7834 202 540
13917 351 376
1801 169 289
9772 288 492
3998 103 555
18693 429 593
3923 233 384
19544 425 625
5859 87 91
5408 57 103
37207 570 617
2013 60 338
710 191 215
1601 19 395
3879 240 694
3196 357 397
15161 260 266
13843 303 401
1001 33 150
5419 443 575
2017 23 290
9875 230 403
3678 64 226
13902 250 411
1602 20 113
3424 202 416
11533 229 536
6282 366 384
1571 21 195
540 8 21
4317 77 111
25989 376 619
367 12 41
539 412 653
6834 134 444
12656 224 250
400 115 391
19879 515 624
3760 65 101
1 1 3
61 4 22
273 16 49
3186 143 235
2873 142 259
5632 125 335
3957 104 170
13384 237 304
280 9 247
10888 166 528
7211 220 427
37326 391 440
20754 268 321
10968 112 230
12970 136 589
338 8 136
891 156 646
13398 219 668
1167 31 48
8167 129 501
7622 304 504
29460 390 598
21425 527 581
12052 183 243
408 6 124
29808 382 456
10276 252 440
4725 50 371
4765 345 349
12260 239 658
14321 289 524
848 54 203
2900 119 325
2047 215 287
20704 247 464
2267 126 141
9110 95 500
4084 50 63
144 184 276
29282 410 555
315 6 44
6732 84 352
23708 313 676
19704 251 302
46326 546 558
46978 497 563
19417 201 615
4424 413 589
1460 245 585
4969 92 248
821 14 576
6231 91 231
916 20 29
4158 117 238
4021 60 432
14149 343 452
13408 210 307
3 76 519
3621 196 259
