100 300 100
3 6 2 1 6 8 6 6 10 4 5 9 3 2 3 3 2 1 1 4 4 7 2 5 5 3 9 5 2 8 1 9 6 10 1 10 2 8 4 3 5 5 8 4 9 2 2 2 8 5 9 3 6 8 10 5 1 7 4 10 6 6 6 2 3 7 3 3 4 6 10 6 4 6 5 2 4 3 7 9 9 8 7 2 10 4 8 2 6 2 9 10 5 4 9 4 10 2 3
11 10 96
50 17 46
32 20 73
27 64 65
614 77 78
1 1 11
231 24 43
234 78 93
312 34 78
347 44 72
6 2 5
71 14 24
69 19 43
7 5 37
9 2 12
29 4 13
48 29 81
31 6 56
35 80 83
69 9 21
80 11 19
243 30 40
449 59 75
169 30 70
761 80 85
336 89 96
192 34 37
167 69 80
90 10 11
47 7 25
212 83 96
68 17 81
295 39 89
13 9 52
31 65 73
121 19 29
2 2 3
271 28 87
13 6 38
23 41 87
13 3 25
367 40 72
156 86 99
191 39 63
23 33 81
234 43 80
2 2 68
1 1 39
96 66 72
211 60 66
800 83 98
36 5 14
31 5 35
99 13 17
109 13 72
9 7 17
55 27 40
21 9 26
4 2 64
296 34 67
50 29 64
186 37 76
303 42 50
98 18 96
5 2 79
37 39 55
19 3 83
7 7 11
7 2 79
106 36 57
7 5 15
300 40 71
111 39 65
173 35 56
426 50 78
80 14 20
41 57 76
6 9 13
141 48 100
19 63 100
134 24 33
1 1 4
10 3 4
28 6 90
100 13 38
120 24 42
70 17 66
165 34 55
789 83 91
2 8 53
173 30 48
322 48 61
111 23 38
203 39 60
123 71 77
1 1 21
104 16 75
66 14 89
11 16 95
552 63 67
420 70 71
32 9 65
252 28 48
215 25 40
13 8 19
14 5 28
97 28 60
94 17 44
12 5 76
26 14 81
35 23 42
165 27 75
71 23 31
217 24 47
281 32 58
386 64 99
44 58 67
37 7 10
149 21 24
357 41 81
1 1 4
2 18 41
24 6 64
190 30 97
230 45 67
53 12 68
94 42 70
54 7 11
50 9 39
1 28 63
455 62 74
199 56 78
12 4 32
391 62 77
296 54 76
10 27 35
96 43 44
31 4 28
286 32 74
14 3 22
73 11 24
357 46 77
1 1 10
10 10 34
8 36 61
116 20 40
116 43 51
41 13 14
17 3 77
8 9 11
119 32 93
187 28 44
298 34 66
55 24 53
112 20 29
634 66 83
41 11 23
1 2 54
127 73 89
1 1 41
228 33 38
452 49 99
658 68 83
34 14 36
1 1 2
141 18 51
219 32 34
43 13 28
113 17 38
172 26 32
98 27 33
11 2 7
11 34 66
92 15 61
9 21 37
11 28 30
8 4 21
17 5 51
27 12 14
239 31 48
143 19 21
216 30 51
47 32 65
135 32 50
363 38 46
47 8 18
28 16 45
261 79 86
3 3 33
72 9 18
58 9 36
62 9 16
22 5 8
21 4 16
6 9 25
316 65 82
236 37 65
10 2 98
41 53 83
28 5 55
60 8 20
176 25 44
31 5 65
45 21 26
10 3 8
28 4 21
1 1 3
328 61 66
1 5 50
187 31 52
73 37 50
1 1 3
21 3 52
89 13 32
191 50 63
4 7 47
193 26 79
5 12 36
58 9 27
47 8 10
71 14 77
225 43 64
16 3 76
149 37 47
22 12 22
92 12 16
251 31 82
4 13 28
22 14 19
110 30 91
88 16 40
7 59 65
65 41 57
45 6 60
8 6 35
89 10 43
486 81 93
1 1 16
41 21 74
553 78 92
17 21 92
16 8 63
9 5 13
8 55 57
23 22 98
11 2 91
48 6 9
145 20 69
15 17 34
368 50 56
338 37 41
6 4 95
88 18 83
100 21 47
128 36 43
73 9 82
25 6 9
516 68 73
598 71 79
102 17 24
5 3 61
192 74 86
38 9 28
124 25 40
354 37 95
68 13 32
36 21 31
1 1 68
150 17 79
38 5 17
88 14 95
80 37 46
68 8 17
273 30 81
196 38 59
90 30 36
23 9 68
49 9 15
1 1 3
304 54 89
110 13 26
108 25 43
350 48 66
1 1 6
9 3 4
1 1 7
254 77 83
366 45 47
361 60 92
19 5 8
48 18 62
148 17 36
4 2 20
410 88 99
190 23 37
1 1 10
36 7 25
234 43 46
349 43 57
182 29 97
