30 200 1
5 6 6 4 5 4 4 9 5 3 7 10 6 1 10 5 8 6 8 2 2 2 10 1 5 6 3 10 2
26 6 7
4 2 3
42 18 22
54 8 12
4 7 8
1 1 3
60 7 27
27 7 21
1 1 3
37 7 9
1 1 2
133 19 24
2 2 4
73 14 16
70 11 25
54 19 21
91 23 28
10 2 5
17 10 29
16 3 4
41 13 21
18 8 9
8 4 23
1 1 26
16 3 6
11 2 7
5 20 22
2 9 22
26 5 9
11 3 10
87 28 30
19 18 30
68 12 27
2 4 5
118 17 25
41 12 20
136 19 26
11 2 15
21 3 5
14 11 18
109 14 23
38 6 11
33 9 18
12 3 6
3 3 23
33 7 29
55 13 17
11 7 26
11 4 17
1 1 2
1 1 3
29 8 12
3 6 14
31 5 27
21 3 12
29 8 25
38 5 22
94 14 25
7 2 18
1 1 3
21 5 7
8 2 4
72 9 14
21 3 8
73 10 18
81 12 20
42 10 14
33 12 25
67 11 12
159 19 21
9 12 20
26 6 14
1 1 12
26 8 13
9 3 5
24 9 11
1 1 5
6 2 3
7 2 3
16 4 5
31 11 22
179 19 28
114 18 30
11 2 5
111 19 24
4 5 7
92 12 20
49 6 12
18 3 5
14 6 23
40 6 21
21 7 9
49 7 28
8 2 11
2 5 13
11 2 7
13 6 20
74 9 12
75 18 19
4 4 5
45 25 26
2 2 8
11 2 18
45 6 18
4 2 16
1 1 2
50 9 18
19 6 22
42 7 9
5 7 13
150 16 24
2 5 19
21 4 5
18 5 10
25 4 18
2 3 27
17 3 19
150 17 21
1 3 4
1 1 11
3 16 23
61 7 20
67 12 21
148 17 25
144 19 22
91 10 22
30 4 14
33 7 12
6 4 8
15 3 7
3 13 17
4 4 30
100 11 12
8 2 23
26 10 27
7 3 22
1 1 29
79 12 21
33 22 27
1 1 4
50 12 13
37 5 7
5 2 12
7 2 6
20 4 27
6 3 5
1 1 20
1 1 24
7 3 6
109 12 18
5 4 7
3 13 18
21 5 27
44 6 9
20 3 13
3 3 29
11 9 20
12 12 15
1 1 3
249 27 28
8 2 10
31 7 21
12 3 5
32 6 7
198 23 25
17 3 27
2 3 6
5 2 23
1 3 19
17 4 8
85 13 19
15 3 13
59 8 14
94 11 22
36 5 11
41 8 21
124 15 18
22 16 27
56 13 22
5 3 28
60 16 20
21 15 27
16 20 23
18 15 17
1 1 4
39 6 27
5 2 10
111 23 26
46 6 26
5 6 12
4 2 3
24 7 23
32 23 29
32 5 20
26 6 22
27 8 18
95 17 25
38 19 23
11 2 13
74 9 16
