40 712 15
6 4 1 6 1 2 1 5 1 6 5 5 10 5 5 4 4 7 7 4 4 9 5 7 8 4 6 5 5 2 9 8 7 6 4 1 1 4 9
46 10 16
6 3 4
50 6 12
7 8 11
23 23 24
31 7 8
3 2 4
11 3 27
43 8 16
6 22 33
10 2 7
163 28 38
23 8 16
109 23 28
128 27 37
5 2 14
15 15 30
40 12 18
167 22 36
91 12 17
51 21 26
17 8 14
68 12 32
33 10 23
1 1 16
11 2 28
11 2 9
26 8 19
129 19 21
6 20 30
50 6 16
3 2 30
35 7 16
1 1 6
10 2 11
5 3 9
137 15 27
41 13 21
11 2 26
37 35 38
60 11 15
99 11 12
11 2 3
36 6 27
9 17 26
18 3 6
1 1 10
6 13 25
156 24 28
8 3 14
151 21 29
86 11 26
68 13 35
6 3 12
1 1 2
1 1 2
10 2 6
17 5 7
6 2 4
33 6 22
56 9 14
100 14 26
116 23 39
156 26 39
19 3 34
5 2 31
17 6 10
1 1 3
257 31 35
44 7 18
24 8 29
8 4 7
65 8 12
22 5 8
206 25 28
1 1 35
1 1 2
20 4 27
2 8 24
13 4 18
13 3 6
6 3 36
172 26 37
19 6 20
1 1 4
33 18 31
88 21 25
2 2 14
1 7 15
20 9 12
8 2 26
56 7 26
1 1 4
74 9 28
3 2 3
61 9 10
1 4 7
1 13 18
4 2 21
90 12 21
28 7 30
108 13 25
1 2 11
35 11 13
11 13 33
14 3 4
25 12 31
26 12 16
46 22 40
9 3 26
1 1 15
1 1 2
55 18 33
1 1 8
100 18 26
75 9 10
107 18 30
52 11 16
69 8 38
112 14 29
14 3 6
35 10 17
1 1 6
1 1 9
1 1 14
96 11 14
119 14 27
16 3 16
102 19 35
1 1 5
1 1 4
30 10 33
48 7 12
24 17 29
15 6 15
45 8 10
94 15 24
226 34 38
3 5 25
59 8 19
292 31 33
11 2 4
230 24 32
136 15 24
24 24 30
7 2 4
36 11 16
1 4 11
136 20 38
157 18 32
13 5 8
24 4 20
1 1 2
55 10 11
35 7 20
1 1 36
6 10 38
8 3 7
1 1 8
74 9 33
157 26 29
203 22 34
20 3 18
15 3 25
161 22 33
1 1 8
57 7 15
225 25 36
247 26 28
93 18 20
6 3 12
66 8 36
65 27 28
12 7 14
4 29 36
18 3 22
26 17 20
1 1 2
139 15 36
25 15 28
1 1 18
17 3 20
13 4 24
7 2 21
39 15 26
229 37 39
80 9 21
1 1 2
3 8 13
65 9 11
27 8 28
69 8 15
94 24 26
21 3 9
5 5 20
179 22 39
19 10 40
1 1 7
121 18 23
327 35 36
34 5 26
318 33 34
71 18 29
23 5 15
219 25 26
178 23 34
20 9 13
80 28 40
52 8 20
27 7 10
12 22 25
72 19 21
13 3 28
38 17 38
164 21 30
1 2 33
79 18 39
60 30 40
131 33 36
17 11 25
47 20 22
15 9 21
5 2 16
1 1 2
10 3 9
14 7 10
11 2 32
1 1 23
6 2 3
38 9 15
53 7 12
3 9 23
33 7 37
149 24 26
70 17 28
2 2 5
1 1 3
29 4 11
9 22 34
307 33 34
27 6 38
75 16 32
10 2 16
79 31 33
1 2 20
1 1 2
19 3 31
1 1 31
35 8 10
186 23 30
6 4 18
3 2 11
1 1 3
80 14 28
6 3 5
5 2 3
15 4 15
1 1 10
81 17 25
1 1 2
85 13 17
1 2 5
187 23 24
24 5 21
138 17 31
7 4 40
61 7 24
31 5 11
107 32 40
2 13 32
28 5 35
11 2 3
5 2 24
33 8 19
46 7 18
4 2 36
10 3 10
80 10 14
4 3 23
1 15 18
19 5 10
1 1 2
21 8 34
1 1 5
7 18 23
18 8 31
4 4 5
200 24 38
31 7 13
22 9 35
100 11 37
44 24 39
228 35 40
12 3 40
3 2 18
148 27 34
118 25 38
217 25 31
2 5 25
27 7 13
43 8 19
1 1 2
5 2 3
1 3 4
1 1 18
2 6 12
150 20 32
1 1 2
9 17 24
2 2 9
14 4 6
99 15 16
5 25 33
5 4 6
7 7 15
57 13 21
19 11 39
84 10 34
121 15 22
49 18 28
9 10 11
4 15 19
78 12 16
69 11 33
7 4 6
18 9 17
6 2 3
5 14 24
1 1 2
60 7 12
33 7 12
26 5 11
21 3 11
4 2 29
1 1 5
6 2 22
202 29 32
1 1 9
56 10 16
46 8 21
211 22 38
27 7 24
1 1 2
8 3 4
11 2 21
88 10 26
16 5 10
1 6 34
3 5 12
1 1 2
31 4 11
14 13 37
32 5 13
28 5 33
120 20 32
23 4 7
11 15 32
1 1 23
66 8 15
214 28 38
187 23 33
35 7 16
163 18 27
12 24 25
7 2 3
170 26 39
35 11 18
23 21 31
202 28 34
28 5 23
23 29 32
8 2 28
36 6 10
10 2 10
6 4 27
1 1 10
91 10 36
61 14 15
7 2 3
9 2 20
26 6 31
48 19 28
19 3 29
49 6 13
22 4 35
4 3 13
8 3 33
35 5 9
42 12 35
83 14 33
116 16 19
1 1 2
55 24 40
20 5 10
63 12 25
34 10 20
1 1 2
61 12 24
9 11 30
11 6 24
42 23 34
1 1 2
57 8 33
221 24 37
75 22 30
121 34 36
23 4 9
28 6 12
66 11 26
131 24 28
39 10 37
11 3 21
65 11 23
14 3 37
80 9 37
39 5 16
59 8 16
38 8 13
22 4 27
105 26 39
101 19 36
1 1 14
323 34 37
47 7 10
92 15 18
3 4 6
1 1 6
59 18 39
9 8 18
8 2 17
112 15 29
11 2 40
177 28 31
7 2 5
29 13 21
21 7 21
26 8 23
28 6 25
128 15 39
248 31 39
156 18 32
83 33 39
71 14 27
26 4 21
1 1 6
1 4 19
11 7 29
7 6 18
3 14 23
112 23 33
52 14 35
37 9 13
39 10 20
1 1 18
38 9 31
44 10 35
111 19 35
27 23 26
75 18 21
133 36 38
12 6 7
1 2 3
101 11 39
71 10 12
80 17 24
17 3 9
95 15 39
44 14 39
76 15 25
161 21 38
29 7 40
6 2 3
82 13 22
23 29 36
86 14 34
2 5 34
206 34 40
25 5 6
72 9 16
86 10 12
1 1 2
6 2 9
1 1 15
36 6 18
313 37 38
61 10 19
239 32 37
11 2 31
9 2 6
1 1 2
32 8 39
16 10 28
27 5 10
90 12 19
4 2 13
1 1 8
64 12 15
223 25 29
56 19 24
2 8 38
228 38 39
27 6 13
1 1 2
24 11 36
5 3 17
92 12 14
40 8 16
212 25 29
8 9 38
27 12 36
72 11 16
60 9 11
109 12 35
91 10 25
195 21 25
17 17 19
4 34 37
4 14 22
108 29 40
87 15 38
56 12 26
25 14 20
10 2 7
1 1 9
71 17 19
45 26 39
65 9 15
110 13 19
157 17 20
187 36 40
120 30 32
12 4 6
1 1 9
1 1 2
6 4 22
57 18 36
78 12 33
28 14 16
101 12 18
28 4 7
11 2 6
10 2 4
267 28 38
95 15 23
88 14 20
15 3 4
34 6 10
1 3 24
95 11 17
21 3 26
23 4 26
14 6 20
183 22 28
62 9 26
28 9 17
1 5 7
29 5 30
18 3 24
96 13 31
43 9 13
95 11 36
27 4 7
73 10 19
1 1 30
4 2 33
27 21 39
1 1 6
18 11 16
5 3 17
40 5 25
97 17 19
55 33 38
1 10 13
97 17 18
90 11 15
24 5 21
2 8 14
14 3 5
27 4 11
25 5 24
2 2 11
2 3 13
50 12 26
15 5 12
66 19 29
5 8 12
84 17 25
27 10 12
52 9 20
158 27 28
1 10 27
64 16 18
29 4 28
60 7 12
1 1 2
13 8 10
39 7 15
17 8 9
33 17 18
235 28 35
137 18 19
9 12 24
122 16 17
41 5 6
11 4 15
22 4 28
5 12 37
12 3 10
95 13 30
6 3 40
98 36 37
2 2 26
1 1 3
1 1 2
1 1 36
1 1 6
1 1 10
140 15 24
68 11 30
56 14 34
28 21 26
77 19 22
1 1 2
131 19 31
20 4 5
107 13 37
6 2 4
33 6 14
9 2 5
31 13 29
32 7 9
65 8 23
39 6 7
15 7 30
98 26 28
12 27 31
214 36 39
57 13 32
9 3 26
105 23 31
1 1 3
11 2 17
9 6 19
3 4 38
259 32 37
1 1 6
6 2 29
36 9 31
155 21 32
50 13 27
47 6 11
79 21 25
15 6 7
10 11 25
56 8 11
7 4 7
2 2 19
1 2 7
24 4 17
21 4 15
48 13 27
34 11 19
14 4 13
125 15 19
27 7 40
60 23 39
1 1 12
16 3 9
8 2 39
1 1 4
72 25 33
28 17 22
13 4 18
65 8 10
23 12 25
72 22 25
1 1 4
11 9 25
27 5 9
85 10 16
134 17 34
1 1 4
50 6 17
53 7 35
2 3 4
16 7 13
1 1 8
195 24 32
1 1 25
1 13 32
47 18 25
269 30 31
26 6 15
2 5 29
167 26 38
8 2 9
38 20 25
99 11 34
27 17 27
13 3 5
6 3 12
29 10 11
6 2 40
182 24 35
61 7 40
9 2 3
132 22 40
105 21 23
16 4 5
11 7 16
126 21 26
195 31 35
