50 1000 20
2 1 1 4 4 2 5 3 5 5 2 1 3 6 8 6 3 4 2 8 8 9 1 8 8 8 8 2 10 1 7 4 1 6 3 6 8 5 9 8 8 3 6 1 2 9 7 2 1
8 16 23
1 1 5
71 20 22
4 2 16
7 5 36
275 45 49
43 11 12
343 41 46
43 12 15
218 35 38
96 15 20
4 3 37
1 1 10
67 10 27
54 33 39
21 3 35
177 19 44
32 28 41
41 5 20
49 12 22
12 10 22
127 28 42
17 3 7
1 5 45
124 28 49
150 19 21
76 24 30
1 1 7
25 9 28
4 3 6
85 11 15
233 28 29
1 1 4
28 20 27
56 14 38
12 5 16
61 9 22
31 4 32
1 2 18
283 31 41
170 29 31
60 10 11
31 6 23
4 7 47
51 11 22
20 6 9
233 38 45
3 4 23
55 13 29
58 21 48
17 3 9
64 11 24
90 11 45
40 8 10
34 6 41
146 16 29
71 14 24
20 13 39
2 9 33
24 6 36
19 4 7
104 36 39
21 7 17
1 1 46
1 1 13
47 25 28
60 40 42
91 21 44
1 15 35
9 2 32
16 6 9
15 9 22
1 2 13
19 8 45
60 21 40
68 21 28
46 16 42
258 36 45
11 3 5
72 15 45
156 40 42
28 11 15
1 1 29
5 8 13
23 4 20
102 12 15
129 17 22
96 18 27
11 11 42
33 6 25
38 7 15
1 1 3
76 18 22
8 6 7
168 32 40
41 5 14
1 1 2
62 10 22
199 23 48
19 6 7
7 9 45
8 5 11
198 31 38
38 5 8
84 39 49
1 1 7
69 15 28
183 20 39
10 2 14
6 3 4
1 1 2
52 17 27
7 2 5
114 18 33
4 3 16
28 5 31
19 3 13
31 10 32
236 35 42
150 28 43
116 29 45
29 4 23
61 32 43
246 27 33
31 6 13
30 6 49
8 20 42
16 8 10
4 2 13
111 30 32
1 1 16
74 29 42
83 12 18
6 2 17
6 22 39
2 42 45
1 1 49
33 25 32
179 19 24
70 30 34
20 3 5
150 38 48
3 2 10
1 7 12
9 5 24
71 8 17
19 18 47
74 13 20
35 5 6
7 2 3
137 19 33
6 5 8
69 42 48
36 17 18
212 24 25
20 4 31
58 22 38
43 11 22
228 24 43
7 2 6
116 20 43
90 14 25
121 20 38
112 19 31
30 5 23
160 29 32
71 20 26
5 3 5
7 12 18
67 17 33
214 30 45
159 17 24
1 1 2
20 3 4
2 4 49
7 5 16
63 12 25
16 6 9
96 13 17
83 25 27
8 2 33
64 14 31
56 21 31
281 34 45
4 2 3
24 12 16
71 19 29
31 6 13
18 13 47
22 16 35
32 10 16
6 8 24
7 2 8
27 22 29
51 20 44
20 13 22
1 7 20
68 44 48
5 4 18
33 7 35
134 16 29
55 7 17
284 30 39
89 11 42
64 10 17
1 1 31
177 36 50
95 15 26
72 43 44
47 6 17
9 3 22
191 27 35
47 9 32
43 14 31
359 39 50
101 19 36
54 10 12
3 2 3
9 18 19
16 15 24
76 12 47
3 3 13
30 6 48
374 45 46
90 14 35
17 3 27
11 2 9
9 2 5
162 38 43
8 10 22
5 4 5
61 18 37
20 3 7
263 42 50
100 24 30
1 1 2
153 21 50
1 1 45
7 2 29
12 3 8
3 3 24
152 21 23
25 26 33
386 42 48
10 3 20
105 12 16
16 3 10
7 14 24
15 4 19
98 30 33
101 27 28
212 24 26
13 3 29
64 20 27
12 3 5
58 8 18
11 3 9
20 3 5
14 17 43
1 1 2
11 2 5
1 1 33
10 8 13
191 23 24
45 7 33
33 6 31
13 4 33
36 10 27
1 1 15
71 27 32
1 1 6
1 1 20
107 19 39
2 6 41
65 31 35
52 23 36
192 33 43
173 21 29
94 15 42
241 25 28
11 3 9
27 13 23
89 23 46
5 6 11
30 4 7
33 6 35
108 13 34
165 36 38
1 1 3
1 14 26
63 10 25
31 4 6
138 17 49
5 2 41
187 30 40
3 2 15
11 2 4
3 5 8
29 5 8
20 22 34
1 1 4
84 11 13
123 25 29
48 28 35
12 6 8
7 3 11
7 6 35
90 17 39
36 5 14
158 23 27
45 26 31
7 3 6
72 12 28
6 8 39
125 16 32
30 4 8
33 6 16
12 5 10
154 28 35
81 12 30
8 2 12
40 14 16
10 4 41
14 9 50
11 20 33
168 38 43
17 4 12
56 8 9
97 27 45
43 6 9
32 18 42
2 2 10
14 9 25
92 24 32
59 13 27
13 3 31
186 27 30
42 18 21
22 13 38
11 3 35
2 17 41
43 9 14
21 15 49
113 19 29
1 1 4
1 1 3
69 24 43
10 2 40
14 8 26
49 6 48
5 6 17
17 7 24
6 2 36
1 16 23
92 31 40
166 24 34
6 5 37
137 15 32
4 17 23
32 9 15
255 30 37
48 24 38
20 3 39
57 15 48
371 38 48
203 36 45
63 11 36
10 2 3
127 31 32
13 5 24
18 16 32
19 3 6
98 20 47
18 3 15
2 33 49
73 21 49
4 9 39
56 7 27
267 30 49
9 4 6
7 3 4
148 36 40
29 4 10
72 9 15
34 11 37
262 31 39
47 7 39
151 19 27
16 15 38
194 43 45
173 21 33
109 13 25
16 9 17
7 2 13
15 11 21
45 6 20
45 9 28
284 31 35
1 1 5
9 2 3
300 36 49
27 8 27
309 33 41
27 9 12
40 12 13
41 12 44
268 33 45
13 5 19
4 3 4
1 1 28
54 9 11
127 25 28
1 1 10
13 4 11
3 2 9
182 30 46
12 23 38
216 24 44
23 15 22
17 5 18
131 16 38
39 14 28
1 5 9
297 31 46
1 4 6
71 19 45
10 2 3
12 16 28
22 6 16
10 2 4
64 12 19
91 10 14
13 10 26
124 14 39
38 14 21
35 9 15
70 28 34
1 1 19
121 16 48
214 30 35
56 23 27
30 5 9
3 2 16
89 30 50
56 19 46
10 23 27
24 5 24
1 8 11
65 11 32
32 5 40
105 16 41
16 4 19
36 12 15
4 3 10
1 1 16
20 15 38
99 24 32
138 37 40
113 37 49
69 8 9
5 4 11
3 3 10
16 12 44
1 1 3
128 24 31
101 28 35
3 2 5
249 28 50
183 27 29
211 23 32
18 3 9
16 21 25
15 9 12
71 19 24
9 2 11
72 16 23
149 17 45
115 28 34
36 11 37
6 3 4
61 18 45
95 15 21
2 3 25
147 17 22
23 5 30
11 2 3
182 30 41
73 22 32
51 31 37
151 22 30
57 20 42
8 13 17
19 5 27
1 1 4
22 4 13
37 6 23
25 6 10
92 11 45
1 1 49
1 1 34
77 12 14
22 43 49
7 3 5
5 3 7
65 8 11
19 9 48
2 3 32
36 24 35
78 14 17
1 1 3
29 5 23
10 9 14
22 11 34
127 36 37
1 1 8
57 32 34
16 5 8
13 5 43
118 28 38
20 6 48
64 15 29
143 21 48
25 17 46
3 8 16
18 5 15
101 17 18
66 27 49
11 3 4
57 7 31
121 26 36
33 6 17
1 1 4
109 27 29
28 8 26
32 14 19
26 8 16
54 11 20
17 10 16
83 11 25
14 3 23
127 14 27
124 18 47
70 11 27
120 32 35
17 4 28
103 24 36
98 11 14
30 21 31
28 5 13
120 24 30
14 4 5
99 18 45
38 5 23
89 11 50
11 2 15
8 4 17
91 11 40
8 5 8
88 27 28
9 3 6
38 17 40
6 2 18
19 12 29
8 3 5
17 4 8
11 2 11
40 19 39
234 36 49
1 1 4
245 33 50
182 24 28
37 6 9
23 5 27
359 47 50
44 10 29
145 43 45
153 32 37
39 7 12
320 33 40
81 9 41
217 23 46
5 4 22
183 36 48
126 16 20
49 10 21
12 4 20
1 1 10
119 19 32
184 24 44
52 17 21
22 4 25
4 2 40
1 1 3
1 1 6
26 5 13
245 27 29
33 14 24
81 9 15
7 12 14
67 10 46
109 23 29
22 13 49
1 1 18
22 6 29
1 2 4
165 23 26
12 12 13
4 5 8
18 6 50
12 5 14
12 7 12
1 1 25
167 21 47
118 15 47
9 4 13
137 15 18
13 6 42
10 2 13
84 36 49
23 9 14
3 3 8
46 6 7
17 9 43
21 3 18
62 10 37
34 6 23
1 1 3
18 6 41
14 7 12
76 17 23
1 1 17
14 6 26
1 1 5
1 1 4
18 6 8
13 12 35
1 1 2
1 1 45
38 7 14
144 21 26
65 8 39
271 31 44
138 17 22
90 10 24
34 10 38
37 40 47
4 2 23
29 10 31
46 12 23
178 35 42
24 9 35
27 6 40
37 38 46
84 11 19
40 23 26
25 4 27
144 39 50
13 3 50
15 3 12
6 4 5
20 4 6
48 7 8
39 19 37
9 9 22
425 47 48
83 21 49
94 11 44
237 27 28
48 26 36
8 2 5
1 1 19
4 3 18
16 13 16
252 31 37
69 9 18
11 5 7
29 5 24
43 7 18
162 24 47
1 3 8
11 3 14
49 16 38
10 2 31
24 6 23
3 2 50
31 18 25
5 2 10
46 10 34
161 22 28
25 5 17
2 2 35
108 20 35
2 3 13
70 22 45
49 8 13
21 5 20
119 14 23
1 2 4
11 2 12
102 18 21
4 6 40
57 13 14
50 8 21
56 12 15
15 5 15
11 8 30
56 12 19
81 29 32
106 17 39
28 9 22
155 25 26
48 17 34
8 2 30
51 12 13
157 33 39
119 17 45
7 5 22
65 8 13
67 11 37
74 10 47
90 11 21
9 6 30
2 10 46
221 25 43
4 5 17
23 30 36
162 24 46
11 5 10
91 17 23
103 16 44
14 15 16
111 26 40
50 13 19
97 39 50
45 31 40
170 46 49
34 26 35
18 4 5
24 8 30
53 7 38
15 3 24
16 5 25
99 25 29
24 5 17
61 8 10
83 13 34
136 15 19
29 7 38
116 13 27
9 4 18
11 5 11
193 24 38
1 1 5
39 14 19
21 3 8
90 10 46
188 22 39
56 9 50
3 4 15
12 5 7
106 18 25
30 5 6
28 26 46
48 14 29
147 29 46
9 2 12
148 21 36
7 3 4
41 7 22
118 15 29
1 1 8
235 32 39
1 1 18
53 17 21
9 2 5
51 23 35
1 1 2
19 4 21
81 10 42
57 11 16
14 17 37
24 5 15
5 2 41
13 23 28
1 1 8
50 18 35
34 15 45
15 6 47
200 24 38
315 44 46
1 1 2
55 7 16
280 37 39
30 4 47
25 5 43
4 2 24
1 1 3
153 22 31
25 8 18
183 25 27
298 41 45
4 2 30
35 14 23
53 8 22
9 4 10
119 15 25
12 3 18
35 13 16
1 3 4
426 44 46
57 21 34
1 1 6
5 3 9
157 24 25
31 6 8
10 2 27
24 6 21
28 4 49
76 44 47
18 7 23
1 7 16
1 1 2
109 24 43
44 19 44
55 13 44
201 36 48
81 18 44
49 32 37
17 11 49
40 8 47
96 17 39
31 4 13
34 7 24
4 6 48
1 1 32
10 7 25
60 7 21
39 11 19
1 1 2
183 24 25
12 3 7
107 16 29
6 2 28
158 19 31
29 19 26
158 17 24
20 3 6
75 14 15
29 14 34
46 34 38
1 1 35
6 5 15
21 3 29
83 18 22
17 3 48
14 4 7
1 1 2
18 3 25
261 29 39
109 15 29
2 17 22
31 4 32
1 1 50
118 14 28
11 2 15
1 1 9
8 3 7
141 23 37
1 1 3
71 11 20
168 34 36
31 7 10
221 28 29
32 17 20
119 13 17
2 6 8
2 3 37
7 6 23
38 17 35
41 14 32
15 11 18
29 5 9
30 6 20
32 10 14
39 11 26
14 23 36
225 30 36
104 15 30
142 20 28
65 8 34
8 7 11
18 5 10
226 27 28
218 33 36
38 28 44
37 6 34
16 7 8
3 3 5
10 2 4
12 3 16
71 14 45
9 2 9
80 10 49
23 9 24
104 19 20
162 26 36
3 3 15
1 1 3
60 43 44
61 8 48
18 3 22
4 2 32
1 1 3
1 1 2
1 1 2
13 6 22
143 18 31
58 13 30
160 28 45
2 2 18
1 2 3
6 3 4
24 7 9
245 35 46
85 40 48
1 1 5
97 17 27
1 1 3
48 10 43
64 30 39
20 4 14
5 6 35
4 2 18
73 12 34
22 8 11
43 28 41
27 4 45
50 16 33
56 22 33
338 41 48
35 11 48
51 9 27
23 7 19
24 5 18
23 9 37
27 4 8
104 27 50
1 1 6
65 37 39
54 8 16
87 12 18
34 6 7
14 5 29
194 23 37
38 8 9
15 8 43
133 16 24
141 33 44
87 16 21
1 1 14
14 4 5
27 14 27
115 17 38
28 10 12
246 27 38
28 8 39
16 25 30
39 13 50
4 33 46
49 34 43
11 7 20
49 11 33
21 3 45
1 1 26
1 1 17
75 18 35
20 13 23
18 24 44
22 15 39
100 12 46
24 7 18
4 9 13
1 2 15
18 5 11
133 15 24
43 13 20
33 6 28
27 9 11
9 2 8
54 29 38
7 4 18
1 41 44
6 19 24
17 5 7
46 24 41
7 8 28
27 10 15
88 33 34
285 37 46
195 41 46
