1000
4367 1402 174 7638
4981 5845 6988 8098
1376 376 9158 7754
7553 7426 2752 4532
1209 274 9663 6927
4580 3061 8212 927
518 526 1823 7184
2673 515 6762 4034
467 1927 1234 6649
2513 4180 409 781
2761 1851 9701 3330
1180 8682 7170 3752
1631 2076 3078 578
2082 8598 1535 9589
3084 513 856 9547
1691 403 1555 4013
2396 1385 9877 6331
327 2732 1043 8725
3979 2490 4986 1795
5242 1054 5449 8451
2681 1116 3552 5595
6233 6574 6864 808
1619 711 6654 9858
8253 6579 9311 7508
1565 1269 8371 6075
6152 3136 2110 7535
4524 1379 7511 9698
9598 575 734 5575
468 2315 530 2486
2171 8461 3051 1287
2303 1141 8737 2017
3465 5947 9571 5970
4899 546 1220 8256
1716 1102 1314 2353
334 1769 9669 4584
1297 7439 6281 9387
1301 402 3340 6345
7407 1446 7211 7394
3050 2308 2065 9132
5124 6549 5383 5396
4456 1926 4460 4054
7365 5606 1717 9933
221 698 1810 2350
4191 7886 7977 5132
425 770 9033 3748
6996 7756 583 4814
2621 1476 3276 6590
3320 9801 5145 753
1791 1164 1254 1769
1866 134 5578 4811
1803 1144 4596 2535
2677 5128 8504 8333
2243 1103 7763 5230
1529 1043 7347 6647
1678 431 539 6574
5571 2360 3462 1366
4229 2059 3899 8611
7653 9604 5827 8751
3653 214 9640 4451
3738 2579 9215 3653
2009 1276 9948 2918
1448 6895 8836 5288
1910 2285 1558 1555
5154 543 4089 5436
5142 670 3520 9957
2181 7804 198 1931
633 1025 3825 5351
115 7001 9270 50
2573 916 7623 1719
9184 104 6682 9620
1198 2030 8682 7118
8086 9447 4780 293
116 1934 6656 6075
2633 2032 7529 1456
5236 170 1115 9010
8379 1121 4539 7001
2420 595 3441 2793
1460 9227 6258 8425
681 691 7686 8954
4789 9391 3646 557
2272 2445 3754 2499
8454 9159 8920 3178
58 1478 9578 3209
2023 1703 7706 1181
1610 1872 7385 2801
1137 809 981 4053
4862 1928 7157 621
9579 5106 650 2024
3097 193 9311 2805
7829 345 3007 7213
1566 89 1362 8040
3844 1002 420 1151
2323 1193 2979 1714
3918 4254 6724 3998
1271 945 9485 1917
3122 2420 766 1408
5036 2097 282 8804
4693 1888 4407 2267
2050 2430 3476 4006
9891 6291 4638 4825
4877 1311 2135 4855
4817 2017 1178 500
442 1946 130 7651
5400 1232 6669 1874
2617 1403 3761 6429
5293 2507 10000 10000
2383 7338 7592 7155
1742 4084 9647 8265
7948 907 7143 8395
787 7920 9401 2515
7570 4697 7743 3470
701 8510 1773 5593
6334 6964 9440 9285
8303 1493 4951 596
9443 9796 470 3452
4186 2674 1264 9014
7942 29 8215 5672
4794 2887 3895 2113
9428 7929 3332 228
5916 9015 7728 9081
5437 4341 6290 8208
8324 2634 1908 8728
889 6813 9884 2730
1691 3644 909 615
9571 552 8490 4004
5668 3413 2257 4386
5410 773 9910 5014
1197 2967 3592 5766
3004 7157 8188 958
564 5554 9050 59
5017 4511 9882 7093
7236 8164 5481 9232
8631 3277 5120 3124
5645 7298 2934 1436
7429 3692 6197 4669
4672 9125 9995 6536
5240 6592 1954 9649
8452 297 2753 4448
1305 8525 5636 1784
9748 9693 2170 3334
4453 9055 1934 9644
8942 7878 8473 1663
3693 7459 261 30
6677 6587 5637 7364
3972 9291 1059 1824
9968 7450 6121 5314
6035 8510 661 953
8680 6694 6860 9668
4658 3361 6432 6305
7013 1378 3406 7779
4967 4448 3352 1682
705 7806 6043 5274
2942 4219 1123 8751
5598 5676 5015 3335
2902 4699 4275 8259
1082 2991 7157 7215
2249 2647 2506 8545
2590 7164 3309 9517
3352 6034 9841 9601
3575 6805 3305 1763
5942 4131 179 8028
613 2528 2733 7914
868 6935 335 6851
7728 1869 6008 8134
9514 6454 4651 1374
6850 44 1695 2082
9876 2604 6760 2714
9032 6226 1430 4451
2292 3447 9724 9492
7749 1959 1460 4210
9662 4520 5104 6161
1167 7111 7828 3788
1770 7125 6131 7334
1282 3090 4760 1954
2005 4153 3894 465
2684 381 2497 1194
3712 4866 2543 8366
1522 5860 5290 2342
315 4575 9882 8660
9248 29 6052 6361
6721 435 5949 9487
584 5902 5258 5929
5777 8780 739 8226
6636 9983 9189 3137
9542 3196 8151 2336
758 7333 2651 3950
737 2898 3380 4910
8309 6574 8248 1242
5088 3582 3938 9464
8403 3215 5121 3065
6630 1237 2912 6361
3795 9845 6866 3234
457 9248 7237 2107
5628 8847 322 1444
9915 2259 7299 9523
9268 1824 2675 3127
8541 2696 5459 316
7264 457 6607 1071
1191 361 3040 2
1209 7232 6707 273
4867 7800 858 9718
5691 817 5665 1690
8561 3368 6612 3597
9734 7448 9470 9849
5041 2641 8517 5378
5552 2808 725 6928
2284 4144 1514 3967
6481 8839 9266 1334
684 9396 9090 8872
3477 8272 1976 7832
7583 3618 8753 560
6158 2400 3292 916
3305 5042 5438 3010
2798 4880 1781 570
4258 6770 3655 5578
4780 9916 8645 1465
867 4836 1039 9942
4959 43 8051 708
602 740 2966 1173
6934 835 3437 6781
5797 1571 120 6393
1285 2824 7131 5586
361 4089 6300 2592
534 7450 2738 6913
6222 3949 3964 1927
7150 8350 7908 2099
7532 383 1263 1162
8984 368 1181 6757
7026 8497 4468 6297
3582 7186 1661 6087
2186 9965 637 721
4335 6727 8343 9710
2269 9800 2674 9524
9168 6896 4139 2950
272 3909 4123 4998
2465 559 7169 52
6691 5954 820 2366
2686 330 5271 384
3912 7722 359 9350
8868 5626 9306 531
9767 7181 3769 6864
9183 364 7515 8699
977 5469 2415 284
8287 2644 7412 6695
6109 953 621 1494
9709 4342 9826 6566
3584 7824 292 9424
1891 9655 9155 7187
1127 9763 5818 2624
7067 4965 4402 6651
7520 9488 5670 6885
3369 6776 9078 5976
8449 7578 303 8274
722 8604 6139 1317
2754 3569 209 245
5010 9343 42 2164
8950 9164 1579 6796
8594 1428 464 2100
1116 7285 7053 6553
6055 3912 9301 7874
7151 1376 562 3549
7113 3993 945 465
5385 7209 9168 3238
1923 6741 5839 7886
1805 5399 1730 1675
8281 6399 56 4893
1970 5336 6977 1082
437 8557 6107 4419
7379 4379 5117 1653
9203 5528 8504 3021
2541 4324 7995 7232
3844 3279 1286 1706
1236 6652 578 3620
381 4996 79 1260
9005 5486 381 1376
597 3437 8431 2970
7605 1034 8844 5075
9610 5460 1912 8753
8457 6278 6179 4307
300 9800 9872 6223
9756 4760 2009 8361
767 7018 9425 9783
8117 1005 1802 6482
6958 2705 6472 6656
4915 9462 6807 7861
8582 9382 2976 3191
9456 1688 868 5206
2112 2613 6623 2288
154 2985 4728 1525
7073 6783 9681 346
3736 5743 4112 955
2728 2901 8047 3969
6043 1256 2762 8615
1525 5338 5085 6067
1050 9948 1448 2254
636 7794 9982 9235
1076 6434 8907 4390
1681 5305 2471 3052
8593 5312 8681 7121
274 4975 1562 458
2022 9679 3657 3560
7733 6244 273 7918
5399 938 1209 9159
1154 6559 6394 4450
8661 8667 598 8976
8112 7323 7493 7143
8928 1781 1420 8166
6105 157 6973 5671
1809 9043 362 5052
2577 2208 4876 206
9885 3602 2166 2419
2175 3316 9190 6159
1499 7538 1240 5988
5382 139 4192 9274
7599 3028 7483 4743
9941 5712 9909 1463
1521 5958 6126 7486
2199 7860 1652 2111
9579 9503 838 8829
8870 2465 2841 7207
5050 5396 9377 9614
7500 9020 242 9537
8862 9054 2505 8725
1832 2975 646 632
5311 7137 3895 2751
4714 7395 318 1174
6151 5209 2436 8846
5160 6854 6263 4855
6293 511 2577 857
9034 7126 3110 5131
7744 9573 2232 729
5005 5095 5160 938
510 5286 4242 4323
7078 217 1767 8888
6278 8654 2939 7060
9278 9380 7089 2506
2002 8973 3347 3613
672 9506 4582 3213
3137 9672 4109 8499
2351 6177 1133 80
8198 9094 6209 3937
183 9619 6858 4161
3957 1406 7561 628
398 6640 9176 5943
9778 908 878 8392
2539 8017 1503 4487
4133 8379 2147 3983
6400 9101 807 7049
6756 6094 7186 4622
148 386 1882 428
2629 6363 1736 3547
3175 9051 1494 7602
1638 2968 4759 1387
8762 1901 6868 4848
1922 5171 5033 8651
1414 5123 307 1003
6984 2915 2884 2408
8712 4119 5143 7363
3529 6197 9819 2328
8436 8333 3174 8299
9997 2469 6856 3499
2575 7768 4684 5700
4932 5774 6189 8072
4195 3886 5191 6243
5260 7688 2519 2085
3180 9920 7157 245
6379 1733 2627 4008
3119 4566 2947 996
5223 7596 4720 7017
8001 6261 3127 6436
6768 9268 4845 1172
9948 8263 767 8526
8505 9666 1148 1276
6840 4781 8769 7839
6675 334 9253 6472
4441 8920 455 6313
2518 6388 1156 263
5927 9486 9310 2258
6941 2500 5753 6777
3696 4043 712 8568
6517 4275 3463 5827
9555 8155 1594 9703
7493 1105 6526 6405
8922 1263 9122 665
8224 7172 8338 8103
6904 1081 2441 9572
8447 156 696 1977
1643 5897 1376 7507
9892 4025 2319 6848
6945 9612 1538 2573
1698 9852 6797 5177
6314 2089 9092 5198
4401 8659 7209 874
8481 7230 2222 6964
721 8334 3337 3230
2704 6106 4678 8565
2661 5809 1273 3960
1744 6730 6151 5725
1413 4992 2182 881
3307 3150 5490 6335
5552 8535 4257 9730
3503 8745 4473 8046
2068 2835 5552 5852
2255 8485 8452 4660
2760 6294 6893 3136
1106 6572 1088 6382
6226 2519 2277 6663
4145 5696 9530 907
590 9763 1129 1640
4488 5983 6290 918
6386 9061 2613 2251
872 9093 8679 7396
8991 2983 2699 1883
9292 474 8644 1381
3708 9030 3560 1347
2267 2893 1332 4471
8148 3014 9198 3594
8848 2931 4347 9723
6976 2876 2577 5968
5918 3583 4080 2814
5922 190 2272 3087
5795 1729 5110 6651
8111 3373 5848 5078
7340 2236 2580 2147
9246 3957 8135 4829
1417 6670 7344 9013
8468 5872 8677 797
662 9589 5485 2216
5276 7290 6413 6459
8336 5368 4412 6091
8848 2423 8362 8620
1352 3243 1423 5354
9352 4014 7292 8031
6591 1317 5794 7628
4384 9606 8918 9778
8328 8646 9614 3386
7865 4881 5789 4273
8221 7632 3029 6317
8382 2303 6719 34
848 6532 9216 2166
8836 7532 6537 5458
1930 5448 542 1532
2822 2713 4489 7459
9351 3783 2399 7706
8879 515 6975 269
9472 8610 4712 3904
6702 2214 5273 9133
1050 3367 8455 274
8203 2256 1727 3818
529 2646 8664 2081
1911 4006 6023 1657
7559 3182 3458 5548
2338 4816 198 8531
1536 5043 1436 6774
4404 9834 9546 6981
6371 4824 3782 9910
8727 4596 5905 2928
7840 9338 9825 2600
3162 2562 2735 1978
6084 8693 7331 1898
2896 3757 7228 3259
9103 2640 6964 3297
5967 2101 644 736
4465 4940 3429 365
7209 2123 5443 3863
8326 8804 1957 5924
9207 9531 5542 1506
2096 6434 3433 9934
6349 9863 4201 1334
9830 1728 9039 8346
3395 8870 5143 8168
5666 6272 5237 441
3895 8961 9828 9429
5987 1333 6079 46
587 5255 853 1701
6843 6939 8865 1839
258 5971 6275 6664
8778 4033 2601 7206
1408 7509 6509 2444
7672 7596 327 4098
6558 9268 4276 3680
1961 7637 8825 4277
729 7440 3702 2805
4234 7552 5848 4291
7722 7888 9249 738
4807 7630 6213 508
7052 9582 5463 8402
306 8759 5565 2021
4449 2611 6747 1049
2206 8031 2446 5054
247 9200 2230 467
9627 7658 1606 4003
9212 183 2486 5573
3620 3924 3112 7920
1356 7853 8717 9587
9387 3066 1033 5172
924 6986 2388 2440
1425 6953 9958 5936
7686 3032 4338 5666
6471 476 4482 1724
464 8976 7866 2270
2379 6695 3004 5281
4737 4805 2719 6901
6015 3544 2235 1227
5535 2933 4702 8481
3346 7857 4092 5671
5568 8054 2833 9721
5191 7337 4579 2308
1086 6286 6343 7168
795 6435 5760 9632
522 4268 9432 6319
6313 141 9500 154
6434 1303 4557 1241
9834 9925 57 9263
5880 6751 7913 2749
5803 4895 3018 2372
3599 5351 2616 5512
6201 4164 5482 9170
80 7589 106 2067
5647 4887 9128 4585
1080 7331 3855 167
5899 730 2727 2528
5895 2367 4349 2772
5728 9046 1088 3966
978 4364 1549 2525
2565 9143 1486 1026
9169 7599 206 2249
564 3182 2496 7724
5346 4340 2209 8068
3212 7101 2458 1185
3396 8999 9019 2556
5744 6942 965 1643
7741 1707 8822 3909
8709 6269 4442 4614
7960 2377 4139 2485
5399 2642 8570 3513
8726 1911 5435 3179
9975 3901 43 1470
4866 5263 176 1010
9719 5306 6075 9097
6674 5916 4184 5864
9281 8479 1080 9151
18 4736 4385 1612
4407 6795 6453 6770
9518 159 3547 3644
6537 7252 2468 1568
3140 9006 3375 4974
8926 6020 990 7615
1867 4140 859 3819
341 2854 8902 5210
5363 6141 642 313
333 4329 4801 832
6074 6558 3609 5460
6658 7002 4743 6417
2214 6700 363 8909
507 6708 2319 4857
989 5564 4088 1430
1894 6793 3865 558
1344 7310 5320 8383
4311 1297 7742 217
3 4706 1554 7259
5957 217 2152 5097
6015 2559 6805 1168
5881 4640 4822 909
7249 3936 6946 6203
9138 7276 2318 5419
361 3474 1920 4809
6036 1939 3446 2060
8251 4567 343 5806
994 9798 4373 5954
4269 8985 2793 5200
3176 8457 9741 927
2783 8717 3575 7593
3023 5789 6034 5076
923 3493 4141 6818
1771 8709 464 597
8 6893 2565 679
3302 7080 3572 7177
1460 2788 3582 208
7067 312 7 2041
4132 8671 4347 2514
2539 6629 8853 712
8184 6466 1921 2141
1187 4461 4120 1102
6090 607 1455 9539
913 5930 9201 9734
180 6634 933 5376
8232 3497 9720 2517
6322 7518 4431 3118
8989 5178 4486 5496
1890 2701 2387 4178
4259 4499 939 2217
6611 4667 2358 944
7663 7308 7676 2323
7145 1961 2564 4369
9886 1596 1052 3168
5820 8226 1460 1553
5441 9767 2033 7312
9273 2145 9990 9757
566 9504 7568 1593
8864 7860 8737 1427
7040 7215 2303 2772
7287 3004 5070 4439
342 7665 8234 6207
7295 5573 1747 5846
666 9532 1928 3816
7598 6608 3739 7779
3234 2747 4813 7391
2851 6410 2218 2367
8357 7857 8515 121
7783 9008 1372 8230
458 7780 9095 5355
2643 2736 176 8185
5870 413 8779 2051
3045 7775 5323 5374
7042 1099 6244 1757
1762 8630 1635 9422
4682 3424 381 6094
8446 5393 8101 5844
9536 1570 7074 8093
4085 6111 9872 1476
4414 9307 6246 6165
6150 3476 2488 3762
6530 268 3711 6528
8127 659 1651 4173
8862 2170 5147 1598
8023 3032 1002 5527
3530 7135 9408 1279
3198 3646 1075 691
6604 648 4748 7701
8234 7690 8691 6384
8879 1903 4290 5699
4390 5161 1449 1470
3233 8943 2371 9362
2720 6306 5001 292
5020 4939 3690 9674
7167 562 5288 7484
7162 783 7367 4358
9956 2645 7058 7213
3844 5061 8518 2988
635 3706 8685 3650
5764 9016 2063 2883
3068 2934 3404 796
8808 6796 6885 8942
7669 778 778 2495
9489 9957 7550 3683
8467 4408 4097 9886
7869 8952 6318 2697
6948 8429 8933 6199
8063 637 4572 5080
8814 5920 4164 5836
7909 3376 3659 7360
6865 3541 532 7729
1389 3280 128 2856
4725 7875 728 6991
7706 2153 731 4993
7481 2471 8940 1983
8818 3922 3818 1107
8742 1346 2864 5748
5074 2518 5438 601
429 9345 1802 8081
5524 3065 4945 4306
9744 7065 7556 2703
5666 368 1016 9102
591 2655 4069 5806
5587 4849 9650 9923
9081 970 5088 3827
9544 3036 3205 8351
4496 6975 8508 9318
4998 6561 1964 9062
716 8092 7494 4820
1620 6216 2611 3311
662 6561 8461 9984
4400 4778 2957 756
1957 3238 549 3173
6903 1899 6674 4486
7380 26 6297 8358
960 4052 9044 1677
7156 9422 4081 7888
9184 6408 4008 8117
499 6967 48 2696
9578 421 2978 7150
8645 9452 1533 8088
8576 8031 8716 8154
1361 7882 1573 380
1757 3387 4436 8961
144 6448 9031 2327
161 8148 4695 2412
2015 3445 2103 4368
8872 9180 9596 6773
8377 8068 8642 1066
7226 9989 4834 6688
7572 661 4889 579
7106 623 9785 7612
1851 5827 638 7462
1792 2734 3956 5937
6689 1532 4551 7780
6053 4827 1242 5141
5689 4818 8988 1037
5880 5217 6585 3512
8524 4779 2957 1531
164 8241 2878 9561
5734 6465 1290 615
1383 9871 7518 5790
1465 6514 248 4097
3780 6579 8576 3376
921 5249 1507 1005
3938 5752 4000 2429
222 6036 407 240
4380 8912 445 2724
357 4500 7061 2631
2463 9920 8340 2385
286 3467 3764 3166
2736 8794 7165 4560
4353 7090 8784 7142
1154 2788 7456 7622
7599 4932 6440 2083
5675 9531 1807 9399
823 3508 612 7647
3021 5270 1009 6701
2063 3331 1710 1815
621 5738 7180 4679
4944 472 6409 11
2099 7217 3914 2261
226 4892 3306 4002
1429 5447 8478 3025
477 6876 812 584
9981 3362 3896 8148
3323 7319 1071 6063
7686 7213 4792 4071
1065 2722 8199 5548
865 8804 228 7578
1628 2981 1691 2104
1898 4572 6695 2544
7205 4072 4266 4256
9410 8165 1283 8278
691 4619 1194 430
5401 2186 4544 8818
9867 1567 4460 2301
2414 8394 26 1059
4333 5452 1178 819
9915 7819 9943 3934
3982 4057 1197 8385
3400 5488 4243 7909
846 2665 9318 8657
8841 1612 5505 1079
8021 8636 116 2063
9879 2325 507 1717
7373 6987 8910 5555
2345 5026 4970 5084
4666 4497 6129 7939
5894 6095 7508 1386
2698 8882 6081 8674
3774 4766 4695 5732
6677 5082 785 5079
7874 3020 6784 5968
8061 1996 7399 8541
5463 75 4920 561
2970 5188 8272 7041
6277 2290 2702 1950
4329 5147 5139 9666
2369 3484 3368 3260
9796 1876 1084 9646
4078 7248 2488 5889
6101 4961 9158 4520
5010 3993 469 5565
4012 4667 1130 3429
1837 6602 9944 3184
9198 6051 3226 8704
8094 7719 2210 4318
6750 9219 5268 4879
7539 8859 5275 308
3146 1638 9083 415
9649 7738 1618 351
9433 2013 6507 7570
1689 6945 405 2081
979 8607 1301 2768
5097 7105 8641 9469
5315 5249 5412 1043
4751 5172 9463 206
7161 1191 1933 9951
1324 6056 1997 258
4723 9808 7660 7278
1806 4817 5027 4312
7386 1444 9769 8224
8633 8726 9859 8636
9080 7314 2152 55
5748 2589 929 5351
7557 9976 5480 1023
8698 2839 9526 706
5796 8253 3236 3321
2975 3499 5600 1044
5405 4183 4519 2225
7199 7651 5297 2536
6818 6162 3528 1254
6315 5192 3646 7177
6631 1410 799 2396
9724 9527 7780 1986
3179 3550 2995 7430
2022 7187 142 2026
3294 830 4120 407
9585 3709 957 2342
7712 6069 2538 5596
6467 3320 5339 711
7493 519 9375 621
6501 8742 2105 2352
5834 6175 4792 2100
1462 4217 8297 4660
3082 8218 1523 7438
4825 4538 6066 2713
9158 2789 7460 3769
928 8549 1625 6799
8854 5066 1449 1208
305 6647 1140 9794
6999 2045 1433 3615
3869 476 1608 430
4189 4135 1128 2232
3017 2631 5965 8185
7134 7043 4997 6784
5868 5167 4338 8456
789 9058 2381 903
3764 7964 5993 5463
1361 5592 4053 2500
6770 2670 3238 4549
6627 9116 1157 766
9907 8508 8871 6883
4731 7798 780 5381
9179 2183 5837 8460
2675 3159 1263 3949
9827 9666 8592 1350
4396 7383 1139 2700
7450 8771 1790 5834
8816 1679 9198 9018
541 5519 4682 6024
221 2864 9302 7542
4395 7872 554 6671
9558 64 483 2729
983 4776 5832 5936
6626 9948 5615 1601
8011 382 1809 404
283 4404 7483 462
99 9420 215 517
7840 9149 634 1205
4531 3438 6708 5151
9990 9963 9235 8863
8332 8564 21 9691
7918 9829 4546 5379
8245 222 5547 7096
1124 3959 2107 6649
4987 737 1627 1500
1002 3855 2342 7072
8099 7925 2749 8672
3444 5631 6331 3611
7587 7830 2139 9042
2538 5359 7913 753
293 3924 1670 5041
4824 3571 2017 4020
2162 4389 5127 9199
5486 4972 9684 8244
2537 3629 1463 8106
5406 3962 9819 1533
6568 452 6270 3332
4820 9150 6964 4689
6857 9252 4829 3817
684 5835 6068 8629
9983 7675 826 8008
3950 8268 5423 4325
7446 8185 9275 9478
7423 1676 3193 3349
5997 326 2778 9877
7777 4562 877 5623
9627 9816 7623 4371
7955 4635 881 3316
9227 8020 6523 7667
8467 569 4021 6691
6312 6368 1474 5084
5469 982 1327 392
1487 7327 7442 5106
8347 1076 2918 7048
525 3938 8694 9008
4328 5517 8451 3118
1708 8965 1472 1261
4119 7014 3169 8362
3664 5931 5156 140
1838 5019 8524 7613
8890 3112 560 7151
9122 1947 4505 2206
75 5856 2415 6316
7072 705 2908 1317
5535 2350 929 87
725 9068 5252 7953
2253 8347 3611 911
7247 8292 6071 9718
2260 6202 2329 4663
7728 2281 2625 3440
8753 9877 62 5250
2988 4220 4352 2438
8767 2294 7121 2449
4251 7276 6686 7605
5946 1778 3523 6436
6483 7300 3655 3352
3390 4181 3194 3072
2572 8531 2618 3348
1478 8463 9816 2701
6463 2245 2031 3724
1765 9425 859 1934
2910 7849 3526 3573
7075 9389 1085 1760
1648 9941 6937 727
3597 7831 2440 4467
6855 4041 5080 6795
5294 1684 8673 6383
8134 4202 2836 2551
7325 861 6982 2210
4822 4034 6276 8314
1108 4017 6525 6371
6088 2594 3472 6725
5546 2705 1431 2726
706 5767 2348 8463
8864 8227 7814 2764
9118 3050 531 1244
9648 2364 4949 8915
316 6760 4075 2796
8748 6450 1629 9971
3666 4517 1469 2546
679 2661 1046 8500
3432 4384 986 8456
2586 788 8473 1214
1650 3051 9347 9028
9225 5679 7883 2255
8475 2397 266 9237
9274 633 9253 4667
5673 5954 4957 8778
7081 9748 4750 5088
6277 7945 422 7382
8772 1693 9988 4052
7796 184 7495 1467
6407 2260 3524 1152
7797 9192 4253 4805
212 9761 8684 2026
6384 6669 3029 2512
916 8811 1648 9843
6096 475 6746 9019
3995 4453 8858 2720
714 3628 471 3698
3313 6820 9816 7079
5075 8659 9882 9699
9468 9392 6554 7852
8642 1808 3334 9172
8470 4478 1517 4062
370 3981 8823 7836
3629 3145 8141 5784
5389 3439 3386 1428
6124 2240 4556 3069
9629 130 3327 4741
433 9592 5980 2176
8726 6852 1966 6703
2073 6886 2096 8693
6173 6448 2421 6908
9922 9518 1298 5038
1237 8507 1720 6147
6251 327 7061 3366
8822 6832 1892 1925
663 7039 912 2219
5187 8854 6207 9596
1144 5864 9405 1297
4673 7833 310 9797
9689 1080 4296 1102
1389 7994 199 7264
1588 5677 2168 7811
2921 5434 47 5336
8950 1612 7926 6777
3938 445 1639 378
8489 2150 9572 3468
1531 5734 4786 9164
146 8913 6577 7991
3090 6777 8593 2050
881 9868 4211 9801
8745 3678 6621 6294
9580 6217 1282 6916
7880 2435 6306 7156
9451 911 3534 2800
1130 4246 7911 2024
2329 6859 4711 5594
4347 8878 1379 7035
3681 8696 619 3084
7818 803 2574 763
2886 6939 4574 3186
3100 2657 519 2736
7142 4960 2333 4632
7408 7659 7971 5362
7266 7462 29 5982
9713 325 8771 9943
1470 5698 947 3576
9518 1848 5659 401
2144 6994 347 2547
2559 6126 2378 4796
8603 2190 2228 9874
1707 4585 9138 9038
6932 6322 6057 5568
5293 2507
