2500 4300 46548381500
17810 3456
6858 16637
4316 17515
16897 17466
2389 6970
8991 15712
6212 13679
5708 13606
8362 29605
11552 13344
3199 24355
18953 10990
16191 29617
18157 10932
4517 15275
28432 458
15030 29267
20535 4276
18946 8299
9998 27476
5927 26372
27335 6750
19094 27793
15364 4365
25498 8255
15095 11028
24470 18313
2247 18136
26254 2566
30774 20444
8424 28550
12674 19836
6772 1118
19848 18911
22187 6144
11311 9511
31284 18895
2564 10474
11693 22577
6434 28646
7591 26085
8533 30192
15346 10647
27519 25646
9756 15281
31802 28038
21812 30325
25022 20310
31443 7241
6406 19046
12126 14417
20014 10267
21893 27971
31776 8173
22287 9847
12143 12570
7898 24382
28803 17564
29725 29813
6391 11097
6897 13402
6207 19611
24080 8350
27534 6335
26076 5819
19702 5169
163 21127
24018 3736
16417 32521
20577 23117
4166 18828
21683 6162
11066 10995
19657 27393
3743 23372
3064 10434
22038 9128
9614 23041
7940 553
3768 7967
22934 21596
6051 19752
11010 31689
32738 22278
17680 12489
10768 22260
22234 30616
12982 19509
31439 27563
28270 24837
17918 21828
4937 19664
23698 15683
4463 9890
12184 29503
24325 15327
18441 14805
15188 16180
17156 3392
11559 25549
25435 14378
16500 14536
23633 10946
18239 22762
14754 18447
8636 17041
2244 7556
20916 27626
10093 14548
23849 26468
23381 4104
17469 11365
5949 12238
3664 22587
4400 9236
12905 31573
3593 20181
24279 18099
1589 8499
25624 11675
1978 27335
18169 20366
31096 13109
15871 15994
9135 20995
7686 30001
8642 14507
31272 4634
8507 8942
31456 10790
4622 8556
12399 18438
11298 12914
25727 27548
28173 23827
12039 7599
31008 634
21102 27618
28323 22910
8947 24807
12897 18551
32076 19696
13928 4432
4237 29286
13322 990
32588 27358
30247 10864
7171 22601
6319 9384
17589 13930
24930 9353
8661 24718
5594 16848
19555 8055
29388 6024
8024 21401
10379 24537
14404 3977
205 545
27446 14002
4530 18246
11740 29770
8706 10314
15851 7812
8886 27423
1729 23047
25019 445
2634 4512
23026 24435
20768 5683
17531 14458
9718 31480
20275 24528
8246 483
7291 14147
16873 11364
28732 26060
11480 17489
11816 18463
13040 28961
3394 20352
17899 11610
9376 17112
2605 12364
13679 5640
4332 8192
22073 19325
32148 8044
25443 5125
6762 3304
22778 8417
8303 1254
31151 23579
13959 31965
26399 31514
27610 2694
3928 8051
12667 11083
5017 31234
5960 8189
3162 9274
20497 12485
20108 9145
16636 27997
5666 19487
8231 15743
14800 29473
26256 21918
19475 10969
6450 25557
19825 30304
11633 2333
21506 11423
3256 29378
19503 32098
31585 10264
14010 19630
26325 24682
2047 22613
24308 30003
3193 23495
16055 17552
30343 9771
18451 6134
31088 22191
14113 25376
5541 13084
4221 28492
31303 19629
12012 18087
8169 26401
21569 29702
151 22031
16769 27350
4375 17530
6725 11094
24430 6821
5984 30468
31399 30248
19650 10580
1999 26692
1692 2216
10308 28276
453 9085
5424 22852
861 3554
5200 5478
5040 4911
10746 2819
24668 12275
11358 1871
2487 26670
7180 25696
24427 19905
26038 25408
20579 19234
28983 27713
4587 1620
8661 10640
16914 28695
11203 12301
2387 21340
25322 10842
32629 30971
26346 14898
22448 13224
20571 1021
6161 26660
17240 6305
24608 26032
2878 12698
703 8903
9137 29517
30549 12812
21216 10649
26156 898
14602 12976
21528 17915
31042 3109
12634 31955
24431 13894
20419 7645
10134 25003
1053 19358
19036 6927
30406 32697
29382 26975
26526 14763
324 4625
26915 1464
16366 30647
22235 28709
11277 18132
2803 14504
30941 25838
5925 23069
12177 21988
1247 14970
4248 2946
24737 5893
6687 21331
5286 197
22487 22198
22216 32054
24568 24884
11678 8001
8582 24849
20711 11370
26579 22049
26923 8780
14149 8925
29343 12354
26457 29622
18250 31080
7656 12458
5222 12994
4009 11540
16137 29114
10744 2504
31748 16080
2517 32095
7947 16525
25648 30416
25879 4792
17252 20033
15881 7629
15873 30748
22928 683
2766 28260
31564 28301
5646 17482
23092 27451
31747 6139
3893 32642
3249 22205
22299 13281
15588 1850
11189 20357
10356 3611
30772 24952
2504 8409
27861 27157
19097 23248
13760 14527
4600 10390
6447 20946
29587 32138
16594 28890
9268 1968
12915 31491
22410 21948
15318 30161
11052 9068
21987 22033
17115 16411
17158 15120
31239 17300
27863 27146
20117 1316
17654 7653
26848 2291
11577 32543
25854 22419
11018 22534
16708 29658
27146 22823
5644 25325
20987 520
31413 31390
13276 538
15340 27128
21077 9705
18218 12311
18774 9366
28542 30014
6396 24967
28557 31267
22452 30301
19671 4493
20386 6438
60 22561
2884 13012
1982 7801
5458 14831
17800 14711
28649 9606
20528 11481
1769 3179
6201 25613
8604 17568
1756 27974
6040 5900
31239 27343
19686 23410
16807 11936
14691 4260
547 13359
32615 17652
8232 27784
21925 25324
6572 4256
18514 13887
28717 28134
5514 15614
2106 24860
10479 6415
8757 29541
31379 13788
20567 19871
21784 30280
3572 30194
18197 32487
23553 2985
17340 28782
1747 30017
14010 9832
31017 13504
3935 20011
16493 22089
1791 27147
9783 11500
9880 5325
787 20930
20404 6495
11908 6458
19601 12998
12361 29358
11136 2135
5854 26170
27019 14890
5958 9421
12378 4556
23048 24192
11096 11060
6520 21287
14353 10744
30007 20774
30174 20161
7933 5767
30917 253
17558 18505
9115 8403
23339 29690
28011 13660
12227 20360
5660 19216
24841 11092
3661 5758
9808 19080
5764 12097
2004 5547
22920 30511
27715 23410
1547 467
8060 5081
11148 4126
13974 22899
24188 29785
29988 3326
26528 29278
6071 22331
694 28680
10149 31997
28763 2536
15369 14719
24364 24633
19467 4858
28716 12310
30306 23927
23142 3307
25111 24546
29139 20010
7307 20321
5501 1343
6331 5348
18661 4037
13251 4348
31906 6650
25249 20976
19020 9584
27964 28686
10136 26630
23205 1087
21700 5911
29340 27870
2614 29425
30806 21706
10592 9865
637 12474
29926 20333
5241 9937
5123 16889
23790 5235
25897 24014
15749 9814
25575 1664
32752 14044
9744 5263
23592 26272
13338 21145
13305 9038
16580 23245
10177 4281
1019 26787
26741 2087
15615 29386
27364 8687
8130 8546
24640 32071
12689 29804
6106 14935
22773 11903
11821 23186
9436 22460
11550 31557
3828 27908
386 7792
15704 3944
27105 30166
1902 18400
17017 25680
16911 13120
21126 10598
5865 10857
32449 27424
27426 15036
1319 4634
6462 725
9723 11223
579 18293
24078 18263
14875 21695
5694 32748
21305 32680
27709 10825
3456 23465
30868 22492
27744 30902
13799 9310
30786 15732
28026 424
12070 12711
19700 30152
26762 19689
2403 32596
12430 7586
13185 5118
24151 23604
8502 28009
27057 15990
4189 6203
17400 8036
26315 31092
14392 20245
13197 15870
5779 7917
21874 26756
12003 32275
27338 29064
24225 14885
28268 11696
13830 14379
9726 28257
30831 14794
17776 4239
31750 699
27594 28116
11423 29307
23848 25535
13792 26179
7682 25966
6309 30522
21425 19295
12194 26858
3631 21891
26443 23536
24351 5012
11504 6392
25101 10153
22829 2025
6646 5896
6529 10077
18443 7483
7485 6228
8114 13670
2464 4649
31694 19927
31040 21189
31040 23007
2731 24338
6830 13792
16975 10162
22914 4520
17303 26098
18486 21757
9559 17657
10704 12921
25962 11078
8872 23705
16282 14425
26225 4368
27583 19119
1911 28257
1835 8692
19238 18348
11590 29045
10188 27336
886 30420
20384 3219
15426 26879
27906 20358
21942 21346
29700 6285
5897 12636
11562 9749
4477 24048
23918 7526
10375 11198
12167 563
25904 14641
17003 19567
6331 21753
275 4195
4744 1724
10110 27902
27960 4104
6392 13420
14098 31117
27548 746
31141 137
19736 14296
25775 30851
9392 1295
8254 30012
5766 2166
2581 20707
19480 9168
25169 25224
9738 1752
11085 30931
15142 8080
16578 27894
18593 25814
27187 25056
30623 12088
27784 947
7162 5129
24313 23417
20543 30388
18221 2835
4858 17489
16547 1393
18740 3446
13138 5897
19001 29264
23948 21121
22687 5362
13608 13743
11395 1516
25568 6852
29462 24352
25336 18884
26457 209
31265 15930
26660 9469
9628 29993
12141 15597
10146 22341
3783 19722
18692 4963
21801 15090
3343 32047
16881 16843
23730 17437
10536 216
27875 5794
11528 22601
25662 1443
12475 2136
1007 15406
26726 18065
22483 24424
10854 15729
12762 10950
26074 10803
29872 7296
25185 3303
29084 17987
11557 7876
23976 5671
22296 703
8706 11232
26749 25693
2978 3640
11691 30917
7725 21693
16653 5657
3609 6582
30318 21766
9747 18524
2931 28826
7069 6983
16745 22614
5884 24359
17473 10373
29265 19892
729 31948
29702 5352
23678 20737
2155 24171
18350 25664
16033 27471
22050 21052
3256 6141
14860 22228
7956 23663
12445 28647
14101 7328
30154 20840
23799 23873
9552 24501
26870 12462
11509 9252
10166 28704
13329 28639
7651 5412
7246 8435
12052 18252
32684 15779
11254 29220
20424 23042
2982 30567
31325 31681
21598 20851
14091 28741
30548 14843
25175 18684
9183 10492
2548 29170
21980 16370
3649 5791
9040 30027
32018 18692
3407 5148
2483 7926
22556 25619
17962 14777
11921 3501
445 27600
5313 3752
28852 28948
28125 21180
352 27908
6484 17542
604 9052
27454 27333
32275 7913
1019 26056
28546 15003
19223 24871
13376 16604
4465 19890
24507 5408
7837 30631
21444 7101
11654 19752
16974 21502
7256 26859
31858 22642
21405 13620
12983 14730
10406 15104
2705 26211
16172 29059
11559 6113
11831 8661
13145 29181
27711 13033
4866 20320
18065 29118
29050 27440
26613 10713
32608 23850
12942 8690
16790 7153
28929 20718
27532 31141
8922 24333
11970 20152
26667 18277
9096 18173
20597 11663
12041 1282
4300 15264
2695 4000
25911 7258
20456 15824
8534 26020
12146 5312
13383 1848
13011 19495
9161 4508
12644 27861
17058 26963
22958 15758
9791 14932
29742 29208
8091 16315
17237 20627
15202 13247
9427 16649
3413 31716
22549 31558
19184 25969
3596 18154
31050 1573
9777 444
12862 5414
15558 24641
17608 20538
28254 7310
13489 16697
29855 1882
23919 30659
71 12119
15431 2862
29805 4803
9652 30914
26378 3897
27148 12841
2743 974
11617 28705
26040 22873
30373 7540
31290 25874
14866 28202
17369 22879
25289 30461
11877 14570
8122 22797
27110 32759
30659 21973
16349 30709
26908 24414
19917 26962
6130 30898
18682 8084
20562 31380
12145 29606
24393 4206
2632 20591
1866 395
9511 26025
5071 6790
24328 31985
20547 19203
30778 9498
26144 19356
428 10183
26197 24607
20840 32057
490 2550
8286 12901
13798 16102
13667 30026
28273 30717
16761 15233
25910 11461
20817 14102
16139 3774
30734 3478
11476 6411
5964 1385
5028 18540
26721 7522
38 3948
10978 17045
26940 23260
7274 6249
1509 14975
7574 1774
14948 519
10324 880
24735 30272
31582 18252
28613 23180
7937 26882
18227 29327
10019 2956
8345 19499
22148 6126
27992 26031
1860 13583
9007 1099
31910 29127
15383 20168
531 21817
28011 117
31586 18787
23116 18533
19030 5107
17732 10455
11624 20828
1321 27382
31687 9770
16709 31427
25246 6802
14515 16207
1941 21582
6412 17197
13466 8872
10308 16679
28897 4308
17870 26928
11049 29314
1799 29082
22850 7860
29393 18569
12492 19661
8318 31144
23873 18411
15857 7194
22326 27767
16639 23732
16605 9211
18459 30825
27599 21299
28211 15109
27656 28262
5589 22047
23603 10230
28566 9288
14121 27959
16308 11401
27316 9597
9978 31245
1944 26489
29412 7194
13012 6341
14596 25158
15397 11197
16804 10471
32204 28561
1453 18891
27025 9880
17352 1321
26376 22247
28866 30424
26387 2339
1845 27583
20648 27027
31333 11149
10964 32633
20584 2730
10240 28323
10122 22637
30324 30525
10991 32143
31257 10217
14970 24287
21379 30226
18926 22584
22574 12412
15187 25520
24584 32
14492 16659
3120 27448
20614 12688
27390 3734
23235 7089
7491 313
26456 11153
24786 5666
15684 17225
9279 28772
11362 20395
2022 7547
13968 21811
28719 10718
21521 18746
3345 25560
22320 2925
31445 16531
13094 4990
24605 6006
10814 10009
11556 10160
10039 11290
24647 7189
17898 27389
29637 298
20269 21909
22723 24955
11254 9729
9107 31797
5060 27101
19765 18928
31290 19893
11806 17357
13 15551
5689 8385
27425 10441
9772 32048
27119 3696
19932 8382
9770 2451
5171 22114
27298 3591
3105 2748
24680 6284
6880 9384
10035 27648
29565 19475
19714 11987
27540 4877
26883 31931
3419 13600
23988 16553
2785 24800
1608 27387
30360 16324
21324 22515
25874 12340
6794 31336
23560 26083
7726 7867
12960 25695
3879 23053
18159 2023
3792 31151
11453 4220
29648 1754
14729 25402
22079 12961
4557 30185
9994 15907
7044 6352
22168 13061
31208 4809
20141 32
30336 17307
17295 20086
31578 16515
8296 8811
662 7956
4844 7474
7972 25154
31291 29317
717 15801
15625 26265
9592 9075
19196 26705
29094 20361
19797 7090
6720 17993
19155 26775
32146 30858
17108 24997
14743 572
958 6018
21879 14147
16541 11330
9294 29318
10766 15138
17711 23362
3675 26745
25705 5285
17639 11755
8712 2968
26829 14048
16799 22236
9924 24884
1861 23896
8774 13873
26078 14001
13809 28602
25244 31260
4909 24008
20933 28528
1295 16411
20662 22144
23165 26665
8488 14503
15251 14171
18866 30884
28230 19832
8079 5288
20039 31585
7586 20142
31786 19968
11447 12043
1992 17787
16652 5446
6626 3245
28944 19241
24839 17622
26986 19992
17847 14737
25149 17058
10696 4359
31146 18006
14089 19555
6039 5080
294 11398
16047 11572
32459 20219
28330 113
7692 5933
31695 14954
30725 14295
32695 15321
26557 28861
18259 25781
2129 21658
25137 10686
24142 11097
14074 10326
12382 17543
16704 11410
21287 19977
23670 23953
27760 778
16448 1036
29061 18232
4590 7983
25821 560
12098 15271
5883 20278
5754 16637
28306 21802
3978 10530
31724 23223
31402 22091
23436 27342
26640 31486
11283 7507
23807 18541
7008 22550
27136 22276
20219 7172
30320 32062
11188 12959
25914 2236
16519 20395
30438 3480
22723 31530
3283 16375
31084 22411
12736 3037
19933 6175
2961 24390
18353 15308
6736 23154
30180 24581
26739 23168
22326 16377
4189 4670
11216 13323
15143 9536
2602 17795
31903 31023
15148 10883
12433 12644
8596 15932
15686 2229
12439 18785
24395 32143
13771 11996
25203 1094
31300 20673
27679 13224
32509 16768
15037 8152
22650 5470
32399 22362
28076 26662
12206 13930
7701 27419
1358 1170
4909 3890
29251 4219
16643 8062
19141 15876
23079 24556
30576 14993
15048 1072
22926 19365
3866 4863
17561 27572
14586 2431
12540 10546
14549 21244
3098 31728
7622 26844
18833 1192
16638 11989
6592 27351
20585 24413
27015 19658
27791 7266
3917 30204
23992 30780
18760 20383
9299 2784
28920 16249
26776 26454
2037 26865
3437 1389
491 1130
27270 29613
28643 16591
29137 25997
28868 25455
17425 29158
2841 6668
30920 5544
21524 13102
7515 20172
2003 12477
12145 25481
30435 26831
5788 10699
27907 10431
24891 25313
29994 3711
18591 32629
7883 3119
16492 24514
10327 18926
5442 25601
13060 23024
24221 24868
25549 29392
18426 19911
5561 9256
30012 15204
353 14688
1613 28614
32172 16067
32264 12992
15838 23768
4183 9246
12497 32239
7064 11740
25985 29178
20806 26262
6351 1182
20949 30784
20606 14730
16349 24343
10114 8968
3707 5335
12154 1745
3829 31791
2939 17702
412 8306
10255 13852
11767 7567
13437 28984
17949 17475
16715 13115
6499 20109
10242 22079
23095 14435
8241 4099
31564 4259
9652 27268
26616 22092
5174 10957
7130 13806
7157 6671
23999 15199
29637 25844
8646 19376
27736 1329
22211 31583
18620 26971
8930 5326
37 20219
21389 25332
19693 740
1167 5203
11481 31684
17017 18986
13982 762
11332 10219
26788 24487
22585 30447
21769 14344
14 12905
20201 7427
14418 3993
31965 29695
14091 22082
29889 13049
28061 7517
17595 8916
31213 16399
3448 7153
12999 7897
4537 28928
21373 271
24335 31766
2769 10891
29666 511
28949 31138
1720 24533
10641 8535
21172 14033
13093 21455
3421 2658
11312 28933
27042 1148
3504 3519
19482 21555
8618 26305
5264 23176
14540 5184
8382 6531
25425 4505
27737 6530
12581 27971
29262 14544
15689 13570
13132 6521
2170 29278
1410 8541
26381 19284
4522 16516
1566 6987
8518 29105
19433 6218
8745 10554
6008 22631
826 9750
9087 19331
20085 22840
4228 32052
9266 22299
23106 13059
31658 1951
15440 15064
19639 2067
18942 32178
1755 29587
15744 10907
31108 1428
16974 3548
4494 19133
16074 26733
4106 21497
24867 23471
7742 8138
29562 15709
25324 11744
15172 26560
31960 28906
26608 23075
1668 4780
21705 15751
1854 15953
8733 8600
30044 25859
27039 1503
11719 12474
4618 824
1206 6481
1543 10631
21436 20447
21073 26023
10501 29764
28439 931
31709 18690
14498 8489
2673 22863
23351 9275
17626 17768
13887 2600
26967 10535
31397 8891
13786 20696
2176 2994
21191 12361
20466 113
23288 20512
14671 20984
9476 9585
22658 6931
12737 1936
28589 1232
25607 14372
1296 12086
26039 12669
4140 4660
24060 12072
552 27352
23761 9408
11635 2242
8132 5894
20651 4055
5113 2868
18622 570
14705 143
11855 9848
19340 10300
25179 7682
21197 20308
19996 16353
990 12091
23085 2981
4052 6189
24816 18590
18867 10777
8237 9551
17717 4019
28155 27424
21191 28613
13540 6739
31957 2245
31556 569
27207 10925
31218 10662
19020 775
1570 7074
11606 28487
21130 27745
28518 18782
19396 2678
6025 25228
5108 12355
20642 8310
25002 2484
24427 28792
17930 25133
14775 1340
7722 28352
8954 4748
13243 2212
29194 31588
20716 27618
25639 9804
19339 20050
8506 27620
19309 25286
21850 21441
20497 7301
916 4983
14720 18171
30188 1015
22647 17838
28319 284
18888 4212
32427 26496
8446 16356
9617 9364
9792 15882
7770 3312
11128 28511
32216 27879
15540 26615
1582 1887
12236 253
21395 30431
22341 25181
18002 9450
23669 21696
19989 19340
1256 28605
31332 13618
26371 30797
29801 11967
20967 896
17910 24539
27800 12655
4553 32142
20575 5234
8462 2831
8812 6291
27173 7382
28864 32578
29862 20984
22090 17226
16034 30644
10832 30979
1836 2889
16145 32457
8728 3595
29609 4526
14595 24502
7476 6764
7572 4866
2870 18078
4352 28792
11067 16943
9428 7043
4026 9490
6383 3530
24127 26931
23245 23741
26825 31918
2572 32110
30321 17472
9768 31395
32589 8698
18826 20777
24468 21565
5569 26219
17923 16610
13583 19779
24959 185
5415 19727
4603 16181
16181 24328
8348 16997
28959 5583
17179 12070
23562 9033
28268 23960
11297 28845
15517 20942
15761 31963
27136 11466
8920 29936
11660 10664
24640 15127
28801 31513
166 20386
10571 7443
26496 20569
23977 28359
1055 529
4110 10452
18993 6273
7240 954
5001 12370
18271 8849
20259 12149
1728 5627
8546 32697
17050 2903
22941 22429
6025 31799
24794 1378
23410 29204
1497 28773
27054 12865
19029 17580
31338 26142
5510 31935
2381 5006
28650 15801
3932 31147
11333 14750
5147 9656
8679 3055
23029 21590
23597 17532
10718 29435
25418 5242
567 21921
583 20949
11506 29883
11849 17608
246 18285
29459 29610
21189 3580
2251 24843
22620 8324
30465 28671
1115 5609
26861 25274
7269 22287
5880 10077
3786 29262
27007 26384
19299 17184
14547 2897
9150 16925
20100 11659
30331 4394
3039 9451
10742 6125
22965 9839
14887 17540
17758 11072
24006 17526
28414 4417
1714 18921
11527 10728
16787 12566
2303 11085
14526 6651
31108 14208
24154 19023
32141 28192
449 27579
31986 15401
21545 31303
4655 24078
8324 30483
8549 18440
15013 13127
24737 26797
27043 18252
13665 31172
20866 2621
2900 21336
8208 7576
2146 29963
270 24890
16876 14765
7568 25482
22357 26893
10919 8692
5569 7183
19260 11673
2332 9983
18751 2116
7775 32293
27138 19872
15118 18586
25055 31913
28165 5466
11041 30049
7541 26265
17442 32452
22058 1883
6320 26877
8207 24383
6837 8154
31731 14491
19991 16766
28301 11470
19422 3414
15550 10962
149 16206
15639 19473
10738 11076
25243 27514
22457 11452
25798 13011
29661 16086
10446 4689
5608 20606
20520 22118
9630 10467
4174 20442
4317 28714
14272 16925
6344 12387
1096 3036
31269 25276
11907 15826
29954 23796
20125 5089
30623 13075
32348 1121
28808 24921
23648 22968
3074 21108
21673 2602
24744 5622
21081 16883
20310 23301
16059 21395
6726 852
29061 618
30585 25171
30298 23428
8793 31907
19347 4278
12444 23501
32319 2538
11883 18995
18280 8375
17860 2887
3737 14901
29981 25594
30108 13071
6474 1912
20872 20953
20128 15378
13564 13220
27995 19579
28581 26320
9533 6456
9990 10274
31864 24146
27768 30230
13774 334
29807 28279
25079 31582
21248 10796
8259 13273
24992 2901
21120 24297
12847 12695
18462 13444
13109 2227
9361 5021
26987 9566
1271 26011
25213 25677
10491 22026
17678 32655
8953 12944
8700 3615
21347 1827
27366 8634
13155 19066
12780 30446
12993 11969
5814 27508
11528 27281
1208 11967
14820 3615
9908 24789
23759 14516
13184 4958
22508 16989
30729 24826
9779 11747
17048 3800
24783 30461
4948 27781
5060 4293
13833 26113
17877 10345
10535 31768
14245 35
30222 5871
7708 30315
24200 26334
23564 3435
919 18301
32533 1715
26994 22786
966 26414
31946 17354
9476 30548
32081 23093
15024 5026
29053 3255
27524 24903
1929 25644
13886 15137
1982 30316
5633 27367
15344 2336
17912 680
28747 22228
26684 27252
29008 10829
5112 30297
11034 17436
3787 6289
19942 15987
13677 1017
7122 25400
22422 21189
17381 10328
2843 1394
28240 18014
14938 28157
24051 7492
29145 23379
19235 23432
12586 6408
23467 7043
17170 5963
23568 27383
24810 20250
7706 28903
9540 14002
8335 9643
4562 23114
25666 20803
11396 27904
4684 17388
30705 26132
22426 31985
19192 32340
6568 13252
19367 8663
26763 30541
4443 10734
21045 22402
12841 29528
31477 19768
16253 9397
7997 21560
30209 14653
25256 27542
9409 9138
4155 28734
3980 7571
12268 1488
20637 30355
5472 430
32123 30794
19449 3155
4893 12841
1040 27878
27986 16819
25983 13070
19808 27370
27491 13065
13291 5384
11552 2040
4633 32624
14501 4221
5620 17124
25073 6536
5648 29432
11221 11118
24685 29639
11772 11580
28830 22500
7210 21066
20779 23188
21185 1555
11317 19002
3209 19011
20312 30482
9648 15122
9942 31266
4112 11729
29681 26734
23729 7618
17048 18028
32399 23341
25158 20407
10909 12464
26152 26375
30985 29399
28798 16993
11202 11757
19779 10123
15928 26129
8208 19651
8803 7564
10558 12720
20230 5473
26187 1177
821 31782
4478 26581
25365 32531
17614 11139
20963 29017
17409 20347
11575 32180
12817 24964
19850 5700
13779 3015
28662 5785
20954 26499
27966 19469
29594 26627
25102 22614
32201 29133
11396 8795
21003 29213
25326 18759
7629 2705
10198 19932
28273 9510
32572 26123
20652 1123
2338 11969
32557 9172
17742 12291
25728 31930
17483 26429
29745 769
27057 19415
7988 28274
9126 522
26500 9258
15269 12274
22283 21579
9342 10468
24002 8177
27038 25345
23321 23400
9105 27403
22169 16540
5573 19064
11208 9680
22929 5061
11597 3219
14965 2317
852 7408
10148 4314
18740 24806
24255 27963
11855 21528
13284 26903
7738 7108
6887 28608
13343 31481
21983 17099
32095 22277
27877 16928
20347 24621
21272 31309
13620 12962
23781 27936
14065 944
27525 18548
610 12087
29126 32587
13667 14687
13839 31005
20515 6280
30110 19312
4741 23424
19733 12713
18630 32761
2613 14114
19297 3386
19177 18300
13871 18196
3462 6455
6867 3352
5713 9855
12885 14855
20034 10313
21005 6026
32519 18335
10179 14883
4172 31032
276 22884
10810 14156
8727 30815
24893 3494
28481 29277
20235 11259
28294 16339
15586 29306
25537 1937
17168 11428
3158 20541
441 28254
15894 26112
22229 18245
28003 18559
13688 16449
24212 13581
598 22365
1691 8478
6534 28118
24292 14591
24966 23665
12417 14021
3968 8722
6789 9604
203 24715
22445 25793
19893 7090
1862 41
31104 28342
32074 12163
25514 11187
24013 4835
24178 6531
1943 32544
3735 17368
4627 28297
30819 4487
25192 27092
24040 5415
7141 32087
21130 19419
28578 3707
10173 15980
3940 9581
5904 14491
18370 32534
19819 2741
1414 31566
15252 2407
19030 15180
20472 16340
21652 1121
32169 2021
32386 15079
13475 31968
6314 2420
12115 31805
17277 2131
14682 10421
3130 31028
21390 9115
20753 27426
22849 28783
12425 23222
2759 14001
2079 8842
8498 22003
17967 20465
20320 50
4888 12261
21560 20070
5532 10305
560 856
22149 12593
24594 28852
1934 742
18177 12895
12672 19342
8631 13322
3484 387
12560 13576
3641 9666
31180 15964
23214 2720
16272 16151
17010 29368
12591 17121
27522 7208
10792 30421
16387 3069
11632 28818
24361 11755
32113 27534
5463 7234
30034 28846
8072 9245
1913 7188
15853 23004
1358 30009
22999 20949
5186 3387
17112 20807
29713 22392
18213 2959
31299 28763
11071 16287
26361 18038
17619 18859
30438 22993
15582 32037
22172 1410
15636 23276
23305 1918
3203 30657
9025 15023
24436 9978
1918 14151
24210 15738
31076 19795
10574 224
14730 3475
22401 5887
1591 21641
15955 2447
10089 3024
31837 12833
31772 5551
4362 8793
27848 5870
835 23639
26412 4840
23371 28534
18250 3554
29671 19769
20915 10651
26307 27266
8964 28708
6161 261
14513 16626
9587 1277
30465 5170
15387 8989
20570 2140
6704 23242
29119 28171
16244 2183
6295 17932
4389 29873
30128 26037
29985 14956
16771 13688
10317 6877
26042 15800
21558 4250
24559 30170
10233 14174
16823 2464
30817 23554
29151 2226
11088 18600
4853 13438
29280 8506
13066 24642
6345 25619
10423 5991
26758 25339
16734 32273
27315 18521
9394 8180
1850 31908
4474 8553
18350 27
22418 1729
16759 3254
13106 1497
27440 5212
28018 5614
24909 28502
26126 12723
24065 20228
27239 32673
26719 18638
32203 21647
32447 3422
30454 17538
16483 8204
5849 13766
23130 8858
31898 10814
15269 2338
6875 13048
21657 19020
4671 16900
25988 24516
5418 20103
8339 10988
14537 32523
8947 4558
22355 19993
2359 26708
26510 23818
8954 31163
28052 26906
2501 17989
26839 5822
7987 18734
25443 1848
13906 23266
1635 27752
27725 877
22503 3813
29768 20787
1508 31308
23180 2017
25212 17368
740 15267
30080 7987
26182 11416
18228 13708
21430 30339
18514 29418
14440 26819
31569 15808
13093 6789
17126 19649
30447 3896
31180 3829
16616 32577
14273 23053
25968 6384
26577 21236
14478 19891
5078 17574
21905 32650
2368 22853
2551 8891
15122 26986
26509 10183
1325 21945
16856 16796
13521 7864
6836 23564
31329 12001
16955 22142
10342 2805
11752 22244
25559 23700
19196 18669
10648 2827
20513 23931
19776 22125
21070 7767
21791 10469
8426 27172
22400 4682
11572 27793
15659 8692
226 26323
3374 4814
2056 23635
9693 32173
12860 30627
1816 1504
12024 15287
4556 13321
18752 21842
24764 29483
9860 8382
7810 25603
27847 14272
31952 31388
5121 7115
12540 6686
26306 20596
6588 8934
30233 31270
29230 9948
1204 21783
13851 14337
11592 6266
7036 1352
18484 6647
17725 14759
21601 17752
4930 20845
26476 15493
13224 22998
26887 13234
22861 20189
7580 24023
15250 2897
17460 32096
17247 32555
19352 27942
2408 8223
25269 13727
2479 18545
26693 593
12362 30730
32172 2957
9063 11211
16672 18521
28301 16161
29453 31918
29477 3034
2744 30692
16952 15415
32290 5994
17274 834
16687 25018
19848 12129
16391 19852
4974 19244
22717 2378
2924 16508
6191 22213
13050 12740
15917 20262
21513 32165
19677 8999
12172 8380
10077 11139
12599 27071
939 23978
4230 13256
13250 30906
770 6896
2566 32427
25536 24352
23778 19913
29738 26916
28080 28264
6657 9729
14041 26835
16035 11401
25917 14213
13194 24876
213 10652
16406 3089
2198 18826
15500 5478
1433 7182
24158 23540
22906 19299
6573 23030
19454 4791
15372 3115
7160 32222
9351 20266
5997 20808
15588 9974
32502 11824
6184 9426
14438 18199
23133 24406
5293 14449
19859 12483
11516 22942
18469 12180
6954 6683
18493 5461
4439 16122
26778 1976
5327 5263
4753 30694
24624 26733
4434 3091
12496 24465
27245 18261
857 31964
8085 25526
950 27591
15779 4744
13363 25426
23774 5880
4063 13629
30329 28390
11317 23931
13149 32244
7676 9700
6185 28381
9580 12842
12919 16137
26002 2062
11106 10334
10998 26579
25413 23896
1402 2291
31428 19292
14725 3858
27921 22345
19553 19248
8040 18513
12258 7458
2524 21767
20809 2371
23894 1720
3943 22119
19163 26367
23558 18448
20493 11156
3204 18661
11509 21605
7617 6495
26367 28648
28476 22214
32070 31151
14712 28252
12818 1853
17317 20696
3487 14104
7292 31253
32289 5663
23147 8460
14596 28446
9970 9216
16760 14496
6477 1272
14381 5380
9299 2674
22619 6355
7070 22614
17926 19281
5100 5417
4480 5458
8901 28547
5167 4687
16734 6083
2704 30649
22206 513
3964 1677
11551 1092
23723 15145
22167 9461
29814 12126
17655 11668
6369 25286
6388 21930
13272 23896
27780 6655
5305 24633
7307 5132
10003 6357
21943 26035
1710 2607
26792 3374
5323 8309
10581 13638
29356 8920
23979 21957
1367 30619
32631 14381
26264 28265
21893 13482
26437 1259
10249 15174
1733 22938
5183 32092
979 16594
17231 19279
27264 12328
2163 31355
17271 29694
10843 26476
18565 25429
23505 26702
16985 1506
10137 17317
29576 24675
21403 32575
13524 23347
32580 7014
9901 30492
297 3674
7160 17517
18413 5118
8720 20557
16997 9681
18954 31823
4859 12064
5950 29767
4688 20858
14082 13915
25894 19813
26041 24925
10620 25423
9485 15704
32506 16583
10104 12904
28304 19949
5385 8655
30043 28455
3429 21830
14024 3862
2828 30865
6651 1225
3037 20822
22130 10800
8925 10543
13285 14035
22324 7678
369 12995
29816 19585
2038 5585
12334 2342
31678 26367
18574 6944
12639 28724
135 11706
6626 23092
7427 27627
18980 17614
18284 31275
4477 12120
31087 17030
25504 17752
22016 18159
6594 25476
5022 28118
20223 26861
23512 31997
23545 10359
17424 13959
13762 3724
17279 19538
13308 20241
19065 7558
574 12185
24306 29294
16570 16857
25154 10887
6173 8797
25637 4311
17591 3961
9990 19072
23772 27777
14717 5013
22154 1340
18710 15916
4171 9623
4692 10165
24925 22935
4597 6282
29969 27025
23416 16839
30065 26269
14557 19803
18725 23368
30636 13407
26776 29833
1848 20391
3670 14071
19493 22167
18105 5176
19752 16440
8900 29885
7438 14987
4687 2476
9728 11294
10596 31518
14853 29660
21738 18059
3272 23337
17024 24962
31388 28207
32684 29854
16573 11890
5173 17077
276 1419
1678 2117
1182 1295
538 1447
894 1974
1724 2422
437 2498
648 1233
53 1232
1252 1915
958 1088
176 1706
1697 2494
535 1204
148 1062
697 2005
2235 2288
142 300
1409 1420
1514 1818
1332 2218
8 1717
480 1671
550 2499
1844 2121
892 1473
836 2042
1473 2411
63 1076
371 1648
173 2003
1089 1661
587 1393
576 1044
456 1860
1519 2273
505 717
1270 1418
497 1033
64 488
347 519
295 2353
604 624
1112 1978
323 1647
1540 2376
1221 2020
2035 2195
115 1775
1845 2062
320 602
259 643
244 874
88 1571
601 2443
325 919
529 760
819 1715
176 301
289 1955
1304 2088
433 2136
15 2257
18 2217
697 1296
154 1451
2239 2379
2285 2285
237 1191
366 1160
19 1866
1895 2370
1023 1461
28 924
1993 2196
422 2461
819 1486
158 331
251 1535
628 838
1217 2300
755 1439
523 1539
153 583
1231 2327
1620 2268
487 709
803 1306
575 1044
398 2464
30 1351
886 2497
455 1135
271 415
1350 2241
100 323
1314 1827
1823 1829
409 1952
1108 1335
2039 2062
640 1362
90 2253
444 1607
1656 2429
1190 1905
1110 2372
1354 2068
124 1155
2030 2044
1306 2033
76 2401
1116 1346
632 1498
934 2444
266 1807
2359 2474
980 2124
222 1919
104 686
1524 1963
553 1429
1493 1958
821 1726
75 890
1234 1369
1077 1861
702 1064
80 1484
1243 2496
21 1801
1468 1568
437 580
76 118
414 1907
193 243
796 858
1493 1530
588 1070
298 1843
1155 2394
43 547
1249 1535
1440 1660
333 650
188 2045
1606 2355
449 937
617 2487
773 1532
24 581
263 1633
433 2128
980 2008
1787 2142
349 2040
430 1327
1266 1856
167 254
417 835
146 1293
1579 1619
1320 1623
304 1401
321 1670
411 1231
1119 1812
1409 2039
1221 2184
128 353
1853 1917
411 1596
1309 1657
344 2042
273 1340
115 1287
2038 2334
1752 2308
262 410
343 606
538 1528
85 826
805 1850
1894 1977
1049 1321
1743 2235
936 2242
788 1831
151 2353
719 2490
1233 1878
928 2138
773 901
1110 2163
307 1429
861 980
319 2047
144 2277
1565 2291
116 2500
1185 1371
972 1480
2228 2374
519 1630
1934 1985
885 1996
204 844
1391 2365
1000 1921
38 1360
1187 1951
100 2138
48 368
1198 2152
294 497
571 1292
629 2155
31 250
1208 1963
150 207
1688 1754
1090 1310
153 427
560 1100
430 745
688 2374
346 562
110 922
390 1568
1721 2423
1573 2403
491 941
843 1748
1362 1516
49 1655
923 2111
79 448
264 2196
1651 2360
350 379
285 1635
312 2455
879 2341
2329 2428
820 1029
181 2168
906 2134
367 380
1649 1751
51 475
2200 2340
259 1123
1104 1473
2086 2341
1150 1251
427 1862
523 562
30 745
50 1153
1271 1400
929 1343
676 1674
1852 2284
402 1825
55 1134
871 1172
1434 1732
2 2094
2451 2496
1518 1683
1926 2032
382 811
200 927
779 1713
133 2376
1028 1184
470 1823
970 1629
1634 2500
246 419
577 743
680 2399
55 1433
815 1195
179 2463
1437 2119
546 636
109 1528
254 592
22 1294
1617 2285
212 1902
675 752
1016 1832
2024 2263
758 2467
221 2150
200 1191
834 1867
288 1208
1088 1906
1924 2139
737 1644
899 1783
1145 2189
688 905
613 2253
2146 2499
1302 1643
1153 1835
671 1432
1174 1393
926 2450
776 2491
300 2115
1376 1915
649 1530
529 1297
1158 2300
1891 2267
130 932
1142 1215
1627 2050
202 2282
1988 2245
406 1575
570 2472
256 966
100 1485
427 2208
276 1154
161 1006
404 1689
903 1221
941 1257
1767 2031
1475 2089
152 937
943 1011
1409 2391
496 1201
2324 2493
168 2312
1476 2085
69 1598
431 1524
438 820
8 994
1457 1662
1338 1629
52 1785
857 1747
300 879
345 687
1586 2452
1775 2094
1341 1394
1066 1992
364 1685
506 2242
2239 2307
225 298
1832 2039
1121 2153
391 704
1370 1399
1606 2493
1436 1709
2223 2386
1029 1775
770 2024
1446 1663
238 846
319 1119
1594 1702
1809 1981
286 507
334 1636
594 1092
453 1544
1772 2500
1662 2085
274 886
1211 1648
1112 1490
28 256
1172 2060
425 2273
45 1698
70 119
1340 1614
225 1336
2211 2259
872 1162
581 1994
1140 2145
696 1461
445 1472
685 1659
237 1055
1686 2309
1201 1290
1374 1943
1231 1654
1029 2166
22 1092
43 1469
161 1274
266 2322
1004 1209
455 1640
137 2186
1073 2299
130 537
142 589
208 775
546 927
133 2381
173 1292
1420 2371
1476 2096
1201 2180
409 1730
1715 2475
172 2170
1906 2243
335 1992
428 436
78 1284
408 1776
644 1441
608 1235
244 1767
827 1683
2404 2444
91 1742
611 1651
1085 1917
1161 2034
85 1285
1859 2022
409 2335
2097 2364
532 1962
431 492
147 347
78 311
291 329
964 1004
1319 1846
839 1678
557 2482
1225 2343
381 1364
1454 2298
29 2133
1863 2015
112 966
1113 2333
267 407
1418 1949
1566 2389
218 2094
952 1912
55 1397
731 2076
959 1054
856 1105
170 2077
180 1613
906 2435
1666 2344
535 2043
114 2348
165 2017
234 1894
152 2277
136 2093
902 1572
1771 2223
122 371
2122 2248
134 1463
1649 1649
1488 2019
1200 2387
837 1104
248 1489
142 2150
298 2274
1670 1814
1095 1820
71 2221
880 1466
1176 2271
127 334
131 1940
1083 2162
1813 2362
557 1952
104 940
388 2327
2231 2485
963 1303
133 2342
1666 1725
191 968
1884 2085
566 2292
1194 1713
1347 2176
1439 2152
714 1941
1102 2434
274 1139
1049 1644
1588 1881
3 251
1296 1789
759 1721
683 2351
1166 1408
730 1497
825 1695
1029 1226
1424 1852
342 1372
1216 1754
320 1343
518 1824
17 140
1177 1538
740 1608
1262 1430
1288 1561
220 256
425 2478
392 2076
1235 1859
2412 2458
198 554
111 614
547 1133
1661 1935
387 545
292 1076
1621 1623
503 1076
1008 2261
501 1782
448 616
120 262
1279 1346
1738 1860
631 1594
221 1699
144 2234
160 1702
1320 1749
391 836
1334 1683
150 1236
78 311
831 990
1182 1711
10 1408
592 1878
225 2133
297 934
274 1978
702 1224
48 829
426 919
1042 2481
83 897
1712 2015
1327 2369
455 2050
406 1892
167 683
505 2209
462 559
989 1806
2059 2414
569 672
2194 2397
367 395
352 428
777 1540
824 2395
975 2223
1261 2305
593 835
381 1286
950 2211
786 1049
1437 1631
1881 2238
278 2136
247 309
998 1328
115 725
867 2150
1142 1631
718 1924
709 1555
224 771
1619 2088
1004 1352
115 2001
135 2220
754 2337
1425 2427
618 1923
685 1472
364 913
946 1425
1387 1411
614 2277
13 1787
1563 1861
90 678
1197 1862
266 292
1769 2113
99 1872
458 679
542 1455
665 1174
366 2085
812 1063
188 1989
629 1587
352 1512
186 654
30 1842
645 2001
1181 1999
2164 2171
1177 2077
57 763
228 2380
418 2403
138 1558
801 1227
463 1923
1342 1957
677 1650
648 811
43 158
354 1078
405 1738
903 1414
536 1051
793 851
1567 1737
1314 2125
991 2327
103 805
1348 2161
456 1911
577 1067
582 1337
903 1999
1648 2426
224 427
1712 2082
257 2002
1604 2490
1448 2396
681 2120
1654 2398
1103 1892
83 1835
1257 1753
175 2114
266 1523
74 2091
890 1979
557 1090
35 2223
1665 2115
1731 1936
702 1039
114 772
276 1859
221 1116
948 1695
1173 1987
1162 1638
1753 2314
1486 2431
1566 2315
1860 2027
223 2318
957 1918
206 1490
1163 1634
107 708
136 2076
933 1824
1278 1440
152 1083
312 511
674 2383
850 1603
1325 1805
283 1905
671 2006
936 948
454 1792
122 377
170 316
705 2041
749 1401
1433 1862
1192 2327
36 1954
692 972
658 1251
143 2389
277 893
715 2026
146 2047
174 1601
1381 1957
367 1142
1076 1162
781 1936
625 1310
583 2489
1138 1376
491 612
476 1366
497 1747
1263 2022
79 1800
426 921
307 584
1288 1804
1021 2055
1794 1897
702 1840
195 2447
543 1046
1999 2080
1900 2265
319 1150
347 685
328 1477
796 2251
684 1522
2242 2374
150 2333
84 1207
776 2069
617 1627
186 306
535 1047
330 807
896 2269
405 755
1890 2343
104 2412
900 2041
1207 1237
469 1896
82 1075
556 849
686 1390
873 1697
394 1657
365 1094
651 2475
731 747
1189 1720
619 1201
124 2136
918 1346
1749 1944
595 1056
773 1190
450 724
101 1234
148 1518
777 1715
1877 2199
812 1531
283 1737
631 1912
161 635
329 2154
355 591
989 2312
241 492
236 528
770 2201
1660 2133
1532 2406
1548 2346
446 2059
122 1119
201 408
646 1543
206 1003
1536 2227
826 1035
114 1909
605 1020
2237 2301
1961 2036
623 1778
1574 1585
496 2084
779 1489
894 2005
112 1366
501 556
1296 1661
371 2058
1629 2367
1577 2067
1989 2157
314 1108
286 2335
208 1514
1061 2412
1009 2300
1955 2241
907 2020
270 1532
124 822
2150 2476
2207 2343
1345 2174
672 1496
1743 2361
534 878
1494 2151
647 867
198 1256
329 1757
2216 2471
994 1532
370 375
456 1353
957 1597
552 2183
111 1997
1710 1951
880 1145
1216 1395
22 2114
855 937
505 2193
1329 2034
1062 1998
739 1814
780 876
443 485
1069 1587
1028 2280
1363 1667
251 1783
1173 2197
771 1134
789 1257
9 2064
832 1888
177 1972
787 1884
78 597
73 2486
708 1982
215 1133
1236 2492
825 2171
690 2112
645 1538
478 1468
1283 1763
334 1527
1504 2172
379 2018
283 2084
1648 1998
1127 2019
823 2361
471 855
1050 2307
181 1001
86 389
1359 1694
148 1825
2284 2409
531 1614
1266 2184
864 2348
598 796
875 1655
1668 2437
754 1563
1177 2179
1451 1817
1437 1718
1274 1787
1417 2347
1671 2308
781 1016
401 2237
615 2301
429 672
316 2034
156 2056
819 917
203 554
1302 2084
253 1676
1928 2130
1844 2221
106 2183
596 2168
76 912
942 1520
1633 2290
1153 1767
2052 2079
706 1989
1421 2084
1685 2226
793 1786
166 1497
911 2427
1056 1401
1097 1521
165 655
1614 2345
979 1164
1338 1454
1199 1743
120 1419
58 216
255 1881
166 1137
15 301
745 2221
302 528
131 1802
115 1004
1158 2411
1123 1806
838 2276
1361 1686
1505 2365
700 1274
377 595
1265 1473
1037 1882
1401 2284
1741 2201
306 1869
891 2479
1481 1827
26 2300
839 1891
1712 1932
45 1253
128 2233
1374 1545
428 2025
1013 1666
689 2090
33 1038
174 2079
874 1266
128 493
1799 2397
254 426
1220 1869
8 425
1890 2375
418 606
1080 1443
1754 2023
1089 1575
2183 2321
682 2393
651 1403
1011 2295
1459 2011
946 1712
178 1852
254 1152
212 2351
961 1399
1119 1527
955 1138
787 1435
1731 2084
38 1609
1589 2465
1340 1863
470 776
1411 2014
1109 1711
28 272
1220 1591
878 1513
704 1080
14 2164
505 1829
864 1865
1134 2349
205 1281
322 552
765 2399
451 826
1269 2029
791 2436
2102 2421
82 2473
416 925
297 326
504 1984
659 1139
1730 1898
88 2088
1310 1935
663 1113
590 643
159 1656
1053 2193
186 2358
89 1283
1049 2227
324 2254
925 1675
548 945
678 2196
315 2400
918 2453
406 573
1054 2409
1082 2245
1225 1778
841 1307
1070 1905
371 1317
533 2415
1656 1691
415 685
675 1252
1677 2352
1086 1676
1475 1481
797 1468
272 295
1 1200
125 873
802 909
1274 1744
924 1095
391 1287
1008 1873
1946 2160
14 1427
91 1231
210 2460
677 2158
464 755
291 493
258 1905
1236 2478
1363 1740
369 2163
82 1387
503 752
629 2072
1003 1393
934 1055
530 2018
1114 1365
960 1632
1058 1489
494 2468
392 1880
505 955
1485 1827
366 450
323 934
129 1944
409 1565
469 700
622 2266
688 1865
616 1731
1004 1220
289 2331
1587 1617
663 2435
681 1429
863 2033
1203 1295
170 1669
1301 1802
700 1907
793 1680
466 1197
295 1372
1112 1994
847 2482
64 2187
263 1376
664 1431
444 1462
1127 1840
446 1913
331 1306
846 2094
142 210
1074 1182
1168 1997
1314 2329
77 1006
552 1022
1055 1630
151 668
1385 1788
424 2456
492 1936
377 559
770 1328
366 1946
670 703
301 1170
115 2464
137 1965
517 2494
2214 2394
1142 1739
63 103
481 2306
53 1788
866 1483
430 1892
2 2252
541 2172
87 1647
840 2151
841 980
345 2158
995 1572
121 371
160 1936
1378 2307
137 331
221 522
603 1346
1353 2041
740 877
1810 2214
243 1797
453 1887
623 673
64 534
459 1574
1125 2267
627 2091
1347 1884
1629 2008
1440 1859
625 1236
185 532
122 2117
1346 1582
273 2152
464 1500
1986 2103
289 622
706 2227
97 2497
1226 1403
466 1755
698 1480
721 2282
1308 1915
112 2294
1056 1393
1801 2222
393 1632
1534 2353
270 1708
35 1606
732 738
813 1388
256 638
955 2364
836 2460
563 1421
1442 1650
1328 2419
701 2040
860 1778
156 726
1780 2467
506 2076
908 947
1082 1543
55 110
898 2029
597 2340
285 1790
1255 2382
1102 1958
377 1289
689 982
41 2316
1967 1982
180 1174
1033 1883
347 881
1817 2171
1889 2327
45 469
357 818
403 2298
895 2173
8 1085
604 1492
531 1980
1048 2156
322 1448
1689 1986
827 1583
48 240
174 971
2225 2227
2262 2319
287 1636
1469 2160
1029 2461
2165 2468
11 2447
45 699
906 1789
109 2006
1401 2047
1470 1531
195 304
1070 1413
375 2326
2362 2366
2093 2305
1022 2357
1425 1567
522 732
1504 2111
1993 2413
416 2079
372 1182
458 1126
712 2118
23 217
649 1438
1914 1929
673 2459
912 1126
2215 2445
857 1137
344 2315
41 48
740 2072
534 1005
814 1756
1831 1847
888 1065
287 1147
240 1053
1818 2283
261 357
414 1458
1190 1734
1179 1550
603 672
1357 1993
1850 2191
114 2018
1 723
139 2302
765 1374
692 2341
444 1499
55 313
1998 2370
204 1342
434 2482
1697 2310
175 1554
1438 2149
1087 2348
1399 1935
450 792
636 1787
380 2439
184 1495
107 1960
2293 2438
461 2361
421 1007
352 1743
1497 2236
2019 2224
92 2257
1542 2207
250 1394
1292 1353
1286 2410
189 1594
1545 1738
152 303
1279 1555
2077 2498
21 1410
462 2265
1218 1885
32 246
993 2087
806 1518
663 1026
1099 1158
602 2354
62 1380
515 1388
960 2096
534 1154
66 1494
149 326
1533 2455
398 1652
1490 2372
680 1965
2265 2328
2002 2416
562 2497
1509 1561
187 1638
1023 1668
346 1886
145 1801
727 2489
421 2137
43 1662
1401 2415
494 970
482 1097
21 782
1707 2203
389 554
1445 1853
385 763
1273 1446
436 2266
428 2112
768 2419
414 980
50 2474
770 1842
500 1450
1100 1694
309 1387
1944 2361
694 695
1001 1552
582 1132
261 465
758 1564
439 539
411 2182
169 1711
688 1933
764 2147
480 633
598 1543
1515 1987
237 327
473 1274
531 1662
1519 2351
482 1426
30 1718
223 701
779 1676
1623 1926
40 112
629 1339
681 2231
783 2222
816 1561
812 2416
1630 2234
1116 2121
1206 1813
1305 1626
567 1154
178 2283
1416 1846
875 1622
202 1283
96 2385
408 817
1913 1973
154 2320
287 1385
619 1197
1362 1512
626 1749
66 1768
1331 1879
1925 2200
83 1510
1518 2200
1046 1761
91 1017
1333 1553
1292 1483
653 2211
724 2375
1162 1195
915 1750
1854 2414
1755 2313
54 158
912 2454
1827 2263
110 1488
319 585
292 2312
93 913
49 2022
2359 2373
1439 2013
293 2330
1501 1522
791 1356
167 909
282 855
2020 2156
184 2168
24 277
389 1909
1737 2387
2046 2394
1968 2028
44 2231
1073 2039
878 1594
573 2346
1028 1631
1193 1333
222 540
76 1222
877 2283
299 2328
990 2382
1290 1762
624 2380
576 895
1338 1416
891 2060
969 2439
86 898
736 1314
784 2282
114 1579
1808 1887
512 946
1159 1206
83 333
868 1825
142 2049
99 2121
358 362
1320 1728
185 1084
1538 2286
454 2312
306 2318
1078 1239
1242 2497
676 2112
276 1832
912 1453
1184 1420
1788 2223
725 944
219 1573
672 1222
693 1898
208 1013
748 2036
446 1596
123 2385
880 1502
790 2370
573 2160
339 768
272 2180
533 1305
289 1131
368 2326
291 2283
62 1397
16 523
1232 2261
1174 1469
266 321
1094 1766
249 2184
17 315
326 701
1051 2244
450 2396
1490 1948
99 1309
796 1982
1638 2375
739 1525
828 1751
1930 2024
1600 2112
243 2306
1306 1539
772 1840
350 2220
1191 1340
2042 2435
381 1246
1235 2302
260 1738
1605 2036
886 1633
831 985
62 2099
1264 2114
717 792
2409 2422
777 2185
203 1585
7 2449
315 808
388 1802
189 1479
425 917
195 620
562 1117
557 2378
64 2414
1007 1584
1558 2311
357 521
206 1664
167 2334
339 750
856 897
934 2000
261 2334
208 1064
511 746
782 2070
237 1148
1307 1506
696 1527
1305 1668
1587 2271
1854 2055
229 2015
117 462
23 1420
341 1750
1195 1378
478 2058
1056 1468
489 1167
671 2174
1004 2437
1078 2441
1460 1696
348 2266
20 1186
1007 1734
2078 2440
910 1727
746 1191
1748 2001
1609 1935
1243 1278
29 177
722 863
189 1291
63 391
580 808
239 2354
1051 2089
1195 1746
553 2043
847 1281
196 1231
583 1503
223 742
709 2102
658 1122
982 1622
206 941
467 1018
503 2219
660 1696
738 1377
65 2183
51 2176
597 2122
185 1669
107 475
452 1791
488 1974
721 1340
215 1410
1530 1785
1916 2049
1020 1951
1781 2025
448 1476
134 1651
536 2035
1817 2212
1712 2278
2111 2344
1943 2290
439 2261
307 522
469 1463
1455 1927
265 1186
676 1941
567 980
342 907
156 1270
1463 1577
160 1415
900 1489
1399 1620
1475 2048
101 2391
673 2176
235 1643
165 1606
1533 1734
108 927
271 649
525 1313
1140 1260
2092 2139
364 663
1328 1383
516 1420
460 655
1817 2084
151 420
121 1463
965 1197
309 1075
128 1940
794 2247
5 1309
1522 2016
517 1101
1222 1416
145 1014
655 1271
13 1051
560 778
479 1575
822 1568
1223 2412
332 1109
975 2181
1156 2399
319 1351
919 1508
153 1077
147 656
107 173
755 887
375 1080
600 1646
292 621
733 2393
962 2196
25 1819
442 686
55 165
453 1009
2172 2352
477 508
859 1082
82 396
115 1206
271 1330
661 1575
1332 1700
1474 2432
1105 2183
618 1863
299 568
458 1459
766 1155
558 1016
1968 2001
1024 1777
1942 2228
1153 2239
332 1643
414 652
1210 1367
950 1791
914 2268
1744 1953
291 1348
1039 1538
839 1501
1338 2227
1498 2138
343 645
635 1311
249 446
938 1596
9 419
1933 2157
840 1206
709 1912
123 688
69 920
328 2153
1272 1360
189 381
89 1798
777 1842
1060 2219
1871 1954
1529 2190
299 1513
432 1869
237 530
938 1934
471 2368
590 1540
410 1064
2251 2397
364 2320
77 1615
645 2129
881 1690
1538 2166
521 552
632 1112
88 837
1326 1612
486 1536
2100 2396
1182 1682
818 1342
828 863
1359 2201
1882 2267
1652 1652
889 2199
543 901
569 2070
869 2415
469 796
957 2015
951 2114
940 2375
1882 2213
164 2302
1543 2246
922 1335
1247 1629
642 1553
1189 2402
1343 1596
916 1961
984 1651
23 769
2195 2466
951 998
877 2234
1539 1673
765 1563
538 1633
762 2409
373 2413
58 1351
517 1116
679 1702
490 875
1978 2011
472 2102
1811 1893
113 801
960 1473
950 2324
119 904
428 809
12 1453
1905 2376
570 831
1589 1932
1567 2275
88 623
1158 2026
1415 1864
279 949
127 443
13 2135
846 1763
286 1324
194 1813
1063 1882
1333 2286
289 2421
1633 1920
1055 2463
1942 2363
1954 2320
280 2488
457 1748
1374 1454
768 1923
299 1749
1690 1767
299 1170
2213 2445
190 709
524 1426
265 1133
1509 1946
131 1027
549 1899
779 1158
1983 2279
519 2092
587 2401
1579 2374
1567 2487
336 1238
971 2024
422 2043
46 2176
94 1096
836 1303
29 1928
983 1408
200 388
140 1387
1475 2194
651 2084
299 1542
413 588
1899 2188
1097 1195
489 1977
1262 2238
482 1881
184 794
1872 1895
463 2028
147 2094
2163 2348
543 1679
1607 2178
687 717
648 698
451 1523
636 2020
235 879
1219 1964
127 603
501 2434
596 1173
411 1259
1422 1585
1578 1971
868 2438
473 1707
65 394
1015 2446
493 570
871 2095
546 1396
971 2194
926 1907
483 2158
429 2391
301 1871
1386 1967
575 1570
1306 2165
2219 2437
456 2008
590 1238
113 393
1192 1598
1582 2172
125 1101
964 1237
1874 2165
1309 1724
859 1756
1017 1592
225 925
2066 2363
929 1160
1451 1754
760 1502
54 2157
1448 2239
119 853
1382 2232
702 2033
725 2296
480 2106
122 1006
675 2244
132 2025
623 2369
304 539
299 2467
283 2201
750 1656
1171 1246
896 2099
21 75
76 1198
904 1203
1453 1599
438 1023
547 1679
768 1882
346 1567
247 1372
52 1731
1045 1316
67 1249
1493 2427
167 2091
2484 2490
1656 2095
610 1846
175 2175
1502 2012
207 1695
1926 2417
141 1721
1245 1345
1291 1905
1064 2392
995 1249
601 1979
994 1329
1556 1994
116 1781
1466 1584
72 225
24 1216
917 1372
919 1228
19 1915
536 2111
1 987
647 1656
583 1245
1785 2409
1457 1636
400 619
2170 2204
922 1412
245 398
50 920
803 1669
762 1297
668 2267
609 1313
1756 2258
111 1035
492 1294
88 2127
1195 2394
321 1870
1714 2050
247 476
885 1965
326 771
93 1210
1068 1957
226 2036
1227 1760
1906 1910
1531 1792
667 1296
228 957
912 973
169 1648
718 1493
675 1702
272 1106
547 1297
886 1626
1148 1356
118 1484
159 1251
1479 1704
1128 2177
189 1954
1288 1846
339 2213
39 904
775 1633
616 1820
722 1959
1616 1862
1211 2297
1299 2037
482 1392
463 1484
1062 1422
195 1389
1321 1802
342 2455
1236 2113
1249 1494
1214 1793
426 1976
2031 2091
931 1307
165 1435
867 1264
993 2450
738 1051
2110 2260
1414 2115
1657 1725
59 1858
1477 1989
1188 1352
618 1005
1482 1927
3 733
1238 1442
1636 2146
224 461
333 1760
228 240
1214 1216
838 1223
401 1249
234 1886
10 328
426 577
442 598
1929 2361
16 2211
602 751
226 1674
2075 2320
1274 2324
769 1346
1167 1567
88 405
1994 2134
1558 1784
1136 2451
466 1188
1230 2459
490 2089
1368 2032
1027 2042
874 1345
281 1226
985 1060
1449 1889
342 618
469 1693
1933 2315
1610 1668
1737 1983
333 1596
1256 1480
1200 1704
582 604
42 2176
252 2493
1687 1813
147 1725
2011 2020
48 423
169 627
1867 2114
848 1915
1055 2292
1764 2199
1099 2173
1150 2036
673 1434
1532 2214
542 761
809 980
2301 2461
104 1135
1531 2082
73 1919
830 1100
603 2058
20 1474
193 1069
650 2081
548 1743
1523 1811
1925 2120
141 285
1001 2354
1201 1226
754 2017
23 570
861 1220
64 1057
1789 1900
1861 1997
54 1877
621 1355
1276 1722
834 1145
595 1213
1262 1418
1681 1861
1389 2451
1285 1461
1331 2334
1082 1589
865 1498
1003 1584
353 2103
653 2437
441 1202
1130 1235
27 140
723 2462
983 1214
1002 2158
239 2257
133 2147
557 1151
553 1442
467 2415
1447 2421
2107 2244
364 1861
926 1276
339 2095
1504 1853
1107 2292
404 579
589 781
202 1166
929 2099
17 2442
10 1887
325 1829
117 940
66 1988
1349 1463
55 1497
1612 1848
603 1755
158 1705
1416 2179
1988 2441
64 1967
931 2201
610 621
12 987
2189 2471
1537 2362
943 1467
1342 1536
689 1224
1113 1672
670 1512
176 950
757 2120
1741 1974
350 1253
1439 1854
737 1164
356 800
473 1275
90 1802
47 1866
272 1895
1902 2095
1769 1815
213 931
1161 1943
925 1216
2288 2375
891 1844
226 1846
133 1674
1303 2296
1052 1087
1108 1622
1011 1245
1003 2424
975 1773
1097 1944
1123 1163
402 1891
175 1473
982 2244
113 2399
326 1183
555 893
655 2019
1306 1355
270 2478
23 1948
140 1303
322 801
330 2068
1494 1889
481 1361
314 2427
1632 1634
815 1933
691 713
1538 1599
977 1029
125 2075
710 1497
2128 2367
1750 1803
574 2467
670 2046
1707 2418
1818 2312
1364 1888
837 2474
90 1541
1668 2359
141 1038
754 1979
579 1227
1196 1604
1066 2112
1808 2382
1478 2420
854 1504
1810 1978
1 775
232 2265
499 818
2087 2121
1314 1557
1199 1359
410 1830
569 703
1346 2257
135 289
310 1791
1303 1365
571 1532
257 1849
48 1759
1011 1014
1074 1144
114 844
613 2344
45 1815
364 1877
210 524
2295 2342
324 344
105 2407
1047 1908
1181 1277
1303 1762
1825 1849
276 1871
809 1642
274 1282
799 2174
1977 2166
35 113
1690 2003
244 2232
987 1373
1263 2182
1420 1843
79 2479
1045 2234
732 2256
1465 1555
1238 1780
1060 2064
1039 2069
663 976
2017 2454
822 1319
594 2197
230 1528
1701 2000
1993 2361
203 1903
127 778
1127 1212
493 2467
2294 2346
1929 1942
100 1168
1664 2306
1690 2470
316 1664
1626 2188
1254 2274
906 1983
1077 1137
1282 1594
328 725
432 1354
1335 2327
941 2416
370 1411
1569 1672
988 1683
407 1073
92 674
1229 2403
1 2203
495 876
291 1505
260 1524
721 951
156 873
1250 1530
1075 2451
438 1348
36 881
879 1333
38 72
1672 1956
55 2063
631 1911
1522 1558
1515 1677
532 1850
1488 2437
1581 2498
1534 1736
1085 2172
1253 1560
540 1894
160 1088
1045 1114
81 127
135 1303
1127 1607
1035 2180
153 862
1169 2227
917 2321
195 424
593 1218
441 1844
321 2237
684 1610
1590 2217
283 2403
161 277
259 264
456 1720
478 2276
552 2048
353 1551
1475 2414
867 1442
1847 2280
309 1917
1520 1818
174 2274
81 2425
1892 1980
1600 1645
327 2467
283 680
1909 2144
1680 2493
1626 1761
937 1420
1615 1704
800 1020
572 772
333 2225
578 1301
368 670
908 1806
543 2329
1354 1975
27 197
1116 1990
1114 2072
343 2285
90 921
1235 1301
1218 2334
455 2010
1141 1739
716 1724
157 796
2110 2283
463 1271
146 2387
603 1658
271 869
1848 2444
620 2418
318 1266
194 2236
969 1985
1424 1507
1188 1998
399 1854
388 1008
310 2449
99 2352
541 2040
216 1147
925 2261
1089 2211
1056 1952
447 1342
1760 1813
1041 1116
667 1074
57 124
468 1443
129 1619
623 1895
39 1575
678 893
115 2225
143 2020
219 2434
567 2497
161 874
1184 1362
851 1780
17 551
554 2499
1068 1578
1963 2167
1261 2118
1718 2386
188 1621
334 395
1568 1982
1136 1831
520 2407
859 1585
28 1558
177 2123
2025 2105
69 1225
1681 1998
1874 2070
764 1069
1097 2286
926 2149
25 2158
491 1448
736 1187
1507 2094
707 2051
804 1853
1566 2266
932 2379
1050 1191
854 1689
1901 2233
120 706
173 1476
604 2222
511 1734
1249 2325
551 1742
294 991
279 520
1552 2449
71 1319
1050 1264
1361 1504
1375 2190
338 490
917 2151
266 997
1608 1765
1205 2237
744 1937
1784 1993
1421 2065
1587 1839
1362 1740
1216 1924
1196 2395
746 1556
266 1121
1383 1892
793 1749
522 1893
1393 1960
616 2092
1352 2364
305 2277
1364 1961
650 2267
184 1104
1549 1780
246 1694
856 935
881 1905
1496 1813
231 707
326 1420
136 1336
829 1511
420 2468
756 1230
534 2249
547 1697
1151 2105
479 2347
180 2120
354 2081
528 1429
1179 1990
2155 2481
1066 2149
12 1888
1258 2459
122 1866
240 1156
2265 2429
847 1682
1733 2140
1777 2315
240 2296
377 2007
1199 1936
2213 2452
5 566
585 1868
808 1615
1336 1904
403 1100
1665 2344
417 808
1645 1682
299 1095
576 681
644 1748
487 1722
494 2305
311 1148
1108 1138
1364 1417
1285 1558
599 2438
414 2187
137 722
367 414
1678 1753
1784 2170
1840 2184
1409 1574
12 2494
784 1222
372 1287
96 184
68 1195
505 1916
296 1581
1165 1736
1739 1763
610 1781
368 865
1188 2216
920 2321
68 375
1469 2203
541 2449
1992 2108
1838 2186
505 2193
1177 2140
154 182
1024 1991
600 1091
1788 2154
511 2370
1152 2466
512 1695
408 1168
369 2015
618 1018
919 1185
357 886
315 964
1050 1968
808 2451
1230 1751
924 940
1235 1487
1009 1407
1060 2436
57 331
256 1648
2202 2373
464 1375
1747 2080
353 1923
488 1883
440 2002
1062 1977
1812 1888
1253 1549
189 1093
562 893
65 1735
430 2033
1197 1966
1967 2297
384 2362
189 201
1127 1709
823 1061
1237 1636
1324 1652
298 592
1389 1634
617 929
169 2499
1011 2220
1146 2320
516 1831
786 1876
1401 2480
213 1647
641 2299
1803 2048
1962 2281
328 2062
566 1007
109 267
1890 2267
109 487
491 1949
814 1604
65 1139
537 2173
92 701
757 1571
937 1947
813 974
1722 1895
2412 2468
1150 1957
153 1748
1186 1907
232 1515
206 1707
1679 2199
62 735
49 2281
63 1589
294 853
427 2212
1386 2342
1080 1470
1653 1716
425 2053
1236 2343
792 1986
1589 1994
2107 2146
421 992
1326 1841
775 1826
953 1382
1333 1804
369 2219
730 1798
953 1500
158 1925
349 668
127 457
1566 2494
1230 2313
177 1029
46 2354
2269 2332
33 2152
1280 2485
1132 1621
1274 1635
1459 1528
1121 2211
1013 1742
637 1002
198 2332
1364 2434
441 456
489 2013
1602 2209
933 1712
426 835
204 2460
1193 1939
1125 2221
11 763
296 1341
1608 2443
1876 2265
1214 1429
491 713
2016 2210
1064 1910
475 1747
617 2089
41 807
1344 2105
648 1811
1768 2396
816 1351
1386 2276
428 628
638 2412
1088 2063
180 2020
1089 1210
1420 2037
826 2388
202 1453
943 1449
631 1320
1028 1071
241 765
687 1355
968 1759
436 1325
804 1688
1690 1752
841 1331
517 2040
1306 1830
1877 2103
641 1634
1727 2293
135 727
1047 2217
581 1535
819 1878
9 872
1831 2179
600 2415
577 688
1320 1972
1600 1629
1683 1946
693 2338
1071 2004
214 2413
394 743
458 1436
313 2064
1836 2003
504 609
404 590
321 511
1358 1457
824 966
185 835
113 2132
1066 2064
452 1468
750 1997
1159 2389
703 1498
538 2051
1072 1195
103 257
1907 1937
445 745
1327 1430
2072 2215
1312 1511
826 1827
1909 2409
1331 1578
2113 2498
605 2244
1192 2179
141 1709
1577 2241
787 2464
932 2054
1334 1430
143 810
490 940
1383 1397
211 1037
300 2130
158 882
459 1140
734 1904
1152 1209
1245 1732
114 1635
772 1610
1373 2397
601 1239
446 747
1638 2477
103 961
746 2009
1250 1484
67 449
4 2437
113 270
543 2319
1764 2165
701 1979
69 2246
84 2330
395 986
1126 1254
1798 1847
834 2303
591 984
730 1489
388 2263
1327 1451
1005 1719
1432 1881
2300 2490
945 1007
706 1837
1286 2374
642 721
286 599
452 929
393 1722
71 2415
1629 2201
817 1720
532 955
1182 1493
1119 2138
1255 1325
1002 1024
75 2094
328 1678
439 1171
1103 2205
549 2450
181 187
220 2071
1956 1973
902 1688
138 822
188 2381
917 2436
224 995
1109 2162
815 1610
1882 1898
538 1189
1209 2098
1377 1417
666 1652
1673 1957
308 1977
475 1807
1066 2365
122 1865
18 425
1264 1739
655 1560
581 698
350 683
118 1946
1333 2090
480 1798
727 863
196 2437
1087 1550
2114 2156
1494 1751
422 2015
79 164
1998 2469
940 2431
279 2263
751 1283
709 1174
707 1105
609 2171
657 865
494 1474
1133 2179
1626 2335
56 1071
1446 1856
871 2206
493 1335
558 588
735 996
1671 2123
1572 2120
92 789
574 1356
1975 2484
403 2380
1632 2198
1266 1480
1597 1820
1820 2132
1109 1499
550 1287
107 1416
688 1754
531 869
672 1375
1831 2150
981 1774
131 2151
368 1254
645 2271
955 2500
677 1679
1497 2166
1819 1910
117 1763
418 2195
243 1154
479 1605
2183 2341
1467 2489
1121 1361
540 1378
793 920
276 1008
959 2034
410 2063
904 1845
1877 2145
731 1575
24 71
827 2495
246 1617
1132 1436
428 516
840 2358
39 2442
75 1868
917 1557
807 1696
586 1460
297 2119
2456 2484
2451 2466
534 671
452 1211
89 155
389 2266
272 1525
456 2051
1878 2325
580 1533
632 2426
276 890
783 1526
1009 1468
253 268
305 2259
54 1456
1809 2006
277 1456
917 1807
101 560
451 1710
435 1107
473 1698
658 1326
2085 2441
770 1990
650 1544
938 1793
1222 1826
2386 2423
1566 1644
467 1933
84 1747
1689 2465
204 1414
1635 1914
2218 2402
166 1308
96 2290
448 845
1392 2172
590 1290
102 2103
732 2268
65 1868
261 701
559 678
712 1760
95 1666
118 2349
239 264
739 2252
1095 1860
1689 1898
1133 1379
887 1733
1378 1475
995 1861
1993 2151
331 532
143 773
1266 2254
894 894
792 1787
286 1342
173 417
69 1076
345 1751
48 798
604 1061
99 2220
4 2175
957 2431
501 848
1169 1890
507 979
818 834
384 1555
532 2115
2122 2170
1085 1281
773 957
2450 2460
494 1162
683 1705
1593 2280
761 1308
622 742
818 2182
674 1101
1018 2316
1884 2171
768 1598
1891 2271
976 1117
219 846
1854 2119
448 2490
548 883
438 1941
1072 1630
952 1445
1739 2393
33 1723
1276 2314
1178 1752
415 774
1783 2053
623 2228
552 2499
186 1666
1181 1691
459 2291
765 1491
1080 1363
1214 2246
825 2123
698 1144
471 2239
967 2456
313 546
1044 1053
160 1216
1207 1944
382 1047
191 2262
1188 2418
821 1286
1887 2447
185 1561
988 1068
2095 2186
462 2261
176 1551
492 853
691 925
137 240
1038 1244
1810 1977
804 1205
1312 1324
119 1012
300 1916
882 1265
1270 2157
619 1966
1252 1389
29 715
1939 2417
1402 1964
1094 1281
851 1458
532 1253
727 944
1904 2174
512 2054
168 2499
665 672
1597 1709
1589 2203
706 1131
940 996
434 739
799 1532
892 1923
670 1512
134 2343
1555 2334
113 909
1511 2127
866 1910
466 803
1482 2172
1248 2030
833 1271
262 792
264 446
132 321
259 1207
634 2446
272 791
3 2351
210 488
4 460
377 1026
771 1234
770 1208
359 1357
750 1054
610 1729
1271 1902
131 774
24 2197
921 1977
172 1762
401 1279
914 1828
1406 2378
945 1175
152 2244
1069 1199
603 1518
154 730
586 2368
292 1560
801 1059
2118 2494
1548 1713
782 2367
1461 1868
1365 2358
609 2198
877 1645
1080 2438
1382 2007
367 1565
498 2337
1681 2033
108 1582
2057 2157
638 2498
635 2500
586 2103
171 826
31 2081
1417 1531
1863 2055
1880 1941
1717 2428
1939 2117
131 628
2201 2335
1377 1975
399 1832
307 1962
230 755
2066 2270
1458 1716
1573 1797
35 2400
6 2054
428 1556
226 416
579 1686
1394 1791
155 2038
1038 1278
1925 2232
467 973
1541 2033
433 821
243 1464
743 2451
783 1427
1530 2033
71 1550
239 2008
635 1643
310 504
1598 2307
164 2159
1576 1986
1143 1307
184 1714
1373 1876
270 1591
40 2115
911 1057
556 696
72 2284
1692 1749
1027 1218
1072 2418
454 1469
174 1319
1177 1814
1116 1923
837 1718
850 2069
30 352
706 2134
1787 2110
662 1619
227 350
1122 2111
1368 1414
25 253
490 1802
244 1508
131 1839
760 1977
40 1153
445 704
158 2164
561 955
1922 2459
890 1110
423 2320
178 328
1242 1352
1263 2285
179 1326
188 499
289 1337
434 822
202 948
30 2478
547 2314
181 1355
394 1423
715 2153
692 926
53 106
56 2477
189 2355
967 1770
929 1356
1187 1877
527 2053
1229 2101
34 1063
77 1337
480 2092
1577 2027
1668 2022
187 2139
1426 2283
1081 1957
235 309
548 2220
1779 2198
512 921
926 2405
123 2062
728 2475
1497 2482
1693 2211
1126 1274
1469 2021
411 1035
1050 2347
899 1915
2101 2469
773 2032
1631 2123
1799 2225
1760 1894
897 1171
805 1071
1932 2111
2260 2420
107 2182
892 1554
201 2298
895 2306
823 1540
4 779
511 1657
694 2124
1019 1748
1302 2352
27 874
632 1895
159 552
17 729
1785 2213
965 1160
1191 2315
674 1812
2017 2196
71 333
1621 1697
53 522
257 1966
729 2465
1172 1284
664 817
90 861
706 714
42 2142
1340 2462
76 1089
909 2384
2105 2114
218 512
1841 2233
864 1379
735 2422
1451 2080
405 935
883 2284
403 2257
1236 1569
335 502
1941 1944
113 1114
601 603
680 861
585 2192
158 952
347 734
1719 2339
1541 1781
797 1986
960 1558
2130 2359
1714 1933
1694 2121
386 1881
120 2200
1745 2136
613 2421
144 1144
822 2092
1292 2141
1848 2324
1586 1797
1591 1706
841 2275
385 1826
694 1809
1074 1556
1080 2463
23 2322
163 375
1691 2081
967 1239
1566 1683
765 2120
976 1208
1153 2372
530 2427
815 2158
2192 2480
382 2289
509 1937
147 1303
1292 1420
1586 2012
560 1529
1144 2020
1588 2430
914 2004
135 330
44 1622
689 1818
863 1218
17 1916
796 2038
621 898
1430 1739
67 2377
22 745
1768 2332
2024 2407
202 710
731 1792
650 2218
141 2309
608 892
987 1912
1117 1374
421 1775
1568 1684
2044 2165
698 1393
1294 2229
114 2035
842 1247
1461 2379
59 395
1388 1903
10 55
1242 1577
252 1050
818 841
1411 2016
994 2165
897 1747
507 1779
518 999
1071 2058
705 2348
366 2483
222 1971
544 2193
117 305
621 2102
451 853
125 1693
254 1556
729 1591
1824 2331
2253 2308
906 1785
22 104
242 1129
432 855
249 1862
1461 1699
1949 2206
1664 2347
80 2072
1141 1487
270 824
248 787
899 1979
2272 2420
1294 1537
74 781
1151 2024
763 2286
1789 2306
459 1519
24 628
627 986
452 2167
698 904
874 1930
879 1795
1032 2321
1979 2342
1247 1499
608 2060
551 1249
199 296
290 2012
1253 1798
1430 1579
1448 1582
35 167
434 955
417 1416
88 2313
1130 2201
177 935
775 831
1570 1909
1647 1806
2097 2420
77 1866
625 686
925 1692
366 1410
1002 2267
1145 1578
1809 2042
147 2046
199 2414
1666 1820
226 2103
574 1246
324 352
1376 2426
871 1042
821 1985
1497 2246
411 1713
1073 1355
611 1781
515 1888
127 2429
2049 2248
145 730
995 1616
205 2178
429 1499
502 1217
665 1560
336 2395
1829 2274
842 1403
99 1923
1141 1601
1211 1740
964 2019
22 1449
533 1450
1104 1662
1113 1663
1555 1724
669 2209
449 642
1216 1342
445 2070
1655 2304
741 1834
1756 1780
132 2498
112 1973
1811 2122
401 2220
6 1130
784 2355
385 510
1260 2160
1572 1600
1286 2382
997 1853
691 2004
452 624
221 881
529 645
163 1863
1714 2347
62 534
1899 2025
675 1583
114 1018
180 1199
1424 1892
2105 2482
62 122
1578 1795
169 2171
1755 2492
887 1956
33 956
1464 2424
1112 1242
295 542
1587 2317
757 853
2252 2385
1132 1624
1048 1464
2179 2354
444 1724
1424 2080
1818 2275
251 1015
781 1233
75 1208
228 676
739 2232
1310 1695
698 1926
248 878
859 1121
208 1675
202 1714
793 1737
922 1928
1654 1927
760 1172
79 1613
471 2161
1678 1802
225 1476
937 2379
1000 2046
597 1694
85 1727
796 2460
1631 2459
2411 2466
1094 2219
1536 1877
1930 2013
1654 1735
96 465
249 621
2078 2237
208 2445
850 2351
20 1662
421 2384
859 973
116 1353
2371 2408
11 1858
25 1620
417 838
1165 1428
959 1060
235 2444
557 1035
1515 1878
133 624
710 1942
201 2058
264 1608
484 1755
212 631
143 287
109 1058
737 1502
1844 2396
255 1365
279 1603
119 773
1156 1300
495 1066
873 2033
63 140
116 2470
2187 2499
1494 2021
633 848
534 1584
662 1465
1016 1792
20 280
658 936
423 1427
126 2257
478 730
97 1043
1317 1718
130 1142
1086 1915
845 1975
164 2163
165 455
472 1223
281 495
396 1170
1202 1304
329 1589
311 1351
1795 1932
1043 2111
881 1535
67 840
1205 2251
1604 2238
1719 1847
1290 2074
424 939
1715 2001
45 837
48 1000
381 475
942 1682
539 1752
736 1314
1216 2149
105 1988
8 523
136 1749
1805 2257
377 2472
1378 1774
1866 2281
1475 1638
1372 1614
1239 2101
584 2303
1244 2159
386 2022
1192 2265
348 732
54 895
42 2155
2032 2448
1418 2432
1538 1660
579 1469
746 1063
277 1612
2179 2212
9 2356
1677 1832
2191 2274
2115 2337
170 847
1660 2358
929 1869
1422 2078
678 2396
1092 2319
754 2347
984 2292
1124 2025
441 2057
1173 1785
280 1609
117 2283
658 1205
178 1728
89 994
633 1268
1188 1263
1526 1868
757 1079
489 1795
454 1164
1099 2256
817 2191
823 1684
869 2270
841 1100
60 1032
1134 2334
1626 1850
913 1141
454 1490
158 237
614 2382
395 458
1787 2363
1412 2499
2224 2470
432 849
116 1398
7 2458
468 1860
1854 2026
435 1926
1217 1609
2279 2447
1459 2174
768 1483
15 839
626 1639
594 1945
207 2227
2069 2118
1184 1381
1732 2265
131 242
1010 2311
8 2185
499 998
920 1167
481 2431
415 1176
2190 2469
357 1467
275 2008
1137 2300
545 1259
802 2481
1022 1541
880 1653
391 1721
215 1628
1195 2394
1900 2297
78 928
170 1097
849 1574
1984 2136
850 2213
819 1231
115 1252
502 760
661 1790
1896 2163
1265 2143
427 1697
1009 2105
589 1122
125 1041
809 833
1597 2203
1321 1681
938 1801
309 1121
48 1914
159 728
198 1659
1 2054
1056 2146
509 2287
485 1594
134 1909
496 787
1268 1868
71 1206
338 1556
31 1432
685 738
1191 1197
525 1445
1604 1624
1035 2090
1134 2173
190 2349
1391 2373
899 2129
1067 1083
1632 2393
1215 1563
367 1908
827 1624
122 1537
1958 2369
778 1451
499 1726
505 794
9 605
241 688
899 1435
2001 2130
102 1962
1373 1515
596 1786
1928 1948
135 2382
1336 2124
840 2211
1560 2379
120 2259
424 569
2012 2171
321 951
410 947
1741 1914
816 2155
37 1387
306 641
991 1628
337 1114
572 1699
1323 1508
454 797
1296 2020
2186 2462
1662 1892
474 1880
376 1075
148 2396
476 980
90 2316
581 2155
746 2330
306 904
1024 2468
105 1952
1629 1788
349 1422
1015 2368
582 1659
2270 2385
1194 1385
696 1559
1406 1797
1369 2312
1475 2312
200 817
878 2384
120 1427
744 1390
1916 2235
1894 2421
1248 2380
803 2038
1524 1834
826 2378
882 1861
783 1977
1542 2194
952 2045
1278 2463
386 1290
48 372
615 2089
1495 2409
1030 2160
901 1407
199 829
1406 2144
525 1707
465 1314
1308 2295
618 1677
64 1359
495 1452
1199 2212
488 902
265 1942
1377 2013
851 1858
11 996
279 1250
1905 2301
432 548
545 1820
735 1381
982 2335
656 2331
711 1211
493 1124
660 2141
601 1341
533 2129
36 113
466 495
746 1051
1160 2167
464 2058
193 770
1323 1822
305 1317
922 1703
74 1640
492 1937
1147 2267
373 934
472 1341
1031 2470
2147 2478
500 2186
837 1510
578 868
197 201
1037 1494
1086 1943
63 1617
1019 1461
1701 2099
54 259
106 1736
336 1485
1873 2033
2002 2099
319 1707
63 1122
243 515
581 2477
980 1177
1 1092
1052 1243
108 2317
758 1772
230 1360
503 634
2028 2265
354 619
380 1420
1355 2198
1469 2120
184 1719
720 2093
453 2269
253 1617
468 1108
1138 1946
402 907
839 1899
347 2376
129 346
672 985
2244 2354
99 1077
574 1769
299 2035
237 793
1964 2438
526 1558
1123 1528
1011 1958
337 2467
1626 2021
670 1620
2062 2065
1611 1960
1306 1459
466 759
773 1541
31 2266
193 1317
442 2349
553 964
135 2178
736 2408
142 202
264 1306
140 2289
814 1348
275 1791
435 1181
1352 2457
199 419
420 2343
726 1866
803 1060
1711 2218
768 1879
67 1642
1342 2003
613 1357
545 1930
726 1767
1940 2247
1832 1941
179 1846
820 2413
601 2019
1152 2416
365 979
2240 2411
208 949
17 1047
168 981
301 2302
1441 1717
1463 1883
633 2149
703 1155
1580 1758
1318 1910
761 2441
651 2291
487 2456
404 1772
802 1958
2115 2166
1201 2412
1541 2173
1371 2251
50 1714
915 2217
80 1305
186 1426
43 345
565 1456
652 1726
825 1530
28 2413
828 1271
677 1204
582 2137
483 1389
70 542
400 1617
316 2134
1479 2112
482 2385
143 2433
1637 1699
1112 1764
240 1162
185 1692
1554 2101
1093 2205
1006 2390
188 1462
1214 1702
71 1814
2245 2285
2284 2355
2316 2349
5 1546
63 2084
10 1660
873 1102
1578 1604
454 1837
411 1836
733 1796
1952 1965
1450 1644
656 2435
895 2106
1040 1541
190 497
1042 1847
90 965
580 637
1495 1676
1499 2062
470 2067
837 1165
1552 2437
819 1190
912 1178
1516 2219
890 2016
820 2220
1305 2036
895 1194
271 1555
1769 2338
1057 1267
219 1741
920 976
428 708
664 1514
392 2012
182 531
1038 1284
666 2467
240 2354
507 1718
83 1961
724 727
810 1802
1719 2186
246 2492
78 1781
754 1469
240 1722
1126 2100
621 1992
1041 1911
782 2151
1613 1804
12 2165
868 2466
2038 2436
946 2435
446 657
447 1934
1419 2454
175 1848
337 1201
1373 1709
268 2462
1669 1688
169 1467
408 1406
39 463
2093 2493
301 618
978 2422
579 1337
715 1714
1697 1791
735 1533
598 2461
900 1680
1449 2238
120 995
115 591
1676 2355
484 846
1072 1493
13 2282
821 1411
1112 1471
113 2496
177 929
1488 2149
1158 2388
828 1116
403 1678
139 1187
1307 2280
869 1902
130 1293
548 1629
447 1015
308 667
137 2237
1912 2142
506 965
1880 2159
329 420
738 855
760 2345
692 2494
1336 1836
2051 2192
58 1644
183 1418
1144 1952
748 2151
376 1609
359 627
599 1615
422 1396
76 1902
1175 1969
847 2458
1498 2115
316 2426
513 521
75 281
306 1615
518 929
561 1626
1149 2442
1267 1602
1729 2110
1024 2087
1132 1182
219 1413
102 2240
261 1145
698 2417
988 1432
894 2059
1084 2085
888 1149
555 692
1805 2387
1552 2169
20 2275
804 1754
465 1879
188 1474
665 1622
408 1562
602 1462
856 2362
484 824
366 1942
1385 1874
491 578
316 2290
1314 2129
7 54
474 1214
1629 1882
334 1441
132 1980
1307 1480
52 717
1427 1448
1509 1541
1365 2102
