920
8.0 1.2
-14673 -50
-13326 -93
-25019 -265
-5040 -57
-16437 -187
-8757 -196
-16541 -405
-19397 -594
-28230 -1067
-21680 -1066
-24726 -1346
-25170 -1410
-17652 -1050
-24828 -1779
-5796 -418
-24559 -1916
-27633 -2612
-23628 -2425
-11926 -1283
-10171 -1106
-28111 -3139
-4191 -470
-11762 -1429
-10398 -1293
-12268 -1565
-24863 -3303
-32026 -4330
-12836 -1770
-18350 -2574
-23605 -3409
-1810 -263
-26582 -4099
-13400 -2110
-21071 -3483
-9013 -1561
-24502 -4486
-20204 -3950
-10373 -2093
-8234 -1780
-11743 -2685
-21770 -5019
-13184 -3111
-14394 -3431
-14182 -3655
-20429 -5666
-22212 -6170
-15349 -4370
-19746 -5880
-17417 -5457
-15502 -5047
-19297 -6316
-23214 -7617
-5102 -1687
-12334 -4137
-26461 -9034
-19293 -6716
-10085 -3719
-12305 -4704
-8723 -3428
-4939 -2011
-6766 -2783
-22417 -9292
-8333 -3605
-13051 -5829
-9574 -4303
-26473 -11999
-5459 -2508
-29204 -14545
-18622 -9511
-18689 -9546
-10317 -5388
-13688 -7694
-28377 -16029
-4231 -2411
-24329 -14584
-10167 -6424
-21880 -13842
-20810 -13254
-21671 -13946
-15856 -10347
-13580 -8894
-6350 -4191
-22981 -15328
-11152 -7549
-24044 -16316
-15058 -10253
-12366 -8489
-11524 -7922
-16209 -11193
-15993 -11046
-20981 -14614
-28078 -19854
-8391 -6150
-9504 -7039
-1673 -1243
-11772 -8797
-7883 -5990
-17349 -13250
-12066 -9358
-12494 -9691
-18786 -14834
-21013 -17397
-15781 -13158
-22300 -19194
-2016 -1737
-12163 -10805
-13046 -11905
-28849 -26758
-14142 -13432
-20681 -20025
-24239 -23841
-7299 -7182
-9159 -9020
-3686 -3643
-26934 -27083
-19266 -19429
-19154 -19322
-20026 -20665
-15364 -15990
-11378 -11844
-11927 -12421
-20828 -22207
-23485 -25067
-19079 -20482
-10645 -11676
-15547 -17322
-13248 -14836
-8459 -9590
-10834 -12336
-6882 -7843
-15257 -17770
-11865 -14376
-750 -923
-5195 -6503
-10653 -13508
-1838 -2336
-9666 -12318
-3220 -4182
-11000 -14302
-5819 -7622
-9635 -12723
-12189 -16408
-7959 -10919
-18137 -25554
-5185 -7455
-7825 -11262
-11351 -16396
-6969 -10230
-3256 -4872
-17306 -27026
-1909 -2982
-10030 -15754
-18353 -28934
-7906 -12664
-6093 -10311
-13602 -23159
-978 -1689
-11494 -19936
-4469 -7935
-6733 -12371
-3479 -6422
-2970 -5538
-7850 -14787
-3386 -6467
-2677 -5155
-3949 -7719
-9959 -19523
-13446 -26396
-11110 -22590
-8698 -17793
-13343 -27554
-4833 -10355
-10073 -21791
-8269 -18890
-750 -1724
-4332 -9977
-8207 -19408
-9601 -23829
-7621 -19141
-7161 -18274
-10182 -26029
-10633 -27223
-4124 -11031
-2287 -6314
-6889 -19348
-3370 -9488
-5156 -14800
-2820 -8226
-6555 -19295
-355 -1057
-7856 -24276
-1423 -4456
-8139 -26471
-6318 -20728
-2614 -9176
-7442 -26689
-3912 -14183
-6805 -26139
-7053 -29766
-4292 -18815
-2539 -11811
-4619 -21871
-5120 -24839
-3602 -18019
-1689 -8765
-407 -2339
-3983 -23166
-4914 -28773
-2765 -18118
-4249 -28552
-2475 -16859
-2319 -18191
-2928 -23071
-3436 -27148
-2075 -16505
-311 -2478
-2518 -22630
-1518 -13643
-2490 -24899
-1891 -19791
-2380 -26473
-1115 -13121
-2386 -28110
-365 -4520
-1446 -18140
-1504 -21604
-1279 -24241
-945 -19277
-740 -16399
-805 -18947
-401 -9537
-604 -15093
-767 -19322
-524 -14272
-270 -19797
17 -3444
206 -22292
149 -12717
133 -7983
272 -11444
367 -14606
760 -26829
452 -14379
687 -20498
543 -15890
1022 -27920
1352 -22090
880 -12648
1795 -23849
1534 -19504
1028 -12989
1727 -21443
2218 -26645
2308 -23471
296 -2843
611 -5356
2417 -20388
1018 -7419
1081 -7644
837 -5165
1846 -11373
2186 -12925
2762 -16087
2744 -15350
4370 -24182
3963 -20793
4696 -23789
1314 -6444
4309 -20812
3803 -18353
3742 -17965
4115 -19072
3818 -16882
4758 -19071
6371 -24589
8439 -32529
3697 -13892
3955 -14775
4418 -16404
4894 -16662
7039 -22257
8929 -27731
6692 -20377
5629 -16442
5828 -16401
6757 -18977
812 -2243
5211 -14350
9905 -27098
5993 -16391
5187 -13875
8804 -23141
9116 -23358
11879 -29976
9594 -23693
2496 -6115
4705 -11515
8265 -20051
6530 -15428
8262 -19383
5668 -13286
2279 -5274
5045 -11387
3556 -8007
4829 -10685
12134 -26743
6507 -14212
12238 -25480
6574 -13634
5207 -10552
9266 -18052
4714 -8755
10162 -18682
11147 -20414
14600 -26602
14925 -27044
5038 -8800
5400 -9364
12638 -20899
10264 -16497
5008 -7869
13071 -19984
16967 -25476
10957 -16270
19624 -29087
4608 -6797
5177 -7466
13107 -18874
14734 -21075
8733 -12312
984 -1363
3592 -4962
14974 -20669
4081 -5595
8241 -11194
3987 -5379
11657 -15646
18907 -24520
10033 -13006
19195 -24879
7659 -9736
2334 -2956
6029 -7353
10653 -12624
9018 -10602
9713 -11273
8023 -8818
8476 -9103
7783 -8243
18346 -19416
2826 -2942
23827 -24457
13728 -13457
9305 -8984
14035 -13368
11122 -10205
23181 -21077
10764 -9756
1837 -1658
22265 -19815
12973 -11460
7616 -6645
9605 -8340
2615 -2220
12217 -9932
15233 -12135
11575 -9181
11729 -9293
5257 -4098
22350 -16782
10972 -8185
3679 -2719
16399 -12096
5892 -4272
26733 -19041
8067 -5638
24105 -16744
12624 -8669
7273 -4968
13317 -9081
22928 -15557
27564 -18684
26002 -17447
10822 -7142
7209 -4698
17232 -10913
9889 -6221
16677 -10470
17124 -10676
3106 -1902
20732 -12520
16739 -10089
13985 -8412
23445 -13918
25547 -14914
10475 -6047
14381 -8220
11402 -6425
8231 -4635
13761 -7686
9178 -5081
15595 -8297
11372 -5865
24271 -12414
8713 -4338
4868 -2291
19207 -8720
11130 -5019
18959 -8540
27071 -11765
21150 -9142
6508 -2725
17721 -7409
23598 -9616
16561 -6524
23115 -8936
26687 -10178
23000 -8353
6428 -2260
31500 -9904
21640 -6349
16615 -4714
14829 -3485
24914 -5650
20600 -4626
27546 -6046
2366 -505
7222 -1472
16037 -3161
9331 -1835
10080 -1973
6692 -1238
6607 -1184
10766 -1865
21589 -3737
1845 -301
11334 -1848
23453 -3671
22061 -3322
12038 -1676
17222 -2366
10321 -1371
18141 -2400
9327 -1207
15256 -1810
20830 -2266
10130 -1094
24602 -2555
13724 -1332
11964 -1097
20006 -1747
21870 -1880
14703 -869
21196 -1243
13537 -650
10814 -506
13520 -630
26765 -872
14518 -401
26460 -708
23260 -538
16248 -357
13625 -250
13056 -162
18706 -191
23731 -201
14148 10
11980 26
15502 451
11401 486
15022 658
14489 636
9977 499
15524 820
27556 1622
16033 1097
19184 1397
12033 1007
25408 2520
14113 1436
24200 3013
11428 1503
8823 1215
12248 1812
10768 1638
8359 1318
6791 1409
1954 417
14791 3165
15022 3249
20655 4483
15588 3407
7638 1812
9627 2339
3432 898
15694 4108
11420 3086
27672 7625
6869 1958
7598 2235
21197 6360
14134 4264
8435 2618
26120 8259
24729 8111
14617 5025
18892 6496
1079 382
7082 2559
16437 5988
19784 7384
20546 9013
5719 2528
13959 6471
12021 5757
18470 8856
21950 10637
26900 13201
16475 8304
11235 5819
16594 8646
747 402
19459 10484
20811 11234
21903 12180
15432 8619
25464 14468
7225 4127
10507 6022
5181 2973
26925 15837
22957 13578
2013 1196
9393 5591
7937 4734
23457 14165
14174 8580
22241 13572
22907 14002
14448 8888
5989 3806
9787 6269
24944 16158
2939 1916
22358 14641
9558 6445
19068 13135
8188 5754
17094 12078
12353 8816
9511 6805
4184 3020
9105 6575
6745 4935
13257 9835
12624 9393
14064 10580
11600 9151
29619 23917
21147 17315
9519 8068
20068 17176
14932 12849
14915 12858
17901 15486
11768 10332
18915 16749
11328 10082
10284 9207
1271 1149
13627 12331
4717 4286
27007 24918
3024 2811
28530 27144
18772 17900
8343 8134
9520 9418
16985 16808
18614 18943
19986 20371
23066 23578
9878 10238
14982 15634
7235 7579
8501 8958
4184 4424
12817 13895
19012 21589
1871 2131
18833 21469
16381 18693
13847 16023
22779 26524
19128 22714
8905 10706
13853 17897
8617 11248
13902 18246
14974 19901
4390 5988
10318 14406
5111 7311
17016 24484
14118 20566
6733 9819
13339 19481
11142 16301
8988 13346
2177 3237
1700 2561
8359 12667
918 1403
6997 10768
4180 6544
3966 6269
16646 27575
7146 12008
12986 22258
5738 9873
9914 17802
6697 12295
11756 21703
15210 28622
14434 27727
11769 23305
10211 20346
8527 17053
1886 3867
5120 10906
5198 11434
10762 24360
5516 12562
3652 8330
8390 19487
4694 10933
5316 12421
11734 27748
8726 21149
6297 15493
7494 18542
1425 3578
7970 20174
3521 8939
6586 16730
2618 6677
10827 27759
2494 6581
6618 17811
8202 22628
1964 5588
9170 28192
2064 6390
2956 9449
5476 19439
4436 15975
6359 23262
5749 21862
5320 20733
5896 23050
670 2748
2784 11707
4859 20451
2114 9015
4384 18764
5121 22890
4534 20368
2321 10645
996 5128
975 5689
372 2187
3627 24230
2358 15927
2091 14740
765 6018
1517 12687
1629 16279
2421 25365
2053 21666
1957 21590
1379 15840
1089 14237
2104 27546
1781 26028
1946 30253
337 5342
832 14413
1174 23049
1119 26273
624 14815
368 8799
71 5132
156 12391
194 18393
194 18514
91 12623
27 6245
-177 9964
-165 8875
-540 18516
-94 2808
-710 17063
-570 13072
-568 8211
-2121 27425
-1225 15131
-1772 16628
-2336 21178
-2598 23494
-1055 9314
-1290 11080
-3766 30358
-2027 15787
-1221 8228
-2351 15623
-3352 21515
-3412 21416
-2757 16703
-2394 13504
-1973 11023
-4830 24696
-3835 18432
-3943 17052
-5368 22749
-3456 13787
-521 2033
-1183 4278
-6110 21432
-5736 19687
-7361 24817
-5084 16525
-6118 19861
-1186 3807
-4036 12629
-4179 12408
-905 2632
-5946 16414
-3723 10147
-3315 8829
-9693 25096
-4634 11610
-7023 17585
-7446 18602
-4402 10925
-7494 17746
-7292 16407
-11394 25254
-12887 28174
-5103 10793
-8212 17098
-11344 23331
-10836 21652
-6724 13406
-2456 4736
-7090 13389
-2839 5323
-2072 3861
-13289 24405
-8973 16220
-18344 32159
-6528 11104
-6493 11037
-4626 7751
-19556 32124
-13786 22233
-8177 13158
-16141 24473
-17259 25824
-967 1421
-5853 8533
-11907 17251
-6966 10054
-14295 20360
-13606 19320
-517 720
-9407 13006
-18030 24594
-11552 15716
-19194 25781
-14070 18849
-17157 22363
-3511 4547
-11773 15235
-11057 14280
-15213 19631
-7816 10052
-12431 15465
-1513 1762
-10484 11696
-8934 9962
-15063 16650
-10018 10986
-15113 16445
-3836 4029
-1646 1719
-23717 24457
-4442 4559
-6295 6437
-8675 8825
-26840 26866
-20137 20053
-24075 23963
-24647 23718
-12684 12090
-23884 22646
-2259 2107
-5771 5223
-18937 16672
-16360 14390
-16967 14787
-6723 5821
-15889 13395
-4265 3463
-7552 6001
-21843 17180
-7067 5416
-7262 5536
-26376 19569
-29517 21865
-18992 13995
-16242 11946
-21682 15900
-24776 17874
-17827 12571
-5031 3499
-14138 9802
-12697 8746
-24229 16610
-3492 2385
-11810 8030
-5001 3398
-20271 13583
-12003 7970
-9634 6349
-27589 17806
-20078 12699
-14466 9039
-19138 11574
-10913 6444
-13013 7575
-25302 14612
-5473 3109
-18807 10665
-23360 13162
-22835 12866
-12251 6790
-22972 12726
-10216 5442
-28559 15015
-22778 11930
-17048 8794
-14442 7144
-10782 5289
-13064 6220
-13391 6342
-20235 9488
-22690 10363
-14673 6674
-23402 10600
-15548 6949
-1959 846
-7402 2943
-20021 7868
-17033 6668
-12533 4799
-12547 4788
-21158 8062
-12646 4731
-9070 3192
-29596 10222
-14744 5088
-8739 2973
-13948 4706
-25068 8216
-29334 9357
-24966 7914
-17076 5140
-7832 2337
-13255 3934
-16366 4835
-16020 4623
-17777 4721
-25473 6031
-25653 6066
-18060 4177
-16722 3744
-18632 4098
-20026 4280
-12313 2552
-3791 751
-13898 2597
-9887 1593
-23160 3722
-17194 2634
-8001 1194
-12266 1562
-29821 3721
-23265 2896
-25642 3170
-16302 1836
-16248 1766
-26029 2822
-9583 1008
-18242 1884
-10513 1075
-11130 1125
-29371 2358
-27337 2136
-12933 921
-15677 1039
-9985 482
-8029 358
-21142 942
-24125 879
-25241 795
-12345 217
-8501 77
-17907 159
-12922 91
-22209 8
