1000
910 664
881 910
817 664
93 881
389 664
685 910
239 389
180 239
209 664
578 209
589 664
459 685
845 578
484 389
792 817
958 817
596 93
552 958
197 209
212 845
806 459
422 845
648 239
16 484
889 648
498 664
869 239
115 389
536 16
677 239
520 115
584 578
756 180
864 596
647 881
201 596
249 498
770 958
725 958
602 869
252 845
638 520
134 536
572 484
730 572
936 648
794 249
507 572
445 881
29 584
706 638
387 252
988 889
396 459
954 201
624 958
534 794
224 845
948 638
844 578
351 180
314 647
265 844
877 596
176 459
142 572
366 584
738 252
360 792
704 176
663 988
398 459
496 584
216 877
352 578
615 134
475 314
991 572
701 889
906 817
89 142
750 209
266 445
612 351
928 396
185 520
55 906
56 224
903 396
285 484
797 484
1000 29
369 176
76 445
416 536
17 134
556 648
705 589
547 17
297 612
414 797
143 889
604 76
953 224
521 578
698 17
471 906
735 55
925 201
228 794
659 387
160 756
491 93
112 797
872 647
290 176
560 906
811 730
783 143
895 988
916 881
279 903
259 266
588 55
627 212
696 663
73 265
780 265
724 705
447 491
424 112
26 869
637 659
591 704
729 387
546 201
744 534
769 112
807 928
382 588
390 387
607 259
748 780
495 484
781 352
340 424
959 596
434 756
451 360
788 134
407 29
359 521
135 447
904 249
331 17
184 216
456 520
945 180
675 507
951 407
43 637
721 770
854 729
531 698
962 115
34 484
205 176
210 26
732 951
486 43
618 546
448 589
380 954
835 360
543 936
799 750
765 496
271 297
733 788
15 176
156 910
580 156
337 135
969 76
924 434
145 663
505 297
263 266
993 904
855 331
321 948
302 924
137 507
545 637
669 607
282 602
846 216
408 520
502 854
688 951
336 185
691 239
42 664
858 212
401 604
478 817
157 387
791 290
246 799
101 507
103 729
131 17
3 43
286 336
493 959
221 505
481 266
726 285
64 877
374 721
74 401
144 290
519 962
785 228
693 607
19 389
628 588
667 471
651 416
838 543
435 351
421 481
196 447
381 591
887 369
392 286
922 93
388 817
364 434
800 478
907 374
237 459
695 321
472 588
79 19
87 392
853 76
909 578
36 637
892 484
326 366
760 422
933 765
684 705
166 844
220 933
310 791
28 216
428 209
886 781
913 282
952 447
40 945
136 55
195 846
125 669
856 297
665 701
523 459
35 760
938 16
107 143
644 314
368 502
48 79
862 706
419 704
289 352
836 279
751 744
57 205
834 310
561 853
918 781
14 87
51 969
839 561
141 800
840 389
273 246
328 922
710 604
968 534
45 881
316 220
126 195
587 331
272 331
808 266
172 419
804 456
485 846
503 142
251 389
47 886
124 604
986 918
458 685
821 543
595 79
674 369
731 252
37 398
280 15
469 310
616 252
963 28
217 698
333 924
177 484
324 74
62 916
173 907
274 845
453 137
111 783
397 624
956 47
77 471
190 397
154 781
558 933
671 15
527 369
758 665
574 695
462 14
585 907
514 201
325 523
187 89
629 904
307 16
746 29
455 77
630 585
939 589
94 328
515 928
158 733
539 103
565 314
709 615
378 945
930 701
795 578
391 756
168 456
859 607
49 962
640 677
893 101
620 855
842 519
293 210
593 732
509 663
737 493
779 293
63 481
579 173
311 579
327 565
873 903
452 746
373 197
236 373
843 835
631 311
762 158
70 190
423 906
980 886
222 196
404 556
657 527
646 70
138 953
639 17
474 620
306 791
188 51
194 842
532 228
722 651
38 124
165 756
105 916
955 877
429 856
393 15
652 710
4 188
535 3
440 456
31 265
935 691
912 696
375 498
972 721
372 520
754 842
342 111
68 675
53 135
463 954
399 648
1 535
982 471
358 369
568 77
606 448
727 440
44 760
253 624
718 534
655 475
908 862
441 807
682 928
702 392
367 79
32 285
581 70
461 307
353 201
477 53
860 908
153 536
420 709
816 429
883 972
300 101
814 722
999 399
67 485
227 509
301 157
841 620
247 166
703 677
308 860
182 505
538 816
522 560
20 835
830 387
566 290
766 726
603 539
567 585
149 251
334 34
742 35
661 435
431 558
891 800
466 280
80 814
592 817
130 40
911 182
645 302
653 895
757 239
214 249
961 157
490 34
863 891
39 757
818 886
270 373
203 216
683 792
597 35
686 474
179 337
569 289
303 766
356 873
649 53
150 17
614 780
305 939
400 416
348 228
178 629
525 552
132 945
200 669
666 68
291 795
782 390
412 834
784 525
990 274
482 356
512 172
707 706
248 895
90 657
338 910
139 137
826 205
88 948
687 138
454 197
967 364
479 185
147 125
202 814
825 57
586 456
250 579
831 286
777 629
678 910
713 523
418 39
885 324
332 521
609 293
411 653
823 26
164 282
257 306
582 814
660 791
189 253
622 958
743 280
465 265
118 266
728 566
365 393
243 552
867 843
923 956
84 55
207 808
329 380
371 891
438 293
890 835
626 954
322 687
97 134
106 67
570 136
100 657
500 412
191 63
921 94
809 90
355 187
599 795
108 421
41 685
464 51
492 200
159 187
736 321
632 784
975 42
833 202
870 314
755 316
148 872
276 886
410 37
83 136
947 836
117 279
292 781
81 729
723 581
934 89
12 424
96 177
296 655
376 471
563 239
215 28
542 532
425 108
943 565
694 83
689 290
442 195
894 414
524 890
905 412
690 141
467 493
151 729
11 407
989 817
71 913
787 760
92 70
594 614
513 74
504 209
944 881
994 93
349 683
778 904
255 293
752 883
133 939
21 953
847 538
829 115
244 112
304 754
819 889
413 447
288 614
971 531
409 367
984 975
716 156
550 908
998 142
25 498
140 142
608 781
30 201
849 190
23 522
208 895
553 30
357 191
786 418
976 381
446 538
284 424
851 132
771 214
850 646
346 425
476 196
269 918
557 728
625 550
775 150
528 185
874 990
621 190
992 248
395 792
470 756
995 280
260 823
225 644
82 477
767 87
692 11
234 998
997 184
230 542
915 856
613 514
946 990
169 655
973 249
878 289
875 251
78 194
129 166
871 93
974 304
312 572
262 804
402 566
122 404
901 17
768 165
2 597
551 188
432 332
473 581
987 599
789 943
679 133
268 799
957 943
18 147
294 836
636 222
24 178
501 17
199 807
510 905
233 255
822 252
226 349
970 906
793 469
283 196
848 97
884 177
714 359
238 561
13 903
439 372
598 270
313 311
330 612
745 615
759 150
167 614
50 476
927 154
104 945
772 862
8 262
254 653
740 710
508 262
554 390
6 703
590 894
562 542
929 434
708 814
256 148
898 257
347 448
315 688
888 266
919 663
309 574
882 835
5 969
985 640
900 956
942 82
123 313
617 531
27 368
673 891
965 956
155 890
33 76
450 372
175 972
121 546
341 472
457 967
59 919
377 994
128 103
499 961
345 522
320 321
162 731
720 816
261 15
240 804
668 770
275 848
443 678
204 104
430 706
219 236
960 47
623 644
996 130
712 412
654 750
828 970
734 68
258 884
564 238
426 12
72 349
940 300
198 490
634 142
468 514
670 19
489 208
977 689
981 632
69 737
642 338
931 272
384 505
109 373
9 691
86 313
812 431
54 811
483 956
116 293
529 308
610 596
764 391
896 1000
361 462
711 849
672 54
824 908
319 621
700 513
805 62
385 419
717 251
518 505
876 499
152 881
865 86
277 321
437 946
605 929
339 757
295 491
163 446
211 524
820 454
697 169
287 175
676 646
323 424
403 707
827 759
436 564
978 364
548 536
658 794
801 11
964 693
264 290
583 675
516 578
58 37
206 833
267 620
576 718
110 435
46 159
127 829
119 333
932 978
966 639
242 447
281 93
497 514
370 882
837 756
633 728
245 309
879 463
526 583
611 252
344 744
861 794
480 562
335 228
75 929
213 501
229 458
815 217
749 258
415 328
983 216
719 357
857 137
540 713
533 939
232 256
433 254
22 782
852 412
753 735
662 436
65 626
449 396
575 330
868 312
600 365
601 158
192 612
741 974
577 966
832 265
926 215
394 172
619 422
174 535
66 750
383 624
298 665
899 721
739 579
171 70
544 665
186 939
747 247
343 514
941 787
810 169
487 817
506 56
949 18
161 259
193 977
386 638
218 703
530 293
317 230
444 217
902 221
763 290
85 568
511 609
427 103
979 583
635 211
920 343
95 262
790 298
114 337
681 326
897 980
183 889
549 750
937 26
914 45
917 637
776 913
656 588
517 895
488 685
362 979
571 717
773 821
761 491
796 5
460 273
98 339
715 380
60 823
798 703
541 322
7 40
379 259
10 415
650 57
223 836
866 630
406 378
559 860
680 783
113 645
417 525
573 162
99 430
880 663
699 971
494 998
950 192
120 309
170 521
354 485
641 935
363 481
231 462
802 603
405 112
318 744
643 415
241 472
803 139
555 264
278 432
181 378
52 203
235 177
350 792
146 491
61 622
813 171
91 131
299 670
102 991
537 752
774 45
