730
65 66
286 65
65 334
373 501
501 286
501 493
630 286
16 630
630 7
199 33
97 33
33 238
15 576
510 15
15 97
97 511
373 511
675 511
139 475
139 373
142 139
442 451
142 442
442 455
617 142
617 615
617 306
67 227
199 227
689 227
473 368
689 368
368 361
110 689
110 634
62 110
338 450
621 338
338 465
288 688
621 688
634 688
584 94
621 94
94 319
389 445
634 389
130 389
710 12
648 710
710 445
336 445
336 305
287 336
125 294
197 294
122 294
178 490
138 178
178 125
209 424
125 424
199 424
471 591
502 471
329 471
591 600
236 600
431 600
29 209
29 609
591 29
279 209
127 279
279 85
85 494
684 494
579 494
242 320
85 320
84 320
148 206
148 423
263 148
263 644
295 644
259 644
534 680
680 263
680 581
49 632
632 222
632 711
206 716
7 716
711 716
309 440
711 440
172 440
560 456
560 468
560 425
206 459
468 459
459 480
10 355
468 10
10 585
237 100
237 186
237 244
43 186
43 259
572 43
112 467
405 112
112 186
99 522
522 100
321 522
228 321
323 228
228 517
321 38
38 151
535 38
28 586
28 235
507 28
100 298
298 592
298 235
235 155
155 211
155 317
616 385
167 616
616 292
149 266
149 292
149 691
365 272
272 292
272 239
24 163
163 564
163 358
564 108
255 108
691 108
133 45
564 133
133 527
691 699
699 203
162 699
259 318
318 190
203 318
662 610
203 662
662 547
403 132
418 132
132 157
403 76
573 76
76 598
457 570
215 457
457 403
622 582
582 364
524 582
137 622
137 354
137 503
212 79
622 79
79 573
628 280
618 628
573 628
52 574
17 574
574 280
715 551
551 280
551 22
627 518
518 529
518 349
349 479
77 479
479 143
349 339
20 339
88 339
277 618
114 277
277 141
141 567
567 88
341 567
596 417
596 531
141 596
88 707
707 299
714 707
375 552
375 7
299 375
366 469
469 299
469 257
668 175
723 668
668 243
175 727
297 727
54 727
96 313
60 96
175 96
92 360
499 360
530 360
276 54
276 530
536 276
530 695
422 695
333 695
679 183
618 183
513 183
575 42
408 42
42 679
54 251
251 679
555 251
399 369
304 399
399 393
177 590
590 314
369 590
508 701
666 508
508 369
693 6
314 6
532 6
606 78
91 78
78 693
332 474
474 693
8 474
19 260
120 260
260 261
704 406
19 406
497 406
559 444
444 314
19 444
165 476
95 165
165 514
652 214
95 214
322 214
682 252
252 91
252 95
264 489
264 611
264 322
109 371
109 32
489 109
546 533
180 533
489 533
258 296
296 86
296 34
86 290
322 290
253 290
229 626
86 229
229 153
712 724
712 161
419 712
58 118
396 118
161 118
386 549
161 386
376 386
58 624
343 624
624 370
655 184
370 655
655 636
670 726
726 370
726 382
69 131
91 131
131 58
301 25
69 301
301 461
434 216
625 216
216 69
171 250
639 171
171 63
250 254
176 254
649 254
372 147
651 372
250 372
187 492
466 492
492 324
187 233
166 233
56 233
31 187
124 31
651 31
601 709
709 248
202 709
464 651
202 464
379 464
26 202
645 26
694 26
30 397
30 195
231 30
467 430
195 430
310 430
170 436
195 170
700 170
383 541
310 383
291 383
566 72
72 541
72 665
64 83
154 83
541 83
68 730
594 730
359 730
545 702
359 545
248 545
310 437
359 437
556 437
213 728
728 491
728 420
362 719
213 362
362 89
346 213
70 346
346 73
482 81
81 90
81 420
515 523
482 515
515 248
53 482
558 53
53 656
420 608
608 312
382 608
35 198
312 198
198 619
140 189
312 140
140 325
697 181
13 697
697 126
426 470
565 426
126 426
506 4
705 506
506 126
563 603
603 181
599 603
512 311
512 678
563 512
158 429
563 158
486 158
348 345
553 345
316 345
128 438
438 553
181 438
285 59
59 269
553 59
713 101
713 720
713 663
223 101
223 87
504 223
683 61
101 61
381 61
554 657
657 135
657 607
204 4
204 504
135 204
722 224
224 168
224 135
357 230
357 620
357 169
402 267
267 230
363 267
496 335
504 335
230 335
208 337
428 208
208 484
282 428
453 282
282 458
344 428
146 344
344 382
449 478
103 449
642 449
103 526
439 526
453 526
597 539
103 597
597 51
676 540
395 540
443 540
690 4
395 690
569 690
36 74
74 395
74 453
685 47
307 685
685 351
498 265
265 246
47 265
225 519
367 225
225 47
658 578
613 658
658 119
519 27
27 686
613 27
302 220
672 220
220 613
173 240
173 115
173 205
623 407
115 407
407 519
485 516
115 485
485 82
2 3
3 315
3 50
102 307
2 102
102 708
593 2
580 593
593 328
201 191
538 191
717 191
241 633
717 241
241 315
9 435
435 717
435 98
129 703
105 129
460 129
105 113
200 113
113 315
117 134
134 144
105 134
23 550
550 164
192 550
347 106
40 347
164 347
467 390
528 390
390 164
706 398
398 300
595 398
612 631
595 631
631 23
604 487
595 604
414 604
179 23
330 179
179 661
107 352
107 330
629 107
583 217
583 330
583 307
646 46
646 411
646 404
150 411
182 150
150 412
391 411
21 391
391 302
232 660
55 660
521 660
262 472
472 521
21 472
521 542
384 542
542 80
226 156
725 226
509 226
725 477
638 477
477 21
283 446
283 725
283 643
207 274
274 356
577 274
525 577
44 525
544 525
256 677
677 577
156 677
671 111
111 350
111 650
413 387
413 447
350 413
356 196
196 326
196 350
194 41
275 194
602 194
433 303
303 696
275 303
587 356
587 278
275 587
188 104
669 188
188 537
441 421
421 104
421 505
289 104
289 145
289 18
281 331
674 281
281 249
674 121
210 121
121 669
293 729
729 674
380 729
718 448
635 718
718 452
159 635
669 159
159 378
392 635
156 392
392 14
374 571
93 571
48 571
495 185
93 185
185 409
463 673
219 673
93 673
340 57
160 57
57 48
377 340
462 377
377 327
342 75
340 342
483 342
37 681
11 681
681 268
136 614
614 721
614 11
410 48
410 11
410 659
454 481
481 548
481 667
543 123
548 123
116 123
548 653
221 653
687 653
234 218
568 218
218 562
664 605
234 605
75 605
270 5
5 116
234 5
302 353
388 353
353 116
416 427
561 416
416 388
388 245
588 245
432 245
308 174
308 75
308 500
39 520
500 520
71 520
271 415
500 271
271 247
400 640
692 400
400 488
401 640
589 401
39 401
1 647
698 647
640 647
557 273
152 273
394 273
654 284
654 394
654 39
193 637
394 193
193 641
