1000 100 30
8 80
3 44
4 43
6 87
4 10
8 63
7 78
2 77
1 4
9 44
3 5
1 47
8 33
8 29
7 3
8 95
1 1
1 59
5 69
8 90
4 24
6 17
9 97
3 91
8 48
6 8
5 88
9 82
1 35
2 79
1 25
2 19
8 11
3 66
5 17
9 51
4 5
4 38
9 61
9 98
7 59
6 54
9 60
9 63
4 45
6 29
6 14
9 92
4 21
3 96
8 11
2 73
5 13
2 13
8 37
9 75
3 15
2 39
9 62
2 64
5 42
2 72
8 37
1 75
1 21
6 90
3 17
7 43
9 71
1 97
6 64
7 98
4 98
1 48
4 37
3 63
6 2
6 31
2 96
4 91
9 73
7 45
6 40
6 14
9 40
9 14
2 78
1 77
2 47
5 30
2 34
9 59
6 23
8 69
2 93
6 35
1 37
7 51
4 64
8 84
4 70
5 6
1 5
8 20
4 4
2 30
8 38
7 68
6 76
1 77
6 94
1 31
4 88
9 7
7 43
7 54
2 81
5 54
4 39
8 33
4 18
8 75
1 49
7 14
7 77
9 91
8 1
4 2
5 3
6 37
7 91
9 51
9 47
5 57
2 75
6 24
2 50
8 46
8 39
5 23
5 47
5 82
2 35
2 34
8 86
5 77
5 58
8 49
3 30
4 85
5 91
7 94
3 5
2 35
5 96
1 52
8 66
7 88
8 15
2 33
1 87
8 75
7 33
6 43
6 26
2 62
6 35
2 51
2 92
4 76
5 38
2 28
4 62
8 2
5 34
5 75
2 39
6 62
6 72
6 29
5 32
9 10
1 44
6 2
9 43
6 23
8 5
5 83
1 64
1 39
8 14
6 18
5 63
5 19
8 80
2 31
1 35
2 74
7 96
3 15
3 51
8 18
8 83
8 18
2 81
2 43
4 68
4 45
2 34
7 62
5 7
2 22
5 28
5 20
6 68
6 61
2 65
6 72
3 74
6 95
1 42
9 48
1 94
9 37
1 51
8 39
3 88
6 98
7 55
7 38
6 46
8 41
3 74
2 59
3 98
7 2
4 88
4 47
1 37
2 8
4 81
1 41
6 5
3 83
3 52
3 78
8 19
1 10
9 30
5 38
8 19
3 65
7 85
1 86
2 91
3 6
9 37
1 40
3 82
5 96
7 43
2 30
5 91
1 49
3 4
3 44
4 22
7 28
7 16
5 25
7 5
3 77
3 75
8 76
3 37
9 88
7 44
8 36
8 53
3 53
2 66
6 77
6 3
3 92
8 14
8 23
9 46
9 55
1 14
4 73
5 1
7 27
8 75
6 79
2 42
3 84
9 27
6 95
9 62
6 43
4 4
3 91
2 63
8 65
3 74
2 23
9 97
5 17
9 8
3 1
5 23
2 58
2 43
8 74
5 39
8 78
6 80
7 89
6 14
9 15
5 90
1 58
6 84
2 59
2 65
6 42
7 41
9 33
2 50
7 85
7 22
1 29
9 34
9 39
9 69
8 31
5 90
8 46
2 61
4 66
9 63
6 13
4 5
9 84
1 50
6 41
6 31
6 68
1 84
6 8
9 58
2 11
1 25
1 21
5 58
3 11
1 90
5 20
2 65
2 45
6 70
5 81
9 55
5 63
4 53
5 91
2 7
9 57
4 54
3 15
1 59
7 26
2 45
9 38
2 44
1 23
4 66
5 12
2 52
9 59
5 41
3 15
2 47
6 75
9 44
7 7
2 13
6 46
4 75
2 68
2 66
7 32
5 92
7 51
8 15
8 48
8 53
7 97
8 28
1 95
9 61
2 71
8 34
8 29
8 1
4 27
1 81
2 93
1 96
7 16
9 48
7 62
2 20
5 99
3 30
2 18
9 93
7 60
8 3
5 33
1 79
3 62
6 11
2 33
7 96
3 15
8 8
4 45
9 36
6 74
2 34
1 54
8 77
3 49
6 97
9 76
4 36
3 36
1 92
6 50
7 15
1 32
4 39
5 47
9 17
3 35
4 11
7 74
4 99
5 63
5 2
4 71
8 76
8 78
5 74
1 56
5 89
6 7
1 62
8 99
5 71
6 26
9 21
7 67
1 18
1 14
8 65
1 51
5 89
9 9
7 54
8 48
7 48
7 69
8 5
3 84
3 98
8 55
9 3
2 34
2 47
9 34
4 27
1 51
6 9
4 73
6 20
1 2
2 70
7 73
2 34
1 48
6 63
3 48
9 22
9 81
3 26
6 76
5 97
1 64
4 85
9 64
3 54
2 66
7 35
3 96
3 91
8 98
7 44
8 16
9 25
6 30
3 9
4 98
6 31
6 10
5 95
1 15
5 36
8 72
7 17
5 36
8 11
6 60
7 76
1 16
9 69
7 47
5 46
7 81
3 2
7 88
4 59
1 42
4 80
5 62
4 80
5 3
9 26
6 42
3 33
1 99
9 95
1 76
4 87
1 15
7 41
1 82
9 2
7 91
7 36
8 74
7 47
2 4
9 34
1 72
3 98
8 65
4 16
3 34
3 92
1 90
6 46
7 31
9 92
4 25
2 73
8 42
2 72
1 89
4 89
8 67
6 33
3 79
3 68
2 50
4 56
2 89
1 7
2 45
8 39
6 25
1 65
4 29
8 13
1 38
2 78
5 86
2 34
3 57
1 74
7 56
4 43
9 31
2 62
1 45
2 41
5 9
6 35
2 39
9 54
4 44
3 79
3 40
2 93
6 9
5 2
2 96
6 10
9 88
7 97
4 69
2 98
5 44
4 13
1 73
1 56
8 93
6 45
7 44
2 28
7 6
9 15
2 66
7 26
9 92
4 83
7 59
7 38
1 9
6 80
9 15
8 96
9 67
5 40
2 76
2 61
8 90
3 79
2 97
4 9
8 25
1 48
2 70
5 82
6 35
8 58
2 96
9 55
1 92
2 72
5 56
4 46
1 5
8 2
2 29
8 89
6 98
8 34
4 21
7 45
8 76
1 1
9 54
8 34
8 46
5 13
9 35
4 45
3 81
8 39
1 52
8 58
3 60
2 15
7 6
4 32
7 58
5 52
2 83
2 54
2 87
1 26
3 21
5 57
2 12
5 10
7 19
4 8
7 57
2 56
7 77
6 40
7 18
8 42
1 71
5 27
4 58
7 78
6 20
9 77
2 29
5 88
1 52
5 25
7 15
6 67
9 63
6 22
8 94
9 78
2 56
5 22
5 54
7 91
8 31
6 98
6 53
5 4
5 79
1 12
1 4
4 79
3 81
1 47
2 63
5 37
2 28
4 33
7 56
5 49
3 89
2 42
6 33
9 45
1 70
9 1
1 28
8 40
1 78
3 83
4 7
9 59
5 76
8 12
3 10
6 14
8 5
2 39
1 1
9 44
8 35
6 44
8 20
9 69
8 65
5 38
9 68
4 2
6 81
2 71
1 70
1 87
9 38
8 7
1 7
5 6
3 92
4 2
3 29
5 10
3 19
9 63
3 37
2 26
1 75
6 10
8 76
6 16
6 21
5 49
9 70
9 64
8 1
9 72
2 31
7 21
4 25
2 31
5 46
2 77
2 50
3 63
9 79
4 39
9 96
6 24
4 39
6 27
3 50
6 66
9 76
5 28
8 67
3 57
5 13
6 31
9 17
3 87
5 67
6 92
8 11
8 27
4 2
8 85
7 48
6 31
6 37
2 20
3 13
2 16
8 7
8 86
6 37
8 17
2 94
1 63
3 26
8 49
9 41
7 76
7 83
5 10
9 61
9 20
8 1
6 94
8 76
6 29
2 49
9 13
5 52
1 43
5 63
8 3
2 24
4 87
5 81
6 22
4 23
6 11
3 74
4 26
6 81
7 61
4 97
8 69
2 45
4 25
6 2
7 7
5 98
3 27
5 87
2 15
8 88
6 28
6 27
9 9
8 6
5 36
1 39
6 48
9 16
7 86
8 92
9 38
7 83
8 66
7 9
8 77
4 4
4 55
3 55
7 36
6 29
8 59
3 76
5 47
1 74
7 7
1 22
6 52
6 4
9 73
4 96
4 5
9 52
5 28
5 21
9 62
2 34
3 13
9 25
6 97
6 91
2 58
4 43
2 16
2 26
8 57
2 36
7 20
4 19
9 89
1 8
6 83
3 72
6 45
4 54
7 89
9 44
9 57
6 53
8 32
5 60
7 96
3 47
5 78
9 58
4 99
9 18
2 3
6 77
2 80
4 87
4 73
3 10
1 15
9 98
1 40
2 32
9 49
6 50
9 42
6 91
3 69
8 20
6 92
4 14
9 25
2 37
5 29
2 24
7 10
2 88
2 76
2 80
7 95
1 50
8 34
5 74
1 48
1 67
5 86
8 11
9 79
1 5
8 90
8 50
7 45
9 44
3 53
6 44
4 50
3 81
2 32
8 81
6 45
3 17
2 28
7 37
6 70
5 11
6 64
7 55
1 94
8 30
3 21
8 94
7 64
3 51
4 27
3 72
6 77
7 97
3 13
7 8
9 73
8 39
253 74 85
441 68 73
686 16 26
774 8 68
741 81 91
912 8 44
841 76 84
181 73 80
133 7 64
350 77 100
506 15 64
770 60 76
518 34 92
782 77 79
655 82 94
828 81 93
165 52 88
877 9 58
762 77 85
852 26 43
975 13 35
314 93 96
121 64 77
859 44 49
256 1 36
47 83 88
80 20 41
855 89 94
898 92 97
883 33 53
