500 50 1
47 1
6 36
43 4
20 13
17 34
45 31
37 43
3 3
14 22
14 48
46 5
30 47
21 14
14 23
28 18
15 25
19 20
17 12
23 36
29 44
25 24
25 12
22 32
19 40
5 38
39 1
42 19
3 18
33 16
40 16
34 10
45 8
29 12
24 8
47 3
7 27
32 32
44 4
14 13
44 18
1 33
23 48
7 26
21 44
46 17
10 35
26 6
42 11
17 16
23 20
24 29
46 6
11 40
9 30
9 8
3 14
40 31
17 3
12 38
46 8
5 7
43 30
12 40
45 33
12 18
8 35
47 10
45 13
49 4
47 13
12 1
27 7
31 48
9 42
36 11
5 40
17 3
26 33
48 21
21 10
44 29
49 46
38 44
9 42
3 7
6 19
12 37
31 47
35 44
39 22
5 48
17 26
7 47
9 5
24 30
19 18
14 18
14 2
17 22
43 24
33 4
48 44
40 29
41 31
28 35
8 33
39 24
9 45
22 23
49 45
8 18
18 21
40 31
22 12
8 20
40 46
29 38
45 24
17 37
5 45
27 12
33 16
41 46
16 18
19 15
18 26
37 35
46 32
21 23
43 33
48 34
29 27
27 25
1 44
17 6
44 48
22 32
20 13
28 35
30 3
1 47
28 42
37 30
25 8
8 23
46 6
7 25
32 34
5 38
33 21
48 32
25 20
19 44
38 46
29 23
4 34
26 32
27 13
17 2
26 24
24 22
35 36
2 17
25 7
10 13
32 8
49 7
33 18
1 21
19 30
43 28
14 19
10 45
37 31
46 13
10 26
39 44
17 40
17 46
2 26
14 34
39 13
40 22
35 46
47 9
26 40
36 44
15 1
40 2
31 41
19 46
22 8
40 43
3 7
39 5
38 3
38 27
20 33
4 5
29 1
19 10
45 5
10 10
11 5
16 41
1 34
42 23
46 33
16 49
44 11
9 37
13 2
19 33
34 22
42 19
22 11
33 18
21 42
32 31
2 48
27 3
37 20
25 34
8 45
38 2
6 46
39 19
3 8
7 36
35 4
10 12
20 43
29 40
40 17
26 42
15 3
44 2
27 24
40 34
24 28
36 30
29 30
4 31
42 15
23 32
18 32
44 42
30 23
32 21
39 13
18 9
16 17
16 42
40 6
32 14
34 23
48 18
8 2
49 49
21 27
32 44
9 26
36 44
4 19
15 48
36 37
12 2
4 27
49 48
33 36
17 22
9 16
39 16
22 43
20 43
20 2
42 34
32 28
28 41
2 47
44 38
34 6
44 42
33 43
40 21
34 7
42 42
27 36
8 5
35 28
3 5
34 44
43 22
22 26
18 24
28 12
12 17
17 6
9 5
5 4
25 38
16 22
31 42
9 43
2 43
26 4
3 16
47 2
37 20
32 5
48 11
21 10
32 37
20 46
47 29
49 27
18 15
49 4
13 13
2 14
11 28
18 13
48 20
19 35
39 2
44 37
17 15
2 48
7 22
44 4
1 49
36 23
14 35
31 31
3 33
1 13
16 18
30 14
37 49
4 32
6 3
24 22
17 26
25 23
3 25
32 8
24 18
31 42
8 17
29 10
5 29
27 20
46 7
38 38
6 46
20 16
48 44
42 15
25 18
43 27
47 30
34 21
3 20
18 15
37 46
29 41
25 6
17 26
12 10
15 23
7 39
38 10
38 31
30 13
4 23
44 1
8 29
21 15
48 43
29 40
40 8
32 15
13 4
46 24
13 11
2 24
5 40
34 43
21 14
11 29
41 6
29 4
39 5
18 37
47 46
28 37
9 15
8 21
23 9
49 40
19 2
15 28
41 4
26 17
22 37
45 18
47 29
26 36
33 43
23 30
44 6
23 3
25 35
23 47
43 22
43 17
28 8
44 19
16 21
40 42
13 40
10 10
19 35
45 2
33 23
32 27
34 10
34 14
44 7
17 37
33 10
4 12
22 3
35 37
23 31
34 40
21 48
49 40
38 49
46 21
23 33
3 12
42 36
25 41
47 41
28 35
1 36
2 22
44 42
14 22
23 3
13 48
1 12
43 38
17 40
14 44
23 16
6 21
7 30
12 9
27 45
44 32
36 45
5 30
37 23
3 15
26 15
14 31
31 7
20 3
2 38
46 30
5 2
1 16
37 17
25 14
17 19
45 4
19 5
38 12
33 40
26 14
10 44
44 46
7 19
48 13
8 45
42 17
46 47
37 38
20 12
2 36
35 47
44 5
7 33
21 39
23 2
3 38
46 3
34 8
364 31 42
