30
0 18 16 24 22 8 24 19 15 8 21 15 11 12 26 7 16 12 10 16 19 17 7 15 8 15 10 24 23 9 
18 0 7 6 4 14 14 18 15 16 7 18 16 18 14 21 4 19 19 10 10 3 14 7 18 8 9 9 11 11 
16 7 0 9 10 9 20 13 19 12 13 20 12 20 17 18 3 21 14 15 6 9 10 11 18 6 10 15 12 7 
24 6 9 0 7 18 17 21 20 20 11 24 21 24 17 26 8 25 23 15 13 8 19 11 24 13 15 13 14 16 
22 4 10 7 0 18 12 21 17 19 5 19 19 20 12 24 8 20 22 11 12 6 18 10 20 11 12 6 11 15 
8 14 9 18 18 0 25 12 19 5 19 18 8 18 23 11 11 19 6 18 12 15 2 15 14 10 10 22 18 3 
24 14 20 17 12 25 0 29 12 24 7 18 26 16 18 26 17 16 28 8 23 12 24 12 19 19 15 11 20 22 
19 18 13 21 21 12 29 0 28 11 23 21 8 27 19 16 15 27 9 25 9 21 14 23 22 10 18 22 14 12 
15 15 19 20 17 19 12 28 0 19 13 16 22 6 24 19 16 7 23 6 24 12 18 9 10 19 10 19 24 17 
8 16 12 20 19 5 24 11 19 0 19 14 3 16 20 6 12 16 4 18 13 17 7 16 11 9 10 20 17 6 
21 7 13 11 5 19 7 23 13 19 0 16 20 17 13 23 10 17 23 8 16 6 19 9 17 13 11 6 13 16 
15 18 20 24 19 18 18 21 16 14 16 0 14 12 17 12 18 11 18 16 20 18 18 18 9 15 13 17 17 17 
11 16 12 21 19 8 26 8 22 3 20 14 0 19 19 8 13 19 5 20 11 18 10 19 14 8 13 20 15 8 
12 18 20 24 20 18 16 27 6 16 17 12 19 0 25 14 18 1 20 10 24 16 17 13 5 19 10 21 24 17 
26 14 17 17 12 23 18 19 24 20 13 17 19 25 0 24 15 24 24 20 14 17 23 20 23 13 18 7 6 20 
7 21 18 26 24 11 26 16 19 6 23 12 8 14 24 0 18 14 8 20 19 21 11 19 9 15 13 24 22 11 
16 4 3 8 8 11 17 15 16 12 10 18 13 18 15 18 0 19 15 12 8 6 11 9 17 6 8 12 11 8 
12 19 21 25 20 19 16 27 7 16 17 11 19 1 24 14 19 0 20 11 24 17 18 14 5 19 11 21 24 17 
10 19 14 23 22 6 28 9 23 4 23 18 5 20 24 8 15 20 0 22 14 20 8 20 15 12 14 24 19 8 
16 10 15 15 11 18 8 25 6 18 8 16 20 10 20 20 12 11 22 0 20 7 17 5 13 15 8 14 19 15 
19 10 6 13 12 12 23 9 24 13 16 20 11 24 14 19 8 24 14 20 0 13 13 17 21 5 14 15 8 10 
17 3 9 8 6 15 12 21 12 17 6 18 18 16 17 21 6 17 20 7 13 0 15 4 17 11 8 11 14 12 
7 14 10 19 18 2 24 14 18 7 19 18 10 17 23 11 11 18 8 17 13 15 0 14 13 10 9 22 18 3 
15 7 11 11 10 15 12 23 9 16 9 18 19 13 20 19 9 14 20 5 17 4 14 0 14 13 6 15 18 12 
8 18 18 24 20 14 19 22 10 11 17 9 14 5 23 9 17 5 15 13 21 17 13 14 0 16 9 21 22 13 
15 8 6 13 11 10 19 10 19 9 13 15 8 19 13 15 6 19 12 15 5 11 10 13 16 0 9 12 8 7 
10 9 10 15 12 10 15 18 10 10 11 13 13 10 18 13 8 11 14 8 14 8 9 6 9 9 0 15 16 8 
24 9 15 13 6 22 11 22 19 20 6 17 20 21 7 24 12 21 24 14 15 11 22 15 21 12 15 0 9 19 
23 11 12 14 11 18 20 14 24 17 13 17 15 24 6 22 11 24 19 19 8 14 18 18 22 8 16 9 0 15 
9 11 7 16 15 3 22 12 17 6 16 17 8 17 20 11 8 17 8 15 10 12 3 12 13 7 8 19 15 0 
