50
0 16 12 15 30 16 23 17 17 31 19 28 30 26 33 29 8 13 30 30 25 32 31 25 18 35 27 23 21 14 26 28 11 22 31 22 23 32 42 21 7 18 25 23 13 9 10 39 25 22 
16 0 15 21 30 27 23 15 23 19 20 31 33 32 33 21 12 7 33 26 18 32 30 26 19 32 37 33 35 19 30 26 12 32 29 31 23 30 41 26 17 7 10 11 23 16 15 34 35 19 
12 15 0 15 34 26 26 25 11 34 8 30 37 31 39 34 5 10 26 38 18 33 37 28 27 29 36 31 30 24 21 34 16 23 37 27 31 30 47 31 14 12 21 20 14 19 2 37 34 29 
15 21 15 0 22 18 15 26 9 36 13 16 26 18 28 31 17 22 15 37 17 20 29 16 29 20 24 19 20 26 12 27 13 11 29 12 27 18 35 25 22 21 25 21 5 21 13 27 24 26 
30 30 34 22 0 23 8 27 31 30 33 10 11 14 8 21 34 35 26 31 26 7 12 6 32 25 22 20 28 32 29 14 20 26 11 19 21 15 13 20 37 32 28 24 25 29 32 15 22 19 
16 27 26 18 23 0 18 20 26 34 30 22 17 14 23 27 24 28 32 27 33 25 21 18 21 36 11 9 9 18 29 20 16 19 23 14 18 30 31 11 22 31 33 30 17 15 24 35 9 20 
23 23 26 15 8 18 0 22 24 28 26 9 14 12 14 20 26 28 22 29 20 9 15 3 27 22 21 17 23 26 23 15 12 21 14 14 19 14 21 18 29 25 23 19 18 23 24 18 19 16 
17 15 25 26 27 20 22 0 31 16 31 31 25 29 27 15 20 19 39 13 30 31 22 25 5 41 30 28 29 8 37 18 13 34 22 30 10 35 36 15 18 22 21 22 27 9 24 38 27 10 
17 23 11 9 31 26 24 31 0 41 6 25 35 27 37 38 15 21 17 44 18 29 38 25 34 23 33 28 26 30 10 36 19 15 38 20 35 25 44 33 22 20 27 24 9 25 10 33 32 33 
31 19 34 36 30 34 28 16 41 0 39 37 32 38 29 10 31 26 46 16 31 36 25 31 20 43 42 40 43 24 45 21 23 45 24 41 19 37 37 26 33 25 18 21 38 25 34 37 39 15 
19 20 8 13 33 30 26 31 6 39 0 28 38 31 40 38 13 18 19 44 15 31 40 27 34 23 37 32 32 31 14 38 20 21 39 25 36 26 46 36 22 16 23 21 14 26 9 34 37 33 
28 31 30 16 10 22 9 31 25 37 28 0 17 11 17 29 32 35 17 37 23 5 21 6 35 18 21 18 24 35 20 22 20 18 21 12 27 9 21 25 35 31 30 25 20 30 29 15 21 25 
30 33 37 26 11 17 14 25 35 32 38 17 0 11 7 22 36 38 33 27 34 17 8 13 28 34 14 14 22 28 34 11 22 27 10 18 17 25 14 13 36 37 34 31 28 27 35 26 13 18 
26 32 31 18 14 14 12 29 27 38 31 11 11 0 16 30 32 36 25 34 31 14 19 10 32 28 10 7 15 30 25 20 20 16 20 7 23 20 22 18 33 35 35 31 19 26 30 25 10 24 
33 33 39 28 8 23 14 27 37 29 40 17 7 16 0 19 37 39 34 27 33 15 6 13 31 33 21 21 29 31 36 10 23 32 6 23 18 23 9 17 39 37 32 29 31 30 37 22 20 18 
29 21 34 31 21 27 20 15 38 10 38 29 22 30 19 0 31 28 41 13 30 27 15 23 19 39 33 32 36 22 41 11 19 39 14 33 11 31 27 18 32 27 21 21 34 23 33 31 30 7 
8 12 5 17 34 24 26 20 15 31 13 32 36 32 37 31 0 7 30 33 21 34 35 28 22 33 35 31 29 19 25 32 14 25 35 28 28 33 46 28 9 12 21 20 16 15 5 39 33 26 
13 7 10 22 35 28 28 19 21 26 18 35 38 36 39 28 7 0 34 31 21 36 36 31 21 35 39 35 34 20 30 32 16 31 36 33 28 35 47 30 12 8 16 18 22 16 11 40 37 25 
30 33 26 15 26 32 22 39 17 46 19 17 33 25 34 41 30 34 0 50 18 20 36 21 43 9 34 29 32 41 7 37 26 17 36 20 40 13 37 38 37 30 32 27 19 36 25 22 34 37 
30 26 38 37 31 27 29 13 44 16 44 37 27 34 27 13 33 31 50 0 40 38 21 31 13 49 33 33 36 17 49 17 25 44 21 38 11 42 35 17 30 33 30 31 38 21 37 43 30 13 
25 18 18 17 26 33 20 30 18 31 15 23 34 31 33 30 21 21 18 40 0 24 34 22 35 16 39 35 37 34 19 32 19 27 32 28 33 18 39 34 30 14 14 10 22 29 19 23 38 28 
32 32 33 20 7 25 9 31 29 36 31 5 17 14 15 27 34 36 20 38 24 0 19 7 36 19 24 21 28 35 24 21 21 23 18 17 27 9 17 26 38 33 30 25 24 32 32 11 24 25 
31 30 37 29 12 21 15 22 38 25 40 21 8 19 6 15 35 36 36 21 34 19 0 15 25 36 21 21 29 27 38 4 21 33 2 25 12 27 14 13 36 35 31 28 31 26 36 26 19 12 
25 26 28 16 6 18 3 25 25 31 27 6 13 10 13 23 28 31 21 31 22 7 15 0 29 22 19 16 23 29 23 16 15 20 15 13 21 13 19 19 32 28 26 21 19 25 27 17 19 19 
18 19 27 29 32 21 27 5 34 20 34 35 28 32 31 19 22 21 43 13 35 36 25 29 0 45 31 29 30 4 41 21 17 36 26 33 13 40 39 16 17 26 26 27 29 9 26 43 28 14 
35 32 29 20 25 36 22 41 23 43 23 18 34 28 33 39 33 35 9 49 16 19 36 22 45 0 38 34 38 44 15 36 28 25 35 25 40 10 35 40 41 29 28 24 25 39 29 16 38 36 
27 37 36 24 22 11 21 30 33 42 37 21 14 10 21 33 35 39 34 33 39 24 21 19 31 38 0 5 10 29 33 23 25 21 23 14 24 30 27 16 33 41 42 38 24 26 34 35 3 27 
23 33 31 19 20 9 17 28 28 40 32 18 14 7 21 32 31 35 29 33 35 21 21 16 29 34 5 0 8 27 28 22 21 17 23 9 23 27 27 16 30 36 38 34 19 24 29 32 5 25 
21 35 30 20 28 9 23 29 26 43 32 24 22 15 29 36 29 34 32 36 37 28 29 23 30 38 10 8 0 27 28 28 23 16 30 13 27 32 35 20 27 37 40 37 18 23 28 39 10 29 
14 19 24 26 32 18 26 8 30 24 31 35 28 30 31 22 19 20 41 17 34 35 27 29 4 44 29 27 27 0 38 23 16 33 28 30 15 39 40 15 14 25 28 28 25 5 23 44 26 17 
26 30 21 12 29 29 23 37 10 45 14 20 34 25 36 41 25 30 7 49 19 24 38 23 41 15 33 28 28 38 0 38 24 13 37 19 39 18 41 36 32 27 31 27 14 33 20 27 33 36 
28 26 34 27 14 20 15 18 36 21 38 22 11 20 10 11 32 32 37 17 32 21 4 16 21 36 23 22 28 23 38 0 18 33 5 25 8 27 18 11 33 32 27 25 30 22 33 28 20 8 
11 12 16 13 20 16 12 13 19 23 20 20 22 20 23 19 14 16 26 25 19 21 21 15 17 28 25 21 23 16 24 18 0 22 21 19 16 23 32 17 17 16 17 15 15 12 15 28 23 14 
22 32 23 11 26 19 21 34 15 45 21 18 27 16 32 39 25 31 17 44 27 23 33 20 36 25 21 17 16 33 13 33 22 0 34 9 34 23 37 29 29 31 36 32 9 28 21 32 22 33 
31 29 37 29 11 23 14 22 38 24 39 21 10 20 6 14 35 36 36 21 32 18 2 15 26 35 23 23 30 28 37 5 21 34 0 26 13 25 14 15 37 34 29 26 32 27 36 24 21 13 
22 31 27 12 19 14 14 30 20 41 25 12 18 7 23 33 28 33 20 38 28 17 25 13 33 25 14 9 13 30 19 25 19 9 26 0 27 20 29 22 29 32 34 30 13 26 25 27 14 27 
23 23 31 27 21 18 19 10 35 19 36 27 17 23 18 11 28 28 40 11 33 27 12 21 13 40 24 23 27 15 39 8 16 34 13 27 0 32 26 8 27 29 26 25 29 16 30 34 21 5 
32 30 30 18 15 30 14 35 25 37 26 9 25 20 23 31 33 35 13 42 18 9 27 13 40 10 30 27 32 39 18 27 23 23 25 20 32 0 25 32 39 29 27 22 23 35 30 9 30 29 
42 41 47 35 13 31 21 36 44 37 46 21 14 22 9 27 46 47 37 35 39 17 14 19 39 35 27 27 35 40 41 18 32 37 14 29 26 25 0 26 48 45 39 35 38 39 45 22 26 26 
21 26 31 25 20 11 18 15 33 26 36 25 13 18 17 18 28 30 38 17 34 26 13 19 16 40 16 16 20 15 36 11 17 29 15 22 8 32 26 0 26 32 31 29 25 15 29 35 13 12 
7 17 14 22 37 22 29 18 22 33 22 35 36 33 39 32 9 12 37 30 30 38 36 32 17 41 33 30 27 14 32 33 17 29 37 29 27 39 48 26 0 20 27 27 20 11 13 45 31 26 
18 7 12 21 32 31 25 22 20 25 16 31 37 35 37 27 12 8 30 33 14 33 35 28 26 29 41 36 37 25 27 32 16 31 34 32 29 29 45 32 20 0 10 11 23 21 13 34 39 25 
25 10 21 25 28 33 23 21 27 18 23 30 34 35 32 21 21 16 32 30 14 30 31 26 26 28 42 38 40 28 31 27 17 36 29 34 26 27 39 31 27 10 0 5 28 25 22 29 40 21 
23 11 20 21 24 30 19 22 24 21 21 25 31 31 29 21 20 18 27 31 10 25 28 21 27 24 38 34 37 28 27 25 15 32 26 30 25 22 35 29 27 11 5 0 25 24 21 24 36 20 
13 23 14 5 25 17 18 27 9 38 14 20 28 19 31 34 16 22 19 38 22 24 31 19 29 25 24 19 18 25 14 30 15 9 32 13 29 23 38 25 20 23 28 25 0 20 12 32 23 28 
9 16 19 21 29 15 23 9 25 25 26 30 27 26 30 23 15 16 36 21 29 32 26 25 9 39 26 24 23 5 33 22 12 28 27 26 16 35 39 15 11 21 25 24 20 0 18 40 24 16 
10 15 2 13 32 24 24 24 10 34 9 29 35 30 37 33 5 11 25 37 19 32 36 27 26 29 34 29 28 23 20 33 15 21 36 25 30 30 45 29 13 13 22 21 12 18 0 37 32 28 
39 34 37 27 15 35 18 38 33 37 34 15 26 25 22 31 39 40 22 43 23 11 26 17 43 16 35 32 39 44 27 28 28 32 24 27 34 9 22 35 45 34 29 24 32 40 37 0 35 30 
25 35 34 24 22 9 19 27 32 39 37 21 13 10 20 30 33 37 34 30 38 24 19 19 28 38 3 5 10 26 33 20 23 22 21 14 21 30 26 13 31 39 40 36 23 24 32 35 0 24 
22 19 29 26 19 20 16 10 33 15 33 25 18 24 18 7 26 25 37 13 28 25 12 19 14 36 27 25 29 17 36 8 14 33 13 27 5 29 26 12 26 25 21 20 28 16 28 30 24 0 
