200 199 11311928
66 172
172 150
150 152
152 141
141 46
46 186
186 43
43 173
173 120
120 183
183 55
55 6
6 180
180 86
86 40
40 41
41 153
153 75
75 91
91 158
158 56
56 84
84 171
171 39
39 16
16 129
129 33
33 32
32 12
12 54
54 20
20 52
52 170
170 73
73 125
125 161
161 58
58 77
77 23
23 24
24 44
44 166
166 188
188 15
15 79
79 11
11 136
136 191
191 47
47 116
116 61
61 108
108 163
163 2
2 148
148 38
38 36
36 160
160 146
146 119
119 67
67 104
104 178
178 42
42 199
199 22
22 196
196 105
105 169
169 48
48 149
149 101
101 93
93 194
194 60
60 117
117 25
25 177
177 118
118 3
3 64
64 192
192 200
200 34
34 87
87 110
110 159
159 147
147 109
109 74
74 5
5 179
179 29
29 184
184 7
7 68
68 181
181 99
99 167
167 98
98 162
162 10
10 134
134 151
151 123
123 70
70 130
130 81
81 26
26 82
82 193
193 137
137 182
182 189
189 69
69 17
17 174
174 128
128 121
121 76
76 1
1 53
53 155
155 78
78 4
4 126
126 19
19 142
142 102
102 124
124 187
187 37
37 132
132 63
63 18
18 190
190 140
140 113
113 59
59 145
145 85
85 62
62 21
21 100
100 94
94 90
90 112
112 144
144 57
57 197
197 185
185 80
80 156
156 133
133 97
97 65
65 50
50 96
96 114
114 13
13 122
122 88
88 195
195 9
9 143
143 31
31 83
83 115
115 8
8 89
89 49
49 175
175 45
45 157
157 111
111 154
154 164
164 95
95 28
28 30
30 106
106 165
165 138
138 51
51 107
107 103
103 14
14 35
35 71
71 168
168 92
92 127
127 27
27 139
139 176
176 135
135 72
72 131
131 198
