5000 4999 4897251
4505 1429
1767 1429
3932 4505
4160 4505
4753 1429
2459 1429
4085 1429
3819 1429
1234 4505
4029 1767
4032 1767
1600 1429
4616 1767
1580 1429
4267 1767
1581 4505
4307 1767
4380 1767
708 1767
4422 1767
1991 4505
2138 1767
4513 1429
1743 3932
1896 3932
4217 3932
1573 3932
4669 4505
1653 4505
4243 3932
960 3932
1531 3932
2864 4505
2560 4505
4496 1429
2590 1429
1680 4505
1059 4505
692 3932
1038 1767
4176 3932
1927 1767
1251 1767
3117 1429
949 3932
1041 1767
3252 1767
1004 4505
2354 3932
4884 1767
4393 1429
1739 1429
1461 1429
1428 4505
4308 1767
921 1429
4570 4505
3968 4160
4947 1767
42 1767
4055 3932
196 4160
2468 4160
1028 1767
2086 1767
792 4160
4110 4160
3886 1767
979 4505
4644 1429
1206 1429
343 1767
1655 1767
2659 1767
1132 3932
4852 3932
3469 1429
599 3932
1115 1429
2555 4160
283 4505
1350 3932
1485 1429
484 1429
1162 4505
2776 1767
4467 1429
1799 1767
3741 3932
3041 1429
1520 4160
1526 1767
345 4160
3977 3932
4983 4505
3253 4505
3476 4160
85 1767
4246 1429
2584 4505
2113 1767
1474 1429
1230 1429
4958 1767
1939 1767
4324 3932
777 1767
2514 3932
1252 3932
4417 3932
1014 1767
4432 4160
1867 4505
4180 1767
1895 1429
3733 4160
750 4505
1225 1767
715 3932
977 1429
263 1767
193 4160
216 4160
4038 3932
3487 4160
2078 1767
1062 4160
1295 1429
876 4505
190 4160
1369 3932
379 3932
3163 1429
2154 3932
4549 1767
3100 4160
4941 3932
4683 1429
3675 1767
2014 1767
3176 1429
1362 1429
1690 4505
2170 3932
1285 4160
1444 3932
961 4160
1169 4505
1694 4160
1455 1429
1546 4505
4511 1767
4096 4753
4622 1429
1908 1429
2211 1767
2305 4753
1651 4160
4242 4753
598 1429
3293 4505
308 3932
2799 1429
958 4505
1376 3932
3850 1767
509 1767
2721 4160
2551 3932
4277 1429
3008 4160
3397 3932
4973 4753
4206 4505
980 4160
1934 4505
3592 4753
1637 3932
116 4505
3840 4505
122 4505
4516 1429
2385 4505
3137 1429
3415 1429
816 4505
2068 1429
2903 3932
3093 4160
1113 4753
401 4505
4623 4753
269 1767
1244 1429
4799 4160
2609 4160
2676 1767
3548 1429
1722 1767
3528 4753
133 4160
1569 4160
694 1429
3147 3932
405 3932
738 4160
1879 3932
1020 1429
3171 4505
1857 1767
1307 4505
4457 1429
4995 3932
2749 3932
4276 1429
125 4505
4142 1767
3793 1429
1965 4753
2701 1429
4981 3932
574 4160
1744 4753
4059 1429
892 4160
3019 4505
4076 4160
780 4160
3711 1767
2670 4160
3005 3932
4907 1429
805 1429
3931 3932
789 1767
923 3932
3727 4753
4849 4753
1507 4160
3980 1429
3143 4753
2714 4753
4525 1429
289 1767
2516 1767
1893 4160
4452 4160
1282 4753
4291 1767
102 4505
3770 3932
2030 1429
681 4753
4128 4505
1476 4160
973 1767
3536 1767
1439 1429
3940 1429
4192 1767
397 4160
928 1767
873 4505
2554 4160
2603 3932
1501 3932
3112 4505
4967 3932
1771 1429
1723 3932
2733 4505
3404 4753
1667 3932
4573 1429
506 1429
3105 3932
1976 1767
3370 4160
2444 1767
2461 3932
1458 3932
855 4160
705 4505
3655 1429
944 4753
4288 4753
4571 1429
3936 4505
570 3932
3431 4505
813 1767
4526 4505
3676 4505
1788 3932
1453 3932
144 1767
996 1429
1684 1767
461 3932
4754 4160
1286 1429
2779 3932
4632 4505
3038 4505
4398 3932
3585 4505
1442 4160
4996 3932
1820 3932
4642 4753
532 1429
3466 1429
989 3932
3963 4505
718 4753
4866 1767
4260 4160
1406 4753
3606 4505
1030 4505
3817 4160
3893 3932
233 1429
3378 4753
4763 1429
3329 4505
1835 1429
4204 4160
3869 4160
3721 3932
4093 1429
648 1767
2141 1429
4637 1767
477 3932
4872 4505
3039 3932
4544 4753
3999 4753
3279 4505
4987 4160
2774 3932
2175 4753
328 4505
1828 3932
4228 4160
3451 4505
2499 4753
4796 1767
2853 3932
4597 4505
4864 1429
744 4160
3537 4753
3474 4160
3801 4753
2352 4505
2288 4160
4166 4505
2945 3932
874 4753
4433 1767
1479 4753
4954 4160
3724 1767
4132 1429
1029 4753
2055 4753
1405 4753
2833 1767
3392 4160
1419 4160
1265 4160
1844 1767
1549 3932
494 4505
2949 4160
3435 3932
731 4160
1411 1429
371 4160
4662 4753
4556 4505
778 1767
1022 3932
2848 4753
467 4753
4718 1767
3238 4505
3646 4753
3129 4753
2645 4160
2742 4505
4470 4160
1539 1767
887 3932
794 1767
1689 1429
352 1429
4885 4505
1483 1429
2797 3932
1430 3932
1207 1429
3175 1429
2433 4505
387 1767
3578 3932
1721 4160
2741 4505
4344 4505
3656 4160
1070 4160
3342 4160
656 1767
1847 1767
1534 2459
4158 1429
2233 4160
3549 2459
380 4505
1021 4160
1091 3932
4704 1429
4070 3932
3031 2459
4599 3932
28 4160
3308 4753
4579 1767
2492 4753
4354 1429
3599 4160
163 3932
3873 2459
4187 4160
4194 4160
3566 2459
4776 2459
3363 2459
1815 4753
4184 1429
4986 3932
3903 3932
1714 4160
1786 4160
72 3932
2296 3932
250 4160
4458 4505
4942 1429
2860 4753
3880 3932
1477 4505
3730 4753
1585 1429
3206 4753
1160 2459
1769 1767
2842 3932
2647 2459
3470 1429
2552 4160
3624 4160
252 1767
797 4505
1278 2459
1248 4160
3713 1429
3478 4753
120 4160
4922 2459
2119 3932
2832 4753
367 1429
2836 4753
2430 1429
2324 3932
771 4505
2524 4160
3340 1767
1777 2459
2927 1429
4314 2459
2873 2459
1821 3932
818 4160
4369 4160
1537 1429
2102 2459
2037 4505
522 1429
2713 4753
1778 3932
4766 1767
2875 4753
2401 4160
2661 4505
2445 1767
2148 1767
3263 1429
3912 4160
1963 2459
454 4505
983 4505
2523 2459
2200 1429
1354 4505
4134 4505
2529 2459
4893 2459
2917 4505
3475 2459
1051 4160
1666 1429
4068 4753
2887 4505
1496 1767
223 1429
3473 2459
3611 1429
364 4505
4396 2459
783 4753
285 1767
2051 4505
100 4505
1224 2459
2215 4505
4937 3932
3800 1429
4328 2459
3353 4505
1118 2459
493 1429
4084 1767
4445 4160
2339 1429
4208 4505
1673 3932
4615 1429
3408 4753
3490 4160
1454 2459
600 3932
926 3932
1232 1767
4224 1767
4097 4753
2988 1767
298 4505
1382 4753
4786 1767
2183 2459
1341 4505
445 4160
413 1429
3564 1767
3693 1767
2649 2459
203 4160
1988 1767
1522 4753
1434 4753
3140 2459
1015 2459
1993 4753
3235 3932
4469 2459
2978 4160
4725 4160
31 2459
2205 3932
3752 1767
2866 3932
3957 2459
2181 4753
3834 3932
4540 2459
1235 3932
10 2459
1962 1429
3118 1429
2308 2459
2970 4160
90 4505
562 3932
3445 3932
3283 1767
1413 3932
2436 1767
3251 2459
4660 3932
3982 4505
2629 1767
1408 3932
582 1429
1661 4753
3481 4160
4019 2459
2702 1767
490 1767
4613 4160
2300 4753
2969 1767
555 1429
334 1767
61 1429
3050 4160
386 4505
3420 4505
1979 4505
2595 1429
612 4505
1446 1429
3330 4160
3167 3932
2135 4505
2279 1429
952 3932
4946 4753
2232 3932
4953 1767
1462 4505
2054 4160
4170 4160
381 1767
1868 1767
4502 1767
1 4753
3494 2459
986 1767
1482 4753
3689 3932
1756 4505
3448 1429
1200 1767
2470 3932
3570 4753
2826 4160
2719 4753
1547 2459
4485 3932
337 4753
4736 4505
2290 3932
2841 1429
3938 1767
1391 1767
4290 4505
1987 4753
4027 4753
2805 1767
2561 4753
1321 4753
2513 2459
3907 1767
3351 1429
146 2459
4844 1767
3198 3932
3434 4753
1398 1767
1284 4505
752 1767
4586 3932
2281 2459
828 1767
4410 4753
1822 4160
4539 2459
4687 4505
4992 4160
2329 1767
2896 4160
2001 3932
3941 3932
4023 4160
4025 4753
2171 4753
4109 4753
3702 4505
4891 1767
2075 1429
2772 2459
1174 1429
1903 4160
503 4505
1924 4753
2092 3932
78 4505
1318 1767
4882 1767
2073 3932
4627 4505
1179 1767
3270 4753
1421 4505
4319 4160
4732 3932
176 3932
2920 3932
2591 4160
463 1429
2463 3932
3973 2459
2943 3932
4781 4160
3161 3932
2720 2459
1834 1429
63 1429
4313 1429
1102 1767
388 4753
2228 2459
4855 1767
2989 3932
3586 4753
3111 4505
3061 4160
2926 4160
2579 4505
2585 4160
603 4505
4733 1767
934 2459
25 4160
2383 4505
2033 4505
4356 1429
3390 4753
220 1767
2391 1767
3557 3932
803 4753
4711 4505
745 4753
4741 1767
2341 1767
1395 4160
1414 3932
2441 1767
2067 3932
4434 3932
1203 4505
2636 1767
3527 2459
4334 1767
2705 2459
4411 4753
819 2459
2953 3932
907 2459
1960 4160
4483 1767
4264 2459
3946 4505
4181 2459
643 4505
425 3932
2358 4160
4610 2459
2999 4753
1671 2459
2206 1767
3608 1767
1007 4753
4333 4753
3177 4160
62 4505
2202 3932
49 4753
2310 3932
3574 2459
1579 1429
2725 1767
2929 2459
212 4160
487 4160
1668 4753
199 1767
637 1767
2321 1767
2342 2459
1080 4160
3970 4160
74 4753
498 4753
2865 1767
2644 4160
4629 2459
3615 2459
4815 3932
2990 4753
56 4160
4568 4160
561 4753
946 1767
205 1767
4898 1429
1346 4505
3458 3932
2244 4160
4435 3932
4145 1429
3015 4160
735 4753
4103 1429
2746 4505
2294 4505
3933 4753
3984 4505
3219 3932
318 4753
1764 1429
3639 4753
3058 4505
1166 3932
2794 4505
1978 3932
48 4505
4113 4505
2404 1767
2643 1767
2760 4160
2140 2459
1554 2459
2254 1767
4425 1429
4450 1429
2277 1767
2921 4505
375 3932
1097 2459
1662 4160
2675 4160
3677 3932
4745 4505
1873 1767
3291 1767
2504 1767
1469 4753
3826 3932
1506 3932
2835 4160
1017 4505
1798 4505
3025 4753
3699 4753
2064 1767
2679 4505
201 2459
2710 4505
774 4505
4200 4505
3708 4753
1374 2459
2240 2459
4913 4753
1874 2459
1422 2459
1161 4505
2526 4753
4760 1429
888 4753
2962 3932
2593 1767
3344 1429
183 1767
2847 4160
3447 1767
2717 1767
1036 3932
126 4160
354 3932
3426 4753
2432 4753
1575 1767
1356 3932
294 3932
3681 1767
2992 1767
492 1429
4418 4160
321 4505
4869 1429
4461 1429
2559 1429
964 2459
333 2459
3947 4160
2080 3932
2018 4753
2229 3932
2083 4505
4830 3932
3964 2459
1205 4160
1929 3932
827 2459
218 2459
3103 4160
3374 4505
3571 1429
1819 4505
1881 1767
378 4753
4138 2459
3459 4160
4667 2459
1242 4505
1905 2459
4286 2459
3768 4505
547 4505
1404 4505
3266 4505
614 1767
2922 2459
639 4753
3309 2459
4943 4160
2114 2459
4348 4160
1696 1429
2961 4505
3500 4753
2577 4160
1294 3932
80 1429
1467 3932
3337 1429
1846 4160
2368 1767
3060 4505
1154 4753
517 4160
513 2459
3852 1767
1946 2459
3645 2459
1527 3932
997 3932
1491 3932
4270 3932
4388 4753
1843 4160
1755 1767
2158 4753
4804 1767
510 2459
901 4160
2657 2459
748 4753
3146 2459
2571 2459
1498 4160
3966 4160
1084 4505
4091 1429
2871 4160
2618 4160
89 4505
3729 2459
4624 4160
4787 1767
2688 4160
4193 2459
1390 2459
3530 4753
4316 4753
1109 3932
4823 2459
1836 2459
4714 1429
4135 1767
4466 4160
4532 1767
1935 4753
3808 1429
683 4160
2660 1767
3461 4160
4453 4505
499 1429
213 4505
1117 4753
1183 4753
145 4160
1765 2459
1733 3932
465 2459
2478 4505
779 1767
1590 2459
1140 4753
1388 1767
1445 4505
1493 1767
4253 1767
4241 2459
2258 1429
4552 3932
3897 2459
3030 1429
1329 3932
4916 2459
429 1767
935 4160
2094 1767
2980 3932
2977 2459
436 4160
204 4753
2897 4505
1646 4753
3424 1429
4449 2459
4589 4505
486 1767
1076 4160
4102 4160
351 4505
3644 4753
2918 4753
1541 1429
404 4160
4413 1429
281 1767
3092 2459
2130 1767
2247 2459
4634 4753
2515 2459
4301 3932
2451 3932
1513 1429
2888 3932
29 3932
2975 1767
2045 4753
969 2459
3749 1767
3022 4505
1090 3932
630 4505
60 2459
4499 4505
4834 4753
3333 4753
859 3932
1587 1767
1584 1429
1708 4160
170 4505
3558 4753
4963 3932
4944 3932
4060 2459
4177 3932
3065 1767
3701 2459
3745 1767
400 4753
3613 3932
1433 2459
1247 2459
3617 4160
3691 1429
47 3932
109 4160
4991 4753
3875 1767
1044 4160
2060 4160
4592 3932
1715 4753
3007 4505
229 4160
2831 1767
3289 2459
1181 1429
930 4160
1982 1429
4046 3932
2789 3932
3764 3932
3805 2459
2622 2459
4229 1429
2958 1429
187 1429
4868 1429
865 1767
1882 4753
1697 1429
3153 4160
3497 1767
3332 1429
2825 3932
3145 1767
1553 1767
372 3932
2353 2459
4442 2459
2091 3932
4984 1429
2542 1429
4979 4085
5 4085
1636 2459
497 3932
700 4753
3331 4085
3119 1429
243 3932
2912 1429
4757 4505
2556 2459
3320 2459
860 1767
3045 1767
1894 4160
4863 4505
1948 4505
2532 4753
1133 1767
2453 2459
4578 4085
1275 1767
2264 4505
264 4505
2934 4160
1806 4160
1674 4085
150 3932
4696 1429
3227 4085
3780 3932
341 4085
841 4085
2304 4505
1884 1767
3842 4160
462 1429
2576 3932
4438 4085
94 1429
447 4160
4377 4753
4729 4085
2369 2459
1734 4085
3423 3932
4894 1429
3186 1429
3131 1429
1597 1767
3418 2459
916 4085
2263 4160
4326 1429
476 1429
245 4505
4464 4160
3757 1429
4447 4160
3229 4160
4581 4085
2933 4085
4105 3932
645 2459
3395 1429
1006 2459
4914 1767
530 1429
4536 4505
991 4505
3181 4505
4423 4753
4130 2459
2687 1429
2574 3932
1989 4753
2491 3932
4279 3932
3956 2459
3924 4160
3787 4753
4251 4160
2225 3932
3432 1767
832 4160
4456 4160
1779 3932
4523 4505
3231 4160
4309 4085
3455 4753
200 3932
3582 2459
3273 4505
1544 1767
3122 2459
2126 4085
2998 4160
4381 2459
500 1429
4693 2459
4723 4085
3748 4753
3860 4160
2614 4085
2000 1429
1589 1767
1324 3932
3292 4160
431 1429
1481 4085
4625 4505
2374 4160
1664 1767
2011 3932
3508 4505
1897 2459
52 2459
1599 1767
3040 1767
3503 4753
3507 4085
4588 2459
3581 3932
4706 1429
4789 1429
1640 4505
4682 4085
427 4160
2744 1429
1672 4085
1598 1767
4619 4085
3879 4160
43 4085
948 4085
4347 4753
1542 4505
2318 1767
2209 4505
869 4505
2817 4505
1641 1767
3979 4753
4355 3932
3858 2459
1766 2459
4106 1767
1608 4160
671 1429
18 4160
809 1767
3978 1429
607 1767
1288 4753
4715 1429
4119 1767
4090 4085
153 1429
2594 4085
3865 4085
1438 4085
4674 4505
1011 2459
2624 4160
4238 1429
925 4753
1032 4505
2153 4505
3588 4085
2617 1767
336 1767
4252 1429
2521 4160
402 1429
4179 4160
3000 1767
1679 2459
4614 2459
4594 4085
1511 4085
687 1767
4063 4505
1968 4085
592 4753
2179 2459
3898 4085
678 4085
525 4753
4606 4085
1759 2459
2061 4160
1147 4085
4853 1429
4462 3932
4820 3932
3778 1429
422 1429
1926 4160
4296 1767
1772 1429
2116 2459
3950 4160
2747 1429
2944 1767
1958 4160
2317 4160
173 4753
1073 3932
1872 1767
1164 4160
169 1767
879 4753
2910 4753
4165 4505
1728 1767
4974 3932
850 1429
2909 4505
3626 4505
3998 1429
1142 1429
98 4753
4069 4085
1523 1429
1966 1429
1031 1767
3605 1429
3499 4505
4065 2459
2312 1767
3874 4505
4409 4160
732 4085
1919 4505
51 2459
81 3932
4139 2459
596 3932
1826 2459
3484 1429
616 4085
4694 1429
3986 4753
2828 4160
995 4505
4370 4085
149 1429
4156 1767
3072 4505
11 4505
753 1767
1629 4505
1784 2459
2370 4505
3317 4505
3621 4085
209 3932
2722 4505
2299 1429
2766 4505
2004 4160
320 4505
838 4753
4129 3932
2422 1767
3430 3932
2489 2459
1954 1429
3523 4085
3960 4753
1246 4505
2177 2459
3573 4753
4421 2459
2802 3932
1669 4085
3765 2459
3195 3932
1358 4505
920 4085
4980 4160
1796 3932
586 1429
1649 1767
1012 4160
751 4505
2718 4505
2730 4085
1741 1767
4507 4505
3813 1429
4482 2459
4874 1767
2919 4753
2540 4505
4638 4753
464 1429
4490 1429
4626 4753
3763 4085
3706 4753
1969 2459
1310 2459
741 1767
1472 4753
4970 4505
241 4505
3883 3932
2851 4160
4050 1767
2198 1767
2074 1429
669 4753
420 1767
2108 1767
4127 4505
4924 3932
3868 4160
3088 1429
2623 4753
3276 4753
2006 1429
202 4160
2654 1429
115 4753
1595 4753
1985 4753
1833 2459
2818 4753
282 1767
2384 4753
764 1767
3020 4505
2768 3932
2898 4753
1211 2459
3101 4160
452 2459
4748 4505
4474 1429
2057 4505
3001 3932
685 1429
3328 2459
924 4753
3021 3932
1699 1429
3563 1429
1540 4085
1849 1429
2731 4753
4906 4160
1465 4505
1204 4505
2878 4160
4285 2459
609 4085
2823 4505
1829 4160
3318 4160
408 4160
4998 1767
3997 4085
4018 4753
2600 4753
2273 4160
3705 3932
3170 1767
2434 1767
54 4160
4040 1767
666 3932
3265 4085
3218 3932
242 1767
2076 4160
544 2459
1760 1767
2689 4160
1698 4753
3062 1767
4890 4505
206 4505
2668 3932
3130 3932
2648 2459
4212 1767
1724 1767
2942 4085
766 2459
1226 2459
17 3932
4315 1429
1619 4753
2109 1429
820 2459
2991 4505
4004 3932
1266 1429
2003 4160
2319 4085
3830 1767
4847 4085
3465 2459
1054 4753
3319 4505
821 1767
2503 3932
1807 3932
1236 2459
4811 1429
974 2459
143 1429
646 1767
3056 4505
2696 3932
4012 1429
1500 3932
349 4753
3854 4085
4639 1767
2711 3932
2474 3932
1231 1767
610 4505
591 3932
159 1429
1577 1767
4402 4085
359 1429
3993 2459
3792 2459
1165 3932
3106 2459
121 4753
1984 1429
1269 4085
1816 4085
773 4160
481 3932
1605 2459
3399 4160
2959 4505
3847 2459
2706 2459
3791 1767
2572 4505
1949 2459
2355 2459
2820 2459
3779 2459
3825 1429
2753 4505
2112 4505
1343 1767
4416 1767
2344 4160
722 3932
573 4753
3097 3932
4778 3932
4221 3932
1158 1767
254 2459
2885 4505
4294 4085
3726 4085
3197 4505
1770 2459
2937 3932
3425 4160
2084 4160
2059 4085
3884 4753
1393 1767
3994 2459
559 4085
1253 3932
488 4160
4790 4753
967 4505
3267 364
3760 4937
2217 100
1302 2215
4656 3800
541 783
775 3800
1220 4396
3304 100
1441 4328
3354 4328
675 285
4151 100
3504 1118
3139 100
772 1224
2251 1224
4524 4084
2027 493
1349 4328
3400 2215
2827 493
3863 2215
4940 4328
3889 4084
3268 4445
3248 2339
1340 4328
2557 1673
265 4445
4734 4445
714 4615
1995 4445
1098 3353
1727 1673
2155 1118
106 4084
118 4445
1745 493
4812 1673
2641 4084
1134 3408
1508 3408
446 4208
4801 4208
1383 3490
3772 4615
2716 3408
2567 3408
3169 1673
174 926
2313 3490
761 4224
2610 1232
701 2339
3812 1454
40 600
3672 926
4300 4224
4268 600
2863 3490
2186 3490
2683 926
1563 4224
451 926
3859 3408
3546 298
2798 2988
2178 1232
1475 1382
4067 1232
1335 4224
602 4097
707 2183
1263 298
1396 2183
4510 1382
1443 1232
1659 298
4831 4224
558 4097
4652 2988
3313 445
4672 3564
1379 4097
4163 1341
4005 298
890 1341
2297 1382
2502 3693
759 2988
1182 2183
760 298
2024 2183
677 1382
1191 1341
4825 1341
508 2649
572 203
1092 3564
1403 2649
2709 2183
1435 1988
4548 1434
2780 1988
3200 445
742 1522
4382 445
3322 445
4575 1993
587 413
70 2649
886 3693
1633 1434
2939 3564
117 3693
927 2649
1123 1988
2631 1015
943 203
535 2978
2824 3235
2309 1522
2606 4725
842 2978
1103 1988
3985 1988
439 2205
2423 4725
2837 4725
3832 3235
4746 3140
2416 2978
4598 2866
1293 2866
1386 3140
3614 1993
2218 2978
660 1993
3555 2181
41 4725
684 2181
3887 3235
3836 2205
4928 2205
3094 2978
2616 3752
4580 2205
1596 31
1654 4725
4350 2205
1617 31
1701 2181
1457 3957
3416 10
3654 2866
4468 3957
3714 10
4297 2866
1994 3752
4240 4540
1776 4540
3441 3752
4994 2970
2517 2181
2040 2970
1855 90
186 2181
1290 4540
3636 2181
1268 3834
3172 1962
913 3445
4774 4540
1789 3445
682 10
2035 4540
2846 1962
970 90
2984 1235
3428 2308
2230 3445
4655 2436
3203 3283
4000 2308
142 2436
1426 2436
2122 3283
403 3283
953 4660
1196 3283
1272 4660
4024 3445
3525 1413
2536 4660
3797 3283
565 3445
4783 3982
1459 3251
4945 1413
2858 4660
998 3251
2097 582
4028 3251
2699 3982
2830 2629
4850 2629
568 3982
2320 3481
4931 1413
236 2629
1716 2436
314 1661
4335 1408
3013 4019
3467 3481
2936 4660
392 1661
3806 4660
416 1661
4678 1661
2605 582
1170 582
4977 4613
3394 4613
1922 2969
1249 555
1574 2300
2039 2702
2191 490
4648 1661
1810 582
2151 61
348 555
2379 4019
1726 4613
894 490
1803 61
248 334
1930 4019
3736 3050
1524 490
3848 2702
1199 2300
1700 555
4233 3050
2914 490
4769 555
1172 2300
505 1979
256 1979
172 3050
4311 555
1827 1446
3299 2969
4533 2595
1732 1446
1364 3330
3095 1979
1198 61
4320 386
857 612
2382 2135
1274 61
2994 1979
2856 3420
3531 3420
2407 612
2518 386
3327 2279
824 1446
4026 2135
3516 952
1613 3167
3295 2232
3483 1979
1892 1979
3127 4946
676 3167
658 612
4428 4946
3922 1446
4904 2135
2298 1462
2612 1446
2419 3167
3377 2232
2498 4953
1650 3167
4310 381
739 4953
1615 2279
2005 1462
1761 1462
1093 4946
4503 381
3192 381
3410 2232
749 4953
4677 1868
1141 2232
327 381
1057 4953
2625 1
4860 4953
4915 4953
4374 3494
4933 1482
1986 3494
2781 2054
2810 1482
1586 4170
872 1868
409 381
3789 3689
147 381
224 1
1663 1868
3553 3689
1003 3494
2633 4502
3839 1
4508 986
4272 3689
1385 1756
2327 3689
4527 1482
197 1482
3491 3570
852 1756
5000 2826
104 2826
3556 3494
4777 986
3411 3570
1148 986
2105 1482
2495 3448
2570 4485
1923 1547
1005 2826
2642 4485
3358 3689
3278 4485
3124 337
110 337
1101 337
2664 1200
1519 4736
3679 1547
3511 1547
3799 1200
3725 4736
3811 4736
2786 4736
4717 1547
157 2719
84 3938
3521 2290
800 2826
247 4485
2219 2290
3036 3938
2671 1547
3409 1391
1848 4736
870 4027
1692 1391
3717 1391
2235 2805
1938 3938
3925 2561
3590 4290
2635 2841
4327 4027
2615 2841
2793 1321
1906 1987
4770 1391
3463 2561
2530 1321
2267 2805
1119 2561
3616 4290
4174 1987
257 1987
1431 2805
526 4027
2212 4290
1061 4844
2197 2805
4976 4027
4670 2805
1825 3198
3221 2561
1328 3198
1432 4027
4808 1321
2452 1321
2435 3907
2222 1284
1048 4844
3540 3351
399 3351
1974 3198
1023 1284
650 3198
124 3351
1060 3907
2743 1284
1233 752
1647 752
1339 3351
1130 3198
4908 828
276 3434
3389 1284
3326 4844
2868 4586
4659 1398
4542 4410
4081 828
2795 752
4117 3434
914 4586
382 828
479 1822
1126 752
211 4410
33 1398
2413 4539
4702 4410
3485 828
912 2329
2372 4539
2364 2329
1850 4992
1332 2001
1677 4586
4564 2329
2952 4992
2613 4992
3438 4687
837 2329
3533 3941
21 1822
2941 3941
2859 1822
4053 4992
1567 4539
4041 2329
225 4687
1571 4023
858 3941
867 4687
160 4109
1067 4687
3220 3702
941 2329
4810 4025
1480 4891
67 2171
3002 2075
1675 2896
2900 4025
3609 2171
605 2772
3212 2772
711 4023
1239 1903
1711 3702
2527 2772
1229 4891
1800 2772
1127 2171
4814 4109
3009 503
4150 1903
1792 4109
2389 2092
1334 1903
288 2772
2107 2092
1657 2075
557 1318
3600 1318
726 3702
1417 4882
3162 78
2809 2075
1795 503
4235 503
2666 78
3182 503
432 1924
491 2073
4349 1318
4213 1924
3457 4882
1643 1179
4550 1903
309 1903
1738 1318
4440 78
903 4882
3419 4882
1644 1318
1392 1318
4401 4732
355 4627
2101 2092
1538 1421
686 4732
1957 176
2487 4732
1817 1421
389 4319
1254 176
3384 4319
2881 4627
4115 176
689 463
1144 4732
2462 1421
798 4627
3107 2591
4807 3973
357 2920
2867 2463
1900 2920
3288 4319
4250 3973
2311 2591
4895 2463
877 1421
1043 3161
4273 4319
1973 2920
3804 176
4431 4732
2656 4781
1618 2920
2588 3973
2550 2463
2596 1834
3357 463
3059 2920
3584 4781
516 63
297 2943
2124 1834
4522 3161
3369 2943
942 2463
4935 63
2439 3973
3610 388
1303 63
3666 4313
3393 1102
3629 2943
1545 4855
2157 63
4603 1834
4195 63
2534 4313
710 2720
4353 1834
1614 388
4688 63
655 63
3642 63
1853 63
4077 2228
3383 4855
2378 3061
4596 3111
533 2228
3667 2228
4709 4855
4329 3061
1824 2579
4738 3061
3665 2579
472 2585
4020 2989
1932 603
762 3061
3023 2585
4275 3061
3049 4855
1145 603
3275 3586
1510 3111
972 25
2601 2926
2289 603
1495 3586
1313 603
1270 2383
3382 3111
4917 934
2981 4356
4926 2926
529 2926
2314 603
3587 2033
4322 2383
4929 2383
396 220
801 2391
4854 603
699 3390
4751 3390
2012 2391
2685 2383
4876 2391
128 3390
2150 2391
1775 3390
24 3557
1841 220
2905 2383
95 4711
709 803
1490 2383
266 2033
542 2033
2377 2033
3519 2391
3079 2341
4784 4356
2123 1395
4168 1395
4735 1414
4557 3390
2804 2391
4661 4741
279 4741
2100 4741
4015 4741
2728 745
2087 1395
1357 3557
4752 3557
4323 1395
1562 745
4262 1414
3239 1203
2349 2636
4646 745
2166 2067
3692 2441
4159 2341
909 1395
1703 1395
1916 4741
3479 1395
1106 1395
1532 2341
14 1203
3810 1414
2510 2705
814 2636
3017 4411
3387 3527
3489 3527
1914 2441
2627 2067
3674 2067
2908 3527
4765 3527
2350 4334
1521 1203
4969 4334
3477 3527
2147 4411
1052 2953
4298 4483
1271 4411
1124 2953
725 4483
4547 4264
2069 3946
4031 4264
3232 2705
1120 4181
2640 3946
101 2953
1610 4411
3640 4264
1256 643
1975 2953
1473 907
4794 4483
3591 819
340 425
2839 425
4737 2358
2110 2358
3240 2999
2894 907
1112 4483
2549 4264
2690 4483
4653 643
3452 643
728 643
3635 4264
2955 643
3113 1671
851 2358
2392 1007
2234 2999
4178 643
4708 3608
3661 2999
2598 425
4183 2206
1830 1007
2607 425
1856 425
3510 2206
4805 2358
305 1671
4203 4333
3929 2202
2365 49
377 1007
3759 4333
594 3177
4325 2206
1682 3177
1488 2202
2597 4333
2121 49
3823 3608
3882 2310
830 3608
123 3608
2125 1579
3312 3574
3862 49
3633 1579
4214 4333
1221 3574
674 2202
1901 2310
3373 2929
1039 2725
1075 2202
955 2929
2509 2929
3943 1579
2271 487
2082 487
933 2310
2628 487
863 1668
369 487
534 1579
3244 3574
3921 637
3545 1668
3123 637
3495 3574
3272 212
3048 637
1902 637
22 487
2085 2321
900 199
1327 3970
4878 2929
515 212
698 3970
3035 2342
2367 637
373 199
4394 1668
3744 2865
1180 2321
3496 498
4372 3970
2533 2865
4707 3970
3296 2321
2427 2644
2522 3615
156 2644
2915 74
363 4815
4521 3615
1001 2342
2460 2865
4649 4629
3311 56
270 3615
458 498
622 3615
4840 2990
1497 56
3914 4568
4287 4815
2968 4568
3018 946
184 2865
2400 3615
1315 4629
3057 4815
2065 2990
1685 4629
2545 56
3976 3615
1535 4568
4478 4629
1713 4568
1910 205
740 1346
861 4568
4371 56
2951 4815
697 4568
2242 56
2469 4435
1137 4898
2782 1346
151 4435
2626 561
370 2244
1108 4898
540 3015
3816 3458
3151 205
899 3458
2787 1346
3871 946
2784 2244
2362 4435
3026 205
4317 4103
155 2294
618 1346
59 1346
3307 3933
831 4145
3949 3458
1572 4435
1089 3984
2007 2294
4742 2746
1752 4435
978 3984
1624 3933
3029 4435
1371 3984
4147 4103
1042 3933
274 2746
3746 2746
3305 2746
1832 318
2882 2294
3638 3219
3899 1764
3110 318
4358 3639
965 3639
2808 2746
1065 3933
3472 3058
4658 3058
2581 2294
1550 3058
4824 2794
4698 2794
1308 48
3774 1978
4234 3984
2564 48
2443 1166
482 2794
781 48
959 1764
2405 1764
549 2404
3647 4113
2497 3058
1568 3058
4481 3639
1665 48
3755 2794
34 2404
3376 2760
4966 2760
3551 4113
4035 1978
679 2404
4188 1978
1365 48
2899 2643
148 2254
3707 2254
4126 2760
255 2760
4999 2140
406 2643
1114 2404
261 4113
3753 2760
39 2277
843 4425
2520 4450
3541 4450
1953 2277
3262 4450
4880 1554
1628 1554
3735 2277
3996 2254
2133 2254
4346 1554
2256 2277
1528 1097
4961 1097
2972 4425
1860 2254
3133 3677
1399 1662
2844 1873
3710 1873
1301 4450
208 3677
1138 3677
2611 1662
4731 2504
717 2504
362 1873
651 2504
581 2921
1746 2504
3215 3291
825 3677
1509 2675
4563 1097
2325 3826
836 1506
4136 1662
1456 1662
3723 3291
2020 4745
3406 3677
161 3291
822 3826
905 2835
3350 1798
1245 3826
356 1017
638 1506
4342 1873
4795 1506
4013 1506
3737 2064
2467 3291
898 2064
4710 1506
2207 2679
1387 2679
132 2064
560 2064
4519 2064
2678 1017
2791 2835
1780 1506
2316 1798
3405 1017
939 201
1348 1017
4856 1798
4993 774
4475 2064
3632 3699
4144 774
2546 201
2578 3708
2704 201
1291 2679
1967 201
1304 4913
4124 2240
192 2679
2440 201
2777 2064
407 1874
769 2710
2348 1422
1842 2679
3750 2710
2481 1874
2480 1874
631 1422
35 4200
4403 1161
2655 4760
2420 774
313 3708
2589 4200
1111 1161
3509 3708
112 2240
2070 2240
4338 4913
1917 1161
1869 2962
3359 2962
2582 1874
2493 2240
3321 4913
1280 2526
3306 2593
426 2593
3003 4760
891 1874
4066 183
3682 888
1336 2526
3856 183
2431 2962
696 4760
4146 888
1116 2526
4078 3447
3033 2962
2763 1036
2724 183
4437 2593
3565 126
58 2847
4859 354
3164 2962
306 2717
1420 2962
1437 2847
4043 2593
4901 126
3895 1575
3433 3344
4724 3426
1064 1356
2428 1036
4420 2717
1602 2432
992 1356
3831 1036
4887 3426
326 3447
175 354
4873 2717
127 3426
4 3426
945 126
2870 2432
2734 126
3818 1575
2106 2432
2145 1575
4044 2992
4555 3426
3824 321
806 3681
883 4869
4249 1356
4306 2992
3814 1575
862 294
3652 1356
1034 1575
4620 294
3756 4869
4764 964
1972 492
3906 964
1257 4461
1008 294
2703 3947
4955 3947
2437 3681
812 321
1264 3947
1904 4461
770 333
1460 2018
342 333
2473 333
4566 2559
64 2080
3401 321
4829 2229
3138 2083
4408 2229
2501 964
2580 2018
956 4461
1555 2018
4191 2083
546 964
4572 2229
640 3964
473 2080
4839 964
1185 2083
3698 1205
2872 1929
1811 333
519 3964
1136 827
3520 3947
2884 1929
4112 3103
787 1929
3758 3374
2252 827
323 3964
1018 827
3247 4830
1297 827
1129 1929
4691 2083
316 827
3716 3964
2893 3571
4201 3103
2188 3374
2634 1819
1878 3964
4258 3103
3243 4138
2496 3571
802 1929
1217 218
3089 1819
435 1881
3845 4138
4284 3374
799 4138
724 3374
1622 3103
2095 378
111 3459
4185 1242
1909 3571
1552 3459
3148 4138
755 3459
962 3768
4965 4667
4686 1881
4671 1881
1424 1242
670 4667
3449 4138
312 4138
2053 3266
4182 1404
1099 3266
2986 614
304 4138
2890 547
4340 1905
4017 3459
3024 2922
4175 614
2488 1404
1548 547
258 1242
4022 4286
1072 1404
1736 4943
4768 2922
1100 4286
1046 3309
1464 2922
4602 639
4633 547
3514 4348
3623 2922
1033 639
4079 547
4376 3309
1785 1696
987 614
1551 2114
1079 3266
4650 614
1055 639
65 3500
635 2577
2058 3309
2964 4348
3910 3309
2139 639
1791 4943
844 80
3080 3500
2662 1294
3515 1294
4871 1294
3355 4348
3180 3500
4051 4348
871 1696
4082 2961
1516 3337
3885 1846
55 2961
4726 3337
4042 2577
1947 3337
1952 1467
3919 2368
4479 1467
4964 2368
990 1467
3775 1846
4172 2368
4088 1846
3740 3337
2932 2368
2778 517
2674 513
3361 1154
1499 3852
3108 1467
1071 2368
350 2368
1152 513
12 1846
3385 3337
2740 3852
680 517
3838 1154
1330 1527
189 3852
3324 3060
4643 1946
1931 1527
4959 1527
3242 1527
1751 3852
3043 513
849 1946
244 4388
2677 4270
931 997
1380 1946
1719 1527
634 513
2036 4270
788 1755
3795 4270
3958 1527
951 4270
2136 1527
259 1527
4730 1755
4651 1843
2694 4804
2811 2158
2408 1755
4248 4388
4756 4270
2351 4804
2146 4270
2326 901
4827 4804
1063 4804
4205 510
4339 1843
4793 1755
743 748
2398 1755
1394 510
3104 748
136 1498
4141 1498
4439 2571
2013 4804
480 3966
1186 510
4569 3966
2161 2657
3125 2571
4472 510
1604 2571
520 1084
4415 1084
4219 901
1702 1498
2693 1498
4352 3966
3012 4091
2044 3966
4039 3146
4541 2871
3207 2571
940 2871
3290 3966
385 2871
368 3729
4758 4091
633 4091
3580 4787
332 4787
335 4787
2680 3729
4952 4787
4517 89
4585 4624
1648 4624
2359 4787
4960 3729
301 3530
4351 4091
4054 4787
4833 3729
3683 4193
2337 89
3965 4624
993 1109
3158 2688
3286 1109
1415 1390
3360 4823
168 4823
1277 4787
3228 1836
1635 3530
4785 4193
3539 1390
2048 4193
1081 4823
3969 1109
3246 4466
1625 4316
3078 1390
1536 1836
3920 4532
2673 4714
4016 1109
2547 1836
3274 4316
4162 4135
2845 1109
1781 1109
2829 4823
1227 4714
2637 3808
595 1836
1466 1935
2729 3808
1397 3808
1876 4532
3074 4135
231 4532
496 4714
2343 4532
434 4135
2268 3808
2438 2660
1240 1935
2143 683
4727 4532
4477 213
1427 683
1219 3461
4743 1183
1243 1183
826 683
57 3461
3554 1935
3902 1183
1131 213
3210 1117
410 145
3066 1765
3948 1183
3136 3461
730 1117
3827 145
4494 1733
1209 213
4641 4453
548 4453
2490 1183
2756 145
1440 499
601 1733
291 145
3413 1733
2686 145
3641 779
315 1590
3132 1765
3028 1733
2287 145
4886 1590
366 145
501 1445
489 1493
4537 1590
917 1445
2196 1445
911 1733
2221 1590
4888 1140
1389 1493
2850 4241
4554 1388
716 1590
3450 1445
2236 1590
4256 1388
4341 4253
4473 1388
1353 2258
2592 3897
2976 1388
1851 1493
2511 1140
113 3897
1337 4241
13 4552
338 4241
4215 3030
1797 1445
4045 3897
4545 2258
2361 4253
3783 4552
641 2258
4919 4916
1998 2258
579 2094
460 429
2803 1329
3081 4552
119 1329
642 1329
280 935
4518 2094
2022 2980
3678 2094
2507 3897
4514 1329
4167 436
4654 2977
988 2897
4491 3030
2630 2897
632 1329
2544 436
2285 429
3751 2897
1839 4916
2192 3424
2562 2897
1377 2897
4889 935
4216 1646
1412 935
4989 2980
4611 436
361 2977
1002 486
3051 2980
4125 1646
4047 1076
3522 2897
3784 1076
2259 3424
3794 351
2712 3424
2682 204
971 204
3686 486
2456 3644
720 1076
2375 486
1925 2897
2115 1076
3422 4589
4384 351
1611 3644
3904 3424
2874 3644
1105 4102
1009 351
3259 4589
140 4102
1305 1076
2411 281
2965 3644
221 351
4932 3092
2667 4102
284 3644
3619 2918
1163 351
2548 1541
864 4102
4154 404
3055 1541
4657 404
3063 281
2176 1541
1087 2515
37 4413
4303 4634
2237 404
4788 404
3688 404
3456 2247
619 4301
4011 4634
4609 2130
1891 3092
531 1513
1964 2888
3833 2130
3911 29
3314 29
999 2130
3673 4634
2026 2247
4426 2247
2620 2515
3959 2451
2446 4301
3281 2515
1049 29
3934 1513
3579 29
331 4634
2429 969
4299 3749
2895 2451
4152 2045
4918 1090
3835 3749
1707 3022
4244 2451
3625 1090
2788 2888
167 1090
2931 2975
4802 3022
1773 60
3962 29
1593 3022
2029 29
365 4499
3323 969
4576 3333
4052 2975
2388 1090
589 3333
2531 3022
3191 859
4780 3022
4429 1090
1660 4499
430 60
767 1587
4920 60
902 1708
1372 4834
880 3333
4455 3333
2017 3333
2393 60
3412 60
3974 859
2180 170
2356 60
3365 4499
4009 4499
2144 1708
4247 3558
2646 4060
2738 4944
3211 170
3398 4060
4465 3333
3069 170
659 4177
3612 170
1168 170
2913 3701
4645 1587
578 3558
391 170
262 4963
4509 3065
358 3745
4007 4060
3658 3065
1621 4944
158 170
1214 170
1630 3701
3443 4963
1883 1433
384 1247
4822 1433
3356 1247
3285 4944
4072 1433
3841 3701
4083 3613
4406 1433
4595 3065
1150 3065
4390 3745
2173 3065
3245 1247
2537 3701
1192 400
2751 47
1612 109
3071 400
846 3875
556 3745
3900 3691
4821 3691
845 3875
4271 400
3168 1247
3334 3613
87 1044
4001 1433
3534 4991
1921 1044
3604 1715
1505 4991
2245 4991
833 2060
307 109
1564 47
1347 3691
4427 3007
1409 4592
4921 109
2448 2831
3115 47
3277 3875
2957 2060
1094 3289
303 2060
4231 1181
1402 3289
2891 3007
2752 930
442 2831
3583 1044
1069 3007
4211 2831
4133 4046
3722 229
3090 3289
2149 1181
4798 3007
3083 1715
690 229
475 3764
3538 1181
4095 4046
3075 4046
428 2789
3560 2789
2602 2789
4446 1982
239 930
804 2789
2062 1181
474 1181
293 2622
3952 3764
4861 187
2639 930
1609 2789
719 2622
2272 2622
2050 2789
129 2789
135 2622
3782 2622
908 4868
3183 3764
4386 4868
4749 3764
3116 187
2331 1697
3453 3805
4274 1882
1261 3153
1887 865
2128 187
4387 865
438 4229
71 3497
4618 2622
3073 1697
4806 187
2302 3153
1218 2825
2255 187
4092 4868
661 865
976 187
3254 4868
292 3332
253 3332
662 3332
1809 3145
620 372
2399 865
2855 3153
3054 3332
1688 1882
1463 2091
4617 1553
2220 1553
181 2353
3237 2353
3159 3332
3403 2353
2528 3497
4587 1553
881 4979
2414 2825
2879 1553
2418 4979
450 2091
2539 372
36 2353
1322 372
3349 4442
3498 4442
466 2091
4604 4442
1911 2542
2249 497
2227 497
3927 2353
3368 4979
2210 4979
1720 3331
4014 5
1620 3119
4990 700
3572 2542
468 4979
657 4984
4561 2912
2265 3119
4703 5
2137 1636
2270 243
4061 243
3802 5
2164 243
2403 3320
1436 4757
1121 5
4858 1636
947 1636
2736 700
2792 243
4405 3119
4292 2912
4118 3320
2315 860
1529 243
922 4757
4486 3320
4848 3320
4412 4863
1425 2556
4851 1948
3482 3045
3867 1948
2876 2912
576 4863
885 1133
3861 2532
1309 3045
2566 2556
3712 4757
4936 4578
3460 1948
2877 4578
3396 1948
88 1894
4551 1133
3718 2532
4383 4863
3975 2532
1202 1275
4877 1275
2663 1275
457 1894
550 1948
2167 1133
588 1133
4056 1275
1125 1806
3649 264
3659 2453
418 1133
1725 264
3743 2934
66 2532
2769 2934
1656 2264
3085 1674
528 1275
347 1806
521 3227
3653 4578
4881 2934
3091 264
1241 341
2253 3780
2901 4696
4448 4696
2079 264
1110 841
1804 264
2954 3780
1378 4696
2172 341
3216 341
1854 3780
3464 1884
2519 2304
4857 3842
3271 1884
733 341
4266 4696
875 3842
2911 462
3202 3842
1155 3842
411 841
2807 4438
3126 2304
1189 462
75 841
227 341
53 2576
1410 2576
3990 462
4116 462
4484 1884
3264 4729
3338 4377
79 3842
539 447
3853 4377
3524 2369
3781 462
4845 4438
2904 94
1259 2369
4498 2576
3364 2576
2758 2369
1695 1734
2 4377
3429 3423
834 4377
4254 4377
91 4377
2471 3186
4295 4894
3627 4377
3909 94
2771 4377
3260 3423
1367 4729
1937 3131
3480 4377
4582 4894
1342 2369
249 3423
810 1734
2159 4729
2479 1597
3486 2263
1210 1597
246 3131
2708 4326
4161 476
3154 476
868 1597
1045 245
3194 245
3589 3186
4321 2263
4841 916
3754 476
4225 3757
1676 4464
4392 4464
4719 4464
4424 2263
3851 3229
2333 245
3664 476
3518 2263
2759 4447
4263 2263
3348 4326
1323 916
4647 4326
1104 4464
3269 2263
92 645
713 2933
4495 645
1107 4581
1013 3395
4492 4105
3951 4447
1237 2933
1326 3757
2924 3229
2447 2933
2016 3757
134 3395
2335 3395
4197 645
4362 3395
235 4105
3872 2933
2410 4581
3381 3395
3901 3229
4364 530
3439 991
4366 4105
238 3395
3935 991
2303 3395
339 645
3179 4423
1058 530
1418 1006
4910 4130
915 645
3917 2574
590 4914
105 3395
4506 3181
4739 3181
954 4423
2224 4423
171 4130
1735 1989
4867 2687
4803 991
8 4130
790 3956
2421 2574
4282 4279
2066 991
4584 2491
2971 4423
4543 3181
4762 4130
4331 3924
1037 4130
4318 2574
1642 3956
2861 2574
3562 2491
3099 4279
1616 3956
2993 4279
228 2574
302 3924
2184 4279
4528 1989
3315 3787
1710 2225
4938 2225
4021 1779
808 4279
2412 2491
3135 4456
4956 4456
2269 3787
2345 4251
448 3432
207 4456
2902 4309
1314 4456
2276 4251
3769 3455
1025 1779
1592 832
137 3455
668 1779
240 3231
421 4523
4923 4523
3603 200
3121 200
4520 3273
3284 1779
3513 3582
4155 4309
4971 3231
2604 1544
4089 3273
776 4456
27 4309
1173 3273
1783 3231
4164 200
2783 3455
2293 3122
3087 3273
1484 3582
4444 3455
2169 500
2243 3582
2185 3122
1026 200
2608 3273
649 3455
2425 2126
4761 4723
2160 2126
1401 3748
615 2126
936 3582
1077 3748
93 3860
644 3860
1492 2614
1024 4723
4419 2126
3379 4381
3178 4723
4630 3122
1525 4381
2665 3860
3011 4723
1190 4723
260 1589
2466 3860
1096 3292
4099 4723
1912 3292
3282 431
3961 3748
3846 4693
1918 1589
1768 2614
1742 3748
4699 1324
26 431
4008 3748
4574 4625
3828 431
3916 1324
1344 1481
2163 3292
829 1324
2231 4625
178 3292
563 2011
360 2374
2573 4625
664 1481
4237 4625
2737 2011
1899 1897
470 1324
2987 52
1338 1897
4463 2011
2477 52
4302 431
2541 1664
4750 52
4767 4625
2156 3508
4504 4625
6 3508
1088 1599
2395 1599
1381 4625
4515 1599
1996 1599
2938 3040
2071 4588
3082 1664
667 1664
1740 2011
3595 3040
1793 1897
2454 4789
1683 52
2132 3507
4057 1599
1355 3581
3372 3040
4905 3040
1913 4588
3728 52
1583 1599
672 427
2691 4682
3303 2744
4705 4588
1281 4706
3217 3503
1582 1640
1197 1640
3258 1640
3257 3507
353 4588
1864 4789
1260 427
4879 4682
2739 3879
1487 4682
3471 427
4436 4619
3336 427
4621 4706
2201 43
1016 4682
3077 4682
4903 1672
1027 1672
1262 3879
3241 3879
1880 3879
3926 2744
4363 43
3155 43
1717 2744
3732 43
1319 3879
108 3879
3669 2318
4140 43
1559 2318
2723 43
4501 869
4607 2209
3386 43
2182 3879
4493 948
4560 869
3618 1641
2852 2318
3620 4347
1276 2209
456 2817
3068 1542
3992 2318
2338 4355
4546 2318
1678 3979
162 2209
4553 1766
1956 1542
3660 4355
141 2318
4930 3858
4562 2209
3803 869
848 671
3731 4355
4679 3979
3506 4106
44 671
1494 2817
4137 671
4538 1766
4186 1608
3160 1641
4220 1766
2260 18
453 18
83 3979
2973 3858
30 607
1448 671
1317 3978
985 1288
1951 809
3715 671
2380 4715
1561 4106
1971 607
2292 4715
625 1608
2330 671
3930 1288
299 4119
4430 809
3375 4715
4222 4119
2822 4715
4385 4090
4925 809
1704 1288
4535 4090
2387 1438
2088 153
3561 607
2935 4674
2653 1011
2558 4674
179 4090
3670 2624
3602 4674
763 4715
4720 153
4373 2594
3532 1011
185 4238
2189 2624
214 1011
3102 1032
4883 153
4605 1438
795 2153
3662 153
2997 925
538 925
654 1438
4169 4674
4075 4674
2812 4238
277 3865
4948 2624
712 3588
3939 1032
2697 2624
82 4238
444 1032
2034 2521
2483 1011
2238 925
1862 925
3053 2624
647 402
537 2153
3517 925
3341 2153
194 925
296 3000
621 4179
2332 4252
1747 4179
2117 3000
2475 4179
4590 4179
2727 1679
390 402
3954 2617
2500 4594
1840 4614
3634 2521
2814 402
4773 1679
1898 4614
2946 336
2099 4063
904 4594
768 2521
1066 4614
2386 4614
3542 4179
417 4063
2806 687
807 402
3301 4063
2193 1968
1866 3000
4559 2179
785 4063
4837 2179
1566 4063
617 4614
2162 687
1468 4594
2397 3898
2599 4614
4058 525
86 4594
152 4594
3261 3898
569 4606
3076 1968
2323 4606
1167 1968
3575 4606
4744 1759
69 592
2409 2179
929 4853
230 525
2773 2061
4400 4462
3704 592
4230 3898
4114 4820
1082 2061
4395 4853
4108 4820
4892 1759
1823 4606
2366 4462
2455 4462
4897 4606
1945 4606
2081 422
1578 422
3918 4296
3233 4462
3913 1926
4173 1772
138 1759
273 4820
3388 1147
3989 4296
1223 4296
3298 2116
1753 1926
2979 1772
1941 4462
3234 3778
3223 4820
3086 2116
2336 3778
3214 3778
3347 3950
2371 3778
524 2747
4480 1772
3788 2944
3942 2317
3173 2747
4601 2116
2735 3950
1943 2944
1050 2116
1331 4296
96 2747
1292 1772
310 1958
1530 2116
1588 1772
3142 2317
2465 173
154 3950
3843 2944
3141 2747
2266 169
1074 1872
2974 879
3367 169
3526 169
866 2910
2089 1872
3417 4165
3352 1728
567 2317
1999 4165
1915 2910
3981 1164
4716 879
2118 879
2394 850
3734 4974
3857 2909
2692 2910
50 1872
2586 2909
1283 850
2700 169
2098 4165
4033 3626
4257 169
268 3626
627 2910
1175 169
4813 879
4236 4974
76 3626
1187 3626
626 1728
4740 2909
786 1728
1591 1523
455 98
2563 4974
272 1523
2621 98
4870 1523
2286 3626
4565 4974
4312 3626
1705 1966
3492 1966
3032 3605
449 4069
4797 3626
3687 3605
906 98
1652 3499
20 4065
4912 1966
2340 1966
3892 3874
2063 4069
1287 3499
1750 2312
4950 4069
3446 98
3493 3499
1177 2312
4896 1523
4690 1919
287 2312
2417 1523
3016 2312
3881 4409
3047 1919
3690 3605
2458 4065
3821 3605
4337 4065
267 2312
2748 51
2226 596
1298 4065
393 3499
984 4065
3559 81
1300 732
3798 4139
3544 51
1273 4139
2357 616
4239 51
45 616
536 1826
2813 4409
606 4409
4094 3484
3796 596
3535 596
3027 3484
2538 81
3937 1919
2127 616
2587 4694
1193 616
4700 596
4988 2828
3650 3986
4304 1826
608 995
4227 149
3908 4156
653 2828
2223 149
1955 3072
2322 3986
4835 2828
3255 616
1632 616
3577 3484
1047 11
1543 616
695 3986
3391 4156
3945 149
1818 4694
2883 3072
99 3986
4636 4156
3550 1784
727 11
97 3072
652 2370
1345 995
1861 3317
2334 4156
1035 4156
2930 2370
3684 3621
4792 3072
2923 11
1139 2370
884 3072
1601 209
840 1784
3437 2299
1977 1629
2889 2722
823 2299
437 1629
2291 209
2402 3621
433 1784
2009 2722
3995 1629
383 2722
937 2766
584 209
1790 2299
4982 4129
1730 3621
2512 3317
4828 2766
4037 2422
793 2422
23 2766
2761 209
4957 2722
1980 2489
3165 3430
4460 2004
4500 2299
2002 320
2948 320
784 3523
2762 3430
1603 2766
3738 2766
2096 320
4471 1954
665 838
1515 3523
3070 4129
3064 2422
3915 838
2195 838
131 2177
3766 1246
4245 2489
729 1954
3543 3960
1040 1954
1149 1954
2049 2422
4087 1954
3325 3523
4902 1954
3407 3523
1311 3960
2819 2489
4534 1954
1351 3573
1794 3523
2754 3573
3855 1669
2023 3523
2282 1358
4476 3195
4336 1246
551 1246
1920 2802
796 2177
1375 3195
4397 3765
3010 1669
3316 4980
4530 1358
32 2802
2248 3765
564 1796
1153 3195
3236 1649
2494 3765
950 4980
2854 586
994 1358
1871 1012
290 1669
1712 586
2038 3195
4583 3765
3776 586
4143 1796
2090 1358
2543 2730
4909 920
2840 1741
919 2730
4265 1741
4666 920
3014 1741
4800 586
3844 586
624 751
835 2718
3622 751
2052 586
2869 1649
1558 2730
4759 1741
4862 3813
2028 4874
811 1741
981 2919
1787 2718
4189 2730
514 751
324 751
628 2718
1000 3813
1961 464
3287 2730
583 4490
3695 4482
585 4626
1238 2540
3576 4482
3150 4626
2658 3813
597 3763
311 4626
2347 3763
1216 3813
2216 3763
4684 2540
4407 464
346 2919
3226 2919
3923 4626
278 3763
4454 3763
2849 2540
1316 4490
182 741
702 1472
2373 3706
4293 1472
4226 741
2031 3706
2963 4970
4875 4626
1983 4626
575 1472
3501 3883
1863 741
2916 1472
103 741
2077 4970
3004 1969
3224 4970
1950 241
3894 2198
2650 741
1188 3883
2745 241
4101 4970
3037 1310
2363 4050
1748 3883
415 2851
3 741
4771 1472
1731 2198
746 4970
2208 2108
164 2851
4073 669
4003 2074
2306 3883
1489 4127
4062 2198
889 2198
4529 3868
3785 4924
791 2851
3696 2074
198 2198
2857 2108
191 3088
4343 420
2093 2623
737 2108
3144 669
4232 669
815 2006
3771 4924
322 3868
4817 669
3436 420
1782 420
896 3088
4199 420
4975 115
300 2654
4968 4127
3637 202
4692 4924
1838 2006
2046 3088
2152 3088
932 3276
2484 2006
4846 3276
4289 2006
566 3276
1992 2006
895 2654
2019 2654
3193 1595
271 202
3084 1985
1729 1595
2295 2818
1407 1833
1645 1595
2203 1985
3928 2654
3174 3020
1366 1595
2168 2654
856 764
847 282
2995 115
1423 764
721 2818
1858 1595
3598 2818
4809 764
1478 3020
1146 282
73 3020
2142 3101
1886 2898
4255 452
3972 2384
518 452
511 2818
374 3101
3427 282
4497 3101
3709 4748
1361 2898
910 2057
3209 2898
2275 764
1802 2898
2307 3001
2111 685
1875 3020
3685 3328
4838 3001
2525 4474
3190 2057
2261 3328
114 2898
3807 3328
412 685
1940 3101
4713 4474
756 3101
3442 2057
1606 3021
219 1699
1373 452
3362 3021
1504 3563
4663 3021
2301 1699
344 685
4367 1699
817 3001
1122 3001
1503 3001
3156 3001
754 3021
4591 4906
3944 924
3815 685
1296 4906
2426 3328
4074 1465
4391 3563
3878 4906
2967 1540
2328 1699
2535 1465
1178 4285
1907 1465
3905 4285
2449 3563
4701 2878
4949 1849
2472 609
3991 1204
177 1849
4120 1204
1758 1204
3052 2823
3454 3318
2376 2823
4577 1204
2008 408
2669 2823
4414 4285
2505 4998
4487 4998
414 1204
16 3997
3529 3997
4104 4998
2476 1204
2396 3318
4283 4285
1370 4998
1928 3997
4375 2823
1215 1829
4365 4018
4843 2273
2770 3705
2568 2273
4034 4998
4278 2823
3742 2600
3213 1829
3822 3318
3468 2434
1068 3997
226 2434
4404 3705
2131 54
623 4040
4261 3705
1143 2273
3196 3997
3720 2273
1576 2273
4389 2600
3703 2273
3462 4018
512 666
3006 3705
3250 666
2681 242
2757 242
1639 54
2165 2076
1517 3705
1299 3170
4818 3265
3109 3705
317 1760
4836 3170
629 544
2569 3265
237 1760
2464 2689
295 4040
4911 1698
1325 544
543 1698
2213 2689
1201 544
2906 2076
4002 3265
4149 1698
1195 3062
1222 242
1631 3062
188 2668
376 544
4451 1698
1754 544
1384 3130
3205 1760
232 2076
723 2689
963 1760
893 1760
217 1698
478 3130
2041 1724
4202 1760
1078 2668
3380 2648
3568 2668
3421 206
2187 2648
1213 2648
2274 206
215 206
2485 206
3134 1226
1831 2942
918 4212
1470 1226
3896 4212
613 3130
4685 2668
3189 1619
3809 1619
1471 2648
593 766
4675 4212
3280 2648
3967 1619
1890 1724
2928 1724
4489 2991
1570 1724
3440 17
4359 1619
4148 2991
4441 1619
4558 766
1852 1619
4728 2942
2284 820
1877 2003
1757 1619
4123 4004
3042 2319
423 4004
3310 820
459 4004
1157 3830
2120 820
1449 2319
419 4847
4865 820
4832 3830
4153 3465
3552 1266
3773 2991
2565 820
1814 1266
2360 1054
107 2991
275 3830
330 4847
1447 2991
4281 4004
1693 1266
2072 1054
3891 1054
4772 3830
3185 1266
4680 3465
3230 821
4459 1236
1250 821
757 3830
394 1236
3877 3830
2950 2503
3971 1054
1212 143
3790 1236
2442 4847
139 646
736 143
2925 1236
982 646
2204 1054
2880 646
4779 646
4209 1807
975 4811
1171 2696
3630 143
1452 821
1990 3056
3697 646
4612 1236
1889 974
4722 349
571 974
1808 4811
3201 4811
2982 1500
1565 4811
553 4012
3594 1500
703 3854
1687 1500
3339 646
577 2711
4049 4012
4100 2711
2750 2474
502 4012
2966 349
4816 1500
1944 610
3761 1500
1845 4012
195 2474
1320 2711
2278 4639
3663 3854
4668 349
2726 2711
1128 591
4755 1231
7 2474
3166 349
2424 2474
611 610
2800 2711
3098 610
4210 4639
2821 4639
483 4639
1607 359
1363 1577
3777 159
3567 1165
3302 159
9 3792
2834 3993
4107 159
3987 3106
1888 121
2214 3993
2015 3106
3719 4402
2695 3993
4196 4402
2047 1984
495 3106
4972 1165
3188 1269
1709 1577
3505 3993
4665 3792
3128 3792
3547 359
4345 1269
758 1816
3569 3993
2816 1605
1228 481
3747 1165
3820 1605
4488 1984
4899 481
4030 1984
1885 3106
853 1165
3767 121
4747 3399
3671 121
3149 121
2056 2959
4223 481
504 2959
19 1984
2450 3847
2575 2572
4664 3847
3249 1605
4939 2959
3786 3399
1451 481
3870 2706
636 3847
4379 3847
2486 2706
2241 1605
4819 1605
1010 1949
180 2820
3034 2355
395 2355
2775 2355
3046 2959
4593 2706
4048 2753
1486 2706
4673 3791
4978 2753
2129 2753
4567 1949
4782 2112
1085 3779
4131 2112
1970 3779
747 2820
4122 3825
2239 2355
2947 4416
4036 2344
4842 2753
4086 1949
1813 2820
1502 2355
210 2112
3152 2112
1594 4416
2390 2112
1774 4416
15 3779
1997 2112
2960 2112
3502 573
1749 4221
38 2112
469 4221
1359 1158
4927 722
2886 1343
3199 4221
765 2344
4791 2344
4190 3097
4368 4221
1556 4416
4357 254
1623 2885
1557 3097
3849 2344
2698 4221
2765 3097
854 1158
485 254
471 3097
1837 1158
398 2937
1670 2885
3739 2937
4608 2885
1870 4778
2010 3425
3414 1770
897 4221
3607 4294
782 3726
1360 2885
1056 2885
3597 3726
4600 3197
3512 2885
165 1393
1083 3425
2838 1770
3222 2937
1936 3994
130 3197
1865 3197
3628 3884
2283 2084
4900 1253
1933 3197
1312 2059
2190 3884
2862 2084
1627 1393
3343 488
2381 3425
878 4790
4997 559
2764 3994
2996 967
325 1393
1194 3267
1737 4790
3297 4790
3829 3994
440 3760
4951 967
1560 488
1801 559
4064 2217
4330 488
2715 3267
3596 3994
2907 2217
3208 3267
4512 559
68 2217
4934 559
1959 967
4080 1302
3366 775
3157 775
3643 1220
957 967
2843 3267
2280 775
2246 3760
4280 3267
2194 3267
1267 541
3864 3267
4332 4656
1691 541
4635 3304
4171 3760
286 3304
4695 3304
2583 1220
4259 1302
734 675
2021 4656
3631 775
663 3304
4640 541
2651 3504
3983 3139
3668 772
4631 3354
4071 772
1706 1441
1208 2251
3371 772
251 3304
2985 2251
3888 3304
4207 675
319 4151
4962 4151
523 4151
507 3139
3694 2027
3256 3504
2638 4524
3601 675
4399 2827
604 2251
1942 1349
424 2251
4378 4151
2553 1349
2025 3139
2632 3139
2415 2827
4443 4524
2346 772
1658 3400
1718 2251
1159 772
222 3268
1368 2251
4010 4524
77 3268
2790 4940
2457 4524
3120 4940
1634 3889
1086 3400
1352 2557
2104 1340
4360 3889
2506 3863
4676 3268
4681 3248
4111 4734
4305 3248
839 3268
3444 3889
2672 3863
693 4734
1518 3268
4531 1340
673 4734
1289 3268
2508 3268
2174 1727
46 1340
1176 714
4689 3248
4218 1340
2043 4734
1279 106
4269 265
234 1340
966 1995
2042 265
4006 1098
2956 1745
2652 1995
3680 4734
3294 1727
3067 1745
1859 714
2815 1745
1135 1995
3890 2641
2767 1098
1053 118
1686 1995
3335 1995
2755 1098
3955 2155
3657 1745
1812 1134
3346 118
3345 1745
3044 1508
1626 4812
1019 1383
1184 1508
1151 1134
545 1745
552 2641
2257 1508
1306 4812
2482 3772
2892 4801
1512 446
2785 3772
3114 3772
2134 1383
2199 1134
3866 1508
2032 3772
1095 174
2983 1383
3204 1383
2250 761
1981 2313
4628 3772
4712 2313
3187 2610
4098 2716
1533 4801
3988 2567
938 3169
2940 3169
1681 701
3762 701
688 2567
3700 174
3096 2716
1400 2313
166 701
329 761
527 761
1416 2313
2406 3672
882 40
3648 3672
3593 3812
1255 174
3876 4300
1156 40
2801 3672
704 3812
1450 2186
4697 2683
1333 2610
4121 4268
2684 701
691 1563
2796 3672
2262 4268
580 451
554 2683
3953 3812
3651 3672
3488 2683
4985 1563
441 2863
3300 3859
2103 451
3837 1563
443 2186
706 4268
4826 3546
1762 3859
2619 1475
1763 1563
3225 1563
1258 1563
1805 451
1638 2186
3184 1335
4721 2186
968 2798
4157 1475
4361 602
3402 2798
1514 3546
4198 451
4775 2798
2732 1475
2707 2178
