150 149 2
75 1
139 1
57 75
41 75
65 75
21 1
35 75
138 1
70 75
63 139
11 1
31 139
34 139
36 75
149 75
22 75
147 1
80 139
96 75
125 139
71 57
27 75
62 57
103 139
20 139
131 75
82 57
148 75
69 139
32 139
2 139
49 1
144 139
132 1
16 57
79 1
111 1
129 139
140 139
7 139
141 75
126 1
67 57
127 57
74 75
101 139
60 75
113 36
33 70
19 21
150 149
119 31
116 31
142 80
73 149
112 63
130 147
117 11
93 63
106 11
66 96
51 34
115 11
46 147
18 147
53 147
52 31
47 31
13 147
94 34
97 36
64 27
12 36
84 27
109 103
143 71
9 149
55 22
17 147
110 96
120 147
133 82
121 20
72 71
100 20
44 27
108 20
122 62
123 103
42 82
107 62
102 62
28 2
145 103
136 148
4 20
26 32
54 32
146 103
23 144
8 69
58 103
134 32
81 148
77 49
92 69
3 144
137 144
48 148
128 16
61 111
98 32
95 144
86 144
50 132
88 2
124 111
85 140
5 132
99 49
29 16
90 140
83 132
30 144
91 141
40 126
114 129
38 129
76 7
56 129
68 79
6 132
10 129
15 67
135 111
45 16
24 16
118 101
78 67
89 140
25 127
59 141
104 67
39 129
105 60
87 113
14 126
37 67
43 33
