200 199 6672285
112 141
57 141
37 112
149 141
194 112
171 141
148 112
100 112
174 141
104 57
68 57
126 141
41 57
84 141
15 141
67 112
79 112
113 57
195 57
187 112
56 112
6 112
14 112
53 112
135 57
173 141
177 57
22 37
40 141
31 57
85 57
131 57
186 141
122 37
35 141
38 112
72 37
9 141
24 37
117 37
167 37
114 141
61 141
168 37
81 141
52 112
7 112
33 112
65 112
198 141
18 57
16 57
96 57
77 37
164 37
123 112
188 149
90 141
25 112
119 149
49 112
39 57
183 112
184 15
60 84
80 67
192 79
159 126
51 15
132 56
121 41
191 79
133 84
8 53
157 14
146 14
54 113
94 187
153 79
83 187
118 177
103 53
189 195
10 53
27 177
142 14
155 14
129 195
136 177
181 14
128 173
152 135
106 14
105 135
101 40
63 135
89 31
76 53
95 135
20 85
45 85
3 53
55 53
13 186
161 135
59 131
175 40
130 177
179 35
4 131
185 186
196 186
58 177
86 122
11 40
102 35
125 40
115 35
21 38
42 9
29 72
109 186
74 85
116 9
140 38
92 117
139 167
165 131
78 186
182 186
36 167
5 117
99 61
43 117
110 72
47 168
93 72
19 61
1 81
2 52
190 72
163 167
169 114
107 7
176 52
143 61
200 168
46 7
70 33
50 114
151 61
154 61
158 168
193 168
178 18
124 33
87 61
170 33
111 65
162 96
145 7
172 7
30 65
160 7
134 16
120 96
64 164
166 77
199 33
71 77
26 77
91 65
32 188
180 65
17 33
108 164
66 164
23 16
34 96
73 77
75 96
147 188
48 123
98 164
69 18
144 188
12 39
62 39
82 39
88 90
137 119
138 188
127 119
156 184
197 25
44 90
97 39
150 25
28 60
