3324
738007831 182679831
743906645 376818526
455859241 18817921
421098209 886892662
164210659 414744353
772344883 27062593
173641945 61039705
1035796525 61688859
567270989 365083700
556495088 130480449
347998951 776830171
85139125 42277825
225978663 185562881
212531363 35721763
82504081 40533925
48974766 33656143
823814241 281136717
59966605 325536090
461533313 266548761
55318487 326227441
92495491 181631462
178869514 552750787
25441403 712460830
326608258 131184769
260335777 100885811
686763649 189130657
120235068 135854056
250291728 79495501
193938949 553103588
146817793 455952805
699940942 790753473
152115917 13820001
335930014 604771841
90715969 379224342
346621285 11375761
802747801 84774913
649999983 70529537
551512531 72420193
12816981 518400415
132993268 541549965
774648001 588713545
179855817 334178051
345411181 57722761
73383685 3454454
508100857 151285793
101827731 16559473
161294767 589023297
383744041 463759294
444818441 153078468
84825535 597825229
8124990 893615193
302803341 332240104
602930351 162296948
3709441 476322705
379994923 400441473
536905669 334876168
457718311 496105013
55755187 16244234
46761097 185439775
788437651 1516981
14436109 463288238
409421375 126379675
52360757 521200639
548798225 227979231
44506897 435557057
33285213 179139352
517586689 591084313
448916881 264954719
701030095 371036281
215577986 503049925
487238701 284014609
362584905 53406553
162095785 509323940
454174186 563266651
380032921 106062841
92888929 226851661
177869233 348758449
367317157 286605183
181812701 130002023
146011021 478726848
198076029 64586215
90641189 338192659
7389121 10770411
473394241 9626561
253474051 40611677
109537444 16699657
675591619 461116706
209987185 95819110
147306301 17153188
347029768 426666241
2447837 176826385
137591061 488334001
217580471 5935663
267031291 171646604
1500095 5329261
23531481 424370283
211523460 187566913
92814394 100434211
16822527 319305377
434598751 396686161
39660580 99821385
286615665 42851901
13260628 59240405
14449281 358570961
2230775 939077087
226292401 360147217
279433441 247366951
62316436 46060306
325818256 435241576
767004001 260579956
2668609 290297141
451817536 151739137
173613214 36891757
50531951 145430241
156983273 303897529
458128230 130862827
858658802 715237935
358474138 689830681
483278245 639736175
110210687 270341593
224423065 389477057
814391053 64807822
95937441 612343397
131625761 8533855
811301217 39154264
405259311 153073501
1057876 173157921
513799021 267611973
527615717 177754676
121769861 184993197
385095060 240941001
633970767 591104936
25383681 303231795
41870973 339925620
107086526 956542559
85613086 51626539
135524299 95896732
81062507 715201825
526230851 109440532
652316921 3651133
601288321 285350801
709171954 518105261
36088449 103337694
183052054 12904109
43878921 1404463
381766971 40113025
123711568 418770706
378674219 713679023
34058501 16096175
72662941 42241051
202953453 907621630
195374401 128741037
682047037 431629561
765376047 1364905
322255753 131633095
473515791 72117985
185185660 2545621
306290448 463827997
434136889 17032444
89795161 152677762
8867329 553997209
95352406 899809156
230840929 493748821
476075126 353509265
312806347 6175506
104409884 192180286
325849241 25736817
46800763 232051801
290420851 143276191
496784161 5440324
135968411 424048654
198523811 561735305
123892510 19179853
161906536 161215246
785570325 422733354
1425233 159078833
656500516 584783801
35057941 730929421
168620536 707622637
334188701 150899229
82670027 322002001
76723315 576375186
1114963 231879089
159581005 85704508
5130511 516001298
302417638 5703257
36354506 453960477
778091036 44127241
478748793 367312791
7136257 307424801
613487110 346469241
167118449 499826085
525669151 753293575
126375869 125427458
687682519 26941971
82790401 116531185
184185496 22679203
225280371 307509593
178168429 63969307
249772756 1672945
641698667 310719657
444525851 401175550
763572421 89067441
617802993 216048113
17354165 489789889
417567963 21534113
325931871 1020540631
543268873 217709729
160344695 568173509
249274231 39100417
449651379 134738849
337782846 320620347
22632856 129037105
403762526 2870105
400176645 190245826
10801155 53186286
245187601 746756000
275595013 251954141
15678001 348718241
221038921 29407814
519112501 17937712
380264501 199538881
2859881 170110687
387985501 60447401
204639241 458793042
280183186 585308826
41942611 147345913
751880650 465317587
188250049 565509166
629031031 198634701
522114928 703436987
391909501 50322196
40303453 378604051
166202121 222590505
8755275 747325381
84845575 623015105
3846421 77167441
179619005 88594651
167603129 601835641
409426061 218261071
110287621 12175387
27126217 80250691
192275101 361773748
442103611 862880801
882934008 7060769
188641903 745484230
269415553 611501055
31634581 828847417
424220521 27542021
649143676 54845775
7116318 130971724
357562039 7591771
102387790 345934618
285270841 204351841
155393841 100736218
606851485 75613771
281534701 35547331
106629703 144910852
359329069 661520238
533017291 40751761
50563561 42850861
417277205 291887152
541013126 28777213
168012469 177352939
602500641 366284899
265564921 224858472
70670314 8001461
10319281 83032318
507051183 132159352
158817913 867751138
75951472 163021873
647253553 355367985
133883803 14558903
638599233 218164357
407914966 380486269
18649401 162106736
252217461 50330391
198183800 840663811
451307341 9670750
21073690 135179097
381891081 603584362
46098567 7743801
144709982 25803969
511729474 563827291
17278705 800129799
38401455 29944553
13947673 665821723
56137782 122022205
974227230 79856404
24085806 32635905
33761389 532735601
246702625 42473089
489896039 725642
648688705 74762150
19482686 86804187
291604609 308999944
6505661 805953045
143580634 623001601
220975217 181871416
553545084 133577797
191882860 412098425
13228321 388572595
682951201 699396861
64482287 310769697
208563649 184350101
42507591 562049552
172351033 736357231
147611885 394972846
141757432 726448963
469533638 196146082
20847259 767996345
296937135 10868833
20650501 155846161
60833425 22040263
560810101 557911421
38789862 55228237
258749083 10055067
9350587 230843698
213057361 616433101
382997841 502208389
283564060 795450195
338478371 536060701
121544008 412981988
23048488 56142721
314209621 467727109
358225891 160460257
19172180 30224797
75259605 8878137
605291365 838810081
820617601 180708009
587195701 273410901
37169530 466012989
22184246 441160235
236779256 391903900
27227993 166642529
386110255 215883596
142499611 161009926
294366931 190673251
233689 10192453
417651391 212806205
78578241 78151587
18493841 45194246
847683343 252841634
249570647 263987615
537460561 67981285
264949161 3273681
86003090 101056769
106328707 135566521
180587329 41616121
174987586 35580931
583780194 434097691
248649146 818445772
57981960 54694951
48700425 444057251
121722901 112521658
6811120 234874827
613367643 53080849
606643369 343886881
13384065 34031065
38201923 926129132
135182715 326998045
597665696 22946650
489550712 168658513
214551833 12931948
179472415 279078326
700428790 466842301
659575985 481665751
149783495 170188711
428025814 5919945
160870711 1786565
333438825 744198155
8530225 342712536
2366941 390665948
224685397 183273142
7081561 492597535
262125189 773440705
650017 62888064
282224293 572980785
98472331 267557046
59178442 314509729
57751525 431037025
705041314 51990121
60581821 133561213
298825933 85943080
64138895 57252593
281389339 448863598
1029852279 385495001
168705517 109922833
468816505 292852232
581917489 251042356
10348129 397552499
312264694 109762011
19229071 88306251
31893121 12197659
589782421 230388865
165498187 29964916
116585308 546268622
63323521 109393829
17792110 132980158
11715579 95192551
67562551 292396755
704446849 1056394834
211809507 176712001
271472457 62179969
9940478 35353521
7041466 155689706
557418555 74573630
333360941 63694984
125826337 556941898
350926876 278923393
55471033 315093418
312982363 540128898
118509241 75709708
104280430 98997200
57091021 779092775
86945141 218136905
69754581 136501135
74535161 23679881
259105081 236477095
163307567 493398892
260801451 59670915
269480497 875080281
125801278 343535517
84611062 755082032
236548447 337579269
389844595 4972567
463861763 79322005
628440597 680206993
865921 331241751
718093195 89419033
583159413 616726618
707725437 350016731
496078521 111347941
82925741 106982687
181264326 154343647
33821866 381403309
787015285 179371825
366293929 207303463
137782684 345247057
62139268 129679765
308409525 563983993
598111199 225760285
121469565 1599474
11894705 7409141
9480361 1355359
73909459 135821533
2022296 203232859
798804529 109218079
118854625 10292136
601070239 414448432
779317201 175835530
326096783 729329041
450002081 7462780
92321890 105611383
304092944 232467671
939173773 206413729
107567146 17752221
75853708 296632741
76684537 808800708
22173997 563914541
637390509 232844217
367428601 95561857
123850672 93386040
363764845 379158561
476874377 556563960
101987237 136642309
168613837 177185471
887259531 692542375
253076767 19604626
25542556 142523934
355224619 83865538
16216149 356513433
69113729 291513509
193118751 198795030
388877617 317622085
290327896 28355671
873716749 97611226
77815439 467608562
187708704 655326721
584573653 199006857
411570017 453726817
740113201 236761309
446287639 24770716
136672941 154685188
787927910 269832564
303597031 260650655
280519851 197751535
214831577 45295396
235897633 16737199
264512742 85883383
809075313 361169489
1094380 34412626
894958753 152519980
275471995 110077857
358123965 871488751
73877849 162045226
259429553 17569168
524630849 345072121
677854759 451231705
319888515 320334099
108369363 151636696
484418146 258992083
9520764 7284303
7874949 163993466
394418721 33139641
285439169 297386881
648540488 57573049
65076883 601734943
348698485 495215169
242439863 174777867
86553370 310258794
166624893 364971297
160113451 284023515
326273833 13529625
742822092 158920165
59476946 1258531
902460456 39707568
46232095 446044375
406933637 27111169
345326521 2980513
14523121 2046947
231426646 6647362
564342913 317074105
18250886 87830283
572739322 84768571
801393453 154243909
320165371 408119205
266649405 20465303
264614141 480029122
554552794 263383459
170185012 371448543
50782786 196426627
19892033 473938063
540181353 81712482
5381689 277680798
621625831 247704620
8205121 312007871
695884569 110500253
6372433 56396212
840755425 133366465
402785521 68984425
14507801 782783961
128455647 108924157
27606841 501779421
63956911 292235870
17809273 7929297
343298881 83604886
107404711 368577923
389687785 55099276
47543320 94253491
521172961 824382327
36101605 78742264
636395536 180321911
83279023 134524441
27772921 259673721
179949001 49797385
124558281 422975329
231653057 306600616
528322120 237060197
530054275 18782033
161378731 2862231
231905616 434028651
285777196 545826111
119593097 95372805
39790089 646150155
138427435 7272331
922710660 170422521
189446401 211459249
313340325 34554405
78017228 574891075
127977707 550181461
208074881 98583927
48502081 183124405
577629808 408239365
290309293 168403724
91966309 122903746
380300144 45567874
180163257 139003026
69457939 69540217
366332771 203223074
93409093 777093865
19706197 124662357
70136431 491814921
264456415 22240331
296547874 300284089
124085143 45030315
175966321 5233582
142902139 421162273
374675909 20004091
142974303 6049681
533922631 207830569
467482115 183088991
448496833 46290195
307849861 636878373
101072521 201762870
101730301 492134252
360387705 372863989
447457902 222378243
34297165 22302498
11483677 391813401
983074833 647165223
456219107 468044101
834675997 27293451
281712901 161863414
745158844 524761608
57015077 220012437
101188225 735304561
224047601 711280705
468229108 136954639
330301297 789429095
575090893 541477501
57171751 417816302
40929031 5102203
674795449 76208749
439072141 474638781
137839008 7230140
607112185 43224024
612373301 94820701
89639131 41404805
142664907 610543719
69177505 122092011
146377839 751677658
187273574 101186913
174964483 15722881
861461814 582837522
381431817 1171977
335346689 364802957
6179271 80800186
556582498 338107529
413318863 351455071
14785551 227227407
480593943 293421442
913409121 155256271
122593117 84708976
36430161 497439801
48939976 37601656
21089089 457735641
306880036 83949334
886063645 190341121
485143451 498399076
108617761 748672619
23852641 101205036
465733801 533879347
95118409 285933574
453004826 399316129
382052593 692117561
49380423 507691751
217323217 321869545
650216341 81031809
344344015 8307049
29158039 109348903
286952953 54671670
35046657 752198844
652187524 188343231
13950319 635141126
1020129591 499261601
262896909 126006057
265784410 385063435
342673081 37178506
6322316 551675829
350831089 67063736
724803328 34667185
477783141 152123774
30206689 327241240
93374593 896660584
343958677 374499336
189765085 83579105
262396993 623635391
48580035 65861335
30389167 62439116
90524423 21005181
147902765 105655771
45022381 14101937
24219925 156038401
163456602 666487587
117866401 25881787
218689685 429552001
541491131 15882373
771469143 24634153
110755886 416322391
147757604 555460873
71144841 422206574
215865267 23672742
124074181 538780561
36339073 1649511
502701042 610011571
16214881 259173979
919672001 285803211
519072055 557704592
104054244 436015076
582967195 293591051
346184701 96609225
917038777 120645681
3686446 174646591
343214317 422336305
44586312 404262251
148983381 637460349
535896659 224487325
2517005 55716481
142597703 42175905
5556650 738823771
112858053 589288036
10146469 83221129
196548733 157114369
608638761 818160321
462702097 58564561
56808816 139781377
202643127 873288897
84438223 19986766
381177945 137384311
151040938 29519731
962964523 65011819
114069506 253972645
286397617 18215296
691862382 321025537
218240170 88932815
420987631 559254697
18718481 197502782
555258721 234512212
688629537 146220999
900177008 110753501
535299841 713233753
121586713 686305271
154859401 363483121
328746561 305463601
11858101 122696137
578595006 163265218
775679870 262255555
301569 152854593
108181008 404173927
432522241 718206595
268046998 886770109
95717215 121443241
489811617 134319439
155883847 619008331
422992381 358642222
164865441 185802521
385300711 25908003
50568255 112754665
15224269 564559393
705556373 20357733
108698977 685346421
379260865 150094339
887048161 193669507
167923897 124684841
172632811 180889041
121422001 44513767
145444321 181205179
111676951 171303251
526660417 483159920
550034215 405035213
424399750 39016178
119139077 638040397
356587001 89475815
223814503 500825656
330712110 5203379
22317087 139419771
46843221 131506544
216141911 97993951
3339177 934769671
210599521 479520758
360987874 82294735
224287821 536812837
68388706 299608561
193385718 454477569
352076605 32053777
73229388 34968738
162896523 364926627
157936577 137060351
568301371 515510590
31384638 174611814
60410117 348130268
176764881 77427802
84504743 301092239
701200385 133648997
597941676 465311505
32480001 331855199
95007889 179335313
362472641 571624295
658655151 114999667
215769025 502342209
233410681 422188300
150038857 137478913
273207196 182895196
8439175 156870689
16344329 98834482
324511741 448584475
432066119 311455531
128512880 132727121
829650090 240579649
384861370 14307550
197660805 246680731
266081505 354018988
194361902 337323371
746818857 87310913
208124861 8491346
32457899 10545391
371774629 44703797
10534456 135526535
71391841 37913
14609365 19807737
218536581 265495969
94278451 39734293
121803470 343338913
355299826 113892665
309231271 517690825
71890396 563644770
140117173 353004715
98658496 562617070
70643595 220631349
66382436 574738561
587373637 79712024
775357072 2761584
7043661 124680977
313117291 62426848
166225725 127126103
345077245 97249321
720493201 207273609
144216694 435552841
32880628 184176469
456354676 155445955
197560801 90512676
57988153 755833
189343415 9788401
186709573 263304001
903732207 59331130
257448799 71253031
1759561 198411592
589817153 508878113
242054641 587649973
2356585 36735791
72843557 349164481
668925292 16248451
773484194 169828712
299800645 57400664
1861861 31988867
7115551 19022557
326059306 119989
11192434 317576936
78364865 246400338
546264842 827098501
2152289 378026761
56153791 312576181
771286699 42210476
62049795 266046133
372924071 91565871
256515285 324495321
273996977 332151393
85722681 124766721
496447327 139949551
566826349 234701569
8119262 55299919
174145579 209433517
99145844 36058681
449886478 809569954
52076389 37505161
346932305 140539166
13226129 135749979
117077716 13167313
668578428 60100373
173544945 472267511
235682461 148635721
298577641 294885487
614025201 142962901
576822856 169626554
202703631 131781805
178348990 186118183
225173851 568002193
20984829 180557951
514758901 442680947
90880003 57751553
336691941 1009790047
194580001 943465170
75226005 463404961
47961043 424130627
348319111 409601941
605713770 60654641
3044809 816481
140827041 529666515
56676526 31493071
104050493 56060425
648927091 126379001
43021149 133202413
599570291 271788513
187524737 665109633
11793610 102225880
627429871 300597055
215728597 72001777
554770501 235725297
335529201 519562078
527713369 291733111
323720209 431914623
11634597 29775817
236947313 18614047
214509709 278075053
387267211 635552851
667206562 31204198
723207070 739350613
502587748 661345623
115069537 41002501
45335043 11886017
147546777 705387953
63589596 453604209
186027761 524940382
108177781 74882011
25003720 426703661
334686223 156161669
306970651 278007937
191301265 40366161
34680850 172278219
174640627 370963126
448178776 56910593
114142603 302297741
477477563 387992701
57117984 151150031
11833405 752551560
287296339 217431454
21514725 36819903
156076039 283679678
120633656 67906501
415999585 8669805
733321051 779168539
596119864 447004466
722521944 18902759
103910459 29921801
595278828 538159505
689935401 423545851
235071753 26707936
508116487 306571205
264500305 548430457
310370121 230542921
202006227 368865485
184149676 40398305
524515676 290450347
261264561 93320522
117729863 107280655
418946980 233049534
585877866 123549800
260779761 68038081
533271193 124301094
27788347 19115671
28517364 504944321
234399021 110997881
737312577 436837741
172639901 164789941
178003219 322591233
187418353 73137393
404961013 1840774
216218229 419737420
74367507 426955516
921412161 161782609
80114473 45432751
440567863 136317096
176905009 272744807
73481521 12196426
363814127 398469087
528775501 307891141
100697401 406772177
370911997 200110977
55172061 273837088
66237081 118299585
285321490 637583138
234526146 64187074
103971996 245207581
46945161 838541361
532110031 590268459
963829969 491697900
245476506 415295530
466987642 617516197
494050235 185085903
912057993 20625896
26228125 736539677
579721211 5019700
771258493 339562495
266288251 385266904
700218217 45007885
94403644 397181901
362053 456541201
117368882 42401737
423574696 179893705
442170 256359841
59163262 475777981
12147347 140424386
318716806 122714983
13511681 563996038
121177709 122518169
518236979 677436891
82436837 563070991
4249741 566604663
264420751 306972472
67041541 797423549
115500601 736889686
649371421 37487512
169901469 2741257
445312285 660675168
310849716 446658969
82586085 130814969
124483955 47190130
12778690 138061573
67358018 38347787
81080049 496706851
293681172 199451266
178439701 238810978
328636891 160135721
190106372 296935529
266146126 133827724
668691991 181704979
410208574 650294191
16244713 461873105
345221641 120691207
109818927 425850449
85602001 325621899
66879813 678919651
554016776 187977565
607432105 841606063
117989691 843285939
535416253 432144569
143109401 419746937
48498451 1
158736481 39071504
500625901 345916183
66897101 67247923
30397213 85590146
163988473 611778205
197177581 117918505
7432231 32878132
148148245 261885581
191555423 263757031
257532772 313999245
82030677 23652057
497506744 304648593
229779200 537629302
576890161 261004555
719154375 92887796
15036867 520122175
75915851 297162649
7511506 19260351
522215289 603981885
456987326 46993221
83917212 133975696
609001 960553825
269901376 219253225
300648881 442392497
666230673 21539041
330537369 498137359
172273576 243969727
25941931 394399951
398455849 93027687
57882881 314074021
670276093 168036369
461784415 5286376
235480519 5392717
164100511 558242011
68423369 296112811
138149901 448080825
472420081 240040417
127609379 306919327
42356337 745528065
267654626 198986494
376349185 271430552
376146765 128579211
502406573 114896881
362182293 212633562
80916451 745104046
78708880 216522271
20232705 276858261
364270999 500880851
9868717 31055219
205360737 157105098
44758621 38880511
117841751 20705532
298183629 115181105
110311351 165909691
312666509 383731008
135207065 156121869
194102737 112046461
267859129 392472993
5663926 309408161
395034385 422969
332550997 507928933
378949143 132573871
563751118 70077613
87628914 236530745
19951812 64911801
120295963 805489446
751255033 145161101
182770176 316294957
2625081 48120521
377387280 670454739
40279647 97502869
622836495 12053761
625798089 29961569
865819537 56766637
152317383 268539836
2706251 59361400
319658141 30418402
692950930 504649864
97507736 492040225
2369653 154122113
203464791 341625586
43929736 33962482
134384980 210937033
550913716 26472817
495072649 222091111
993650329 203349836
587472369 46409191
696484735 487041830
561909839 142376299
881185 454008039
21525577 17851493
5034657 710761771
262538497 741513745
9380881 239427343
73005547 540396511
248037578 804548864
41630585 685167
613740128 88157697
715676362 212222857
469426152 139494421
134076801 76539405
247603521 8799617
642244461 179193491
121992751 662904001
4720033 32614128
480028861 322439886
245347777 148199626
521017749 118957905
691276861 466572850
190647273 501774127
214120537 342942783
478255492 60001000
585926441 93419361
256723421 173123361
114502291 56894391
217559605 410791213
45419254 30127068
145607599 286042921
97659663 490808417
355156978 6412537
31681924 66964931
32126569 387784426
349372549 138118401
887187001 357219759
76320480 245094376
932731237 120897967
236520465 414430087
152327974 179940207
733430539 512892806
241768323 1572445
159869865 150622753
8327081 172538497
150709357 349659758
622333186 74573775
221538459 538675406
311586507 77488069
131010994 5139785
88707325 121501705
194643541 298394681
204522001 178910617
101476277 25990638
55226997 31622304
330544149 28651393
866026946 493491341
265103125 97289581
14385813 696982177
57627883 7928602
449308341 432171726
419899048 663301
161076829 159366826
75845701 255191098
304173365 530531387
788442601 61637167
288416675 15470143
802659034 319058989
115505741 155285891
34024879 150297066
171554497 797766215
31970481 3404794
360666222 278851613
344794186 111066187
265322989 229678261
9433926 361422971
637767463 481661857
656696089 90445373
119313673 362516911
48457424 122742065
341511691 12239092
632884253 248261861
138201013 98482602
361795445 112527797
271787097 37448146
235520636 305330691
104758084 57936365
165244353 83866237
353057017 363413350
4354680 214439212
494762527 221378900
672131769 7037356
636509244 638989065
323713625 260176190
83743723 142442705
189360351 162810571
91176289 101008376
174625529 176123381
22543566 133841431
429205016 415346401
256429697 487769521
70995421 63358257
815477415 244475266
25606091 62525377
447995835 551487181
539911126 3311259
415553802 481301129
383297209 73332346
130594081 53941651
287453971 877182236
147636529 360739506
65945035 431391936
185403953 1773901
85123801 39941586
347094573 558502913
451175066 39640952
45528501 374736844
25105039 158603002
203118994 332046160
94374889 131148725
390767301 106773241
143158807 399487816
451066086 155751391
27218191 530346628
535717581 175216324
377446601 455421787
133815152 145199789
733107223 170593297
362928960 204590012
68144809 798207924
621083629 646254219
184778028 545630257
522780341 131515879
107145649 468821733
258289025 398766268
538312351 102370743
822794883 265267405
672179851 92762629
316736473 1746515
484670149 851619693
455873041 292310240
114225097 648516687
118514026 73521919
81558008 7541245
369041894 286841473
423249069 389893222
122612413 10338943
136752859 450570826
152463643 6260901
60389746 817083939
278997961 218636601
50169601 771776728
552897392 181258817
482204431 790548815
422847105 979822229
139741236 266913001
106007374 225532609
50018607 648174811
214897711 699249513
212229397 59791777
693055468 483100836
5812951 116011186
17760709 511460335
10479954 278904081
45436019 1615551
517134201 90397756
47452093 416429825
6453871 17722459
386070553 11544471
811046369 452408841
488807569 205759698
389243216 95344679
214901665 57572106
332058741 18424341
106979137 511436073
75008656 160306273
32181827 444222841
108069721 19218622
9332065 107005057
586222507 329103067
609556271 369607369
53595673 507037819
827401089 24453781
283223121 877426562
623880933 29256641
481541783 864581269
201838253 354801799
249677569 190819861
832728460 176092213
172564951 240571807
103633531 626242111
190285597 328234831
136276501 358475041
245602324 793620169
803813819 422958693
34794001 527971549
918893625 198948679
222634143 98138746
210057121 191322433
13936216 123566851
12725833 360822731
85980796 7673963
50169241 133134593
134026793 53080276
35068463 2477459
153294401 91904338
113447321 541202600
398082136 133503249
180501364 106069201
136155079 592616461
424974194 92875721
9295144 548530401
5019217 273486322
616246001 259244719
503065984 44866201
460432699 535554937
249714871 153866223
311686319 115516294
8352917 419666761
407941857 160548081
1677835 474950464
25683256 184920037
649097953 13047076
191970577 36151183
165657141 135489547
9545581 59965049
174325039 295365257
33383339 959732625
181481065 598380601
436223971 111687409
94673255 580738874
747893161 392138533
34880836 58406888
2409445 192457239
219839212 232018075
34705276 289172641
131662389 15379
581974771 23021021
369390741 523716285
305260524 39675826
72678763 236777071
10122365 35155675
554535996 188871240
275340961 569976091
67967901 651771688
229552908 254386505
85285306 314184675
27743755 13841608
32653193 206271721
13965463 128303563
368137969 12357552
583774357 8494849
230410093 317090801
447547330 218946417
263528161 24583590
73818326 5351941
534134706 93590821
107477713 138247425
20443648 196367722
93952398 134280529
154251329 17487731
109614763 759451393
288880465 18308984
530103421 541551352
588448825 470673673
213960641 95752515
166686089 46919967
503551251 204046474
69538015 272478241
626252761 722251323
107395021 382715137
9596432 96633433
63460957 291590341
619704658 492521177
569747399 36000039
432448741 690316425
85985576 120711361
383745985 93763127
262226769 113528961
535510846 508485889
36110429 421179881
746923816 195240645
5039483 253631701
101191169 208580065
367826845 343276655
724619305 5543021
363596041 7030311
16155468 821093885
347662057 1512191
336086991 79333995
69744592 5663296
87324352 44012737
49743651 210290271
9039676 437973016
1633093 6996348
255071866 22195993
174695740 103305889
283943485 218708749
336761851 112517959
422967007 535734789
38130980 677496445
88889293 6826150
168975626 822028901
209032776 251697147
604652641 180885501
225726419 258067416
139979041 226864756
243378433 439932601
440203342 5663329
217436791 448271635
390035605 142505637
576754291 12356521
70364977 31786943
120554974 115782211
465743779 461880541
337071544 826292941
795636793 57262077
111654001 215484083
3283555 60483697
186591553 638841183
64522361 928775041
162737779 18471799
354065453 250660453
17935984 557215117
158228929 47695131
248116026 357375922
327065245 23498730
142803091 598930996
316488843 485894431
2738145 58977069
231934553 11001264
29000093 224337105
500400720 735768943
892502909 38160637
405954739 8177401
441510859 231932545
271121866 175336641
22430926 862702937
826273 83932440
728678999 831408583
16150553 114115834
464346400 22407211
125723396 2293745
98757596 674736022
643754437 14248999
199360561 60651009
222556333 215209249
134710850 16944976
1818066 114416449
233822476 222997347
95384026 401835718
293090161 71730660
80359561 243284937
34860252 91547677
73328641 285782785
53952734 183792341
64117921 88154705
115225777 2171737
172889047 420318577
242179751 306751831
212180801 138747786
58867345 147412929
55978081 548610286
133836151 878676511
235019765 205678093
306164515 177998933
16205177 371116399
702265364 956592433
16139259 1945378
594951957 272166285
73469606 86019936
227224301 41063005
517068125 716211916
121562761 312413113
34778954 221869159
321044683 33850309
191944921 101971636
201334465 572552593
92988673 149434489
386557473 98348017
196915011 649856536
616921306 314872440
11150092 366555333
326551174 259642701
30023225 107026369
349592321 123979411
212369626 440650653
371472973 149514392
242232049 380318671
36669039 105212069
251535001 1799125
69845673 126487681
322626679 931275481
223020085 156374222
66961861 33221013
786195805 417352615
233901921 142671772
473218237 131719556
193592394 54581093
420442109 132051571
224578628 603075276
41094901 407848519
159246175 659711416
531017481 591492019
347504737 486060901
161993047 262187857
611071297 662234689
175601467 71415415
337636735 13854954
27106513 212012307
400220200 661179184
189277167 45158947
98296177 337525463
220515625 133566601
17049565 663695356
192492312 51576819
256697026 362816871
734118651 8405857
91573213 636955341
726000485 567736093
112993527 354816527
5029065 322651725
201853 569824168
392642721 79493614
3230821 545313822
631134976 197026061
129361871 94482316
913791 38763486
712167833 556461882
346832626 652519888
156035517 49584502
25287977 643954411
681315335 19940596
780598424 901125121
536225927 11656063
7840763 47744911
236647345 884124577
333293871 408497659
170530557 10312813
14375116 375718795
232608799 621203129
338992003 363529486
232683831 424629901
184433719 265038161
233933021 341111215
230847925 40970545
316421941 42088411
43210639 317320618
292917121 358008811
365314257 389741248
452330886 759187561
271052618 475535000
895781441 490826751
702864865 481312261
416760625 21494858
599377701 193949825
448258805 15890311
18396145 46793293
112900520 39626743
333357553 60533353
801866521 118613269
95772169 39654690
122614071 472833405
68407587 82400161
587508845 318147598
377240396 957654241
457965793 18544861
47084251 791033851
136390366 210867626
559457109 396551601
41165783 297793
23295559 286370319
162104776 729845845
6771920 103473281
48551798 143715133
163071151 81073751
891113089 47682220
226582696 103979889
90944701 95639113
565106893 409616293
347127663 501350851
198733074 579995326
31395497 23736422
134491008 370156081
35447393 633346169
67524601 5138789
103899511 35831251
381115861 5648914
527234753 472054097
975238419 91358299
111308191 1031715601
129823307 19844368
90804889 10390753
25108854 166391751
73962007 158686501
268098273 160239655
402822073 619955815
31070872 65543617
2547217 688533739
240461170 559538831
305743192 527320312
183872496 91513
483187155 221595063
438826546 44981990
87237318 126616635
89594506 638185879
2018148 162576513
582490513 124883446
449634313 112019545
205337242 86621353
31991961 660740497
71943139 552922539
68031188 156571006
839009216 174153701
366447769 158655265
789136836 365958448
212946241 83380987
67834600 694778941
144714261 115470033
168740260 749643709
263931661 576949868
57091966 523267711
125859711 1040045860
17383591 248285941
69592261 9029681
198698161 129048609
166343873 28915440
177303261 275625037
515678365 569405107
22485159 207164575
685044718 519600449
397222617 278160947
25417789 8757841
36083911 898611625
134411139 41006637
545225011 1015607881
60030521 631629748
123997161 38236544
262461717 12537313
240566201 464085160
382462293 5967001
343420561 31634866
211557451 15259393
75771681 164588977
100036583 311451775
263693425 623268211
9301201 63854855
135454330 67344209
101328760 8703311
334329089 592394141
241721829 97447081
210167231 855617251
14739511 96455565
385810034 65489305
262191622 23150810
6731625 273441541
74970589 674886213
53662106 19096417
580720314 10906813
523257457 55351401
101189095 209910911
205855625 157829589
255281391 598498034
191074069 973860581
325398105 262181833
342994689 3726515
9395879 507738361
142521 95986661
78003521 104289691
554077861 514152
425730875 230979792
17390426 302569636
136100662 224334699
307338753 670830813
143941649 36322525
554886341 99849049
88766211 419713057
774475161 2615009
360522097 521689169
170395885 381275104
94625893 121062131
31835746 352562049
19948501 69601267
304216465 122972725
503200003 305299057
826440749 581993506
50543598 83013741
343153776 155190355
430768477 377085029
111178981 79309273
217376377 193823125
75963622 281700889
540045955 78929144
982576485 839476684
297737623 75421069
26505148 385615665
120177205 176972994
55601781 81605161
120103981 3055781
267265901 189384691
429484 94611973
118337599 358720447
244756260 835302169
162479464 310290421
67173745 164949793
898020091 46593321
129990186 490596201
281266939 185500281
204326785 303691028
72039561 112740797
198729665 17717911
288230515 216239545
11728848 546856241
512832859 44304726
153776071 834361365
181761254 348261481
14987089 307328001
573192753 88308551
35489490 534132257
722289241 74291319
506175441 220723183
41961214 38029267
3539663 313261
460854241 11810503
569977327 418249409
51987126 950588377
702823475 64161070
628943755 44826673
205089247 177876460
8740001 21417208
625201201 2381857
930496501 154798985
697416231 109234841
303114139 465110977
697556518 60966367
479927815 317787671
398768896 660005844
498235969 37364761
92942437 10214695
153373661 310643353
353995891 546813837
773841157 22925631
355435297 511356223
290611614 380705403
151802771 504599833
305904911 191428388
643888097 175743811
354140233 352850865
95433408 9930373
109117316 21573889
128684843 12332251
365116753 214082617
13503088 641131712
64809601 65804344
184784146 107476783
964746754 412057609
418835761 254851041
101605085 100462116
230614268 160001161
128124751 1759629
243211465 417709381
5233665 244128513
106289661 374664515
791692441 744993274
233045983 16338141
7635061 356168746
123678073 295172782
163980942 186894233
738249985 30785041
214084945 813741501
42123251 196257517
104119667 240951422
199730811 371961461
334392156 137172227
800818786 228883065
169964216 497678905
33384096 33294751
214914337 51604225
116479997 46972198
468419808 239341341
362241785 85231873
413344141 239868369
224733991 93048461
356295163 231504049
358638845 206966719
145825826 182726524
110044001 67540848
79758849 105832927
637246761 25215097
235173721 404428615
129552101 841336393
108744373 45230459
367094391 215711257
231017326 230826256
808717321 102322985
117981935 176189224
575403431 120812172
118943566 242479849
140431396 448795950
385959841 44662275
546352903 53116241
503871831 168330211
198212119 104662487
148162995 89233345
306629801 145675981
79873885 51184075
237030161 489090358
531946072 216564501
12836011 567664529
53660381 1038586641
386945161 582373936
87991933 380800393
625801468 76337949
569096637 32255247
476152113 133668120
36328651 308677573
258844741 362142015
43553665 12535031
26325076 70957345
570037198 186560001
161610391 612107061
796898251 533351263
79718955 286521875
83652601 628884671
111554587 504193282
649687678 459735265
453995515 38653303
221546210 266103285
200434181 209307781
302158753 35915689
220545217 143695735
143013761 790994161
424440184 253647936
5151213 243935092
337264321 74571841
181812737 248432813
972184111 811189
66189369 21810725
44380477 296858884
122339878 242481793
299844639 380741881
264268460 121486726
89676359 468037325
592613493 9213691
642884929 133820404
381065829 43110217
1030700243 147086321
21770591 55835551
724685342 151698583
101950054 658740641
339078657 838017698
47595093 288263641
666746317 100974569
119729665 251815914
158791568 50276305
230264971 247408833
813301909 201507816
261776755 2978279
220013223 153723643
65457161 622819891
207077081 3551991
139445101 91891225
188896369 123621505
800234456 299373999
663038987 307812265
170311963 639069133
120301627 31179253
139411801 103703224
206969963 51388593
123501861 269122140
139826796 270108801
537005761 310049131
100806407 725944897
461076085 13418656
383607549 321542761
23977335 371969581
162678081 213089449
44947211 195788734
269290867 379795210
678454266 273005996
96365313 48332329
243945661 163398142
351960861 18898655
551864682 589764163
42331941 231553291
9640441 7692358
855786625 565175377
249010297 277174333
456920179 3365377
114769381 203612299
475620367 37440215
34401676 782070681
147443833 331760501
1258141 228225505
378915993 289070884
486348853 154666827
326252126 294262126
8683351 185444194
8132751 315049007
271723409 150033376
424935039 62738937
359450806 762173962
349570540 393706009
270467189 486903814
298107217 565519999
332042491 602628781
234400069 26940222
3048295 44356433
258223981 345492915
550215316 629119316
453482881 110248111
75509983 677930721
618519381 868082227
341555722 495647425
478298401 14362449
70472597 86350183
523302739 115954741
49544529 291630558
474128033 20342305
487858009 121285672
420560641 66982865
809187 159267709
240965475 162821645
669379923 70353487
822031411 56458314
1037718805 141122686
245060317 31574471
73123261 519999693
446480728 35640705
185478021 475558051
833984615 254404756
861802387 234887843
145964316 749211
818467196 7424301
543697928 22510879
119130874 576903293
136360018 98781913
112830463 434294069
397272740 72922708
29506576 45068301
23890285 4495261
203961871 69110449
622152151 91010427
367641414 85460401
209095655 117709293
312996125 247368031
499667241 101263216
612612417 156151153
81233693 247434265
694202261 127293111
532842519 9631657
202786073 524578174
402872068 225904426
43454465 103192951
55181057 59785630
157949065 579462993
818978851 189950509
851968227 391934965
113494921 26300449
121933327 374478523
148673261 40014761
326847223 19950841
654611746 272758201
417884923 121906653
154647028 381827161
28695901 1010729017
496460988 338586013
143495080 534821962
40917055 193208481
169283417 316624423
779354489 16749268
590923489 534236301
45224258 158502975
11536204 338867191
252167951 338222209
71483847 549074241
108478693 56475193
411466286 462265714
732485645 307505881
170250033 385706125
749770369 145328810
532828891 22241261
27951705 789692079
141291634 534178761
128671162 788420396
170930641 85152991
645800053 148419451
120013216 140030977
97080885 1023242377
388047317 85044961
317805013 342411511
774882445 604771329
591563253 828310951
190282093 253055803
257309243 161699086
565837651 68070126
137596101 172094707
47327763 373781489
766997275 34286071
116561980 180855851
58622206 380562409
291545957 51689521
196403976 120595966
417155026 176619853
125057626 79248534
58621321 773908387
533156808 247161052
232455139 29589271
60720135 101616460
582905129 674000005
109249218 7381245
72214297 650179869
488400661 452303853
287896130 193327417
358200811 65093183
282074671 51668257
373957737 197073989
30463540 3500631
729295993 297196058
1819030 168658196
145281372 163008410
407327881 244503796
78527821 486799899
726036280 698174947
82060804 339604629
426037525 121586561
100845527 343743505
68565523 385646221
833261665 277673341
266884831 246027689
49991041 219044305
149848258 205586998
102772281 516919457
318101598 484161497
6451161 123321265
203378183 126836837
599988502 46250846
119287631 217779859
66756121 418043011
60719068 248499949
9743373 176485377
241391855 280861003
59372032 225549109
161322673 105957073
205721251 557158024
182676385 290809052
105197 484053611
216161431 73559596
727982597 418532401
31795409 738799053
521414389 76183561
155924070 853253785
21757242 620745161
214796161 217231084
10077529 162790804
82085501 8202802
811540753 567611419
74863243 16429801
333085729 131449203
87071905 473328121
129213182 42466586
409616269 175118739
58592150 417725881
552540537 154378802
267962146 25382113
491129233 579957171
302749628 178361389
25298529 317620448
189126438 67898893
6706 5854674
113700788 22271421
385272673 489386021
290576936 52125946
144970321 41591656
537227224 249130533
2899793 640355345
822832051 18202203
43350838 354764665
86828531 7484146
10485592 203577886
20366433 83370490
25660126 484086619
265983 135606318
744281665 391121326
451925057 46467583
232041351 31125348
31420918 279310375
888398697 148303060
15451514 689347836
58936537 590576931
264588781 410382126
118227196 587058417
405992275 716018689
95153007 184499701
585678187 195661595
849475051 439804666
246657507 738375409
146883344 235235937
383116105 40212096
315598609 744000544
206326297 100170577
86493254 776034900
85063137 76000065
48570608 276268330
34678353 35499573
248763753 68485759
126514003 26717516
598100121 181380027
21198308 86335861
703502163 105682767
220684089 282329861
90668621 36315833
902645857 380798456
26605481 81421661
503465691 854869275
718870169 66461940
618090773 2895517
5748721 3116608
41337811 79127533
264660787 527927788
105929577 42426618
946128247 174882106
948321925 99851749
208891441 312481387
9018801 121207801
622319341 49548295
228567445 735248515
8919726 573755238
170350237 459399697
406779135 270921363
74402160 825014406
249946465 269271204
945292817 301379392
136179907 169047341
120828001 9994097
229359593 370507485
27504161 456610057
8770789 13127590
188617353 45617321
223742089 625148057
36146705 411390541
232021351 84895669
147171998 161206254
731833329 55344303
211504866 504034769
22832281 232265107
42204155 458217253
144603329 32972941
87336712 37691369
36957565 183075931
329103751 164407339
249694165 504723653
242614813 38210086
308109387 158936617
481630969 2194712
420215801 455897461
518002281 151869421
214940755 142550305
95399153 400181419
116447856 98846749
403440441 32842321
2548333 580352775
17074665 616207549
712001 550148635
521832319 346353811
50330985 310540517
16441302 143156797
79550017 314838589
558468506 409443721
294100615 664412701
19818601 220867381
197172841 81217589
203391721 77803286
38977420 14846917
819526384 114242813
92777265 3990115
256816 438594681
1047685400 55871537
318148351 22243321
500450161 53677841
335143813 50650561
30625093 142609221
304855201 68770121
334528660 182396373
680501477 498495295
547661521 289636
119768297 487735354
332403058 195190237
314335297 230056815
1241845 878457880
729165865 64106045
194035808 10101754
424285221 468268201
5600141 397026441
1978292 709857785
69275931 443822795
406709185 194891632
194820052 939441133
260985565 300168505
66559731 31430176
128844381 197326381
422858773 120259001
956621121 446209806
9239515 16190977
405495305 474829988
111025096 267655037
86078881 252951751
670103251 213997267
145084581 94390834
409723631 99463919
250018741 63208993
371448169 362807551
707314011 566373919
2156705 234470006
96256216 53479144
241124346 418965001
21317469 294833625
100638970 61862967
64447426 26051059
2404776 150888491
63870334 471576088
34181258 679638
182516817 22897585
82723854 686437285
140622553 339670625
670845297 101580787
7505081 77124199
30909733 119217401
39989776 43770867
299038433 392343969
267756083 50785025
290350801 31254791
178773541 6786027
361968361 687462985
7413811 270455161
39243025 341620609
63147423 345527551
50125461 175155373
35550569 114564655
15398241 125642745
216189001 21675148
659015771 91428525
13680921 177765292
32639487 703980091
144006025 19963567
295682017 244753227
337071502 100629673
472837849 80550289
770651553 246882945
45202176 318079441
459914041 158452811
305947541 55250443
27854081 732304499
106867704 765795729
378584207 34961186
181275557 216274766
56182073 39445177
212827701 702253613
300250360 335252763
185195827 47886229
232522025 388572801
7920641 699540073
116357913 224174221
413006401 188473801
523812757 207774272
250449484 1161617
13102125 21586440
346441261 73457539
158168909 143225714
134681 696322205
546991759 212384461
212914001 256004701
287283410 336209509
296459352 286453311
512608597 187119361
94165957 141320389
321830425 72755873
259466732 486444689
26909794 61361233
46812741 326832321
508365483 999707329
12901505 35036119
322904981 193772679
33856033 358985108
354793141 135158527
531817105 37448811
360079857 259668424
531970101 171959481
152963665 350481313
430242441 159551533
2615193 19664887
90206218 116554206
130840568 36795061
351159261 540649756
40379951 373791607
425350121 343027831
266040061 112919851
29734927 85641833
21765052 34315681
269868177 758929811
63968672 539385249
185248171 186160667
575873866 355292800
586751023 811690261
641555161 161679337
201810505 324088849
243683777 306512980
18303521 226111341
14466337 124207600
616830201 318785409
434115160 124739713
29769437 468426629
181884787 36406029
485299081 383775529
631449820 295266593
524688418 59043241
352863560 158341249
458846291 122365057
29729685 785753653
325670122 62209225
484117329 164405041
574382992 941397751
169227916 362686379
114777062 137128451
78698781 124275671
528766957 199388257
681027097 137246425
261654501 869649841
529844285 305816891
19362184 55235620
718448708 140274991
95022747 122821921
513615565 17547401
7599313 77200584
166380101 45585388
39219311 830832069
232776653 818407058
231521221 458866213
524341987 128365007
117053053 128031260
140416641 107500654
87782695 171914645
34731363 195966895
314907321 845271415
234452401 577456608
48987282 581061286
292486977 36403144
377224691 3907149
461890720 351267667
128787089 408702441
588423438 359774233
523059216 341594121
862262905 141643633
1117581 132008292
86817097 89976826
441221605 475599955
485626991 997907275
1762008 77319551
50489569 94571777
128076877 521728609
11317 386180283
19692121 244112804
11726093 552606445
13136026 150284045
446118941 297570699
172281878 362729785
68382891 134231252
139129946 67176607
456733549 352400680
74637570 798639229
647751791 136333572
93443805 10464166
335149361 64423085
501746841 3330874
306797951 190040092
108538979 178555345
165800276 163313442
447326852 729041105
39412855 21836189
1065595441 96399334
40781539 297844863
42530613 72311331
198104381 89874162
3287188 475775041
133340447 134099425
525066862 163257502
103842976 50336308
162598593 117037639
127629865 651362737
18992601 110744173
651856841 218291425
147581465 368818385
40030264 307601361
300392884 183549411
109123579 2786631
68249413 542309357
133668217 108608761
173550301 305973856
426338501 156053516
222599197 568053859
14463271 199310273
132714955 159903229
174045511 406683051
451499019 296096101
510393331 232163815
313363467 11434445
636853036 64415401
204617617 70825943
153700821 111745286
490704565 189923257
105881931 72759841
772352761 180100271
330813341 310093601
208881401 531021651
27702001 55550081
538692266 553095973
119589201 33293329
572503327 485049577
306312041 37147969
478487543 753467201
269765121 698351860
25164793 63914131
833852549 890608129
151781065 196747726
4857953 129539911
129658119 373745573
372617561 559798216
257804158 413979385
240346591 216953857
20645115 77221213
9838121 413742261
708030961 194280771
321178135 548863937
68799172 115928305
273440635 19687087
724312772 470455488
726898231 476650107
21430405 39966751
129860578 129447931
271495114 19127041
116844209 25733541
31777001 220295881
85945993 338969905
544019673 72669183
185231406 429267741
147277441 159330391
211716676 163738641
40688821 662148457
3146867 161314681
864592233 348835201
613147204 678299401
104248145 44482609
119738113 252375569
64616602 65613933
436784029 12059281
68447644 39599547
29720341 212297587
258221440 351517117
134608321 15796913
132797333 101819257
60207603 735179033
386795377 53803441
215727226 3277349
308512828 352690817
163862791 226929626
318614437 36606927
12177481 606180523
256466346 58323761
116772048 30985500
305534820 5588640
129835153 8262178
455447785 462238603
650500075 338395825
84084562 290364625
66626059 6119641
540899405 452752529
246154765 34594513
47018441 133911061
498085312 89509773
495724435 379497712
339375031 410878113
8400025 564691376
136413817 98663490
163962501 148543825
590729021 51364897
83466127 82489441
44977841 377989246
57474145 330983815
999186030 67671045
790243897 371108233
251507201 25586765
64696234 168836511
344751628 837130057
38245009 284282026
19491811 364996385
476504487 11090465
69275247 737769484
521825473 778572621
252757021 209197717
178409298 874835881
2244286 308338623
163033426 147067188
810329728 90236818
372244601 445349646
910037074 840131581
109215376 644131531
100670559 107522817
740565439 895176437
173171737 276839053
592352353 19439716
802120701 766388097
337253054 134584097
158015587 385638793
355520705 58578126
335056671 10549360
44443456 236628913
8388321 224989126
355558726 381601409
625576996 67010185
63173755 838774867
23559231 386185372
326281852 94291103
205479379 187801418
35008065 416884105
590604069 287110689
98596801 384735219
79231997 509667685
704236555 28572955
393456640 360911269
101887585 236318371
144285329 311132653
132483352 29615578
562527681 228226930
697707669 493259581
656394445 121053817
543730870 10257280
190071510 209450389
280412593 620792131
167674299 370705229
317360519 3988691
446164881 90447739
6234734 199736386
586399815 40973869
115065448 420242252
183857737 62312737
121183800 319179329
565069273 92391124
497721169 485738611
700455065 434476678
638065986 668952377
2397921 14482339
334262737 453427009
518078737 321891901
6065452 440967022
84704416 65365630
405234517 20617061
583667533 419576900
490345207 204142758
173997135 64734801
207885877 257882869
182393142 634684225
263330751 49403125
433903213 98116767
438485489 590838611
456915457 423688321
33399667 326082961
141933361 438902281
422279665 145334649
280894956 64851751
138981937 21369529
447237904 34583605
371997675 105439041
374654595 74286466
118986436 74810081
401115765 42490337
76528520 68110633
252509501 192804481
716867911 323313021
420073131 74706538
41104519 37857463
504847861 11636731
124494669 586183665
211355191 638161329
4408501 8115350
598453423 150459061
2000152 244032285
335489176 52268951
31066309 355459729
123678461 88181857
671745691 57410425
541871156 16982465
18969893 7274947
39296497 45948106
535999087 327274763
406052263 845721301
473269501 589676851
540642388 139888001
2292097 13402366
217113679 123979676
23606157 171837641
374702407 639084003
907640826 895822326
57293791 270210757
929122146 11903521
370571110 134600831
29039949 851208841
21778417 195926267
60844054 43778376
879659306 15242865
398072639 3402244
1052617 130873521
102092806 21666625
243287547 128382919
108593561 379654689
213842370 532218331
307726134 58748913
86841525 17190086
129637379 167731669
151607982 414468745
195234949 453937961
173692275 593860267
468305937 820279
118833253 1007627974
56540719 45614631
437939041 55305223
208550282 106068371
86247779 253983033
244018516 305672317
385877215 178922151
305229613 404155057
700120821 710842947
233008516 459884751
1246535 42843186
31232356 76076652
360437606 259392813
128195211 862220905
127700371 325480351
170504551 756444097
220815090 155999295
273029369 173930443
32918293 1659313
116437582 21893990
657645427 7654501
322438861 543343958
38264756 594279413
23786636 298133821
96662938 119099737
53877202 563347217
437123647 439462273
143524 171100901
259273621 187486765
381124801 262310322
463510046 243699361
78545626 520703745
782282269 170372971
57278161 217975633
270471268 559945541
178170490 75498263
215597357 34968301
440266681 61813019
441324571 282397423
97963300 2367561
547539393 239388069
265214719 563774929
60323968 92000014
33155893 181285955
154067077 14379289
264005693 187916176
92893091 528560176
422336913 223037641
581186123 17866601
82884901 134551540
77736781 233899601
21421361 290565441
30057833 542754576
228927271 294674421
90865153 629289217
254090257 61208163
42080323 116502154
19681981 25638971
1760313 100680301
251668117 249304321
34864881 6646693
550746505 821121391
184582872 126853494
37999501 467292519
76744396 234924053
433622077 692947711
105269815 353385291
1313855 504232597
802589593 42418951
44286571 34950202
20136239 55472803
15123406 102311905
201133933 702722107
154551031 813045690
148103831 129248691
343147825 377476483
37024145 70629581
91629803 181479367
310508348 78215632
308453965 308693887
410919579 936600067
959709722 514415461
773644285 38249289
499279 51585857
198590471 106102361
143615161 197535779
130215240 80442700
48351693 173332641
158660503 19146673
108883566 439803761
210585664 531778273
469847888 133013074
161610246 74139157
39494575 119832763
223367983 173865976
266435677 385161921
7643453 26449501
1912093 154412113
522402046 2101051
201894641 428590828
134898646 86772247
2501451 199704961
235749697 193289537
102651601 29621601
146294911 24377505
195529869 519205633
101661066 30843351
758633 430971583
423546413 105256167
68287617 889109071
452660251 25801476
56688679 501246045
170721673 18158492
673577016 41353963
3292319 171174753
384113434 212525344
164937401 46879827
124963745 175061537
448435961 598294601
175254773 513427937
169864201 692715513
549230333 5891909
112660093 292326501
134192891 552282111
411236197 64214341
39388753 366684781
22068098 386716588
62009312 515984393
12580649 188757401
13807594 196987204
156197728 111583109
18090851 676917595
467427776 322513417
41440561 341816437
677348071 28971321
46887387 466376281
222064393 181108984
22870387 863998991
89636871 29532385
140061263 8882329
178318861 187495972
404555481 169404678
41858521 65727425
563325897 239611051
476768617 345649825
240023756 92797363
652106351 449851481
656719379 769735334
129556951 61338061
49617569 22077579
10472135 372548581
211950731 498168457
109380201 527223657
13047529 25652648
267712033 138526048
74681111 279601145
105889057 2361881
430042644 170893423
39568375 412186234
21350001 396464795
360509621 368586571
85153251 416640706
99486685 250883559
44386221 109538888
533465185 293232931
63309019 132414611
163403533 44179227
322287287 143432333
444266978 62367805
783402916 445186551
105782551 367712785
50789496 241169709
255854409 231436821
1791931 796892521
293672545 534963057
267408379 76304801
178090057 582531121
230578 547891477
63393877 68134177
291269268 478319069
109381273 519837065
550732297 86213220
551943254 527101521
143032108 529984999
112864429 119061841
16795216 572522380
130330442 20986423
413475253 59336641
1959852 132904153
41749933 59527393
245967691 20984633
418292040 214149777
577047001 176285361
236362467 377889473
86283705 149264749
15683897 249706533
6401521 582508729
926395669 297381241
120101907 557484796
118435841 94700998
55222511 713360649
33983649 257681117
2054593 205933929
166066606 322848251
439397164 75296818
303649501 556362241
60357705 434929821
783883761 21113488
320434225 33246478
264167841 280349173
5752531 174871249
82603681 41447547
625617203 413596951
680870324 235044188
500513651 275430905
151932001 82016551
258386831 334123076
45456321 11852271
70942757 151699927
421734391 135486433
210634341 218483078
245043172 344000710
118311922 174697571
99253708 275724041
185217181 19538473
219962536 138047941
187937254 212420209
256041748 946774612
154166230 210079563
518697025 31318670
379129407 11032222
704885585 318461221
234685285 412425778
638661541 123426663
474540757 50429957
445135993 85814379
366000533 423424441
527127185 58616601
59316265 421344741
140522786 564202574
790721966 104626889
80344811 7502509
332711844 6301681
344360269 295763795
374479561 400936149
295881251 589052331
47912058 235233569
757678393 551174801
454174397 773955222
648639436 9599101
236496193 35788078
297824803 485807107
641093254 680497986
151993408 88282483
213387412 107124565
36737559 259046177
129480073 30230761
48934489 429477600
30689028 285410971
83904881 71461395
30105252 363803441
19478977 351625288
434797189 258909505
753769282 177215193
88653489 364368001
246590521 109007441
213817377 99680554
276981409 496314448
436099151 355546501
339489814 466035831
132909349 2260441
579513936 29266381
427915489 591088151
828925390 185896981
9854619 67600961
237825951 4937829
394685771 302331097
29652751 123272376
163407826 186381259
304696526 380316717
416373931 580572115
207290535 120332125
279498169 66948377
670032203 39343888
83577943 2064121
221579868 533430061
380698597 364618852
50837581 69718867
248309837 456408577
830906077 269253554
155272501 50692321
447081701 21847712
117366301 8394361
22513726 620669185
577947540 103189633
137529481 215962748
264372736 433310392
15097361 470367
282715225 283482430
293795932 3272833
18378151 451962674
16084880 284590825
46701322 110305657
107462941 115851763
542497663 444789621
156536096 18667909
186822612 11336977
437020417 178930826
495291369 101350238
463525426 174325893
80931118 209676936
746662530 293653369
12567157 490743955
233480395 12398751
230931325 2081275
241924741 672506772
361216551 898367801
123993668 229011509
461260502 801052149
675376901 294188281
16618329 50702981
148583809 63828073
117715031 127408519
331700493 137640921
297768241 31610041
749819209 192941169
330862546 695634421
157222453 49241476
107794626 529572217
29066008 399067306
60661945 331089001
621819982 669889949
803995393 673767183
216223341 349440301
487693009 178905649
708936991 16003009
107474165 298895581
143553744 141981505
645309897 806917189
39945921 83237636
161839 143786776
37661869 82711597
144701254 710192289
319591 156382570
389431708 249826641
126220465 359966887
38421293 216627063
311084227 240962051
403618942 242521788
282256581 652867153
16974149 391392289
426230533 177004876
64724042 15454242
17553199 227394497
32022511 206297631
363697105 171237276
134910462 818256541
393481904 73911985
497531977 156376176
123768569 28049685
135140398 491797549
206494746 601136860
184650601 132540941
22748041 806701857
278564023 162510172
15857161 144308815
315352111 488257561
640944593 340302601
127710097 110531573
660446654 269968141
263483308 488260257
13160245 40485057
170974585 387781021
96813133 13673362
292103631 249317355
512591005 41441601
625550185 141169123
24173157 257175682
145421545 341228161
738633765 244093441
21648497 408949707
244604040 573084625
465840321 75822937
132280926 209992865
31061460 2182413
125410741 162250239
40729429 52943241
82260820 46081001
724116944 558439273
10671309 92161945
1233573 121696413
161232259 7327997
90978076 290389345
732853305 382669839
205784251 106830381
326937997 104759275
18020731 177350814
89935790 112134751
748700876 364954766
197259755 261941527
67057252 90941451
48098493 115127621
156484117 194602981
76456405 53133817
666830543 320166737
60359771 327075085
11899929 147935607
86842795 421951251
167019009 87738976
302383693 299432225
422255296 166763051
11634415 199648577
169468183 308996335
209929975 253434426
411659638 90646269
165169339 379260772
18399031 15003310
359407673 35957521
182773647 551756787
13968361 521380504
92556577 31066813
157264129 553038889
92724775 7192693
50316043 172394
643689413 413462881
275226947 129252098
54407409 29809973
443021384 62643322
85003318 63796811
179662996 4018836
83822592 348071777
64528345 491518771
337632868 58869559
252215237 276995407
625194787 96250785
107905309 605698802
24084725 308407142
231210397 223766006
583823101 237478294
870077361 203360587
88710931 69548482
726856571 767176939
191113429 18011161
227112929 349932753
264062941 75951325
147758428 49744123
558334921 5392027
611283961 389437643
229688845 244448833
117223235 88554949
196554577 93496025
124428949 478607459
473372569 439802131
150557968 23542205
359922421 198340321
77690827 3589039
34525879 67648456
191118187 773277541
326308723 668050337
565701654 8027385
83435056 96459969
232751585 249180221
27677959 198616658
162592085 120762835
160908967 157756165
29070730 476165345
846986949 855505553
40645450 44843008
73451771 252803329
325148401 170887501
26641377 374556634
139097516 553537477
97429921 63799979
374227841 286872692
57889439 290650529
246350655 311445163
87995185 458596513
69068397 189819451
548849031 236227343
228018127 11990683
17610737 362314
292192611 601735439
341355261 115410181
89152997 49440196
360845326 231374326
245158061 20577184
414903791 646469957
70873569 294360625
140973093 123662617
687362923 270928225
550919513 478500751
501204929 69938035
590899 340680067
270456707 6177193
59471809 135642117
167311145 405214021
214184647 253343861
777175456 169496707
2420393 594313201
16458615 82724229
168783611 91576444
128737951 117550633
306563364 113082938
51893293 443410627
440688466 837691615
8844535 125836741
636676030 287907262
41638165 313869370
787688326 620690249
563042125 139720621
757369549 400643425
119946953 318855250
203618902 351583233
36007906 40314481
55398946 29828751
14979073 301564637
104898697 80825225
310947298 85382983
94107001 573023452
286088109 74903097
138943894 72671331
746824221 442315046
334665882 157185802
19693697 468350533
159816113 949021845
362003401 709425806
443266650 169263021
651257161 28389580
540563338 550340693
316397796 514754997
304514006 94232217
513619689 254740465
171073891 244906270
390920808 151230961
67783873 124403771
584550721 152484526
565293613 191513717
549084147 210081271
46536015 137648717
817413123 499220821
141273409 127358599
649349063 127311496
201499847 25580881
733508825 521117989
700548551 3948715
400878273 74804731
413440001 45414621
113183927 51028377
463071063 8787082
18535581 92223170
164935873 107304989
456497175 162450563
98712937 470259910
303832145 46017089
146398561 767673494
399989941 553627501
135735297 680681476
779501691 17589115
626017451 196668284
150919238 113826778
10140577 706432624
3163482 18583003
630170875 208903249
147831629 488076226
444864621 117418321
336134681 302409521
172800700 61424905
354340573 602294680
607999297 182797249
255899281 177592065
11084889 220379377
7840129 503716888
721892109 188693966
997152325 186237577
668205033 97521662
159082093 67371094
111669227 291795220
1470765 743476811
202422421 343829155
256948686 97188779
660321829 415687503
543851881 26790268
506967561 150521329
28061899 362687086
381002917 207800334
216768610 141470701
159022856 248567648
605927741 467115001
370422469 198493795
592999543 354934267
265725761 121851481
12085228 293819877
354463534 685683141
983598397 798228940
147131394 420461357
131618701 246455051
103146903 202479181
16907035 86724929
387263431 148720528
61399333 18002827
304259345 590884204
344177776 376601401
160176097 194290741
195091051 23328381
71348062 165747791
80501726 10935406
38785578 584821221
190632382 126957331
393431073 589476525
117021916 792714381
88993016 455823331
481221742 594488017
625116801 243519174
66469025 67989477
258157613 2592253
21893397 462546113
3988609 393951079
350770987 715756411
186244697 480316971
193002103 86807505
488409769 33601093
129761929 51351625
16179601 453151351
150054335 292891881
452498671 263501425
24774515 469263943
92420701 74740321
488879539 41945421
855964747 16299032
253854350 7230271
525737953 226962055
73872096 222845301
153694421 813136091
167670865 2116353
939155295 9252421
308006341 14448541
616965157 9590401
191001581 10824247
222186713 190838992
7043167 659973625
74563369 618993616
39668515 10384507
646448114 982862317
89383128 334218029
757126439 918842217
11653981 171395441
10850297 321267382
292821055 323372251
114003001 119585481
13335251 863270065
183464945 113373409
10893651 2403001
927248145 461659591
461019499 650638641
61335847 115214197
91741227 307480945
814314137 283303546
179273182 259994196
55413926 54873181
53024165 437210537
160292359 109379417
256437953 422153341
283283699 241669293
92822041 14360689
379912369 402338311
255973389 83663571
48744711 167960953
377719042 91369846
85506976 74952052
56629722 2125797
169239176 189176362
384464090 20668401
338655446 180916776
96176551 47126195
11676309 688435039
34014255 261235621
11078145 110575167
577869451 387367443
65200951 179405401
695309981 20854648
531660385 162769564
38613702 639521851
196364356 447241921
199773487 120401466
474653494 661360841
809653189 2408567
78674866 29904946
529809217 530173001
824191641 326592436
34007832 334586009
236838811 5703841
19511415 613268181
495815797 183985461
183357164 375428785
86232421 222174523
795899261 211055197
