6 7
10 5
12 4
13 5
18 13
21 9
25 4
37 4
39 2
44 2
47 7
49 5
59 9
66 5
67 3
74 6
75 7
81 5
89 4
92 5
96 7
98 10
99 3
102 5
103 10
105 1
108 8
115 16
128 4
141 12
142 8
145 10
148 2
154 2
163 9
168 7
170 9
175 5
176 5
191 7
201 1
204 6
207 1
216 8
222 2
225 6
230 5
236 4
238 3
258 6
260 5
280 3
297 2
305 5
308 3
309 6
312 4
315 4
317 3
319 4
322 3
323 3
325 5
342 5
345 6
347 7
351 3
358 5
361 7
363 5
366 5
367 9
371 3
378 7
380 6
383 9
388 17
393 6
398 4
400 7
402 4
405 6
406 6
409 3
411 9
415 6
419 4
423 7
431 5
432 9
436 6
442 4
445 15
446 6
454 8
458 3
459 6
470 3
471 5
479 7
481 4
484 6
491 7
496 4
498 2
511 3
512 6
515 4
522 14
523 9
524 6
527 11
529 6
538 11
540 5
545 7
549 4
550 6
551 3
552 8
562 11
563 7
573 7
574 4
576 11
578 6
579 12
582 6
583 6
591 6
592 10
600 15
601 3
603 6
610 4
611 6
612 9
615 7
616 4
620 14
625 4
627 4
638 2
639 7
644 9
647 11
652 11
653 1
654 4
655 6
657 14
658 7
661 9
665 7
666 7
669 3
673 4
676 8
679 3
681 5
682 4
683 9
684 12
694 6
695 7
702 3
703 5
707 7
710 10
711 3
717 3
720 5
726 15
727 5
740 7
741 4
747 6
748 6
750 2
757 3
768 5
771 3
776 4
784 7
799 2
801 3
805 2
814 4
816 2
820 1
825 5
836 8
841 12
855 5
857 9
859 4
860 1
864 1
868 11
869 3
872 5
880 2
890 5
891 7
892 6
897 6
900 2
906 4
911 4
914 2
917 5
919 7
920 4
921 8
925 4
927 1
930 3
932 6
935 10
948 3
949 3
955 3
956 6
957 4
959 6
964 5
974 3
977 4
979 1
982 6
988 5
993 5
1006 4
1007 10
1008 13
1011 11
1013 8
1015 6
1020 3
1022 6
1023 1
1024 6
1025 8
1031 5
1044 23
1048 5
1056 5
1060 3
1065 5
1066 4
1070 6
1076 5
1090 2
1092 1
1093 8
1094 17
1101 4
1113 5
1116 4
1121 6
1122 7
1126 6
1132 4
1133 10
1138 4
1142 4
1147 3
1148 7
1159 9
1164 19
1169 6
1174 4
1175 1
1176 6
1186 6
1187 7
1195 2
1196 2
1207 3
1220 2
1227 5
1229 5
1232 2
1237 7
1246 6
1248 3
1252 7
1254 1
1255 5
1261 9
1264 3
1267 4
1273 6
1274 9
1276 3
1285 7
1288 2
1290 3
1293 6
1294 10
1295 12
1304 4
1306 6
1312 7
1315 7
1322 8
1327 3
1331 4
1335 4
1340 3
1341 7
1345 4
1350 3
1352 5
1354 5
1355 9
1359 9
1360 6
1366 7
1373 4
1378 15
1381 7
1384 5
1387 2
1388 6
1394 5
1396 8
1400 3
1402 8
1412 9
1414 8
1419 12
1425 10
1427 12
1431 8
1440 9
1444 5
1447 11
1454 7
1457 1
1460 6
1462 6
1465 7
1469 10
1475 8
1479 7
1483 3
1495 16
1503 6
1512 12
1516 4
1517 3
1518 6
1521 6
1522 4
1523 8
1525 5
1528 1
1545 3
1547 5
1548 5
1552 2
1554 1
1560 10
1561 1
1562 2
1565 4
1567 7
1576 2
1578 6
1581 2
1582 3
1583 3
1584 3
1590 2
1600 3
1601 5
1603 5
1607 3
1610 10
1612 2
1614 6
1630 4
1635 10
1639 2
1643 8
1655 2
1657 4
1660 5
1663 8
1664 5
1666 4
1672 5
1684 14
1685 5
1686 7
1688 9
1702 5
1707 5
1708 7
1720 5
1721 4
1722 3
1725 5
1728 5
1730 5
1734 16
1741 2
1743 17
1747 9
1748 13
1750 6
1751 5
1753 5
1757 5
1761 2
1776 4
1781 5
1785 3
1787 6
1788 7
1795 13
1796 8
1797 6
1799 3
1803 3
1806 2
1809 4
1810 7
1813 5
1815 5
1816 10
1817 6
1832 4
1837 2
1839 6
1843 6
1854 7
1856 4
1857 4
1860 5
1862 3
1865 2
1870 9
1874 3
1875 3
1877 4
1880 6
1887 5
1899 7
1908 5
1910 2
1913 4
1914 7
1918 7
1927 14
1935 5
1944 6
1952 5
1961 8
1962 6
1971 3
1974 15
1976 6
1980 7
1985 7
1999 6
2002 5
2004 4
2006 7
2007 2
2009 2
2015 7
2020 7
2030 1
2041 4
2044 3
2046 11
2053 2
2059 3
2061 5
2067 2
2070 3
2072 6
2078 1
2080 2
2083 2
2085 6
2089 10
2092 3
2094 5
2099 8
2102 4
2106 10
2123 2
2131 7
2132 4
2134 6
2144 3
2146 5
2147 2
2148 14
2149 5
2150 6
2153 3
2156 3
2164 4
2180 6
2185 10
2187 4
2201 2
2203 3
2204 3
2207 3
2208 3
2210 2
2221 4
2222 6
2225 5
2227 3
2230 9
2232 2
2234 1
2235 9
2236 2
2244 5
2245 3
2250 7
2265 4
2268 8
2272 2
2277 7
2281 3
2283 5
2284 2
2290 7
2304 7
2310 6
2313 8
2314 2
2318 7
2320 4
2321 4
2325 2
2327 6
2329 7
2333 2
2334 7
2335 3
2337 3
2338 6
2339 14
2340 5
2342 6
2347 2
2352 4
2356 5
2358 3
2363 3
2369 3
2378 6
2380 7
2381 8
2390 1
2398 6
2418 2
2438 4
2440 7
2441 1
2449 5
2450 6
2458 4
2460 6
2462 1
2465 5
2468 8
2478 3
2480 7
2482 9
2498 6
2499 4
2503 9
2507 5
2508 3
2515 6
2517 5
2525 4
2528 9
2529 8
2532 3
2550 3
2551 3
2552 1
2556 6
2564 4
2565 5
2572 2
2577 9
2579 3
2583 2
2595 10
2596 4
2597 6
2602 2
2603 7
2606 3
2608 1
2609 4
2610 11
2624 2
2626 10
2631 4
2632 5
2634 4
2638 4
2645 4
2650 17
2652 4
2662 11
2664 6
2667 3
2671 3
2673 5
2682 20
2685 14
2691 6
2692 7
2694 7
2702 4
2717 14
2718 5
2719 14
2720 9
2727 9
2728 4
2731 11
2733 7
2734 3
2736 10
2737 4
2738 5
2739 2
2742 4
2746 2
2750 10
2756 4
2757 3
2762 4
2767 4
2770 4
2777 12
2780 11
2781 9
2783 6
2787 17
2788 4
2791 2
2799 2
2804 4
2807 5
2810 6
2815 4
2820 4
2821 3
2827 5
2831 4
2839 9
2850 4
2851 16
2859 6
2861 9
2862 4
2863 11
2866 11
2867 7
2869 4
2874 8
2876 4
2878 5
2881 3
2883 7
2888 4
2892 6
2899 4
2902 5
2905 3
2906 7
2909 2
2915 2
2920 4
2921 5
2922 5
2925 5
2926 4
2927 6
2934 8
2939 3
2945 8
2948 10
2953 7
2962 8
2966 6
2968 5
2971 3
2972 9
2981 5
2982 4
2983 9
2986 5
3000 13
3005 4
3006 3
3010 5
3023 7
3025 4
3029 4
3038 9
3042 4
3048 2
3049 2
3053 2
3056 2
3058 2
3067 4
3070 2
3071 3
3072 8
3075 9
3078 4
3080 6
3081 8
3083 15
3085 5
3087 2
3089 6
3097 5
3098 7
3099 15
3101 4
3103 1
3104 5
3105 4
3114 5
3121 2
3123 8
3126 8
3129 8
3132 5
3133 6
3138 9
3139 5
3143 2
3144 9
3149 2
3151 9
3157 2
3171 6
3172 4
3176 7
3177 5
3181 10
3189 6
3190 6
3198 4
3200 1
3202 5
3206 7
3208 3
3221 4
3222 6
3226 2
3231 4
3233 1
3234 3
3235 10
3236 5
3245 5
3251 6
3254 4
3256 7
3258 4
3273 5
3274 2
3278 4
3282 5
3284 3
3294 4
3301 6
3302 4
3305 2
3328 2
3332 3
3334 2
3336 3
3341 8
3353 4
3355 4
3357 3
3358 6
3372 7
3375 7
3388 7
3389 3
3397 4
3406 5
3409 3
3410 8
3411 5
3413 7
3414 8
3416 2
3426 7
3429 4
3430 5
3434 8
3442 7
3448 2
3450 6
3452 2
3458 8
3463 3
3467 7
3475 7
3476 8
3481 9
3485 6
3495 6
3496 3
3497 4
3506 3
3511 9
3512 10
3523 10
3524 1
3529 4
3532 4
3533 6
3543 10
3545 8
3547 3
3551 2
3552 9
3553 9
3554 2
3557 6
3559 5
3563 9
3574 3
3576 7
3577 4
3580 6
3583 5
3587 2
3589 10
3591 6
3594 6
3599 2
3602 2
3607 10
3611 7
3613 11
3615 7
3620 4
3624 7
3627 2
3638 2
3640 13
3644 4
3645 3
3648 5
3649 3
3654 4
3659 5
3663 12
3665 1
3669 13
3674 3
3678 7
3680 2
3682 5
3684 4
3687 7
3692 8
3699 2
3700 1
3705 10
3710 11
3713 6
3721 4
3723 2
3724 9
3726 4
3727 8
3728 4
3729 1
3732 5
3735 2
3741 7
3744 4
3764 7
3766 1
3768 2
3769 4
3770 4
3771 6
3780 3
3785 16
3789 4
3799 8
3801 8
3816 6
3818 5
3823 8
3828 3
3829 7
3838 6
3844 5
3848 7
3849 8
3851 3
3854 7
3857 3
3868 3
3870 3
3884 5
3893 3
3903 5
3909 7
3911 2
3914 9
3927 11
3929 8
3930 6
3938 6
3942 2
3943 7
3944 7
3949 4
3952 2
3954 9
3957 9
3958 6
3959 2
3960 8
3964 1
3973 3
3978 4
3979 5
3983 8
3987 7
3991 6
3993 4
3997 4
4001 9
4004 3
4008 5
4009 6
4011 4
4016 6
4021 3
4029 4
4030 4
4033 6
4038 5
4051 4
4060 10
4065 6
4067 6
4069 3
4070 4
4077 9
4078 13
4084 12
4086 3
4087 3
4090 1
4094 5
4097 10
4099 2
4102 2
4103 2
4104 5
4106 6
4121 2
4124 3
4125 13
4140 3
4144 5
4147 3
4154 7
4164 16
4165 5
4174 4
4177 5
4179 1
4187 8
4188 5
4189 8
4205 4
4211 7
4215 23
4220 7
4221 3
4225 3
4228 5
4232 3
4233 4
4235 4
4241 8
4255 4
4258 3
4260 6
4263 4
4264 7
4265 7
4269 5
4274 4
4275 2
4276 7
4277 6
4285 6
4286 3
4290 6
4291 3
4294 4
4295 4
4300 4
4307 4
4309 6
4311 6
4314 5
4316 6
4322 4
4331 1
4337 7
4339 7
4342 4
4346 8
4349 3
4353 10
4355 9
4357 5
4360 5
4362 11
4363 14
4366 7
4367 4
4369 1
4371 2
4374 5
4378 5
4384 7
4387 4
4391 4
4398 5
4400 3
4401 9
4404 3
4405 4
4409 5
4412 15
4423 4
4425 3
4430 10
4431 5
4436 6
4441 6
4442 13
4454 6
4455 6
4462 3
4465 6
4466 7
4467 6
4469 7
4471 2
4476 7
4478 7
4490 3
4505 7
4514 7
4533 8
4541 4
4551 4
4554 9
4559 2
4561 8
4563 11
4566 15
4567 6
4572 5
4576 11
4577 7
4584 4
4585 2
4588 4
4592 4
4596 2
4600 6
4601 3
4622 4
4632 12
4634 6
4640 7
4642 7
4646 7
4647 5
4652 5
4654 6
4655 5
4670 5
4673 4
4675 5
4676 2
4678 12
4680 8
4685 4
4690 3
4691 7
4699 7
4706 8
4715 6
4716 4
4722 3
4723 5
4729 4
4730 8
4732 4
4758 3
4760 5
4772 4
4777 4
4778 7
4780 6
4782 5
4784 4
4787 3
4790 5
4793 9
4799 3
4801 3
4802 17
4809 6
4810 7
4813 10
4817 6
4826 4
4831 1
4833 1
4837 5
4838 5
4840 7
4841 12
4844 11
4848 14
4856 1
4864 2
4877 2
4878 5
4879 2
4881 3
4882 5
4884 3
4896 3
4900 5
4906 7
4915 1
4923 4
4929 2
4935 6
4941 2
4943 5
4946 7
4950 5
4951 5
4955 5
4966 6
4968 2
4983 5
4986 2
4987 8
4988 2
4996 5
4998 3
5019 5
5021 8
5026 1
5030 4
5037 6
5039 4
5046 4
5051 5
5053 7
5061 4
5063 2
5065 5
5069 8
5071 2
5076 4
5078 3
5079 3
5080 5
5083 9
5088 7
5092 6
5103 2
5106 3
5107 7
5109 3
5111 5
5115 4
5116 6
5120 4
5123 5
5125 4
5131 11
5132 3
5133 6
5134 7
5136 6
5143 9
5147 3
5149 9
5155 5
5161 3
5166 7
5171 8
5178 2
5182 5
5183 4
5188 7
5192 5
5194 12
5206 3
5207 6
5214 6
5221 2
5232 6
5237 14
5244 4
5258 5
5262 6
5263 8
5267 6
5270 7
5276 8
5283 5
5289 9
5292 3
5306 6
5309 2
5313 2
5319 6
5320 5
5322 4
5324 4
5329 1
5331 4
5336 1
5341 7
5343 5
5345 4
5358 3
5360 7
5365 15
5371 2
5372 6
5380 6
5383 3
5385 1
5388 6
5389 5
5394 8
5404 6
5405 5
5406 3
5414 14
5418 4
5419 4
5421 2
5423 5
5424 6
5430 6
5431 6
5432 9
5435 7
5442 7
5444 2
5445 4
5446 8
5447 4
5455 6
5460 1
5461 4
5464 3
5472 7
5475 6
5479 4
5484 5
5485 6
5494 6
5501 5
5502 2
5519 8
5521 8
5526 6
5528 6
5533 8
5540 12
5541 5
5542 2
5543 2
5546 7
5549 5
5554 6
5555 12
5556 3
5559 7
5561 5
5565 2
5574 5
5585 3
5589 7
5608 2
5612 6
5621 6
5623 7
5630 2
5632 4
5634 6
5636 3
5645 2
5648 7
5651 6
5654 4
5656 15
5662 2
5679 3
5683 4
5686 2
5687 4
5693 5
5694 3
5695 4
5696 2
5697 1
5704 4
5710 17
5713 5
5714 2
5717 7
5720 5
5723 9
5725 3
5727 5
5728 5
5729 1
5733 3
5736 7
5738 8
5739 5
5740 4
5741 1
5746 6
5754 8
5756 8
5758 8
5760 7
5762 2
5767 4
5768 6
5769 1
5771 4
5772 5
5776 3
5778 2
5781 2
5782 15
5784 2
5787 14
5794 5
5796 10
5800 3
5801 9
5802 9
5803 6
5814 3
5815 5
5817 7
5821 1
5824 2
5828 6
5834 2
5837 16
5839 9
5844 5
5850 10
5851 7
5852 6
5853 3
5858 7
5859 4
5868 1
5871 13
5873 3
5877 3
5878 2
5882 6
5889 5
5898 6
5903 2
5910 5
5914 3
5926 10
5927 6
5928 7
5929 5
5934 9
5935 7
5939 5
5945 5
5947 4
5952 9
5953 17
5955 11
5956 5
5958 4
5963 4
5964 4
5965 2
5981 8
5984 6
5985 5
5986 5
5988 4
5990 3
5991 5
5996 6
5997 9
6000 6
6001 8
6006 4
6012 3
6013 12
6015 7
6020 4
6025 7
6031 12
6036 10
6040 3
6046 4
6049 8
6051 4
6055 9
6058 5
6067 4
6070 3
6074 2
6075 1
6077 7
6083 10
6084 5
6087 6
6096 11
6117 5
6121 7
6123 9
6132 5
6138 5
6139 9
6147 4
6148 3
6150 12
6156 3
6157 2
6167 4
6171 4
6175 7
6187 4
6193 5
6198 4
6206 3
6213 8
6214 4
6215 3
6216 6
6220 8
6228 16
6230 8
6231 2
6233 3
6241 13
6251 7
6252 6
6256 6
6262 10
6279 4
6285 4
6286 7
6297 10
6298 15
6302 6
6303 7
6308 3
6309 3
6312 13
6314 9
6317 8
6323 6
6329 6
6331 4
6334 7
6342 4
6343 7
6352 4
6355 5
6356 2
6360 11
6361 5
6366 13
6367 5
6369 2
6376 4
6380 6
6387 4
6388 3
6393 9
6394 4
6402 4
6413 6
6415 4
6421 4
6423 2
6424 6
6426 12
6428 7
6430 6
6436 5
6437 3
6438 7
6439 4
6445 3
6452 4
6453 5
6457 15
6461 8
6462 6
6464 3
6465 5
6475 5
6478 4
6490 5
6494 9
6497 1
6500 13
6502 2
6503 8
6505 2
6506 7
6512 4
6523 4
6524 6
6526 6
6528 2
6530 5
6531 3
6542 4
6560 5
6561 5
6564 7
6567 3
6574 4
6583 7
6587 7
6592 8
6607 3
6612 6
6613 5
6616 4
6617 5
6619 9
6622 10
6624 4
6626 6
6635 9
6636 3
6639 3
6647 5
6648 3
6649 12
6655 6
6659 10
6662 3
6666 14
6672 3
6673 5
6678 1
6682 5
6685 3
6691 12
6694 1
6695 4
6696 5
6700 5
6704 3
6705 2
6711 4
6721 6
6722 3
6726 3
6730 6
6738 6
6749 6
6752 5
6755 8
6758 9
6759 6
6760 7
6767 4
6772 6
6775 5
6778 6
6782 11
6783 5
6791 4
6794 5
6801 11
6803 1
6806 3
6811 6
6812 2
6818 3
6820 4
6825 6
6838 10
6842 3
6844 4
6846 1
6852 1
6853 7
6856 6
6860 3
6861 6
6862 5
6865 3
6867 5
6870 7
6879 2
6883 10
6886 4
6892 6
6898 3
6899 2
6903 4
6921 5
6923 3
6930 8
6934 19
6937 4
6939 10
6941 4
6945 13
6958 4
6964 3
6967 6
6972 6
6973 16
6974 3
6977 9
6985 5
6988 6
6990 1
6997 4
7001 8
7006 8
7007 2
7008 2
7010 3
7014 5
7016 2
7020 6
7026 2
7030 7
7034 2
7036 11
7039 6
7042 2
7044 8
7045 2
7048 6
7053 5
7054 7
7059 5
7062 3
7063 5
7067 6
7068 3
7072 17
7074 4
7075 7
7076 5
7077 7
7078 9
7085 5
7089 4
7092 4
7099 3
7101 4
7102 2
7106 14
7114 1
7118 3
7124 2
7125 6
7126 1
7132 3
7134 1
7139 8
7142 7
7152 8
7153 8
7158 1
7159 8
7161 4
7164 6
7182 7
7183 6
7184 10
7190 2
7191 1
7192 6
7210 6
7217 6
7218 2
7219 8
7222 3
7227 5
7228 2
7247 3
7248 5
7260 8
7270 5
7273 15
7276 7
7279 2
7282 4
7284 1
7289 5
7290 3
7292 6
7294 4
7297 4
7300 8
7301 5
7306 4
7308 10
7311 4
7316 8
7322 5
7323 2
7324 5
7331 6
7337 2
7338 6
7341 3
7348 4
7352 8
7368 1
7369 6
7371 8
7377 5
7380 8
7384 4
7389 12
7392 9
7393 6
7396 11
7402 7
7404 4
7413 3
7416 4
7417 6
7420 6
7421 3
7424 5
7429 1
7432 2
7442 3
7451 8
7452 8
7458 6
7459 8
7460 6
7466 3
7467 3
7469 5
7472 13
7473 6
7476 6
7478 3
7495 5
7503 7
7512 3
7533 12
7534 9
7536 4
7542 6
7547 6
7562 8
7563 10
7564 6
7567 2
7568 4
7569 6
7570 13
7572 6
7574 8
7580 3
7581 2
7582 3
7584 2
7590 2
7591 4
7593 11
7596 7
7597 2
7598 5
7604 5
7612 4
7616 6
7619 1
7630 2
7631 10
7633 6
7634 4
7635 3
7639 3
7642 2
7645 6
7652 3
7655 4
7658 5
7660 5
7662 2
7666 6
7668 2
7673 3
7675 9
7685 8
7691 3
7695 4
7696 6
7701 5
7702 5
7703 15
7706 2
7709 8
7715 6
7726 3
7727 8
7735 1
7736 4
7738 2
7742 8
7748 9
7752 5
7759 10
7761 2
7765 2
7771 4
7773 1
7780 7
7786 4
7788 11
7789 6
7790 5
7791 8
7798 8
7799 9
7803 6
7805 5
7810 9
7811 5
7813 7
7817 8
7823 5
7826 3
7830 6
7832 4
7835 1
7838 10
7842 2
7852 4
7853 2
7858 10
7859 4
7862 4
7864 3
7867 3
7868 3
7881 5
7882 9
7884 10
7887 3
7888 5
7889 6
7893 3
7894 6
7895 6
7900 9
7901 8
7907 5
7910 8
7912 3
7913 7
7914 4
7916 2
7917 7
7923 4
7928 8
7930 6
7933 16
7937 2
7938 11
7939 5
7940 4
7945 4
7948 8
7954 7
7955 5
7968 3
7969 3
7970 5
7973 5
7974 3
7976 9
7982 7
7992 7
7994 7
7995 7
8004 5
8005 2
8006 1
8007 6
8008 6
8010 7
8032 7
8033 1
8036 4
8037 7
8038 3
8041 7
8045 11
8058 3
8065 6
8066 17
8068 13
8070 6
8074 4
8088 1
8091 3
8093 14
8096 3
8098 8
8099 4
8105 1
8106 4
8108 6
8124 6
8125 13
8131 1
8134 6
8135 9
8137 7
8144 3
8145 4
8149 5
8150 4
8151 4
8156 4
8166 7
8167 3
8168 4
8172 9
8174 7
8180 3
8181 3
8185 4
8190 4
8195 4
8203 11
8204 4
8207 5
8208 8
8213 5
8216 5
8219 7
8221 5
8222 6
8228 6
8229 3
8232 5
8238 3
8242 6
8246 16
8253 6
8258 8
8260 6
8263 8
8264 4
8265 9
8266 1
8271 8
8272 4
8275 10
8277 6
8280 5
8292 5
8294 5
8299 8
8301 14
8302 2
8304 5
8308 4
8314 4
8316 5
8317 4
8318 7
8319 7
8321 15
8330 3
8331 6
8336 3
8337 5
8343 6
8347 7
8356 6
8357 5
8361 5
8364 5
8377 2
8382 5
8383 13
8385 5
8394 6
8397 2
8402 4
8413 17
8422 6
8429 9
8437 6
8439 2
8451 5
8457 6
8458 5
8459 4
8460 9
8470 6
8471 3
8481 3
8484 6
8486 14
8487 4
8492 6
8507 7
8508 7
8515 2
8529 5
8533 7
8535 6
8543 5
8547 9
8549 8
8552 4
8556 10
8569 4
8573 4
8574 4
8576 2
8577 6
8585 3
8587 6
8597 6
8604 6
8611 8
8613 3
8614 7
8617 5
8621 5
8623 7
8626 3
8629 9
8637 5
8639 5
8645 13
8647 3
8648 5
8649 10
8651 18
8653 8
8666 5
8668 3
8671 3
8672 8
8679 4
8693 4
8697 9
8701 2
8705 6
8709 15
8710 12
8711 6
8712 3
8714 9
8716 4
8717 4
8719 1
8729 7
8734 9
8743 8
8745 7
8746 3
8754 6
8755 5
8764 4
8770 7
8774 5
8775 1
8777 2
8784 9
8788 4
8790 3
8791 8
8795 6
8797 5
8804 6
8806 10
8812 12
8813 9
8819 8
8832 8
8833 3
8838 7
8842 4
8845 6
8851 4
8854 9
8861 5
8862 6
8863 11
8864 6
8872 12
8902 7
8914 10
8916 5
8920 7
8921 3
8926 12
8942 4
8947 5
8957 7
8965 7
8967 7
8971 10
8972 4
8984 2
8985 4
8993 5
8995 8
9002 3
9006 10
9016 8
9023 4
9039 14
9044 10
9048 13
9051 3
9056 7
9058 1
9063 5
9066 3
9070 5
9073 7
9077 8
9079 6
9083 9
9088 7
9090 1
9092 10
9100 5
9109 4
9110 11
9120 5
9123 3
9124 7
9127 6
9133 14
9138 10
9153 2
9155 5
9162 2
9163 5
9164 2
9170 2
9175 4
9177 4
9184 4
9203 2
9205 3
9206 10
9209 4
9210 7
9213 3
9214 12
9224 6
9229 3
9232 13
9233 4
9234 2
9242 3
9244 2
9245 2
9255 10
9261 4
9263 6
9266 2
9267 2
9284 4
9288 5
9298 8
9300 6
9309 6
9322 4
9331 13
9334 5
9335 4
9339 5
9340 3
9344 4
9347 8
9349 5
9352 6
9354 10
9356 12
9364 7
9367 7
9368 3
9371 8
9385 5
9388 4
9390 1
9394 4
9397 5
9405 4
9406 8
9410 5
9412 4
9428 4
9432 5
9434 5
9442 6
9451 4
9455 9
9459 6
9461 11
9464 5
9470 20
9476 6
9483 4
9484 5
9486 6
9491 9
9494 6
9497 2
9498 5
9501 4
9507 4
9509 5
9510 13
9513 5
9521 7
9529 5
9532 3
9540 5
9542 5
9549 5
9554 5
9557 2
9568 5
9572 4
9576 6
9577 4
9582 4
9585 3
9587 3
9588 5
9591 10
9595 5
9596 6
9600 6
9603 4
9604 7
9608 6
9609 1
9611 6
9615 11
9622 10
9623 1
9625 8
9626 6
9627 6
9632 9
9633 13
9644 6
9645 2
9647 9
9650 7
9655 7
9657 2
9666 9
9667 2
9672 6
9677 4
9680 4
9683 3
9684 2
9695 5
9697 8
9700 2
9702 4
9703 4
9715 4
9716 2
9717 5
9720 8
9723 8
9730 1
9733 4
9736 5
9738 6
9743 4
9752 6
9754 8
9756 3
9757 6
9762 6
9766 2
9770 5
9771 10
9772 4
9780 4
9781 15
9786 4
9793 8
9795 9
9798 5
9800 4
9801 11
9804 2
9806 3
9812 2
9817 5
9820 3
9824 1
9832 7
9833 5
9836 10
9838 4
9839 3
9846 5
9853 5
9854 5
9855 5
9856 5
9864 4
9880 2
9881 5
9885 5
9888 12
9896 2
9897 6
9900 6
9901 8
9903 4
9904 5
9906 2
9910 5
9912 5
9915 4
9920 12
9921 5
9923 2
9924 6
9927 6
9928 5
9930 8
9932 3
9935 1
9944 5
9945 4
9955 6
9958 4
9962 2
9963 1
9972 10
9973 3
9979 7
9988 3
9989 5
9995 8
9996 6
9997 3
10001 1
10004 11
10010 4
10012 5
10016 6
10018 5
10021 5
10031 2
10039 3
10054 9
10055 2
10057 2
10063 7
10064 5
10072 8
10073 8
10080 12
10086 7
10088 5
10090 8
10093 7
10094 7
10097 6
10102 6
10103 11
10108 5
10110 15
10112 11
10117 6
10125 4
10129 5
10131 2
10135 6
10143 9
10145 18
10147 7
10152 12
10154 16
10156 5
10158 3
10161 5
10163 6
10165 1
10167 9
10168 9
10173 3
10174 4
10178 6
10180 3
10190 4
10191 5
10193 4
10209 6
10210 2
10212 8
10213 5
10215 6
10216 6
10222 9
10233 4
10239 11
10242 7
10245 5
10252 5
10256 5
10266 9
10270 2
10271 9
10277 6
10278 2
10279 4
10282 11
10286 13
10289 3
10293 6
10298 5
10305 10
10313 5
10315 5
10317 7
10325 4
10326 3
10333 4
10334 5
10335 5
10347 6
10349 2
10354 2
10359 8
10360 6
10362 9
10369 6
10370 4
10372 3
10378 5
10380 5
10383 15
10384 5
10387 3
10392 12
10398 7
10403 4
10407 2
10411 8
10414 5
10415 2
10418 4
10428 6
10437 8
10446 3
10448 19
10450 5
10461 6
10463 2
10468 7
10469 4
10485 4
10486 5
10487 2
10491 3
10499 4
10506 14
10514 9
10522 4
10524 2
10525 6
10531 8
10533 9
10541 5
10542 6
10543 7
10556 7
10558 3
10560 3
10562 5
10571 8
10572 6
10579 4
10582 4
10585 3
10587 2
10592 8
10593 6
10596 4
10598 7
10602 8
10603 10
10605 10
10607 5
10610 3
10614 7
10622 4
10623 7
10627 6
10628 9
10631 3
10639 8
10642 5
10646 5
10650 6
10652 4
10657 7
10663 14
10666 3
10667 3
10668 8
10671 3
10676 1
10679 3
10681 6
10687 10
10702 4
10710 8
10713 8
10718 4
10720 1
10727 11
10729 3
10732 4
10736 5
10738 5
10745 5
10746 12
10748 2
10752 4
10754 8
10756 3
10761 10
10769 9
10776 10
10778 4
10781 10
10787 4
10805 2
10806 11
10808 7
10810 6
10814 3
10816 3
10817 5
10822 6
10823 3
10824 5
10831 6
10832 6
10834 4
10838 1
10841 4
10847 4
10853 4
10856 1
10859 4
10863 10
10864 5
10866 12
10867 3
10868 2
10874 10
10875 10
10878 7
10888 2
10889 2
10892 6
10893 3
10898 3
10907 8
10910 4
10911 3
10912 1
10915 1
10916 10
10923 10
10924 1
10926 8
10929 11
10948 6
10951 4
10952 6
10954 4
10958 7
10965 6
10966 6
10968 6
10976 5
10977 7
10978 4
10979 11
10982 9
10983 6
10984 5
10986 8
10991 2
10998 6
11015 5
11033 5
11038 3
11039 1
11040 3
11054 6
11055 17
11058 5
11062 1
11069 11
11070 12
11071 2
11075 3
11084 7
11085 6
11088 6
11092 9
11094 7
11095 2
11096 5
11103 4
11104 8
11108 7
11109 6
11112 5
11114 4
11123 6
11125 4
11132 8
11135 8
11139 16
11142 2
11148 8
11151 5
11152 5
11153 3
11157 10
11158 3
11161 5
11163 5
11167 3
11169 2
11170 5
11175 10
11177 9
11179 5
11194 2
11198 7
11209 7
11219 4
11225 6
11231 4
11239 5
11243 5
11246 5
11258 10
11262 5
11263 13
11267 17
11269 8
11272 3
11281 8
11285 3
11293 7
11308 2
11311 9
11314 2
11320 7
11321 6
11327 5
11336 8
11340 7
11341 2
11347 2
11348 9
11352 7
11354 3
11363 6
11365 6
11376 3
11377 6
11379 7
11382 7
11385 11
11390 6
11392 3
11397 3
11402 5
11406 11
11408 9
11414 8
11418 7
11419 1
11422 8
11424 8
11425 6
11427 5
11429 5
11431 4
11434 8
11435 6
11436 5
11438 8
11439 5
11444 7
11447 5
11450 11
11457 16
11458 4
11462 3
11463 4
11468 5
11470 7
11485 5
11486 5
11488 10
11490 6
11491 5
11504 7
11510 8
11521 6
11527 13
11528 3
11538 2
11547 3
11548 4
11552 3
11555 5
11556 14
11568 9
11569 2
11570 7
11572 13
11579 3
11581 6
11582 7
11589 7
11598 9
11599 5
11605 5
11616 4
11622 6
11625 3
11627 15
11630 2
11638 6
11640 8
11641 4
11646 5
11651 3
11654 4
11666 9
11674 12
11675 5
11676 3
11677 3
11678 3
11688 2
11695 9
11697 5
11699 8
11700 14
11706 8
11707 2
11709 5
11717 3
11721 6
11725 10
11730 4
11741 8
11742 6
11743 12
11753 5
11754 7
11755 6
11756 2
11757 2
11760 3
11761 5
11762 7
11766 1
11779 5
11782 3
11783 9
11789 6
11799 10
11802 7
11813 9
11815 5
11819 3
11821 8
11824 8
11826 6
11829 5
11830 5
11831 4
11834 3
11839 2
11840 10
11844 3
11848 2
11856 3
11859 12
11861 4
11863 6
11865 3
11868 8
11871 3
11872 9
11876 9
11880 6
11882 9
11884 6
11893 4
11897 3
11898 6
11905 1
11910 4
11917 13
11919 4
11920 2
11926 4
11928 11
11933 2
11937 6
11940 2
11942 6
11944 10
11946 5
11951 9
11955 10
11956 4
11962 8
11963 2
11969 5
11970 9
11971 5
11974 4
11979 6
11981 3
11986 5
11995 7
11997 4
12010 1
12035 5
12036 7
12039 13
12045 4
12054 7
12059 7
12065 2
12074 6
12076 7
12081 9
12084 4
12086 2
12088 19
12089 2
12094 5
12100 7
12103 9
12105 5
12106 1
12114 2
12116 7
12121 3
12122 1
12133 3
12135 4
12142 15
12144 3
12146 5
12149 3
12152 5
12159 3
12163 3
12164 1
12169 2
12174 11
12182 4
12188 3
12190 3
12200 6
12203 7
12204 10
12209 11
12211 5
12218 11
12219 5
12223 5
12230 4
12232 3
12236 8
12237 9
12240 7
12241 7
12250 3
12252 13
12256 4
12260 9
12263 3
12264 3
12268 4
12269 6
12297 6
12299 3
12300 6
12307 8
12312 10
12315 5
12322 6
12323 4
12324 3
12328 12
12335 7
12340 4
12361 4
12370 1
12375 4
12395 3
12402 12
12403 7
12407 4
12413 11
12422 6
12428 1
12448 6
12451 8
12456 6
12458 7
12460 8
12461 3
12463 13
12465 8
12467 1
12484 7
12486 4
12492 9
12495 9
12497 3
12507 3
12511 1
12512 5
12513 4
12517 4
12520 3
12530 6
12539 9
12540 3
12541 4
12542 5
12544 3
12549 16
12555 6
12558 2
12566 17
12571 8
12577 5
12579 5
12582 5
12586 7
12594 5
12598 4
12599 3
12606 8
12608 6
12610 4
12618 12
12628 8
12630 2
12634 6
12636 3
12638 8
12641 5
12650 5
12658 20
12659 6
12664 8
12666 1
12668 8
12674 6
12675 7
12678 13
12680 18
12681 18
12687 7
12689 6
12692 5
12698 2
12701 9
12705 4
12706 2
12709 7
12710 1
12720 10
12729 7
12732 2
12733 9
12743 3
12745 5
12756 5
12759 5
12760 4
12761 3
12762 7
12772 6
12778 9
12788 6
12794 4
12795 6
12798 8
12804 9
12812 8
12821 5
12824 6
12825 1
12826 14
12830 8
12832 3
12847 5
12853 16
12856 6
12863 5
12880 4
12887 4
12896 7
12900 8
12911 7
12912 4
12919 6
12920 6
12922 9
12925 4
12927 3
12937 6
12938 6
12944 7
12946 7
12961 6
12971 14
12972 9
12976 7
12979 6
12992 3
12995 4
13008 12
13010 8
13012 6
13013 5
13023 5
13024 8
13025 3
13028 4
13032 7
13036 5
13039 5
13044 8
13049 3
13051 4
13056 10
13057 4
13059 12
13068 6
13080 19
13081 9
13088 4
13092 3
13102 4
13104 9
13108 7
13113 4
13129 3
13141 1
13142 7
13143 6
13150 4
13151 2
13156 13
13158 4
13164 3
13166 14
13173 11
13176 3
13179 5
13181 3
13187 7
13194 2
13198 7
13200 10
13204 7
13210 5
13214 6
13215 4
13216 3
13219 6
13221 6
13230 10
13231 6
13235 4
13237 4
13245 4
13246 11
13258 8
13260 5
13262 3
13266 7
13268 12
13272 5
13275 2
13280 6
13281 4
13286 2
13289 8
13291 1
13294 8
13295 7
13300 12
13303 5
13306 5
13310 9
13315 6
13319 9
13327 9
13328 4
13331 8
13332 7
13334 7
13336 3
13337 5
13341 2
13344 5
13349 3
13350 6
13353 1
13364 5
13370 7
13372 4
13373 5
13378 3
13379 10
13380 4
13386 5
13397 5
13400 11
13405 2
13407 5
13408 6
13412 4
13415 3
13416 5
13422 8
13423 15
13424 4
13425 6
13427 17
13444 7
13447 10
13449 9
13453 6
13454 7
13458 3
13459 8
13463 5
13468 4
13474 2
13476 3
13479 6
13480 6
13483 5
13485 3
13487 7
13490 2
13502 4
13505 3
13517 5
13521 5
13522 8
13529 2
13530 2
13535 6
13537 3
13541 4
13545 5
13551 1
13552 14
13554 7
13555 4
13556 4
13559 7
13569 6
13570 9
13579 4
13586 2
13592 11
13593 7
13594 7
13597 5
13613 7
13619 5
13637 7
13639 3
13641 8
13644 6
13646 7
13648 5
13653 7
13655 13
13659 10
13662 4
13666 4
13668 9
13670 3
13671 2
13679 4
13684 7
13686 3
13688 8
13692 5
13694 7
13712 6
13714 6
13723 5
13727 6
13732 3
13736 5
13738 6
13744 4
13746 4
13747 4
13748 6
13753 11
13756 2
13760 5
13761 4
13763 7
13769 10
13776 4
13781 5
13784 8
13786 6
13788 5
13790 2
13792 1
13799 7
13800 7
13802 4
13804 4
13805 3
13808 3
13810 4
13811 2
13812 6
13821 5
13823 7
13827 4
13835 4
13839 6
13841 4
13844 7
13845 7
13851 3
13855 1
13857 4
13862 1
13865 24
13866 2
13870 11
13877 7
13895 10
13898 10
13901 6
13905 16
13906 6
13908 5
13923 1
13928 3
13931 6
13937 8
13939 2
13944 6
13954 6
13956 5
13957 10
13958 8
13967 5
13969 5
13970 5
13971 6
13985 7
13988 5
13991 10
13992 5
13993 3
13995 1
13998 3
14000 9
14009 12
14012 4
14021 6
14027 6
14028 4
14033 2
14034 8
14041 6
14044 7
14047 5
14050 4
14059 7
14063 6
14068 4
14071 5
14072 9
14073 7
14078 2
14079 8
14083 6
14087 3
14106 8
14110 5
14112 11
14113 1
14117 18
14120 2
14121 6
14124 2
14130 3
14134 4
14136 4
14138 2
14140 4
14143 4
14149 3
14150 10
14151 6
14157 1
14158 3
14163 16
14164 9
14171 4
14181 4
14183 1
14189 6
14190 11
14193 4
14198 4
14199 2
14212 8
14213 6
14224 1
14231 6
14235 4
14248 3
14253 9
14255 6
14256 12
14257 4
14259 6
14264 5
14271 2
14272 4
14273 5
14280 6
14281 3
14282 5
14292 6
14298 8
14301 16
14305 14
14306 6
14312 2
14314 6
14319 19
14335 3
14337 12
14341 4
14343 7
14345 11
14346 11
14352 3
14354 7
14355 5
14360 1
14374 5
14375 4
14376 4
14380 4
14382 1
14383 3
14384 5
14386 14
14388 2
14398 5
14399 4
14404 3
14418 9
14419 2
14422 5
14425 4
14445 2
14447 2
14448 3
14456 4
14461 6
14463 4
14471 4
14482 4
14485 2
14486 7
14492 7
14495 7
14501 6
14513 13
14519 2
14520 4
14521 4
14525 2
14529 7
14532 4
14548 5
14549 4
14553 7
14554 2
14560 7
14562 9
14568 6
14569 8
14571 4
14573 4
14576 3
14578 1
14583 3
14593 8
14607 8
14615 1
14640 4
14641 5
14644 6
14647 3
14649 7
14652 4
14653 5
14655 3
14657 4
14659 3
14660 9
14661 9
14663 6
14669 12
14674 14
14675 8
14678 2
14682 2
14689 3
14695 4
14697 14
14701 4
14703 6
14706 8
14709 4
14712 3
14713 8
14714 3
14719 6
14720 5
14723 7
14724 5
14728 3
14731 2
14736 4
14750 7
14754 9
14758 5
14760 2
14765 4
14767 6
14771 5
14775 5
14785 3
14790 1
14796 2
14798 9
14815 3
14818 3
14825 7
14835 1
14836 8
14837 11
14842 1
14843 5
14845 13
14853 6
14855 4
14858 6
14865 11
14867 3
14870 2
14871 3
14873 5
14874 7
14881 8
14890 7
14891 7
14893 5
14907 5
14917 7
14918 6
14920 6
14924 8
14935 9
14937 5
14942 7
14952 4
14953 15
14954 6
14972 5
14973 1
14974 6
14991 3
14992 6
14997 5
15002 1
15004 2
15009 11
15011 2
15013 8
15016 3
15022 5
15030 7
15031 7
15034 2
15036 6
15037 8
15040 9
15048 5
15050 3
15054 9
15060 4
15063 5
15076 7
15077 6
15084 5
15090 3
15093 4
15094 3
15103 5
15105 5
15110 19
15111 11
15115 9
15116 6
15118 16
15120 7
15130 9
15134 7
15136 5
15138 12
15140 9
15141 6
15146 8
15151 9
15161 6
15164 5
15170 6
15176 6
15177 3
15178 3
15179 11
15188 5
15189 9
15197 11
15201 6
15210 7
15212 4
15214 7
15221 3
15224 1
15229 5
15232 8
15235 5
15237 3
15238 3
15249 5
15251 5
15261 6
15273 10
15278 9
15279 8
15285 9
15288 5
15289 7
15296 6
15303 2
15305 5
15311 3
15315 5
15320 4
15340 4
15342 7
15343 6
15357 7
15359 4
15362 3
15363 8
15378 6
15381 3
15382 4
15383 9
15388 7
15389 3
15390 1
15392 5
15397 9
15398 3
15399 4
15406 3
15425 4
15429 3
15431 4
15433 8
15437 9
15439 3
15444 7
15445 3
15453 5
15459 7
15461 2
15466 8
15467 9
15469 4
15475 2
15476 7
15480 2
15488 3
15490 2
15500 6
15502 7
15510 6
15511 10
15514 5
15521 7
15523 1
15527 5
15529 6
15532 1
15537 4
15542 2
15545 5
15557 3
15567 3
15568 2
15572 7
15573 4
15574 6
15587 5
15590 7
15601 8
15606 3
15611 4
15619 7
15625 6
15627 14
15633 4
15635 6
15639 8
15640 6
15651 9
15664 7
15667 7
15668 7
15669 5
15681 12
15682 4
15686 2
15689 2
15697 8
15702 5
15703 4
15707 6
15710 3
15711 5
15729 4
15741 10
15742 5
15745 6
15749 5
15750 9
15754 3
15755 6
15756 5
15768 9
15774 5
15776 3
15778 3
15779 6
15780 15
15781 7
15782 13
15785 2
15794 15
15799 4
15800 7
15811 10
15827 4
15828 6
15831 2
15838 2
15843 6
15845 9
15846 11
15848 10
15851 2
15855 3
15859 6
15871 4
15875 10
15876 3
15885 7
15886 5
15888 8
15891 9
15895 11
15903 5
15904 5
15905 8
15908 1
15910 6
15911 1
15912 3
15914 4
15922 5
15925 5
15926 4
15933 6
15934 8
15936 5
15944 3
15946 6
15951 12
15952 8
15953 6
15966 4
15968 9
15975 9
15981 5
15983 2
15987 8
15989 1
15991 3
15993 6
15995 2
16000 6
16001 2
16005 5
16008 7
16009 7
16011 3
16012 11
16013 5
16015 7
16021 3
16030 3
16033 6
16039 10
16043 7
16047 6
16054 8
16055 2
16058 6
16060 8
16063 3
16068 2
16069 3
16074 2
16081 5
16084 4
16086 16
16089 8
16094 8
16097 5
16107 8
16112 5
16118 3
16124 12
16130 2
16137 4
16142 6
16148 16
16151 15
16162 5
16166 12
16172 8
16173 2
16175 9
16179 15
16180 12
16181 4
16186 2
16189 7
16191 6
16194 14
16197 1
16202 2
16209 15
16210 17
16218 9
16223 3
16225 8
16229 4
16234 3
16242 3
16245 5
16246 5
16248 4
16249 3
16255 7
16259 2
16262 3
16263 13
16264 6
16266 3
16267 6
16268 3
16274 6
16277 3
16278 1
16283 11
16303 4
16304 8
16305 4
16307 5
16314 9
16315 8
16321 3
16324 9
16331 7
16333 12
16334 1
16338 7
16340 9
16341 7
16344 3
16348 9
16350 7
16352 4
16362 3
16363 3
16364 6
16369 5
16380 4
16384 1
16388 5
16394 3
16397 3
16401 5
16402 3
16406 12
16407 8
16412 7
16413 8
16417 3
16420 8
16423 3
16429 8
16433 10
16439 2
16442 6
16443 5
16444 6
16445 3
16447 5
16450 11
16457 2
16459 5
16465 5
16466 5
16476 3
16478 3
16480 5
16488 4
16489 6
16506 2
16509 3
16510 6
16511 4
16516 9
16517 12
16522 7
16524 4
16526 4
16527 6
16533 2
16536 6
16540 4
16545 5
16546 5
16554 8
16558 5
16560 6
16577 6
16583 4
16584 3
16589 3
16590 14
16596 1
16610 8
16611 13
16613 2
16621 4
16622 2
16623 4
16631 7
16638 3
16643 2
16644 6
16648 3
16653 5
16654 6
16655 2
16663 11
16665 5
16666 7
16674 8
16682 14
16699 3
16701 7
16706 4
16707 7
16711 17
16717 5
16720 6
16721 5
16723 2
16729 2
16734 3
16737 4
16739 10
16741 3
16742 3
16743 6
16749 8
16754 5
16759 3
16760 8
16763 2
16768 8
16773 4
16775 6
16777 8
16779 5
16780 4
16793 6
16799 2
16800 5
16802 4
16804 7
16806 3
16807 3
16810 3
16814 6
16825 6
16831 3
16835 1
16837 6
16839 4
16841 4
16842 7
16847 7
16852 7
16854 9
16857 1
16862 5
16866 6
16872 5
16873 4
16879 5
16885 16
16886 15
16891 5
16893 7
16896 8
16900 5
16901 6
16904 8
16906 9
16912 7
16917 5
16919 12
16922 2
16925 5
16929 9
16938 1
16944 9
16945 13
16948 7
16955 9
16961 5
16962 6
16963 2
16965 5
16979 5
16981 3
16982 7
16984 11
16993 3
16994 5
16995 6
17002 5
17003 6
17005 6
17007 4
17008 5
17011 5
17015 3
17019 5
17020 7
17023 9
17028 9
17038 7
17042 2
17045 6
17048 4
17052 5
17064 8
17068 3
17073 7
17075 10
17076 9
17078 2
17079 2
17085 6
17086 10
17089 5
17090 7
17091 4
17094 5
17098 3
17101 2
17102 6
17108 4
17109 4
17116 5
17123 9
17133 12
17136 4
17137 4
17147 6
17149 7
17159 14
17161 3
17170 6
17184 4
17196 7
17201 7
17226 3
17235 3
17236 3
17238 7
17247 6
17253 1
17254 8
17259 11
17260 10
17263 2
17270 8
17276 3
17277 10
17279 7
17288 3
17292 4
17293 5
17294 5
17299 8
17301 20
17304 18
17308 4
17311 6
17315 11
17317 7
17318 4
17320 3
17329 6
17330 12
17335 4
17336 9
17338 5
17339 3
17351 5
17352 6
17355 7
17356 7
17357 5
17361 5
17370 15
17383 6
17390 3
17391 8
17405 9
17409 8
17411 12
17428 9
17440 5
17445 4
17450 12
17455 3
17458 8
17461 6
17463 5
17469 1
17470 9
17471 12
17480 3
17483 5
17490 5
17491 4
17500 7
17505 3
17513 8
17515 3
17518 5
17528 6
17538 4
17540 1
17547 3
17550 9
17552 7
17556 7
17563 1
17571 13
17574 5
17575 5
17578 2
17582 23
17588 3
17592 5
17595 5
17596 6
17604 7
17620 8
17622 11
17623 6
17642 10
17651 9
17660 5
17661 2
17667 4
17669 7
17676 3
17682 14
17684 2
17685 2
17686 7
17691 4
17695 6
17701 8
17702 7
17709 5
17715 6
17717 3
17721 9
17722 5
17726 12
17730 3
17731 7
17736 7
17738 3
17741 9
17745 6
17748 2
17749 6
17773 7
17775 1
17777 6
17781 13
17784 3
17786 4
17793 6
17796 4
17802 12
17812 19
17816 2
17819 8
17820 4
17825 12
17826 2
17827 9
17829 5
17831 1
17836 4
17838 20
17842 6
17847 3
17854 4
17855 8
17858 6
17859 8
17865 4
17867 6
17870 3
17872 3
17886 7
17888 1
17892 1
17894 6
17903 5
17905 3
17909 11
17919 5
17920 5
17925 4
17927 1
17929 7
17934 4
17937 4
17941 7
17951 3
17960 4
17969 4
17972 9
17979 14
17983 14
17985 5
17994 3
17996 3
17997 3
17999 6
18000 4
18003 11
18004 3
18010 2
18012 7
18013 4
18015 4
18017 4
18024 5
18026 6
18029 10
18037 6
18048 6
18053 8
18056 9
18063 6
18065 3
18067 4
18069 5
18076 9
18081 16
18082 7
18083 7
18084 9
18090 4
18101 4
18106 8
18115 6
18124 5
18129 9
18130 1
18140 4
18158 2
18165 4
18172 15
18191 2
18192 2
18194 9
18201 3
18202 6
18205 6
18206 3
18209 6
18220 13
18223 3
18230 2
18232 8
18242 6
18243 13
18245 4
18247 5
18258 4
18259 4
18269 12
18276 5
18282 4
18286 3
18287 6
18292 5
18294 5
18299 14
18300 2
18308 2
18316 7
18323 12
18325 3
18328 11
18329 3
18330 3
18333 6
18334 8
18337 3
18339 5
18340 6
18346 3
18347 4
18350 7
18354 3
18357 5
18374 6
18375 5
18376 2
18379 7
18380 8
18382 5
18387 5
18397 11
18399 9
18408 3
18413 4
18416 4
18418 9
18424 4
18430 6
18441 2
18443 7
18449 6
18450 1
18453 5
18465 4
18470 2
18478 6
18484 3
18487 17
18495 5
18500 9
18501 4
18504 6
18509 3
18511 3
18512 10
18514 6
18520 2
18522 12
18526 8
18527 6
18529 4
18537 5
18541 6
18542 4
18544 2
18548 3
18556 3
18565 2
18566 3
18570 8
18572 7
18587 7
18592 2
18607 3
18611 12
18618 7
18619 5
18620 9
18640 19
18643 2
18644 8
18649 14
18654 2
18656 12
18667 6
18676 7
18677 7
18686 5
18693 9
18695 11
18704 8
18705 6
18708 4
18712 6
18717 4
18720 2
18722 6
18723 7
18728 8
18730 1
18731 10
18737 3
18744 9
18748 4
18749 3
18750 2
18751 6
18752 7
18756 5
18757 5
18758 3
18760 1
18774 6
18776 5
18777 1
18784 4
18785 8
18795 7
18796 5
18809 6
18813 6
18815 1
18826 8
18827 5
18831 3
18834 15
18838 1
18839 10
18846 9
18847 3
18848 6
18856 7
18857 8
18863 3
18869 4
18870 7
18876 4
18877 7
18880 5
18886 2
18887 1
18888 8
18892 2
18894 4
18895 5
18901 12
18902 3
18903 5
18906 11
18908 6
18909 4
18911 3
18914 3
18915 3
18919 2
18921 8
18932 7
18938 10
18939 4
18942 6
18943 12
18951 3
18954 3
18960 2
18964 7
18965 4
18967 6
18980 9
18983 6
18989 2
18997 5
19001 2
19004 10
19009 7
19011 2
19020 17
19030 3
19036 9
19037 13
19038 6
19040 2
19052 3
19060 7
19069 4
19070 9
19071 7
19072 6
19076 5
19078 6
19080 3
19086 5
19096 5
19097 4
19099 2
19104 7
19106 6
19109 2
19110 6
19111 6
19112 4
19113 8
19114 3
19122 10
19125 4
19126 3
19128 4
19131 5
19134 5
19135 6
19137 7
19138 13
19141 3
19142 6
19143 5
19144 7
19146 10
19147 3
19151 6
19152 13
19155 9
19157 6
19159 8
19162 14
19165 5
19171 4
19175 4
19177 4
19179 3
19189 5
19194 13
19196 5
19202 6
19211 4
19218 5
19219 2
19231 7
19232 7
19238 5
19240 6
19244 3
19245 5
19249 4
19250 4
19251 11
19252 4
19260 5
19262 8
19265 3
19267 6
19268 8
19277 7
19279 4
19283 5
19284 4
19285 5
19289 5
19290 3
19302 5
19305 2
19307 1
19315 2
19319 4
19322 3
19324 5
19335 6
19337 4
19338 7
19343 5
19348 1
19350 9
19352 5
19358 1
19369 3
19371 4
19376 5
19380 3
19388 5
19397 2
19398 5
19403 5
19410 6
19411 4
19412 2
19413 5
19414 5
19416 3
19421 12
19426 5
19428 6
19431 2
19452 18
19453 3
19456 5
19460 8
19462 2
19467 1
19470 10
19471 2
19476 5
19478 8
19481 7
19483 5
19484 5
19487 5
19490 11
19491 8
19492 5
19495 4
19497 4
19500 8
19509 2
19518 4
19520 4
19522 4
19523 9
19525 3
19526 7
19529 7
19555 5
19558 2
19559 6
19574 9
19579 2
19581 3
19585 6
19588 12
19589 3
19593 6
19600 6
19604 4
19606 5
19611 8
19626 7
19628 5
19636 2
19638 5
19640 3
19644 8
19648 7
19652 5
19654 17
19656 15
19657 2
19658 5
19661 6
19662 3
19669 5
19673 9
19686 6
19688 6
19690 8
19702 5
19704 3
19706 7
19709 6
19711 5
19713 6
19719 15
19720 4
19726 1
19737 5
19742 4
19745 8
19749 7
19757 6
19759 6
19760 5
19761 2
19766 7
19768 6
19772 5
19773 6
19774 6
19776 9
19778 8
19780 2
19787 7
19793 6
19794 1
19801 10
19803 17
19805 2
19807 9
19808 6
19810 12
19812 12
19817 6
19820 7
19822 5
19824 4
19840 1
19842 3
19843 5
19847 6
19852 6
19853 1
19856 8
19858 6
19862 5
19865 5
19870 6
19871 2
19878 3
19883 2
19888 8
19891 12
19893 2
19899 8
19900 4
19904 8
19914 6
19916 6
19917 8
19919 5
19922 9
19923 12
19926 1
19928 1
19933 3
19936 4
19938 7
19939 8
19944 8
19952 4
19957 3
19968 4
19971 6
19975 9
19976 20
19981 7
19992 5
19993 6
20004 3
20006 5
20008 7
20015 6
20036 6
20040 14
20044 9
20047 9
20050 6
20052 4
20054 6
20058 7
20065 5
20069 6
20072 7
20075 4
20077 6
20089 2
20099 5
20101 6
20103 12
20104 5
20105 6
20110 7
20129 2
20130 4
20137 3
20141 7
20155 6
20156 3
20159 1
20160 7
20165 18
20166 4
20174 6
20180 6
20182 4
20185 5
20191 4
20195 1
20198 15
20201 1
20202 6
20203 16
20207 6
20212 6
20216 13
20223 4
20232 2
20241 8
20242 5
20243 4
20244 6
20246 1
20248 16
20253 4
20256 5
20262 7
20274 5
20279 4
20280 1
20281 16
20284 4
20291 3
20292 1
20294 10
20298 5
20303 4
20304 4
20308 8
20309 5
20312 6
20323 6
20324 7
20329 11
20330 5
20331 3
20334 5
20335 5
20339 4
20346 1
20347 6
20348 3
20354 10
20357 10
20358 6
20360 9
20362 10
20369 10
20371 1
20383 6
20388 7
20389 4
20396 6
20399 9
20404 8
20413 6
20414 11
20416 10
20423 3
20426 11
20436 4
20437 4
20438 5
20445 6
20446 3
20449 7
20451 5
20453 5
20454 9
20456 3
20458 10
20464 1
20466 7
20470 5
20476 6
20484 5
20489 8
20492 5
20494 2
20499 11
20502 4
20511 7
20523 11
20525 4
20527 6
20531 4
20535 3
20541 4
20544 3
20564 5
20567 7
20571 5
20583 13
20602 3
20606 5
20607 3
20612 9
20613 7
20614 6
20615 8
20616 4
20621 2
20624 4
20627 11
20629 6
20637 3
20643 3
20645 6
20650 15
20654 6
20663 7
20665 4
20689 8
20696 8
20702 8
20704 4
20708 2
20710 4
20714 7
20717 4
20718 7
20728 10
20731 8
20736 7
20737 2
20741 5
20748 6
20757 4
20760 6
20762 2
20765 4
20766 3
20781 5
20785 4
20792 4
20802 6
20803 6
20808 7
20815 2
20818 5
20819 8
20824 2
20833 4
20840 2
20841 4
20842 6
20846 12
20847 7
20849 5
20851 21
20860 7
20863 7
20873 2
20875 4
20877 5
20882 5
20887 7
20890 11
20893 9
20898 6
20904 2
20905 5
20907 4
20911 5
20915 9
20916 9
20920 11
20925 2
20927 7
20937 8
20941 6
20943 3
20953 3
20965 7
20977 7
20981 11
20982 4
20987 5
20990 9
20999 4
21000 19
21004 6
21009 8
21016 16
21020 8
21029 4
21030 13
21035 3
21039 6
21040 8
21047 10
21049 12
21055 8
21057 9
21059 3
21065 5
21069 13
21075 3
21078 2
21080 5
21082 5
21087 6
21088 8
21097 4
21098 5
21101 3
21103 7
21106 13
21120 3
21122 4
21132 3
21158 1
21161 3
21164 9
21168 3
21177 4
21184 4
21185 2
21186 1
21192 4
21202 10
21204 5
21206 5
21211 14
21212 11
21225 9
21227 5
21229 3
21232 5
21235 11
21237 5
21241 10
21246 8
21253 5
21254 7
21256 3
21258 6
21261 3
21267 9
21268 6
21270 4
21282 16
21284 4
21286 5
21290 7
21295 7
21299 2
21309 6
21312 11
21316 9
21318 5
21326 17
21328 4
21331 6
21338 4
21344 7
21346 8
21349 9
21357 3
21358 5
21359 2
21364 13
21368 3
21370 1
21377 9
21381 10
21384 2
21385 6
21386 11
21393 4
21403 4
21406 6
21418 2
21419 4
21424 1
21426 9
21428 4
21430 3
21435 11
21436 4
21437 14
21438 11
21445 7
21454 7
21458 4
21461 1
21463 6
21467 13
21469 6
21470 9
21476 4
21478 7
21485 2
21490 4
21493 7
21510 9
21512 2
21514 5
21515 6
21518 12
21519 8
21522 1
21525 12
21535 8
21539 5
21555 4
21559 8
21561 2
21565 5
21568 5
21573 2
21574 5
21576 8
21579 2
21582 6
21583 6
21585 6
21589 6
21597 14
21598 1
21601 9
21602 5
21608 8
21609 7
21611 2
21615 8
21622 2
21626 4
21632 5
21633 5
21635 3
21638 6
21639 13
21651 7
21654 13
21656 2
21660 5
21665 8
21668 1
21673 3
21676 4
21679 12
21684 4
21689 5
21690 7
21693 9
21697 2
21698 4
21700 3
21705 4
21707 3
21708 5
21711 4
21713 4
21728 5
21729 9
21730 6
21733 4
21746 6
21748 1
21754 7
21757 2
21775 5
21777 4
21779 1
21783 3
21786 1
21788 3
21789 6
21796 4
21798 18
21799 6
21801 4
21802 5
21810 7
21814 8
21818 8
21820 7
21821 5
21823 5
21827 9
21828 6
21830 6
21834 5
21838 5
21846 6
21847 9
21852 5
21853 2
21869 8
21871 2
21876 6
21877 4
21881 5
21883 2
21897 5
21903 4
21905 5
21917 5
21922 6
21923 8
21928 2
21929 8
21930 4
21938 4
21940 3
21943 6
21951 6
21956 8
21957 3
21962 5
21963 1
21964 7
21966 5
21975 4
21978 9
21979 5
21987 6
21990 8
21991 8
21993 2
21994 2
21998 1
22002 5
22010 5
22015 3
22020 4
22024 5
22026 12
22036 4
22038 6
22042 6
22048 6
22055 5
22060 7
22062 5
22063 7
22064 4
22066 4
22069 8
22071 3
22074 5
22077 4
22079 9
22097 9
22098 7
22100 6
22102 3
22105 4
22107 3
22126 4
22132 3
22133 8
22135 4
22137 4
22138 2
22139 4
22143 12
22145 11
22148 7
22149 4
22150 4
22151 6
22153 2
22172 7
22174 10
22187 9
22191 8
22192 5
22195 7
22199 3
22208 5
22217 6
22218 6
22223 3
22224 6
22232 4
22233 1
22235 7
22240 5
22241 6
22248 4
22250 4
22251 4
22253 5
22259 8
22264 17
22268 4
22280 7
22299 3
22304 5
22311 9
22313 4
22314 6
22316 6
22317 5
22320 7
22321 2
22323 9
22327 6
22328 4
22330 3
22338 1
22341 6
22345 3
22350 8
22355 4
22360 5
22361 2
22362 3
22367 4
22371 4
22375 7
22377 4
22378 3
22379 3
22380 7
22381 3
22392 4
22402 2
22406 3
22409 7
22415 4
22417 9
22424 6
22430 15
22433 2
22446 2
22447 3
22455 5
22456 5
22457 5
22459 6
22462 9
22464 6
22470 6
22472 2
22482 6
22486 4
22493 8
22495 11
22505 4
22506 1
22508 4
22511 9
22514 8
22516 5
22519 2
22520 6
22526 6
22540 6
22541 5
22547 3
22554 5
22556 23
22557 6
22558 5
22560 4
22575 7
22588 6
22592 4
22595 6
22600 2
22603 12
22610 3
22616 9
22618 3
22619 5
22629 4
22634 3
22640 5
22642 3
22644 9
22645 11
22646 4
22651 6
22653 3
22659 2
22660 5
22662 8
22670 5
22676 3
22677 4
22679 3
22689 4
22690 5
22691 9
22692 5
22697 4
22698 4
22703 2
22707 9
22711 5
22713 3
22714 11
22716 3
22721 6
22724 6
22733 3
22734 5
22735 5
22739 3
22742 8
22746 5
22754 3
22755 17
22759 7
22761 6
22764 9
22770 4
22776 7
22782 3
22787 14
22788 12
22790 12
22793 7
22799 4
22800 6
22806 5
22812 4
22819 6
22821 5
22826 3
22830 2
22831 8
22832 4
22837 6
22859 3
22863 5
22872 7
22877 6
22878 6
22879 9
22895 3
22910 5
22912 3
22916 7
22918 10
22921 5
22926 6
22928 8
22931 6
22932 6
22933 5
22936 5
22938 4
22941 2
22944 3
22952 3
22953 11
22956 5
22957 7
22965 2
22966 3
22969 3
22976 3
22982 11
22986 2
22990 4
22997 3
22999 4
23009 5
23016 5
23017 6
23022 7
23024 4
23025 3
23028 4
23030 14
23031 5
23033 5
23038 6
23044 7
23056 5
23063 5
23072 4
23076 4
23077 7
23078 13
23080 4
23086 7
23088 7
23090 4
23092 9
23098 6
23100 13
23107 2
23109 12
23110 5
23123 3
23128 12
23140 4
23143 14
23155 12
23160 5
23161 6
23167 8
23172 7
23181 10
23186 4
23189 3
23190 9
23200 4
23201 5
23205 8
23215 7
23227 4
23228 3
23229 13
23234 4
23238 6
23239 10
23240 9
23242 4
23247 11
23248 2
23254 13
23257 6
23261 15
23267 2
23273 3
23275 2
23276 4
23277 4
23281 10
23282 3
23283 7
23287 1
23291 5
23294 2
23297 4
23300 8
23305 6
23308 6
23309 3
23314 2
23322 5
23326 6
23336 10
23337 3
23338 5
23346 13
23349 4
23350 5
23354 9
23356 4
23357 5
23358 6
23359 5
23360 7
23365 11
23372 8
23373 5
23375 4
23382 7
23388 16
23389 10
23390 7
23393 2
23396 8
23397 10
23402 7
23403 9
23404 5
23408 6
23410 6
23412 4
23414 7
23416 2
23430 6
23431 6
23433 10
23439 4
23443 4
23445 5
23451 3
23460 8
23463 5
23464 8
23465 6
23472 3
23473 5
23474 12
23478 3
23486 5
23488 2
23490 8
23498 3
23500 4
23502 4
23503 1
23505 2
23511 6
23512 5
23513 2
23515 11
23516 2
23522 1
23523 5
23526 2
23527 5
23529 1
23535 5
23537 5
23539 8
23546 8
23549 5
23553 6
23555 4
23556 5
23571 7
23575 6
23583 7
23584 1
23594 6
23598 3
23602 3
23608 5
23609 3
23616 10
23617 17
23619 5
23620 5
23621 7
23622 16
23628 4
23629 7
23632 7
23636 4
23640 8
23648 1
23651 4
23654 3
23656 4
23659 2
23670 2
23677 5
23678 6
23683 14
23686 3
23695 4
23700 5
23701 8
23712 3
23718 11
23720 6
23726 7
23730 3
23739 7
23744 4
23745 9
23747 3
23749 3
23753 7
23754 2
23760 3
23762 3
23768 12
23780 6
23789 12
23790 6
23793 5
23800 3
23805 5
23809 5
23811 9
23821 4
23824 8
23830 5
23834 6
23838 8
23840 4
23842 5
23844 5
23845 7
23846 6
23847 5
23848 7
23856 6
23859 4
23862 11
23864 3
23866 6
23870 2
23873 4
23878 11
23879 8
23884 8
23886 5
23891 9
23896 2
23897 7
23901 5
23902 5
23904 7
23906 4
23913 4
23915 6
23916 5
23917 7
23918 9
23919 10
23924 12
23929 2
23930 4
23938 3
23939 15
23940 6
23942 5
23952 5
23953 4
23954 7
23956 5
23962 6
23966 4
23968 2
23970 3
23983 8
23984 3
23998 13
24006 8
24009 2
24012 5
24016 6
24020 4
24024 1
24034 4
24039 8
24043 8
24050 6
24054 7
24055 1
24056 2
24061 6
24067 5
24068 7
24071 9
24073 3
24077 2
24084 2
24092 4
24099 8
24101 5
24104 8
24108 6
24114 7
24117 9
24118 6
24121 8
24124 7
24131 8
24141 2
24143 6
24159 1
24160 9
24161 6
24168 3
24173 4
24183 6
24184 6
24190 7
24192 7
24206 3
24209 5
24215 9
24223 7
24225 4
24230 1
24232 2
24234 4
24238 10
24239 4
24244 5
24245 4
24246 9
24256 7
24258 13
24263 12
24270 4
24274 6
24279 3
24283 6
24286 5
24294 2
24308 6
24312 3
24326 4
24339 8
24340 8
24347 7
24350 4
24360 3
24364 5
24372 5
24376 9
24382 10
24383 3
24384 7
24393 5
24396 5
24397 4
24411 3
24416 6
24417 8
24423 4
24424 6
24426 14
24428 9
24435 5
24438 7
24444 2
24445 6
24450 11
24451 5
24452 3
24456 6
24464 6
24466 6
24472 5
24475 5
24480 11
24483 4
24485 2
24486 3
24488 4
24491 7
24494 4
24495 4
24501 6
24506 5
24509 7
24514 3
24522 6
24526 6
24529 9
24531 6
24532 3
24539 4
24544 4
24546 9
24550 5
24552 7
24556 2
24568 1
24572 2
24573 4
24582 4
24583 5
24585 18
24588 12
24590 5
24595 4
24603 6
24623 4
24624 7
24629 2
24630 7
24635 3
24640 6
24643 6
24644 6
24648 6
24658 8
24659 5
24664 6
24676 5
24680 6
24686 4
24687 6
24691 6
24694 6
24699 3
24700 6
24702 4
24709 7
24710 9
24714 7
24715 5
24719 5
24723 7
24725 4
24731 3
24733 4
24739 5
24740 6
24746 2
24750 4
24756 5
24759 3
24761 4
24770 4
24773 5
24778 8
24783 6
24784 8
24785 2
24786 3
24787 5
24788 8
24790 1
24792 4
24794 2
24795 3
24797 9
24798 6
24799 6
24800 11
24803 5
24811 2
24813 7
24820 5
24831 6
24833 5
24834 6
24846 2
24849 3
24856 15
24870 3
24871 6
24875 8
24876 4
24879 1
24883 5
24884 2
24885 3
24886 3
24891 9
24903 3
24904 4
24905 4
24908 6
24910 8
24913 4
24914 6
24917 4
24925 4
24926 3
24933 5
24935 4
24939 3
24940 6
24943 3
24951 8
24954 3
24963 6
24966 3
24967 2
24968 13
24970 3
24971 3
24976 4
24985 8
24986 4
24988 8
24989 7
24993 5
24998 4
25001 2
25006 8
25009 3
25021 8
25024 5
25028 5
25030 9
25032 9
25033 2
25039 1
25043 5
25044 5
25047 8
25054 8
25055 1
25060 10
25064 5
25070 2
25071 3
25075 4
25077 2
25078 15
25081 4
25084 7
25085 7
25090 5
25093 9
25107 9
25111 2
25112 5
25113 3
25116 6
25117 8
25125 6
25131 4
25135 19
25139 6
25142 4
25146 6
25155 6
25160 3
25163 6
25164 3
25166 8
25175 4
25176 4
25181 17
25196 4
25207 3
25208 9
25211 8
25216 12
25223 1
25231 3
25235 6
25241 5
25249 3
25251 2
25253 8
25255 7
25258 8
25260 5
25262 7
25263 8
25266 6
25269 2
25278 12
25279 8
25281 7
25282 11
25292 4
25293 4
25294 8
25295 4
25299 5
25302 4
25304 9
25309 2
25312 3
25313 1
25316 3
25329 4
25340 5
25349 14
25352 3
25355 9
25362 3
25367 6
25370 8
25377 4
25386 4
25387 5
25388 7
25390 4
25393 6
25394 5
25398 4
25399 10
25410 6
25411 2
25418 8
25420 7
25421 7
25422 8
25423 5
25429 9
25438 6
25440 4
25441 7
25442 7
25446 4
25449 5
25453 7
25454 2
25459 6
25466 2
25470 3
25472 2
25475 8
25476 7
25483 3
25485 11
25490 8
25497 4
25502 10
25507 4
25510 12
25514 1
25515 2
25519 7
25520 6
25529 5
25538 10
25542 5
25543 8
25544 6
25546 7
25551 3
25554 7
25558 7
25562 4
25566 14
25580 4
25581 6
25590 2
25591 3
25594 5
25596 2
25598 4
25601 3
25605 6
25606 10
25610 4
25612 2
25615 4
25621 2
25630 4
25637 2
25639 7
25645 4
25647 8
25651 7
25653 3
25654 13
25657 3
25659 7
25660 6
25666 4
25669 8
25672 7
25679 7
25686 3
25696 6
25700 8
25706 3
25723 4
25725 6
25729 4
25738 4
25746 3
25747 9
25756 7
25762 6
25763 3
25768 7
25771 8
25780 6
25781 7
25782 3
25783 7
25784 5
25789 6
25791 1
25795 13
25802 9
25806 5
25807 8
25813 1
25818 4
25819 3
25827 8
25829 3
25835 5
25857 9
25859 15
25867 6
25868 5
25875 4
25878 4
25888 7
25892 9
25895 1
25902 9
25904 5
25908 4
25911 2
25913 9
25916 3
25917 7
25919 5
25927 6
25931 6
25933 3
25935 3
25937 5
25941 7
25942 4
25944 6
25952 9
25953 4
25959 4
25972 10
25979 5
25980 10
25997 5
26005 5
26022 5
26025 3
26030 2
26032 8
26033 8
26039 2
26041 8
26042 4
26049 6
26050 4
26051 1
26052 9
26058 15
26059 3
26060 2
26064 4
26069 8
26071 6
26072 3
26074 7
26076 2
26077 12
26087 11
26095 3
26097 19
26098 7
26109 4
26111 8
26112 5
26115 5
26118 4
26119 3
26133 3
26135 6
26138 6
26139 3
26149 3
26155 8
26159 3
26160 6
26180 4
26182 10
26187 6
26189 14
26190 4
26193 3
26194 6
26198 7
26199 8
26212 7
26215 2
26216 5
26217 5
26218 6
26222 4
26223 5
26227 6
26230 9
26237 6
26240 4
26245 4
26247 6
26248 6
26252 15
26259 6
26261 7
26264 6
26271 6
26272 7
26278 4
26280 4
26281 5
26283 7
26290 2
26291 5
26292 2
26300 5
26305 5
26308 4
26309 1
26312 13
26314 5
26318 7
26340 5
26343 4
26346 13
26348 5
26354 7
26355 7
26358 11
26360 1
26361 6
26363 5
26364 5
26367 9
26382 4
26385 4
26386 3
26390 8
26392 4
26393 3
26397 4
26407 4
26410 3
26412 4
26418 5
26423 3
26431 7
26432 8
26433 8
26434 5
26435 5
26436 6
26437 7
26443 3
26446 6
26447 4
26452 2
26457 8
26464 2
26473 9
26480 8
26482 8
26485 5
26493 2
26494 7
26513 9
26515 6
26516 3
26519 3
26522 8
26527 7
26529 9
26530 6
26535 9
26537 11
26540 12
26541 8
26561 4
26562 4
26564 3
26565 16
26566 3
26570 8
26574 9
26575 5
26577 4
26583 4
26584 7
26589 10
26603 4
26604 3
26611 5
26617 5
26618 4
26620 3
26626 3
26631 4
26643 4
26646 5
26652 3
26653 7
26654 5
26657 11
26661 1
26667 3
26671 3
26673 14
26674 5
26677 4
26681 7
26682 13
26683 2
26684 6
26685 6
26691 5
26695 3
26698 4
26703 4
26708 6
26711 3
26713 2
26714 3
26723 10
26724 9
26731 4
26733 17
26734 13
26739 5
26742 7
26746 3
26749 5
26752 9
26755 4
26761 2
26768 8
26771 5
26772 3
26786 5
26787 5
26788 7
26806 9
26811 10
26815 15
26821 7
26828 5
26833 4
26834 8
26840 7
26842 6
26854 4
26858 4
26862 4
26874 7
26883 1
26903 6
26906 8
26907 1
26918 4
26923 6
26927 6
26929 4
26934 7
26941 5
26943 5
26945 6
26947 9
26955 2
26961 4
26967 6
26976 5
26978 4
26983 7
26986 6
26989 10
26990 5
26994 3
26996 9
26999 12
27004 7
27005 5
27007 7
27010 2
27014 7
27021 8
27022 4
27027 1
27028 8
27034 9
27035 6
27038 7
27055 7
27057 8
27059 12
27061 4
27062 1
27064 4
27070 4
27080 9
27081 14
27082 2
27087 6
27093 9
27096 7
27097 3
27103 5
27106 1
27107 7
27108 3
27120 3
27126 7
27127 3
27129 3
27136 8
27139 5
27142 9
27145 4
27149 8
27150 3
27163 8
27172 7
27174 5
27181 6
27182 6
27190 7
27191 7
27192 10
27193 3
27194 8
27214 6
27227 2
27228 4
27229 7
27237 5
27238 13
27239 8
27247 13
27249 4
27250 7
27259 10
27262 12
27263 6
27265 3
27267 5
27269 1
27279 5
27283 7
27284 10
27288 5
27300 11
27301 12
27305 5
27308 6
27310 6
27313 5
27322 7
27323 3
27328 6
27329 4
27330 5
27332 3
27333 5
27334 6
27337 3
27338 4
27340 3
27350 13
27352 13
27355 12
27362 6
27366 4
27370 3
27377 4
27378 7
27382 4
27387 1
27392 6
27396 7
27398 4
27401 9
27403 3
27404 5
27405 7
27408 4
27415 6
27418 6
27419 9
27424 4
27429 5
27433 4
27438 4
27455 8
27457 3
27476 3
27477 5
27479 3
27480 4
27482 6
27489 6
27494 6
27496 6
27499 2
27503 3
27506 3
27508 8
27510 4
27513 4
27514 4
27530 4
27531 7
27533 3
27536 3
27537 6
27543 3
27547 5
27550 1
27555 8
27558 7
27562 4
27563 7
27564 9
27570 1
27573 7
27576 7
27589 5
27590 6
27594 7
27602 3
27607 4
27608 3
27611 2
27614 8
27619 4
27624 5
27625 3
27626 6
27628 6
27630 3
27631 5
27632 4
27635 2
27638 21
27640 13
27641 10
27647 7
27651 5
27652 14
27655 7
27656 4
27660 7
27661 3
27667 3
27675 3
27687 7
27688 9
27689 4
27701 5
27704 2
27706 3
27707 6
27709 1
27711 4
27712 1
27715 3
27717 5
27723 9
27724 10
27728 5
27736 3
27737 7
27739 6
27741 3
27747 16
27752 7
27753 6
27758 3
27761 9
27762 13
27768 8
27769 6
27775 5
27777 4
27784 3
27786 10
27788 6
27793 3
27796 2
27807 12
27810 5
27811 2
27814 9
27823 4
27824 5
27827 10
27828 9
27830 4
27832 6
27841 6
27850 3
27853 5
27854 3
27856 6
27859 8
27861 4
27871 2
27874 6
27877 5
27878 8
27883 7
27890 8
27894 5
27896 5
27897 5
27903 8
27906 7
27908 2
27920 16
27921 7
27923 3
27929 3
27936 6
27939 13
27941 4
27942 4
27947 11
27952 5
27953 3
27954 3
27955 5
27957 16
27959 9
27962 9
27965 9
27966 9
27970 5
27971 15
27974 3
27977 6
27980 3
27981 3
27983 9
27989 5
27990 10
27997 8
28003 1
28015 5
28024 3
28026 2
28028 9
28036 5
28037 3
28040 5
28041 4
28046 4
28047 5
28050 8
28051 3
28054 2
28066 8
28078 6
28091 5
28111 5
28125 2
28128 5
28134 3
28140 3
28142 6
28149 5
28150 5
28152 6
28156 3
28158 7
28163 5
28173 5
28175 2
28178 5
28182 4
28185 5
28197 4
28201 7
28205 10
28217 10
28221 4
28222 13
28227 5
28228 1
28233 4
28236 19
28238 2
28249 5
28255 6
28259 5
28265 6
28266 14
28267 9
28268 8
28269 8
28272 2
28275 5
28279 12
28284 7
28286 5
28293 1
28295 5
28299 4
28301 7
28308 15
28313 3
28321 5
28330 9
28333 2
28338 1
28342 4
28358 4
28360 4
28363 5
28371 6
28372 5
28377 1
28381 9
28387 1
28395 3
28397 6
28398 5
28405 4
28411 4
28412 7
28416 2
28417 4
28418 5
28419 2
28420 3
28422 10
28426 18
28427 5
28428 5
28429 3
28434 4
28440 4
28442 2
28443 5
28448 3
28455 9
28461 5
28462 4
28463 15
28468 3
28470 14
28473 6
28475 6
28477 13
28478 4
28495 7
28497 4
28505 4
28516 4
28522 5
28529 3
28533 3
28535 7
28542 5
28549 7
28558 7
28562 8
28564 6
28573 10
28577 17
28583 7
28587 3
28588 2
28596 4
28601 5
28610 3
28623 2
28626 5
28629 9
28630 3
28632 9
28638 4
28643 2
28644 5
28649 3
28651 4
28653 5
28657 4
28658 8
28659 4
28668 5
28675 2
28682 7
28683 5
28689 5
28690 6
28698 7
28707 8
28710 12
28717 2
28725 6
28730 3
28732 1
28734 5
28748 6
28749 6
28752 10
28754 8
28760 3
28763 3
28766 3
28778 7
28783 5
28786 3
28789 3
28792 15
28796 12
28802 4
28810 18
28817 9
28822 13
28833 2
28836 20
28837 4
28839 8
28841 9
28843 9
28849 7
28851 10
28855 8
28861 4
28864 3
28867 7
28872 8
28875 10
28876 9
28881 3
28884 10
28894 5
28897 10
28902 4
28903 1
28920 7
28922 4
28924 3
28931 4
28935 6
28937 5
28939 3
28944 5
28945 5
28953 4
28955 2
28956 2
28961 5
28966 7
28969 12
28970 10
28976 7
28978 13
28988 3
28989 3
28993 5
29002 2
29006 11
29009 2
29012 4
29014 3
29019 1
29022 5
29028 8
29033 4
29037 5
29045 5
29050 4
29055 8
29065 9
29072 4
29082 6
29083 4
29094 9
29098 9
29106 1
29109 6
29110 5
29111 5
29114 8
29116 3
29121 4
29125 7
29129 6
29130 9
29139 5
29140 8
29154 3
29158 9
29162 3
29167 10
29168 5
29171 3
29172 8
29178 6
29183 5
29185 7
29186 10
29190 5
29191 8
29199 1
29201 6
29206 14
29210 6
29219 6
29223 5
29226 4
29228 6
29233 8
29247 6
29251 3
29262 3
29265 8
29279 2
29284 5
29291 7
29292 3
29301 6
29302 6
29303 5
29304 2
29308 7
29318 2
29325 14
29329 6
29334 10
29336 1
29339 7
29343 7
29344 2
29346 6
29352 4
29354 8
29358 7
29359 5
29374 8
29377 4
29380 7
29383 15
29385 2
29386 6
29388 5
29389 9
29393 4
29394 5
29395 6
29397 6
29409 7
29411 1
29423 9
29430 3
29438 4
29440 8
29441 6
29446 6
29448 5
29450 5
29453 5
29463 9
29467 7
29469 4
29476 6
29480 3
29481 3
29482 7
29485 9
29488 10
29493 2
29495 9
29496 5
29498 7
29510 3
29515 6
29516 14
29517 4
29519 7
29521 7
29524 3
29526 3
29528 4
29531 4
29534 5
29542 2
29545 3
29546 5
29553 3
29556 1
29557 2
29560 6
29561 5
29562 6
29564 10
29575 4
29578 5
29581 3
29587 6
29592 6
29597 7
29602 10
29610 5
29616 5
29622 7
29623 6
29624 3
29629 11
29633 9
29638 2
29642 2
29644 3
29650 3
29652 12
29664 1
29670 11
29678 7
29684 9
29686 3
29691 5
29693 1
29695 6
29697 5
29700 4
29708 4
29710 4
29712 6
29720 8
29731 9
29733 4
29739 2
29740 6
29744 23
29747 2
29752 4
29757 6
29768 2
29774 5
29779 15
29780 3
29782 5
29783 6
29786 4
29788 13
29792 6
29796 7
29808 4
29811 13
29813 6
29814 2
29817 5
29823 5
29824 15
29832 2
29833 14
29834 5
29840 5
29844 3
29847 6
29849 8
29852 6
29860 9
29864 6
29865 3
29868 11
29876 7
29878 5
29881 5
29887 15
29893 5
29894 8
29902 3
29904 5
29906 6
29909 3
29912 7
29920 7
29929 11
29930 4
29932 3
29933 6
29934 3
29938 2
29941 7
29942 5
29945 6
29947 2
29951 4
29958 14
29959 7
29962 4
29966 6
29979 3
29980 3
29984 5
29990 3
30002 3
30003 2
30004 3
30005 13
30007 9
30008 4
30016 6
30018 8
30019 1
30022 6
30027 4
30029 8
30040 3
30042 6
30044 7
30046 7
30048 2
30049 1
30055 7
30058 7
30061 3
30064 5
30069 9
30074 4
30076 8
30078 5
30081 2
30085 8
30086 8
30089 1
30092 4
30106 9
30109 5
30120 6
30121 8
30123 4
30135 8
30136 2
30144 4
30164 10
30167 7
30168 6
30172 8
30174 6
30178 4
30183 5
30184 8
30193 5
30195 9
30196 5
30202 9
30203 5
30204 7
30207 4
30210 3
30215 6
30227 3
30230 2
30231 5
30238 6
30243 6
30246 6
30251 5
30254 2
30257 4
30258 3
30266 3
30279 9
30280 2
30281 10
30291 4
30294 5
30300 3
30302 10
30303 5
30304 6
30305 3
30312 22
30314 7
30321 10
30325 6
30327 7
30328 4
30337 5
30338 4
30344 6
30352 5
30354 4
30356 3
30360 4
30369 6
30374 1
30375 3
30376 4
30377 6
30380 9
30382 15
30383 4
30387 6
30392 10
30394 7
30402 6
30403 3
30411 3
30412 5
30413 5
30418 1
30422 4
30424 5
30426 5
30428 5
30432 8
30442 3
30451 3
30456 3
30460 5
30472 4
30474 4
30475 7
30479 4
30481 2
30487 5
30489 4
30500 8
30502 8
30503 4
30506 8
30507 6
30509 8
30510 9
30511 6
30514 9
30515 8
30517 1
30519 1
30524 6
30528 3
30530 5
30533 4
30537 1
30541 4
30549 6
30554 2
30555 11
30557 5
30560 4
30569 6
30577 4
30582 2
30588 6
30599 15
30600 6
30605 12
30607 2
30608 7
30609 2
30613 8
30615 5
30625 12
30629 5
30630 17
30631 5
30634 8
30638 4
30640 7
30650 2
30659 4
30663 20
30664 5
30666 3
30677 4
30679 8
30683 5
30685 2
30688 3
30693 5
30698 3
30709 1
30718 3
30719 12
30723 7
30744 2
30751 12
30752 6
30754 3
30761 5
30767 5
30771 6
30781 2
30787 6
30788 4
30789 5
30791 7
30792 7
30807 2
30808 6
30809 5
30810 4
30813 3
30814 3
30818 4
30819 5
30836 5
30837 13
30844 9
30847 5
30850 5
30864 4
30874 7
30875 6
30877 14
30881 5
30887 6
30888 6
30896 5
30904 6
30906 7
30910 5
30916 4
30917 7
30921 4
30923 6
30931 3
30935 4
30936 4
30956 5
30958 17
30959 7
30963 8
30964 6
30967 8
30973 2
30974 14
30977 5
30985 4
30987 7
30992 1
30996 2
30998 6
31007 8
31015 8
31017 10
31018 2
31019 7
31030 9
31037 7
31042 11
31044 14
31049 7
31058 2
31059 8
31069 3
31073 10
31075 5
31076 7
31081 2
31084 5
31086 7
31090 5
31093 5
31102 5
31104 8
31105 3
31111 3
31116 3
31118 17
31119 5
31125 8
31138 8
31145 14
31146 4
31149 12
31156 3
31159 5
31164 7
31165 1
31166 5
31170 4
31174 5
31183 5
31184 2
31185 2
31186 13
31197 2
31198 4
31199 5
31200 5
31210 6
31212 5
31214 10
31217 5
31221 6
31226 7
31227 2
31229 5
31231 5
31234 6
31241 4
31243 14
31253 6
31255 4
31277 2
31280 2
31281 6
31282 3
31285 2
31292 5
31293 3
31298 7
31303 2
31313 5
31314 4
31323 5
31326 17
31327 8
31328 6
31333 5
31336 3
31340 4
31341 7
31347 6
31353 9
31354 6
31355 6
31371 1
31376 9
31378 3
31379 4
31380 8
31383 2
31392 8
31396 7
31397 3
31402 3
31404 4
31407 4
31411 4
31419 10
31426 2
31433 3
31444 8
31446 6
31447 9
31448 6
31454 3
31459 3
31463 4
31465 6
31469 5
31475 5
31477 5
31481 2
31482 6
31483 2
31499 4
31504 4
31512 6
31514 5
31516 2
31527 9
31528 7
31533 9
31547 6
31548 8
31550 10
31551 7
31553 6
31554 6
31555 11
31556 6
31562 8
31563 9
31567 2
31571 6
31574 6
31583 6
31584 4
31591 4
31592 5
31594 2
31596 6
31598 2
31601 2
31607 4
31611 4
31622 8
31623 6
31625 4
31631 6
31648 8
31650 2
31654 13
31662 10
31663 4
31673 5
31676 8
31677 4
31679 5
31683 5
31685 2
31689 8
31699 4
31705 4
31706 4
31709 6
31712 6
31717 5
31724 10
31731 4
31734 7
31735 2
31739 4
31741 6
31744 21
31747 6
31749 12
31750 3
31753 9
31755 2
31757 5
31759 7
31769 9
31771 6
31779 3
31783 4
31787 4
31789 4
31791 7
31800 3
31806 3
31808 9
31811 4
31813 6
31814 10
31818 4
31821 7
31828 4
31839 2
31841 5
31848 9
31858 9
31863 2
31878 10
31891 3
31903 5
31904 7
31911 9
31917 4
31918 7
31921 7
31934 9
31936 6
31940 4
31944 3
31948 8
31951 8
31956 10
31968 4
31969 14
31977 6
31979 6
31986 6
31989 3
32000 5
32001 7
32002 8
32006 3
32011 5
32018 4
32024 11
32037 5
32040 6
32043 2
32048 4
32050 4
32051 3
32052 3
32055 2
32057 2
32074 6
32081 5
32095 8
32110 9
32112 3
32114 7
32116 4
32117 13
32118 5
32119 4
32139 3
32143 4
32144 2
32146 6
32149 6
32158 5
32160 6
32167 2
32172 4
32174 4
32178 4
32179 6
32183 8
32196 3
32201 3
32208 5
32212 1
32214 2
32228 6
32232 8
32233 4
32236 2
32238 20
32250 3
32255 10
32260 5
32262 4
32276 7
32277 4
32282 3
32283 4
32286 4
32292 4
32295 4
32297 8
32303 9
32308 5
32311 6
32316 4
32319 4
32321 7
32325 1
32331 6
32334 5
32339 8
32347 5
32348 3
32349 7
32350 3
32351 11
32352 5
32354 6
32359 2
32362 2
32366 5
32369 7
32371 4
32377 7
32382 8
32387 4
32395 5
32401 4
32411 9
32417 9
32419 11
32420 15
32425 3
32427 6
32428 5
32440 6
32441 6
32447 4
32450 6
32454 6
32465 5
32467 16
32473 2
32475 5
32484 9
32491 3
32492 6
32494 5
32495 6
32499 15
32507 7
32512 10
32513 4
32515 5
32516 2
32520 6
32524 9
32527 12
32531 4
32543 9
32545 6
32546 3
32547 6
32551 4
32552 3
32556 5
32565 8
32567 2
32571 13
32573 3
32576 4
32578 7
32582 10
32591 15
32593 7
32594 6
32596 3
32611 3
32613 5
32614 5
32625 2
32630 9
32632 2
32638 4
32642 6
32654 5
32661 4
32662 4
32664 5
32670 9
32673 8
32680 3
32692 6
32693 4
32695 8
32697 2
32704 12
32707 3
32712 4
32721 3
32732 5
32740 2
32744 6
32748 2
32755 1
32759 6
424768 8
1617660 8
2265085 2
3543239 1
3614208 2
4554934 7
7361295 6
7622105 6
7661948 6
8258519 2
8313108 6
10048890 5
10338214 1
12470521 4
13512260 7
14526670 6
15262202 4
15936525 3
16306193 1
16464330 6
16511583 5
17167166 2
17469495 1
17645951 5
18915209 7
19247787 7
19276906 6
20620473 4
21306469 6
22617912 3
23202848 7
23930720 4
25096138 6
25889677 6
26298010 6
27747039 6
28401610 5
28631177 5
28932910 5
30311458 3
30459263 7
30613038 8
33448105 2
36553603 6
37189881 2
38555711 6
39192227 2
41259526 8
41375740 6
42598825 7
44794341 4
45145995 3
47743315 7
48383611 11
48676314 7
49199633 4
50008742 5
51594577 1
52244752 7
52666154 4
52835736 4
53751810 7
55646468 10
56669118 7
58006617 7
58445498 8
58572296 9
58957110 3
59247326 2
61658795 2
62024048 2
62354753 4
62750650 5
64017803 6
64802264 3
65576938 7
65604316 6
65613609 3
66308346 8
67372248 3
69405128 5
70091111 7
70757323 6
73668232 3
74209648 7
75034450 2
75566142 4
76218682 7
76584517 5
76855249 5
77123673 6
77464759 3
78634509 10
79289361 7
79450773 4
79962785 4
81600537 2
85238934 3
86061910 8
86331186 7
88511232 3
89395304 6
89396593 4
92557435 8
94839300 3
96815304 4
97818197 5
99166570 6
101625775 3
102670648 6
102757396 6
102973541 4
104833569 5
108245550 8
108337161 4
109424411 7
113079732 6
114378081 6
114974797 3
117888035 6
117956842 7
118407857 5
118624779 4
119025948 5
119198532 1
119418087 6
120466201 6
122417153 9
123236363 7
124008052 8
124393006 7
124857495 5
126208715 3
126708778 3
126789663 4
126966486 8
127780925 3
129825529 5
132491628 6
133670577 9
133986223 9
133994396 5
134489688 5
135766418 3
136932117 4
139370809 4
140587228 5
141801827 6
142167304 2
146798217 5
147661464 14
148703639 6
149692876 2
150092470 9
150752450 3
153853416 4
156992021 5
157715749 9
158620668 7
158976365 2
159103218 2
159265688 6
160541231 3
160647366 9
161449129 6
162255147 3
164041253 3
165327924 4
167087190 5
169649326 8
172099487 2
172195766 5
172726504 3
173772323 5
174773350 7
175649311 1
177588507 4
179406344 4
180238476 2
180508323 7
181311372 7
181393335 5
185490427 4
186647678 4
188307482 6
189078587 3
191170951 8
196120107 4
196316132 4
196660769 6
200870158 2
200871318 5
202569985 4
204335543 5
204466773 6
207235367 6
207389427 4
209061781 5
210285084 2
210893462 5
212104981 11
214201628 7
215241879 6
216985973 6
218063752 2
219216204 6
222471222 2
223268447 7
225422936 1
229150842 3
234466343 7
237453668 4
237667303 8
238269424 4
238738771 7
239370324 7
239438439 6
239592739 3
240004567 1
240452421 3
241092535 7
243489502 4
244499109 7
244903897 5
245240189 3
245255936 5
245320174 10
245337912 5
245371867 4
246732955 5
247099124 3
248239330 6
249823471 5
250028205 6
255853733 4
259544594 9
261046281 10
261068349 8
262680988 2
264979465 4
265877030 6
266001420 3
267019728 2
267476275 6
268230502 6
270400276 7
272101630 7
273082099 6
274656587 4
274901635 3
275686735 7
276635428 2
277303190 6
277748551 9
278184425 4
279953479 6
281487303 5
282111171 5
283251007 3
284245603 9
284653508 3
285999477 2
287519436 4
289953285 6
291114673 7
291147433 4
291538276 10
291819906 3
294178624 8
294797358 4
296199502 8
297471652 5
297997998 5
298584533 5
300476220 5
303010768 2
303328568 6
303416138 6
303908392 4
304082877 5
305020803 6
305164694 3
306918885 4
307748073 5
309098472 8
309658824 8
310283147 6
310493947 3
312391355 6
316110366 3
320410853 10
321362055 5
322002680 6
324466431 5
325356514 10
325846597 6
327876843 5
327957574 5
330869500 6
333159194 5
335103335 4
335961396 11
336539985 10
336962224 9
337095777 5
337288626 4
340295656 4
341946255 3
342354144 6
343270183 8
343890464 4
346964992 4
349302349 5
350106052 6
350395218 2
350695295 2
350843774 2
351433179 8
355331395 5
355761421 3
356745899 8
358071190 8
359894269 6
360586722 1
361129191 3
361836935 3
361879511 5
362011379 5
363078105 6
364084581 4
364273526 3
366148449 8
367105837 5
369007089 2
371337770 9
371854728 3
372680735 7
373280756 7
374778384 6
375124510 1
376201301 3
379324010 8
380572820 1
382023719 7
382358688 3
383558149 2
383621649 6
383727181 7
384701758 1
385049685 8
387214091 3
387644782 7
387981675 13
388253420 4
388468299 10
388505679 7
388930045 7
389463565 6
389526792 5
390124370 5
390139448 10
390141930 1
391132837 7
391447898 6
391595812 2
392838742 8
393589345 7
395040493 4
397236184 6
398618172 2
399608713 11
400377017 1
401777252 3
402248871 6
402301308 5
402353658 5
403249003 5
405323989 6
405455625 4
407098352 7
407266617 4
407352177 2
408433998 5
408990072 8
409217456 2
411963326 5
413862066 5
416223144 10
416704684 3
416909701 4
417270304 5
418836301 6
418844376 7
419995984 4
420354364 6
420556070 7
421638643 4
422421109 3
422954696 8
423334925 3
426100509 3
426558415 9
427332169 12
428336484 4
428537342 2
430903622 7
431654329 3
433064320 5
433465265 2
433894006 6
434745103 4
434933297 2
439268846 6
439736548 9
440441766 3
440911413 2
442141292 3
443465105 4
443700611 7
444169150 7
447417691 3
448547038 4
448563537 5
448580846 4
449259961 10
449273087 5
449392217 5
450520561 5
454314735 6
455687959 2
456032742 6
456555055 3
457185975 4
457392117 5
459085032 1
459363641 4
459851017 2
460489686 4
461801894 1
462049783 2
464956764 8
465325709 4
466751855 5
466887618 7
467130388 8
467564975 4
467613585 2
468095442 3
468145289 4
468870751 3
468952978 7
470354138 3
471980374 3
472766848 6
473024540 3
475096748 6
475830913 6
477193211 10
481673326 7
481879654 5
482165917 5
482601320 3
483527009 4
483781906 2
485292174 2
485776056 7
486494649 5
486565906 2
487430539 3
487623268 3
488022399 4
488087327 4
490291851 3
491894617 6
492938448 5
493084046 4
494136435 7
495700296 5
497159860 9
497276833 2
500632794 4
503719000 3
504017684 4
504158511 9
504898605 7
506109670 6
506343416 4
507499814 9
508637396 9
508732409 8
509109994 4
510006873 6
510203042 5
510914136 5
511309262 8
511762605 5
511832280 7
512523998 11
514931854 4
515007979 3
517125453 6
517127938 5
517162305 4
517405889 7
517855389 5
521172458 7
523443179 4
523631080 5
523801697 7
524964411 3
525557163 9
527332362 3
527552376 3
528766541 6
530143585 5
531466407 4
532575428 4
532723399 4
535212701 7
535909722 6
536295619 4
536465688 3
537035478 3
537905766 3
537912151 6
541409279 3
541855796 1
542167110 4
543347899 3
545152858 4
548920836 4
549024691 5
550725366 4
550936774 6
551457889 4
552157000 8
553212429 3
555047861 8
555498296 7
556116130 8
557465165 7
559675399 4
559827300 9
560589415 4
561879030 5
563259682 5
563661127 7
564555651 6
565747289 4
565788348 6
565945745 6
567492005 6
568841003 6
571640147 9
575518931 6
579282235 5
579653721 1
580068345 4
580570852 7
580601565 5
580959420 4
583776553 6
584460547 7
585726649 6
586262420 9
586424765 3
586691809 6
587025434 5
587631783 3
588126819 3
589211721 6
590133691 4
590805567 4
592433446 4
593575394 4
594888205 6
595369477 2
596155869 2
597277030 2
600097318 4
600827425 12
601529235 2
604186041 1
606987207 2
608449543 6
610333265 6
613454399 7
614091091 4
614185200 3
615017929 6
618334175 2
618541923 3
618991532 6
619678703 5
619996802 5
621528737 2
621552229 5
623178443 1
624762668 8
625778162 5
626110121 6
626987316 3
627117991 5
627777365 7
628130781 7
628527317 5
628696649 4
628708219 5
629152126 6
629662290 6
629956974 4
631617396 6
631974030 6
632268507 4
633204556 4
635161482 2
639224220 4
639788702 2
640547797 2
642921543 4
643497607 3
643499234 6
644533842 2
645248693 7
645743265 6
646345827 5
647083411 8
648978470 5
655539920 2
656237406 2
658564802 4
659037426 5
659126025 6
660316299 4
661209356 3
664434537 5
666741184 5
667364671 2
668106981 4
668678868 6
670429917 6
672609398 5
673334537 1
673639096 8
674644556 1
677360522 5
678178364 5
679661147 5
680202412 9
680818143 3
680988300 3
681390249 10
681953094 3
682913252 4
684268892 1
684814815 5
685761812 1
687091581 5
687985017 4
689012947 4
690169746 8
690888686 5
691266677 4
693587123 3
694207281 4
694246514 4
697567244 8
699447100 4
701420622 5
701639408 4
705170268 4
705686369 6
705875118 3
706839571 5
706995016 7
708418885 2
709819349 4
710615237 7
711006451 3
711534816 2
711922895 2
711927780 5
712552368 5
712603610 2
712877311 7
713013102 7
713021805 10
714950762 6
715756387 6
717070702 5
717789054 5
719727231 4
720142342 7
721490256 6
722126170 6
722885107 7
723752618 4
724810233 5
726365873 2
727072417 7
728073137 7
729943023 5
730707177 9
732140942 3
732699111 7
734372782 8
735378797 5
735460667 5
735496409 4
736552256 7
737559556 5
740991335 3
741782278 4
742445350 2
742920904 8
743074547 3
743710106 7
745790697 3
747054830 3
747376000 2
747526260 6
747824514 4
751906771 7
752072111 3
752298768 4
756750170 4
757612361 3
757696994 7
760415442 4
761296616 4
761942448 2
763434422 7
764525647 11
764929186 4
766058506 6
766184146 6
766679297 8
767659056 7
768287130 6
768802231 6
768988158 4
769049643 7
769305307 4
771542459 4
772174207 1
772431854 10
775058241 5
775785667 4
777325807 6
778103013 5
779420648 2
779470127 1
779840825 6
780755123 3
782744996 8
783384448 4
783507037 3
784097323 3
785652913 6
785740769 8
785819277 5
791015010 5
791450246 10
791994807 5
792686665 7
792817435 5
794372954 3
794600626 5
795033856 4
796524038 4
797245772 4
797359690 4
799719391 6
800018526 5
801381199 5
802399518 5
804070834 3
805815877 6
805855587 6
806318464 3
807916879 4
808430778 10
809172866 6
809571688 5
810190791 4
812097705 8
814664015 5
815036430 7
816138135 5
818329298 9
818664100 6
818924144 4
820246850 5
820784623 3
821784727 5
825103720 4
825702400 12
826182746 5
827754774 4
829690815 1
830316928 3
831762311 7
834602229 5
834798903 3
835474168 5
835851994 6
837097960 3
837946592 4
838899984 7
839113521 6
839314355 2
841135862 2
842303233 1
843268925 7
844340832 8
845342646 7
845551146 4
847045280 3
847126017 6
847885430 6
848511977 6
849150088 3
851223451 2
851870982 2
852743093 5
854117992 7
854392657 5
855444116 8
856045237 6
856353662 6
856385768 3
860746148 6
862352846 6
863784700 4
866226333 6
870364685 3
870407578 10
872148084 4
873596376 3
874097179 2
877012400 5
877037025 9
878273745 8
880020461 4
880084304 4
881307969 5
886150361 3
886996787 7
887916938 2
890649003 6
892235681 7
893235980 4
893941127 3
896523334 4
896560915 10
898868690 6
899830201 4
899937930 6
900679847 11
901000892 6
901007655 2
901108845 10
903257553 5
905771332 5
907999302 4
909265065 6
909627328 8
910536584 4
911844950 4
913191603 7
913349047 4
916121479 8
916188943 3
917842611 5
918969607 4
921676804 13
921734943 3
922221846 5
923848132 6
924552487 6
925300514 7
927615354 2
928346348 10
929120032 5
932420817 1
932632351 9
935293164 5
936473952 4
937375980 4
938311727 4
939405273 3
939988209 9
940851412 5
941071686 6
941198869 2
941872224 4
942394661 4
942635276 7
945818582 11
946209179 7
946900394 5
947062974 4
949384200 4
949584507 2
949733348 2
951741801 3
953881308 2
954919192 4
955511970 7
957609323 7
958188655 3
958514259 7
960454493 5
962084541 2
962166044 4
963489704 6
972167458 4
972469219 6
972601189 6
973183746 3
974228096 7
975494067 7
975730971 4
978114753 6
978123738 7
980286406 3
983399591 4
983446618 3
984232749 2
985196599 7
985214440 4
987548034 8
987658297 5
989092801 8
990125673 5
991136140 3
991559766 2
993797709 7
995125930 6
998032983 5
998753784 5
999446556 2
999567403 1
1000225207 4
1005216093 6
1005882591 7
1006499999 8
1007892687 7
1007903290 6
1008136288 3
1008312355 5
1008674836 1
1009834838 4
1011266910 4
1012395262 6
1012639847 8
1013141281 5
1013205951 3
1013609624 4
1014179067 7
1015896049 7
1016827464 9
1017356480 11
1018314164 5
1018709010 6
1020197456 2
1021614562 4
1021844237 5
1022162927 3
1022896292 10
1025137580 2
1025684785 8
1025699955 4
1030097716 3
1031076518 4
1031138139 4
1031464754 5
1031673238 9
1032249246 13
1032355672 2
1033056209 4
1034654939 3
1034874794 4
1037051003 6
1038055757 4
1038148918 6
1038467533 2
1038993432 3
1040094629 4
1040287107 3
1040582192 4
1040613431 11
1041004487 2
1042387214 8
1043068514 6
1043260652 7
1046728321 3
1048085406 7
1050957484 7
1053764761 2
1054888650 6
1054889811 3
1055373218 7
1055681240 4
1056082218 5
1057688987 4
1057742176 8
1058306186 5
1059871245 5
1062075916 3
1063052619 2
1063938672 3
1066558460 7
1066869463 2
1068499094 6
1073467748 7
