10 60
1 3 0 2 3 4
1 0 1 2
1 1 3 1 2 4 5
1 0 3 3 4 5
1 1 1 3 5
1 1 1 3 2
1 1 1 5 1
2 1 4 6 2 3 4 5
2 1 1 4 3
2 2 2 3 5 2 6
2 2 1 3 4 2
2 1 2 2 5 6
2 2 3 3 5 2 4 6
2 2 1 4 5 6
3 1 1 4 7
3 1 2 3 4 5
3 2 2 3 7 4 6
4 2 1 4 6 8
4 1 2 6 5 7
4 1 4 5 4 6 7 8
4 3 0 4 5 8
4 2 1 5 8 4
5 1 1 6 9
5 2 1 5 8 9
5 3 1 5 6 8 9
5 1 3 8 5 7 9
5 3 1 5 6 8 9
5 1 2 5 6 9
5 1 2 8 7 9
5 2 2 5 8 6 7
5 3 1 5 7 8 6
5 1 1 7 9
6 1 2 10 6 9
6 2 2 6 9 7 10
6 3 1 6 7 8 10
6 2 1 7 9 10
6 1 2 8 7 10
6 2 1 6 9 10
6 2 2 6 10 7 8
7 1 2 10 7 8
7 2 2 9 1 7 8
7 0 3 8 9 10
7 3 1 8 10 1 9
7 2 2 7 8 9 1
7 2 2 8 9 10 1
7 2 2 8 9 7 10
8 3 0 9 10 1
8 1 0 1
8 3 1 9 1 2 8
8 1 3 10 8 9 2
8 2 1 10 1 2
9 1 2 3 9 2
9 0 3 10 1 3
9 1 3 2 9 10 1
10 1 2 4 10 3
10 1 0 10
10 2 2 10 2 1 3
10 0 3 10 3 4
10 3 0 10 1 4
10 2 2 1 3 10 4
