125 1000
1 1 2 5 1 4
1 2 2 1 5 2 3
1 2 3 2 5 1 3 4
2 3 0 2 3 6
2 3 0 2 4 5
2 4 0 3 4 5 6
2 2 2 4 6 2 5
2 1 1 3 2
2 2 3 2 4 3 5 6
3 1 1 3 5
3 0 1 7
3 0 3 3 4 5
3 1 2 7 4 5
3 1 2 5 4 7
3 0 3 5 6 7
3 1 1 3 4
3 1 2 7 4 6
3 3 1 3 4 7 6
3 0 3 3 4 5
3 1 1 5 3
3 2 0 3 7
4 1 2 6 7 8
4 1 2 6 5 7
5 3 2 6 7 8 5 9
5 1 3 5 6 7 9
5 2 2 5 8 6 9
5 1 3 9 5 6 8
5 4 0 5 6 7 8
5 3 0 6 7 9
5 3 2 5 6 7 8 9
6 1 2 9 7 10
6 2 1 7 8 9
6 1 2 8 9 10
6 1 0 10
6 1 3 8 6 9 10
6 2 2 8 10 6 9
6 0 4 6 7 9 10
6 0 2 6 7
7 1 2 11 7 8
7 0 4 7 8 10 11
7 3 0 7 8 9
7 1 0 8
7 3 2 7 10 11 8 9
7 1 2 11 8 9
7 0 4 7 8 10 11
7 1 2 7 10 11
8 1 2 12 8 9
8 0 2 10 11
8 2 1 10 12 8
8 1 2 11 8 10
8 3 1 8 10 11 12
8 1 2 11 9 10
8 2 2 8 10 9 12
8 0 3 10 11 12
8 1 1 8 10
9 1 3 10 9 11 12
9 1 1 9 11
9 0 4 10 11 12 13
9 1 2 9 10 11
9 1 3 13 10 11 12
9 3 1 9 11 13 10
9 1 2 13 10 12
9 2 1 10 11 9
9 1 3 9 11 12 13
9 2 1 10 11 9
9 1 2 13 11 12
10 0 3 10 12 13
10 1 2 10 11 12
10 1 0 11
10 2 2 11 14 10 13
10 2 2 10 12 13 14
10 2 2 12 14 11 13
10 1 2 13 10 14
10 2 0 11 13
11 2 2 12 13 11 15
11 2 2 11 14 12 13
11 0 2 13 15
11 3 0 11 14 15
11 2 0 13 15
11 3 2 13 14 15 11 12
11 2 2 12 13 11 14
11 1 1 15 13
11 0 3 11 12 15
12 2 3 12 15 13 14 16
12 2 2 15 16 13 14
12 2 1 14 16 12
12 2 2 12 13 14 15
12 2 3 15 16 12 13 14
12 0 3 13 15 16
12 1 2 15 12 16
13 2 1 14 17 16
13 3 0 14 15 16
13 1 3 15 13 14 17
13 1 2 13 14 17
13 4 0 13 15 16 17
13 0 2 13 15
14 1 2 18 15 17
14 3 2 14 16 18 15 17
14 2 1 15 17 16
14 0 3 15 16 18
14 4 1 14 15 16 17 18
14 3 1 15 16 17 14
15 0 2 17 19
15 1 4 16 15 17 18 19
15 2 3 18 19 15 16 17
15 2 2 16 19 17 18
15 3 1 15 18 19 17
15 5 0 15 16 17 18 19
15 3 2 15 16 19 17 18
15 1 2 17 18 19
16 3 2 16 17 18 19 20
16 2 2 19 20 16 17
16 0 2 17 19
16 0 2 17 19
16 0 3 16 17 20
16 2 1 16 18 20
16 1 3 16 18 19 20
16 2 0 16 18
16 3 1 16 19 20 18
16 1 1 17 19
17 0 2 17 19
17 2 0 18 20
17 2 1 17 18 19
17 2 2 17 18 19 20
17 0 1 20
18 5 0 18 19 20 21 22
18 2 0 18 20
18 3 0 18 20 22
18 2 0 19 22
18 1 4 19 18 20 21 22
18 1 3 20 18 19 21
18 1 2 18 20 21
18 1 3 20 18 21 22
18 1 1 21 20
18 1 1 22 19
18 2 2 19 20 18 22
18 1 2 22 18 19
18 2 1 18 22 21
19 4 1 19 20 21 22 23
19 1 0 20
19 2 2 21 23 19 20
19 1 3 20 19 21 22
19 2 1 20 22 19
19 0 1 20
20 3 0 20 23 24
20 1 2 24 21 23
20 1 1 21 20
20 3 2 20 21 22 23 24
20 1 2 23 20 24
20 1 1 21 23
20 3 1 20 22 24 21
20 1 3 23 20 22 24
21 0 3 22 24 25
21 1 3 25 22 23 24
21 2 0 23 25
21 1 2 23 22 24
21 1 2 21 22 24
21 2 2 22 25 23 24
21 4 0 21 22 23 24
21 1 3 24 21 23 25
21 3 2 22 23 25 21 24
22 2 1 23 26 22
22 0 1 23
22 2 1 25 26 22
22 1 4 22 23 24 25 26
22 1 2 26 22 24
22 3 2 22 23 26 24 25
23 1 3 27 24 25 26
23 0 5 23 24 25 26 27
23 2 3 24 25 23 26 27
23 2 2 25 27 23 24
23 3 2 24 25 27 23 26
23 1 3 26 23 25 27
23 1 1 26 23
24 1 3 27 24 26 28
24 2 1 24 27 28
24 1 2 26 24 27
24 1 3 28 24 25 26
25 2 2 26 28 25 29
25 1 4 29 25 26 27 28
25 3 1 26 28 29 25
25 3 2 26 27 28 25 29
25 1 2 27 25 28
25 1 2 27 25 29
25 3 1 25 27 28 26
25 2 2 28 29 26 27
26 2 2 28 30 26 29
26 1 1 28 30
26 2 2 27 29 26 28
26 2 3 26 28 27 29 30
26 2 2 29 30 26 27
26 2 2 28 30 27 29
26 4 1 26 27 28 30 29
26 2 1 28 30 29
26 2 2 26 29 28 30
26 3 0 27 28 30
26 2 3 28 29 26 27 30
26 3 1 26 27 29 28
27 1 1 29 28
27 2 1 27 28 30
27 2 1 27 31 29
27 3 1 27 28 31 29
27 1 2 28 29 31
27 1 2 28 27 31
27 2 1 27 30 31
27 1 1 31 30
28 2 2 30 32 28 31
28 2 2 30 31 29 32
28 3 1 28 29 32 30
28 4 1 28 29 30 32 31
28 0 1 29
29 0 1 33
29 2 3 29 33 30 31 32
29 0 3 29 30 31
29 3 0 29 31 33
29 0 3 29 30 31
29 1 1 30 31
30 0 2 30 33
30 3 1 32 33 34 30
30 2 1 30 32 34
30 1 1 31 34
30 1 3 30 31 33 34
30 1 3 33 31 32 34
30 3 2 32 33 34 30 31
31 2 1 31 35 34
31 1 3 33 31 32 34
31 1 2 33 32 35
31 1 3 33 31 34 35
31 2 1 32 34 35
31 0 3 31 33 35
31 2 1 32 33 31
32 1 3 33 32 34 36
32 2 1 32 34 36
32 1 4 36 32 33 34 35
32 1 2 33 34 36
32 1 3 32 33 34 36
32 3 2 32 33 36 34 35
32 3 0 32 33 34
32 2 0 33 36
33 1 2 37 33 34
33 0 2 36 37
33 2 2 33 35 34 37
33 3 1 34 35 36 33
33 1 3 33 34 36 37
33 0 2 34 37
33 2 2 33 35 34 37
34 1 3 37 34 36 38
34 1 2 34 37 38
34 1 0 38
34 1 1 36 38
34 1 4 36 34 35 37 38
34 0 1 38
34 1 2 35 34 36
34 3 2 34 35 37 36 38
34 2 2 34 37 36 38
34 2 2 34 37 36 38
35 2 2 38 39 36 37
35 2 1 35 37 38
35 2 0 37 38
35 2 2 35 37 36 38
35 1 3 38 35 36 37
35 3 0 35 36 39
35 2 2 37 38 35 36
35 1 4 36 35 37 38 39
35 1 1 36 37
36 2 3 37 38 36 39 40
36 3 1 37 38 40 39
36 1 2 39 38 40
36 0 1 37
36 1 1 37 40
36 2 3 38 39 36 37 40
36 3 2 36 39 40 37 38
37 3 1 37 39 40 38
37 1 3 37 38 39 41
37 3 0 37 39 40
37 3 1 38 39 41 40
37 3 0 38 40 41
37 1 1 38 37
37 3 0 38 39 41
37 0 3 38 40 41
37 2 2 37 40 38 39
37 1 1 38 37
38 2 1 38 40 42
38 3 2 39 41 42 38 40
38 4 1 38 39 41 42 40
38 1 1 39 41
38 2 3 39 41 38 40 42
39 0 4 39 40 42 43
39 2 2 39 40 41 42
39 2 2 40 41 42 43
39 1 3 43 39 40 42
39 3 1 40 41 43 42
39 2 1 40 41 43
39 1 3 42 39 41 43
40 2 2 42 43 41 44
40 3 2 40 41 43 42 44
40 2 2 42 44 41 43
40 2 2 42 44 40 43
40 0 3 41 42 44
40 2 1 42 44 41
40 2 2 40 43 41 42
40 2 1 41 43 44
40 2 1 42 44 41
40 2 0 41 44
40 1 2 40 43 44
40 0 3 40 42 44
40 2 1 42 44 40
40 1 2 41 42 44
40 1 1 44 43
40 4 1 40 41 43 44 42
40 1 1 42 41
41 2 2 44 45 42 43
41 3 1 41 44 45 43
41 3 2 42 43 44 41 45
41 1 3 42 41 43 45
41 2 2 42 45 41 44
42 3 1 42 43 45 44
42 2 2 43 45 42 44
42 1 3 42 43 44 45
42 2 2 43 44 42 46
42 2 1 44 45 46
42 1 1 46 44
43 1 3 47 43 45 46
43 3 1 44 46 47 45
43 2 1 43 47 44
43 1 4 43 44 45 46 47
43 5 0 43 44 45 46 47
43 3 1 44 45 46 43
43 1 2 47 43 46
43 3 1 44 45 46 47
43 1 1 45 47
43 1 2 43 46 47
44 2 2 44 48 46 47
44 4 1 44 45 46 48 47
44 2 1 44 46 45
44 1 2 47 44 48
44 3 1 44 46 47 48
44 1 2 48 44 47
44 4 1 44 45 46 47 48
44 2 0 45 46
44 3 2 44 46 48 45 47
44 3 0 45 46 48
44 2 3 45 46 44 47 48
45 2 1 46 47 48
45 4 0 46 47 48 49
45 3 1 45 48 49 47
45 2 2 45 49 46 47
45 0 2 45 47
45 2 1 47 49 46
45 1 2 47 48 49
45 1 3 46 45 48 49
45 0 2 47 48
46 1 3 49 46 48 50
46 1 1 49 47
46 3 1 47 48 50 46
46 0 2 46 47
46 2 3 48 49 46 47 50
46 3 1 47 48 49 50
46 1 2 49 46 48
46 2 1 46 50 48
46 2 2 48 50 46 47
47 5 0 47 48 49 50 51
47 1 1 47 50
47 3 2 47 48 49 50 51
47 1 1 50 49
47 1 0 47
48 1 3 51 49 50 52
48 1 1 51 49
48 0 2 49 50
48 2 1 48 50 51
48 0 3 48 49 50
48 3 1 49 51 52 48
48 0 3 49 51 52
49 2 2 49 50 51 53
49 3 1 49 50 51 52
49 1 0 51
49 2 2 51 52 50 53
49 2 1 49 52 53
49 2 0 52 53
49 1 3 50 49 51 53
49 2 2 49 52 51 53
49 2 1 49 50 52
50 1 1 51 52
50 2 1 51 54 53
50 3 0 50 52 53
50 3 0 50 52 53
50 1 2 52 50 51
50 1 1 54 51
50 1 4 50 51 52 53 54
51 1 2 54 51 55
51 2 1 53 54 52
51 1 2 51 52 54
51 1 2 52 53 55
51 1 2 53 51 54
51 2 2 51 53 52 55
51 1 1 52 53
51 0 2 53 54
51 3 1 51 54 55 52
51 1 1 54 53
52 1 2 56 53 54
52 2 1 53 56 52
52 0 3 52 54 56
52 3 1 52 54 56 55
52 1 2 56 52 55
52 3 0 52 53 54
52 0 4 53 54 55 56
52 3 1 53 55 56 54
53 2 3 55 56 53 54 57
53 2 2 56 57 54 55
53 2 1 55 57 56
53 2 1 53 56 57
53 3 0 54 55 56
53 3 1 54 55 57 56
53 2 2 53 54 56 57
53 3 1 53 54 55 57
53 1 4 55 53 54 56 57
54 0 3 55 56 57
54 1 2 55 54 58
54 0 3 54 56 58
54 1 1 55 56
54 1 2 55 54 58
54 3 1 54 55 56 58
54 2 2 56 58 55 57
54 2 1 55 56 57
55 2 0 56 59
55 2 3 55 58 56 57 59
55 2 2 57 58 55 59
55 0 3 55 57 59
55 2 1 57 58 59
55 1 3 55 57 58 59
55 1 3 56 55 57 58
55 1 1 59 58
56 0 2 56 59
56 3 0 56 57 60
56 1 2 58 56 59
56 1 3 60 56 57 58
56 1 1 57 58
56 3 2 58 59 60 56 57
56 0 3 56 59 60
56 1 1 58 56
56 1 2 57 56 59
56 1 2 59 58 60
56 1 2 60 57 59
57 1 2 57 60 61
57 1 2 61 59 60
57 4 1 57 58 60 61 59
57 2 2 60 61 57 59
57 2 2 58 60 57 61
57 2 1 58 59 57
58 1 3 59 58 61 62
58 3 1 59 60 61 58
58 3 0 59 60 61
58 2 2 61 62 58 60
58 2 1 58 61 60
58 2 1 58 61 60
59 3 0 59 62 63
59 2 3 59 62 60 61 63
59 4 1 59 60 61 63 62
59 3 1 60 61 63 62
59 2 2 62 63 59 60
59 3 2 59 60 61 62 63
59 1 1 61 60
60 1 2 64 60 62
60 1 4 61 60 62 63 64
60 1 2 64 61 63
60 2 1 60 62 63
60 3 1 60 62 63 61
61 0 1 63
61 3 2 61 64 65 62 63
61 1 2 63 62 64
61 0 2 62 63
61 1 3 62 61 64 65
61 2 1 63 64 62
61 1 1 61 64
62 4 1 63 64 65 66 62
62 1 3 63 62 64 66
62 2 2 64 65 62 63
62 3 2 62 64 65 63 66
62 0 1 62
62 1 1 66 65
63 0 4 63 64 65 67
63 2 2 64 66 63 65
63 0 1 63
63 2 3 64 67 63 65 66
63 2 1 63 64 65
63 0 3 63 65 66
64 3 1 65 66 68 67
64 2 1 65 66 68
64 3 2 65 67 68 64 66
64 2 2 67 68 64 66
64 3 2 64 65 68 66 67
64 2 1 64 65 66
64 3 2 64 66 68 65 67
64 1 3 68 64 65 66
64 3 1 65 67 68 66
64 2 0 66 67
64 3 1 64 65 66 67
64 0 3 64 66 68
65 2 2 65 66 67 68
65 2 1 67 68 65
65 1 2 67 65 69
65 1 1 69 67
65 1 2 66 65 67
65 4 0 66 67 68 69
65 2 3 68 69 65 66 67
66 4 0 66 67 68 70
66 3 2 66 67 70 68 69
66 3 1 66 67 68 69
66 4 1 67 68 69 70 66
66 3 2 66 67 70 68 69
66 3 1 67 68 69 70
66 1 2 66 69 70
66 1 1 69 70
67 3 1 67 70 71 68
67 1 2 69 67 71
67 2 2 67 68 69 71
67 3 1 67 70 71 69
67 1 1 67 68
67 3 1 68 70 71 67
68 1 2 71 68 69
68 3 0 68 70 71
68 1 1 70 68
68 2 2 69 72 70 71
68 0 1 70
68 1 1 69 71
68 1 4 70 68 69 71 72
68 2 2 68 71 69 70
68 1 2 72 68 71
68 3 2 70 71 72 68 69
69 3 1 70 71 73 69
69 3 0 69 71 72
69 4 0 69 71 72 73
69 0 3 69 70 72
69 0 2 69 72
69 2 1 70 71 73
69 0 2 69 70
69 3 1 70 72 73 71
70 2 1 70 73 71
70 2 2 70 71 72 74
70 0 4 70 71 72 73
70 2 2 70 72 71 74
70 3 1 71 72 74 73
70 1 2 72 71 73
70 2 2 72 74 70 73
70 2 2 70 74 71 72
70 1 2 71 72 73
70 2 1 72 73 74
70 1 0 71
71 3 1 71 73 75 74
71 2 1 73 75 74
71 1 1 74 75
71 1 1 72 74
71 1 3 74 71 72 75
71 0 2 71 74
71 1 2 75 71 73
72 0 2 75 76
72 4 0 72 73 74 76
72 0 4 72 74 75 76
72 1 4 74 72 73 75 76
72 1 1 74 76
72 3 1 72 73 74 76
72 4 1 72 74 75 76 73
73 3 0 74 75 77
73 3 0 74 75 76
73 1 3 75 73 76 77
73 2 0 75 76
73 2 1 74 75 73
73 0 2 73 75
73 3 1 75 76 77 74
73 0 3 73 76 77
73 1 1 76 75
73 1 0 76
74 0 3 74 77 78
74 2 1 75 76 74
74 2 1 74 78 77
74 2 0 76 78
74 2 2 76 77 75 78
74 2 1 75 78 76
75 3 0 75 76 78
75 2 2 75 77 76 78
75 2 1 75 79 76
75 2 1 75 76 78
76 1 2 76 77 79
76 2 3 78 79 76 77 80
76 1 3 77 76 79 80
76 2 2 77 78 76 80
76 3 2 76 79 80 77 78
76 0 3 76 77 78
76 0 3 78 79 80
77 1 3 81 77 79 80
77 1 2 78 79 80
77 1 3 77 78 80 81
77 1 2 78 77 81
77 0 2 77 81
77 1 2 77 79 81
77 1 1 78 77
77 1 3 81 78 79 80
77 2 0 77 80
77 2 1 80 81 77
78 2 1 78 81 79
78 2 1 79 81 78
78 2 3 80 82 78 79 81
78 2 1 79 82 78
78 2 1 78 79 82
79 2 2 81 82 79 80
79 3 2 79 82 83 80 81
79 1 2 83 79 81
79 0 2 79 80
79 3 0 79 80 81
79 3 2 79 80 81 82 83
79 0 2 79 83
79 2 1 80 81 83
79 3 1 79 81 83 80
80 0 5 80 81 82 83 84
80 1 2 82 80 84
80 3 2 80 81 82 83 84
80 0 3 80 82 83
80 3 2 80 82 83 81 84
80 2 1 80 84 82
80 3 2 80 82 83 81 84
80 0 3 80 81 82
80 2 2 80 84 81 82
80 2 0 81 84
81 2 2 81 83 82 85
81 3 1 81 83 85 84
81 0 3 81 83 84
81 0 4 82 83 84 85
81 3 0 81 83 84
81 1 0 81
81 1 2 83 81 84
81 2 2 83 84 81 85
81 1 1 81 83
81 3 0 83 84 85
82 0 3 82 84 85
82 2 1 82 85 86
82 1 3 86 82 83 84
82 2 3 83 84 82 85 86
82 1 3 82 84 85 86
82 3 2 82 83 84 85 86
82 1 2 83 82 84
82 4 0 82 83 85 86
82 1 2 85 82 86
83 1 1 83 87
83 2 2 85 86 83 87
83 0 2 83 84
83 1 2 87 83 84
83 2 1 84 85 87
83 1 3 85 83 84 86
84 1 0 85
84 1 2 84 85 88
84 4 0 84 85 87 88
84 0 1 86
84 2 1 86 87 88
84 1 3 86 84 85 88
84 1 1 84 86
84 4 0 84 85 86 87
84 3 0 84 85 86
84 2 2 85 87 84 86
84 1 1 88 86
85 1 2 87 85 88
85 0 3 85 86 89
85 3 0 86 88 89
85 1 3 86 85 87 89
85 2 3 85 88 86 87 89
85 1 1 88 85
85 0 2 87 89
85 2 1 87 89 86
85 0 2 86 87
85 1 4 87 85 86 88 89
86 1 2 89 86 87
86 0 1 88
86 1 2 89 86 87
86 1 2 88 86 89
86 0 4 87 88 89 90
86 1 3 88 86 87 89
86 1 2 87 88 90
86 1 3 88 86 87 90
86 1 2 90 87 88
86 4 1 86 87 88 90 89
86 2 2 86 90 87 89
86 0 2 86 90
86 1 3 90 86 87 88
87 2 2 89 90 88 91
87 2 2 89 91 87 88
87 3 0 87 88 91
88 1 1 88 92
88 2 2 88 92 89 90
88 1 1 89 92
88 2 1 88 92 91
88 1 2 92 88 90
88 3 1 89 90 92 91
89 0 3 89 90 92
89 1 4 92 89 90 91 93
89 2 0 89 90
89 2 3 90 91 89 92 93
89 0 2 89 91
89 0 2 91 93
89 2 1 91 93 89
89 1 1 89 90
89 0 2 89 92
89 3 1 89 91 92 93
89 1 3 92 89 90 93
89 3 0 91 92 93
90 2 1 91 94 93
90 2 2 90 93 91 94
90 2 2 92 93 90 94
90 0 5 90 91 92 93 94
90 3 2 91 92 93 90 94
90 1 2 93 92 94
90 1 3 91 90 93 94
90 2 1 92 94 93
90 3 1 92 93 94 90
90 2 1 93 94 91
91 1 3 93 91 92 95
91 0 1 94
91 4 1 91 92 94 95 93
91 1 1 94 95
91 2 3 91 92 93 94 95
91 2 3 92 93 91 94 95
91 5 0 91 92 93 94 95
91 1 1 91 92
91 4 1 91 92 93 95 94
91 3 2 91 93 95 92 94
91 2 3 94 95 91 92 93
91 1 1 93 95
92 2 1 93 95 96
92 3 0 92 93 96
92 2 1 93 95 94
92 1 2 93 92 96
92 0 4 93 94 95 96
92 3 1 93 94 96 92
92 2 2 94 96 92 95
92 0 2 93 94
93 0 1 93
93 2 2 93 97 94 95
93 1 2 97 95 96
93 3 1 94 96 97 95
93 2 2 94 95 93 97
93 1 1 95 93
93 2 0 94 97
93 2 2 94 97 93 95
93 1 2 94 96 97
94 1 3 94 95 97 98
94 3 2 94 95 98 96 97
94 1 3 96 94 97 98
94 0 3 95 97 98
94 1 3 96 95 97 98
94 1 2 94 95 97
94 1 4 96 94 95 97 98
94 0 2 97 98
95 2 2 95 97 98 99
95 1 3 97 96 98 99
95 2 1 97 99 96
95 1 3 96 95 97 98
95 3 1 95 96 97 98
95 1 0 96
96 3 1 96 97 99 100
96 2 1 97 98 96
96 1 2 98 96 99
96 1 2 98 96 97
96 2 1 97 98 99
97 1 1 98 100
97 3 0 97 99 101
97 3 2 99 100 101 97 98
97 2 2 99 100 98 101
97 3 0 97 99 100
97 2 1 99 100 98
97 1 0 98
98 3 1 98 101 102 100
98 2 2 99 102 98 100
98 0 2 99 101
98 0 4 98 99 100 101
98 3 2 98 100 101 99 102
98 3 1 98 99 101 100
99 3 1 99 100 101 103
99 2 1 99 100 101
99 1 2 103 99 101
99 1 1 100 99
99 3 1 100 101 102 103
99 1 3 99 100 101 102
99 2 1 100 101 99
99 1 2 102 99 101
100 1 3 103 100 102 104
100 1 1 100 101
100 2 0 103 104
100 3 1 101 103 104 100
100 0 3 100 102 104
100 2 2 101 104 100 102
100 2 2 102 104 100 103
100 1 2 104 101 103
100 1 2 102 100 101
101 0 4 101 102 104 105
101 1 2 102 103 104
101 4 0 101 102 104 105
101 0 2 101 102
101 1 2 103 102 105
101 2 1 104 105 102
101 1 1 105 103
101 2 2 103 104 101 105
101 2 2 101 102 103 105
101 2 2 103 105 101 102
101 2 2 103 105 102 104
102 0 1 103
102 2 2 102 105 104 106
102 0 2 103 104
102 1 1 104 105
102 1 2 106 103 104
102 1 2 105 104 106
102 3 0 102 105 106
102 1 2 105 103 106
102 2 1 103 104 102
102 2 1 103 105 106
102 1 1 102 106
103 2 2 103 107 104 105
103 5 0 103 104 105 106 107
103 1 3 103 104 105 107
103 1 3 104 103 106 107
103 1 3 106 104 105 107
103 2 1 104 106 105
103 3 2 103 104 107 105 106
103 0 3 103 105 107
104 1 1 108 107
104 1 4 105 104 106 107 108
104 1 2 106 105 107
104 1 0 107
104 3 2 106 107 108 104 105
104 2 0 106 107
104 1 2 105 104 107
104 1 1 105 108
105 2 2 107 109 105 106
105 1 1 109 108
105 2 2 106 108 107 109
105 2 2 106 107 108 109
105 1 1 105 109
105 1 0 106
105 3 2 105 106 109 107 108
106 3 0 107 108 110
106 2 2 108 110 106 107
106 3 1 107 108 109 110
106 2 2 107 110 108 109
106 3 0 106 107 108
106 2 3 106 110 107 108 109
106 2 3 108 110 106 107 109
107 3 1 109 110 111 107
107 2 2 107 111 109 110
107 1 3 107 108 109 110
107 2 2 108 111 107 109
107 0 2 107 109
107 2 2 109 110 107 111
107 2 1 107 110 108
107 2 2 107 111 108 110
107 2 3 107 111 108 109 110
107 3 2 109 110 111 107 108
108 1 2 111 108 110
108 4 1 108 109 111 112 110
108 2 2 111 112 108 109
108 1 1 109 110
108 3 0 110 111 112
108 3 1 108 109 112 110
108 2 2 108 110 109 112
108 2 0 108 112
109 3 0 110 112 113
109 1 1 110 111
109 2 1 109 113 112
109 3 1 109 110 112 111
109 3 1 110 112 113 111
110 3 1 110 113 114 111
110 4 0 110 111 113 114
110 2 2 110 114 111 112
110 3 1 111 112 113 110
110 0 3 110 111 114
110 2 0 113 114
110 0 3 111 112 114
110 1 1 114 113
110 4 1 110 111 113 114 112
110 2 1 112 113 111
111 2 2 111 113 112 115
111 2 2 114 115 111 113
111 1 1 112 111
111 2 1 111 114 115
111 0 1 114
112 4 0 113 114 115 116
112 1 2 115 113 116
112 1 2 116 112 114
112 3 2 113 114 116 112 115
112 0 1 115
112 0 3 112 113 115
112 2 1 113 114 112
112 2 2 114 116 112 115
112 0 1 115
112 3 1 112 114 115 113
112 3 2 112 115 116 113 114
112 1 3 113 114 115 116
112 3 1 113 114 116 112
113 1 1 116 114
113 1 1 116 117
113 2 3 114 115 113 116 117
113 2 1 115 117 116
113 2 2 115 116 113 114
113 2 1 113 115 116
113 2 3 113 115 114 116 117
113 3 1 113 114 117 115
113 3 2 113 114 116 115 117
113 1 3 114 113 115 116
113 2 2 114 115 113 117
114 3 1 114 115 116 118
114 2 1 114 117 118
114 3 1 115 117 118 114
114 3 1 114 116 117 115
114 1 1 117 118
114 0 3 114 115 118
114 2 1 114 115 117
114 1 2 117 114 115
115 2 2 117 119 115 118
115 2 1 115 119 118
115 0 2 115 116
115 1 4 116 115 117 118 119
115 2 1 115 118 119
115 2 0 117 119
115 2 1 117 118 116
115 2 3 117 119 115 116 118
115 1 3 115 117 118 119
115 3 1 115 116 117 119
116 2 2 117 118 119 120
116 2 0 117 118
116 1 2 116 117 119
116 2 2 117 118 116 120
116 1 1 116 117
117 1 2 118 117 120
117 1 2 119 117 118
117 2 2 119 121 117 118
117 1 1 120 117
117 1 1 121 117
117 1 3 120 117 119 121
117 1 4 120 117 118 119 121
118 2 2 118 120 121 122
118 2 2 118 120 121 122
118 3 0 118 119 122
118 2 3 121 122 118 119 120
118 0 1 118
118 2 2 119 121 118 122
118 1 4 122 118 119 120 121
118 1 1 120 122
118 2 1 119 122 120
118 2 3 118 119 120 121 122
118 2 3 119 122 118 120 121
118 4 1 119 120 121 122 118
119 1 3 122 120 121 123
119 4 0 120 121 122 123
119 1 2 121 119 122
119 1 1 119 123
119 1 2 120 119 121
119 1 2 121 119 120
119 2 0 119 123
119 3 0 119 121 122
120 1 2 121 120 123
120 0 3 120 123 124
120 2 0 120 124
120 0 2 121 124
120 1 1 122 123
120 0 4 120 122 123 124
121 1 3 122 121 124 125
121 0 3 123 124 125
121 3 1 121 123 125 122
121 2 0 123 124
121 1 2 125 122 123
121 3 1 121 123 125 122
121 3 2 123 124 125 121 122
121 0 1 124
121 1 2 123 121 125
122 2 3 122 124 123 125 1
122 1 2 124 123 1
122 4 0 122 124 125 1
122 0 2 122 125
122 3 0 122 123 125
122 1 2 123 122 124
122 2 1 122 123 1
123 1 2 125 123 2
123 1 0 124
123 3 1 123 124 2 125
123 0 2 125 2
123 1 2 1 125 2
123 1 2 125 123 1
123 0 4 123 124 125 2
124 1 3 125 124 1 2
124 3 2 124 2 3 125 1
124 3 2 125 2 3 124 1
124 2 1 1 3 2
124 4 0 124 125 1 2
124 1 1 1 2
124 3 2 125 1 2 124 3
124 1 1 3 2
125 2 2 1 2 125 4
125 1 2 2 125 4
125 0 2 125 2
125 1 3 125 2 3 4
125 1 4 1 125 2 3 4
125 0 4 125 2 3 4
125 0 1 125
125 1 3 1 125 2 3
