-51 -115 129 214
1000
73 400
9 -27
110 433
258 2
137 229
-147 8
4 487
229 247
226 385
-221 -19
-102 409
336 139
126 77
5 -278
-71 70
215 271
-79 34
125 436
143 495
-106 -252
-137 253
-79 -122
25 -233
69 -46
-159 -238
431 230
-144 -87
116 70
16 -93
249 463
-161 -236
3 -62
162 110
107 475
122 -102
143 -114
-126 -14
224 277
-38 -43
82 216
-158 -207
-25 221
-97 319
125 -31
389 88
185 293
-123 -281
-3 152
-58 -94
35 224
-36 404
-48 -196
54 -169
-26 245
-8 72
20 -278
99 -89
333 207
116 394
284 147
-51 43
-125 48
-40 -261
120 9
370 56
203 316
-82 -217
-230 -76
-25 126
221 321
-107 -167
57 146
-229 -94
-222 -61
-99 174
-200 -87
-234 -88
231 281
257 153
-129 2
-52 -43
91 -127
60 150
-233 -94
-52 102
149 399
67 -222
-63 -274
-121 72
206 210
-10 126
-29 -260
-92 53
-162 33
336 16
-5 56
-189 -230
-192 -151
194 -21
-56 -184
-139 224
-109 -222
11 -55
-46 -6
198 439
-45 112
-99 -48
-2 363
-189 -32
-54 258
245 289
156 307
-158 -126
-154 43
-220 -173
-170 -268
-33 67
-104 67
-195 -176
243 337
-27 -35
27 -211
55 -259
-173 -207
-217 -58
143 -73
-93 50
110 -211
66 356
-65 83
-118 -134
360 365
-16 230
2 302
6 -194
302 377
-31 0
15 -4
225 456
61 -34
-201 -192
-172 -94
77 388
-103 19
-36 265
-135 -276
-143 -228
289 373
-81 -135
49 31
-18 -37
-135 -207
236 32
-220 -183
192 -17
-126 248
0 38
25 22
91 391
-207 -182
-217 -176
120 -43
1 288
184 208
181 214
379 268
96 257
116 459
71 383
-158 314
31 -144
-35 301
237 24
369 294
-76 -115
-46 151
280 -25
5 269
-3 368
15 -47
65 375
-91 192
34 -59
-217 -143
229 168
317 103
13 27
-151 28
-60 94
-88 21
358 69
88 168
-84 -240
-144 -120
25 471
-16 -171
-33 -188
-44 -138
-102 373
-170 -135
111 196
-86 377
-206 -178
369 354
79 418
-65 -303
127 -127
-29 145
-69 -188
97 -159
-30 -213
-28 435
250 82
190 497
-97 -25
207 340
97 -56
-66 24
-68 21
-50 -190
-139 -278
-6 441
411 307
-88 -284
93 211
316 163
50 -96
388 123
-55 47
322 263
-103 -307
12 -169
-135 57
68 69
221 108
-148 -160
-197 -106
-132 -207
-27 358
-32 -35
38 -43
2 -278
-228 -79
24 -151
-3 -25
-103 -172
-16 414
-120 312
242 172
-99 205
2 -135
21 27
13 41
-134 -259
244 421
218 31
141 110
-141 -273
-96 -125
-79 -125
18 -38
-104 12
292 243
69 -206
360 87
149 286
87 -86
117 432
70 -51
-40 104
-23 -185
15 -26
-63 -234
-87 68
-85 -140
-117 -142
18 47
-118 -271
16 -59
-228 -144
-92 -302
-57 -88
-245 -77
231 433
-103 -93
-36 -294
84 -259
179 -22
179 246
395 337
-6 387
331 406
185 463
-88 354
116 409
34 381
-20 217
26 397
281 371
-211 -153
-62 -182
-105 -214
192 276
121 500
62 13
-106 287
49 47
-90 -267
-59 -80
-33 -164
312 450
-142 -243
164 112
-153 -208
-83 0
300 220
274 -25
-58 257
33 -176
-117 23
-26 141
-231 -72
70 -210
-92 -232
56 -219
24 -283
238 206
72 128
-47 -142
33 -149
34 44
83 187
-126 -80
-1 52
167 363
210 76
271 418
179 -2
121 -208
-65 -220
390 218
-120 -236
229 415
-93 38
114 -52
-16 -168
-92 -153
222 116
61 455
31 -183
-191 -205
-84 -190
385 298
168 390
-133 62
-183 -198
-227 -86
40 5
-115 177
89 -34
31 313
-69 -3
-183 -108
-41 244
-158 -110
87 -23
57 443
-14 -49
127 426
36 -282
205 -77
74 -269
10 -252
-29 -203
46 36
161 128
171 163
94 -84
-66 366
306 83
-159 -235
-216 -189
5 75
158 103
-117 -159
-63 12
34 -103
431 239
-82 -102
16 -66
49 3
81 385
-20 -204
-1 439
48 -283
339 108
103 -144
-108 -248
135 -47
-176 -172
177 21
-83 182
-35 -194
50 -211
-66 254
111 -12
-240 -75
169 18
177 340
324 376
128 246
235 164
-133 -44
125 171
-166 -37
295 227
14 -277
-241 -108
1 -95
-139 -122
18 48
74 -231
14 -290
-20 -234
-237 -101
-62 371
-166 -42
328 346
-9 -211
116 -203
-100 -302
64 -30
74 -211
-121 -110
94 -80
-12 -305
24 -63
-134 -77
-3 68
63 152
96 19
-220 -216
266 166
331 322
-48 -263
-96 73
-46 23
43 -251
-65 -267
-159 163
-93 -143
-73 -90
228 149
199 -41
-136 -88
227 107
-182 -258
19 288
271 181
-160 -76
159 -41
84 100
-56 -104
202 15
-125 60
19 -21
77 -234
340 10
-88 -71
-141 -174
238 265
0 -71
-162 -42
6 262
79 496
44 423
47 -10
195 173
-58 -156
-36 161
-1 -239
288 40
-113 147
-39 -41
175 37
417 126
51 -117
-139 316
61 179
-50 188
168 336
103 -27
108 -187
368 362
-115 332
26 -152
-213 -55
-56 -276
-23 86
33 -33
95 199
-56 35
291 359
60 -139
-20 471
-61 -36
41 -20
56 -199
220 188
-21 -203
78 57
80 109
-226 -32
-42 44
12 329
-128 120
108 237
-164 -169
38 114
361 190
403 139
-138 -184
205 74
-214 -137
64 129
-109 -229
338 -1
-195 -85
29 24
381 224
264 43
344 405
-160 274
-1 -203
-35 29
-74 -190
338 430
-65 -131
85 50
41 20
-94 423
-148 -73
-23 -223
-166 -28
-130 96
387 343
-160 -207
-149 292
-122 -23
-45 62
12 -52
-15 -31
-188 -184
301 174
-89 124
76 -103
-118 174
-70 -260
-227 -146
-205 -186
21 -152
-77 89
-37 45
-50 -127
-157 24
206 -2
57 -199
-116 -212
20 -35
37 -118
-153 -79
384 105
-221 -162
80 49
-89 298
60 -127
94 -110
-135 -83
-168 157
109 -81
139 -26
182 158
-132 14
129 460
86 -229
349 194
10 -241
-35 -14
-18 5
67 190
-73 204
-64 434
177 44
-17 433
326 326
64 -60
-154 -141
-216 -90
-104 -4
160 401
124 4
-34 110
-152 -15
-174 218
6 -108
-174 241
360 177
-75 237
-101 235
-220 -146
16 394
-52 -300
110 -206
-203 -107
156 260
-49 34
-95 309
16 -182
268 83
202 338
114 -56
-147 293
-148 -127
-149 -182
-89 42
97 287
84 4
176 414
-213 -91
-212 -81
73 -208
-90 -274
366 263
-83 343
19 -142
44 328
399 162
-134 157
33 15
-76 -18
60 -208
104 -15
93 -212
-85 389
90 -111
331 377
-167 22
8 348
-136 -172
-171 -171
221 369
259 -19
261 37
74 377
-79 -177
401 209
-150 -124
210 272
42 22
135 -8
-23 405
50 52
316 416
166 75
-60 51
33 444
147 427
-115 226
133 474
50 26
414 203
-9 -89
59 15
47 -45
117 446
299 -7
-140 345
-67 -210
64 -245
376 57
-42 -205
64 -165
-43 282
311 404
-65 28
-47 -15
-221 -32
136 -132
367 126
-157 228
265 428
116 302
55 -51
300 462
28 303
196 -7
184 218
19 178
-65 -270
-158 -67
-55 80
-17 201
189 -49
344 200
-119 -67
196 151
423 213
245 384
39 -7
-118 34
-60 391
9 238
-40 9
10 -274
-59 40
-46 151
199 433
-77 -273
36 343
65 -274
-12 94
-96 -38
13 -18
399 332
188 311
-95 -100
322 88
-13 213
315 71
66 -151
-122 -280
-30 -142
-188 -221
303 79
112 436
-87 -178
252 21
-228 -186
10 -195
6 -279
334 36
33 102
119 -7
-25 -118
-54 -139
33 367
325 -7
65 -217
-125 39
-14 -237
-11 -61
215 107
188 20
217 402
83 444
-147 225
-102 -269
-86 30
-108 -225
59 309
155 234
-56 86
-46 27
-79 -80
56 23
-116 197
219 291
19 -187
-26 182
-115 55
322 410
-156 237
276 426
-22 337
48 24
-18 68
159 218
-127 10
391 328
-172 -243
306 283
173 59
376 293
99 -140
50 393
32 228
48 252
-60 31
-199 -249
204 371
-88 305
224 89
7 -208
123 384
112 -152
-67 0
275 4
-112 -138
-206 -222
107 373
155 515
-17 88
404 148
4 -176
-70 55
1 245
133 -131
-91 292
8 439
59 -103
-135 29
95 -54
30 -101
-104 -65
233 -37
-162 266
-37 214
-71 -92
-155 24
-188 -166
88 126
-56 270
54 193
-155 314
247 447
117 -62
300 189
15 -73
64 24
132 -69
61 -48
-137 -78
45 -186
86 286
-24 -149
329 72
-147 156
-150 -171
424 246
122 201
105 -187
-53 -32
64 -104
33 -142
-142 -185
73 22
127 191
-2 345
-74 -149
-58 -246
116 -86
186 166
156 32
-130 -165
-92 -307
-136 7
-72 -96
283 249
156 137
-167 -84
-206 -134
-57 449
88 -219
-126 -145
250 128
165 426
432 221
-118 -72
105 50
26 -288
36 380
-58 -34
-21 76
-67 -174
-121 -233
-149 -75
-149 221
-74 -220
246 160
-158 213
72 354
-124 46
-37 -265
208 -72
87 409
134 -125
-124 -112
121 -48
352 309
79 -217
165 212
2 38
148 391
125 -88
429 254
-48 32
-112 -183
-99 -138
-188 -108
21 187
24 -107
180 490
173 226
366 227
-121 -144
301 301
-16 80
-117 367
373 156
-129 -263
-11 -43
-8 35
-143 37
-52 -142
66 38
149 415
295 -14
173 342
223 359
32 -107
-9 50
70 19
62 -134
274 271
-76 -252
329 371
22 314
-26 15
34 -77
35 -78
36 269
182 152
-96 51
0 30
-106 -127
-61 74
84 0
39 -34
275 343
91 13
-62 150
87 2
113 51
420 184
177 143
24 -151
113 79
-209 -11
151 70
45 379
424 237
71 128
138 -57
279 370
137 58
-127 124
-134 290
333 140
115 -87
99 -126
91 -83
147 514
227 283
-156 -196
100 432
76 214
13 -275
-93 147
407 271
282 343
67 2
276 445
117 134
26 -127
191 -42
338 155
-83 139
-109 -259
-193 -187
300 2
158 324
373 218
282 243
37 -55
-62 12
-5 -239
-39 -107
-37 -79
274 -13
-84 213
-141 35
18 -40
-118 66
160 -48
100 -16
311 193
-225 -208
-144 128
-135 82
-45 -18
