14
10744311 60812440 16941341 127808006 55183195 33681 201327046 29812536 568437236 342179551 19265143 228250185 234421681
28389649 154611613 705463693 5812021 427905898 748611491 916283 6150988 183039326 435139863 389993374 247627039
754920523 308256001 38454164 32821933 3620185 87696361 28188051 355411603 247954449 143502536 255212254
141128395 502668517 27039745 66300154 798305257 247030825 202509462 51279401 472527601 9683053
97241461 20581959 248866021 35080717 508867360 247305067 147001471 61666326 45728182
377128129 710462797 80531957 1899711 120549865 99067501 304897181 257403501
267787444 6999565 147787311 46164061 230073013 86831076 383558642
503199697 638027155 518763428 18208156 84431920 52488371
23656051 262204366 44130557 304668041 133489775
368348716 95494375 11903489 94434490
698938591 282743871 24849061
5622616 250138801
12123289
