18
144908501 401314401 105953299 383479567 445152065 498557454 309747475 125351881 123163777 193759009 207019666 60481216 327379161 169178986 37882289 500011891 25061194
96854191 334269 36974153 327870501 119680201 583627993 194278073 62332453 83548725 166783235 85274113 225727085 2669187 337357105 348074861 8377480
204070197 370915315 5260111 75229 401985992 26085881 851222 2987417 438041226 96277861 221931097 455882393 21580873 94367155 39699641
108694537 33392426 273606347 52969043 118313713 9611721 538217576 740449 61809314 463360759 12431387 568527501 176163674 115477354
3105761 632462578 16740214 221477903 388032081 129033727 64495321 34951 4524451 24305665 121384657 26478161 5250953
294425921 127387297 780552416 14297767 408934321 75880015 8559957 45898403 17875982 7412152 73162955 111837697
129150697 159787765 392269489 8030315 80564485 87097105 351961345 515436763 148165711 18283261 203301491
10968673 4671789 115899946 113632111 15704074 271975900 356009606 336519621 4172385 26257629
500147621 362158813 222327105 410893426 49989213 238200946 173901331 230520481 55998529
108848440 389547181 2590659 88140889 233254656 45864481 57662353 180269365
31371895 366339007 4906683 131783101 147389166 18792891 10194400
18226301 367374988 402470761 3064909 8035363 111663379
26960025 234308691 66366539 129297733 7116321
79208501 18704134 302578121 191760827
7984291 118535830 264675373
105347009 20384151
44088073
