100 100
300 1 1 1 1 1 300 1 1 1 1 1 300 1 1 1 1 1 10004 10004 10004 10004 10004 10004 10004 10004 10004 10004 10004 10004 10004 10004 10004 10004 10004 10004 10004 10004 10004 10004 10004 10004 10004 10004 10004 10004 10004 10004 10004 10004 10004 10004 10004 10004 10004 10004 10004 10004 10004 10004 10004 10004 10004 10004 10004 10004 10004 10004 10004 10004 10004 10004 10004 10004 10004 10004 10004 10004 10004 10004 10004 10004 10004 10004 10004 10004 10004 10004 10004 10004 10004 10004 10004 10004 10004 10004 10004 10004 10004 10004
299 1 105 104 103 1 299 1 105 104 103 1 299 1 105 104 103 1 9901 9901 9901 9901 9901 9901 9901 9901 9901 9901 9901 9901 9901 9901 9901 9901 9901 9901 9901 9901 9901 9901 9901 9901 9901 9901 9901 9901 9901 9901 9901 9901 9901 9901 9901 9901 9901 9901 9901 9901 9901 9901 9901 9901 9901 9901 9901 9901 9901 9901 9901 9901 9901 9901 9901 9901 9901 9901 9901 9901 9901 9901 9901 9901 9901 9901 9901 9901 9901 9901 9901 9901 9901 9901 9901 9901 9901 9901 9901 9901 9901 9901
298 1 106 1 102 1 298 1 106 1 102 1 298 1 106 1 102 1 9807 9807 9807 9807 9807 9807 9807 9807 9807 9807 9807 9807 9807 9807 9807 9807 9807 9807 9807 9807 9807 9807 9807 9807 9807 9807 9807 9807 9807 9807 9807 9807 9807 9807 9807 9807 9807 9807 9807 9807 9807 9807 9807 9807 9807 9807 9807 9807 9807 9807 9807 9807 9807 9807 9807 9807 9807 9807 9807 9807 9807 9807 9807 9807 9807 9807 9807 9807 9807 9807 9807 9807 9807 9807 9807 9807 9807 9807 9807 9807 9807 9807
297 1 107 1 101 1 297 1 107 1 101 1 297 1 107 1 101 1 9708 9708 9708 9708 9708 9708 9708 9708 9708 9708 9708 9708 9708 9708 9708 9708 9708 9708 9708 9708 9708 9708 9708 9708 9708 9708 9708 9708 9708 9708 9708 9708 9708 9708 9708 9708 9708 9708 9708 9708 9708 9708 9708 9708 9708 9708 9708 9708 9708 9708 9708 9708 9708 9708 9708 9708 9708 9708 9708 9708 9708 9708 9708 9708 9708 9708 9708 9708 9708 9708 9708 9708 9708 9708 9708 9708 9708 9708 9708 9708 9708 9708
296 1 108 1 100 1 296 1 108 1 100 1 296 1 108 1 100 1 9609 9609 9609 9609 9609 9609 9609 9609 9609 9609 9609 9609 9609 9609 9609 9609 9609 9609 9609 9609 9609 9609 9609 9609 9609 9609 9609 9609 9609 9609 9609 9609 9609 9609 9609 9609 9609 9609 9609 9609 9609 9609 9609 9609 9609 9609 9609 9609 9609 9609 9609 9609 9609 9609 9609 9609 9609 9609 9609 9609 9609 9609 9609 9609 9609 9609 9609 9609 9609 9609 9609 9609 9609 9609 9609 9609 9609 9609 9609 9609 9609 9609
295 1 109 1 99 1 295 1 109 1 99 1 295 1 109 1 99 1 9509 9509 9509 9509 9509 9509 9509 9509 9509 9509 9509 9509 9509 9509 9509 9509 9509 9509 9509 9509 9509 9509 9509 9509 9509 9509 9509 9509 9509 9509 9509 9509 9509 9509 9509 9509 9509 9509 9509 9509 9509 9509 9509 9509 9509 9509 9509 9509 9509 9509 9509 9509 9509 9509 9509 9509 9509 9509 9509 9509 9509 9509 9509 9509 9509 9509 9509 9509 9509 9509 9509 9509 9509 9509 9509 9509 9509 9509 9509 9509 9509 9509
294 1 110 1 98 1 294 1 110 1 98 1 294 1 110 1 98 1 9400 9400 9400 9400 9400 9400 9400 9400 9400 9400 9400 9400 9400 9400 9400 9400 9400 9400 9400 9400 9400 9400 9400 9400 9400 9400 9400 9400 9400 9400 9400 9400 9400 9400 9400 9400 9400 9400 9400 9400 9400 9400 9400 9400 9400 9400 9400 9400 9400 9400 9400 9400 9400 9400 9400 9400 9400 9400 9400 9400 9400 9400 9400 9400 9400 9400 9400 9400 9400 9400 9400 9400 9400 9400 9400 9400 9400 9400 9400 9400 9400 9400
293 1 111 1 97 1 293 1 111 1 97 1 293 1 111 1 97 1 9304 9304 9304 9304 9304 9304 9304 9304 9304 9304 9304 9304 9304 9304 9304 9304 9304 9304 9304 9304 9304 9304 9304 9304 9304 9304 9304 9304 9304 9304 9304 9304 9304 9304 9304 9304 9304 9304 9304 9304 9304 9304 9304 9304 9304 9304 9304 9304 9304 9304 9304 9304 9304 9304 9304 9304 9304 9304 9304 9304 9304 9304 9304 9304 9304 9304 9304 9304 9304 9304 9304 9304 9304 9304 9304 9304 9304 9304 9304 9304 9304 9304
292 1 112 1 96 1 292 1 112 1 96 1 292 1 112 1 96 1 9201 9201 9201 9201 9201 9201 9201 9201 9201 9201 9201 9201 9201 9201 9201 9201 9201 9201 9201 9201 9201 9201 9201 9201 9201 9201 9201 9201 9201 9201 9201 9201 9201 9201 9201 9201 9201 9201 9201 9201 9201 9201 9201 9201 9201 9201 9201 9201 9201 9201 9201 9201 9201 9201 9201 9201 9201 9201 9201 9201 9201 9201 9201 9201 9201 9201 9201 9201 9201 9201 9201 9201 9201 9201 9201 9201 9201 9201 9201 9201 9201 9201
291 1 113 1 95 1 291 1 113 1 95 1 291 1 113 1 95 1 9102 9109 9105 9104 9102 9105 9107 9101 9105 9108 9104 9109 9108 9107 9101 9108 9104 9106 9103 9104 9102 9100 9106 9108 9108 9108 9106 9107 9104 9109 9107 9104 9100 9101 9101 9105 9103 9105 9101 9106 9102 9102 9102 9104 9108 9107 9102 9105 9103 9106 9106 9100 9107 9103 9105 9106 9103 9105 9105 9105 9101 9108 9108 9109 9102 9106 9102 9107 9101 9101 9101 9108 9107 9103 9109 9106 9102 9106 9105 9101 9100 9100
290 1 114 1 94 1 290 1 114 1 94 1 290 1 114 1 94 1 9006 9006 9006 9006 9006 9006 9006 9006 9006 9006 9006 9006 9006 9006 9006 9006 9006 9006 9006 9006 9006 9006 9006 9006 9006 9006 9006 9006 9006 9006 9006 9006 9006 9006 9006 9006 9006 9006 9006 9006 9006 9006 9006 9006 9006 9006 9006 9006 9006 9006 9006 9006 9006 9006 9006 9006 9006 9006 9006 9006 9006 9006 9006 9006 9006 9006 9006 9006 9006 9006 9006 9006 9006 9006 9006 9006 9006 9006 9006 9006 9006 9006
289 1 115 1 93 1 289 1 115 1 93 1 289 1 115 1 93 1 8900 8900 8900 8900 8900 8900 8900 8900 8900 8900 8900 8900 8900 8900 8900 8900 8900 8900 8900 8900 8900 8900 8900 8900 8900 8900 8900 8900 8900 8900 8900 8900 8900 8900 8900 8900 8900 8900 8900 8900 8900 8900 8900 8900 8900 8900 8900 8900 8900 8900 8900 8900 8900 8900 8900 8900 8900 8900 8900 8900 8900 8900 8900 8900 8900 8900 8900 8900 8900 8900 8900 8900 8900 8900 8900 8900 8900 8900 8900 8900 8900 8900
288 1 116 1 92 1 288 1 116 1 92 1 288 1 116 1 92 1 8804 8804 8804 8804 8804 8804 8804 8804 8804 8804 8804 8804 8804 8804 8804 8804 8804 8804 8804 8804 8804 8804 8804 8804 8804 8804 8804 8804 8804 8804 8804 8804 8804 8804 8804 8804 8804 8804 8804 8804 8804 8804 8804 8804 8804 8804 8804 8804 8804 8804 8804 8804 8804 8804 8804 8804 8804 8804 8804 8804 8804 8804 8804 8804 8804 8804 8804 8804 8804 8804 8804 8804 8804 8804 8804 8804 8804 8804 8804 8804 8804 8804
287 1 117 1 91 1 287 1 117 1 91 1 287 1 117 1 91 1 8708 8708 8708 8708 8708 8708 8708 8708 8708 8708 8708 8708 8708 8708 8708 8708 8708 8708 8708 8708 8708 8708 8708 8708 8708 8708 8708 8708 8708 8708 8708 8708 8708 8708 8708 8708 8708 8708 8708 8708 8708 8708 8708 8708 8708 8708 8708 8708 8708 8708 8708 8708 8708 8708 8708 8708 8708 8708 8708 8708 8708 8708 8708 8708 8708 8708 8708 8708 8708 8708 8708 8708 8708 8708 8708 8708 8708 8708 8708 8708 8708 8708
286 1 118 1 90 1 286 1 118 1 90 1 286 1 118 1 90 1 8607 8607 8607 8607 8607 8607 8607 8607 8607 8607 8607 8607 8607 8607 8607 8607 8607 8607 8607 8607 8607 8607 8607 8607 8607 8607 8607 8607 8607 8607 8607 8607 8607 8607 8607 8607 8607 8607 8607 8607 8607 8607 8607 8607 8607 8607 8607 8607 8607 8607 8607 8607 8607 8607 8607 8607 8607 8607 8607 8607 8607 8607 8607 8607 8607 8607 8607 8607 8607 8607 8607 8607 8607 8607 8607 8607 8607 8607 8607 8607 8607 8607
285 1 119 1 89 1 285 1 119 1 89 1 285 1 119 1 89 1 8503 8503 8503 8503 8503 8503 8503 8503 8503 8503 8503 8503 8503 8503 8503 8503 8503 8503 8503 8503 8503 8503 8503 8503 8503 8503 8503 8503 8503 8503 8503 8503 8503 8503 8503 8503 8503 8503 8503 8503 8503 8503 8503 8503 8503 8503 8503 8503 8503 8503 8503 8503 8503 8503 8503 8503 8503 8503 8503 8503 8503 8503 8503 8503 8503 8503 8503 8503 8503 8503 8503 8503 8503 8503 8503 8503 8503 8503 8503 8503 8503 8503
284 1 120 1 88 1 284 1 120 1 88 1 284 1 120 1 88 1 8406 8406 8406 8406 8406 8406 8406 8406 8406 8406 8406 8406 8406 8406 8406 8406 8406 8406 8406 8406 8406 8406 8406 8406 8406 8406 8406 8406 8406 8406 8406 8406 8406 8406 8406 8406 8406 8406 8406 8406 8406 8406 8406 8406 8406 8406 8406 8406 8406 8406 8406 8406 8406 8406 8406 8406 8406 8406 8406 8406 8406 8406 8406 8406 8406 8406 8406 8406 8406 8406 8406 8406 8406 8406 8406 8406 8406 8406 8406 8406 8406 8406
283 1 121 1 87 1 283 1 121 1 87 1 283 1 121 1 87 1 8308 8308 8308 8308 8308 8308 8308 8308 8308 8308 8308 8308 8308 8308 8308 8308 8308 8308 8308 8308 8308 8308 8308 8308 8308 8308 8308 8308 8308 8308 8308 8308 8308 8308 8308 8308 8308 8308 8308 8308 8308 8308 8308 8308 8308 8308 8308 8308 8308 8308 8308 8308 8308 8308 8308 8308 8308 8308 8308 8308 8308 8308 8308 8308 8308 8308 8308 8308 8308 8308 8308 8308 8308 8308 8308 8308 8308 8308 8308 8308 8308 8308
282 1 122 1 86 1 282 1 122 1 86 1 282 1 122 1 86 1 8204 8204 8204 8204 8204 8204 8204 8204 8204 8204 8204 8204 8204 8204 8204 8204 8204 8204 8204 8204 8204 8204 8204 8204 8204 8204 8204 8204 8204 8204 8204 8204 8204 8204 8204 8204 8204 8204 8204 8204 8204 8204 8204 8204 8204 8204 8204 8204 8204 8204 8204 8204 8204 8204 8204 8204 8204 8204 8204 8204 8204 8204 8204 8204 8204 8204 8204 8204 8204 8204 8204 8204 8204 8204 8204 8204 8204 8204 8204 8204 8204 8204
281 1 123 1 85 1 281 1 123 1 85 1 281 1 123 1 85 1 8108 8108 8108 8108 8108 8108 8108 8108 8108 8108 8108 8108 8108 8108 8108 8108 8108 8108 8108 8108 8108 8108 8108 8108 8108 8108 8108 8108 8108 8108 8108 8108 8108 8108 8108 8108 8108 8108 8108 8108 8108 8108 8108 8108 8108 8108 8108 8108 8108 8108 8108 8108 8108 8108 8108 8108 8108 8108 8108 8108 8108 8108 8108 8108 8108 8108 8108 8108 8108 8108 8108 8108 8108 8108 8108 8108 8108 8108 8108 8108 8108 8108
280 1 124 1 84 1 280 1 124 1 84 1 280 1 124 1 84 1 8002 8002 8002 8002 8002 8002 8002 8002 8002 8002 8002 8002 8002 8002 8002 8002 8002 8002 8002 8002 8002 8002 8002 8002 8002 8002 8002 8002 8002 8002 8002 8002 8002 8002 8002 8002 8002 8002 8002 8002 8002 8002 8002 8002 8002 8002 8002 8002 8002 8002 8002 8002 8002 8002 8002 8002 8002 8002 8002 8002 8002 8002 8002 8002 8002 8002 8002 8002 8002 8002 8002 8002 8002 8002 8002 8002 8002 8002 8002 8002 8002 8002
279 1 125 1 83 1 279 1 125 1 83 1 279 1 125 1 83 1 7904 7904 7904 7904 7904 7904 7904 7904 7904 7904 7904 7904 7904 7904 7904 7904 7904 7904 7904 7904 7904 7904 7904 7904 7904 7904 7904 7904 7904 7904 7904 7904 7904 7904 7904 7904 7904 7904 7904 7904 7904 7904 7904 7904 7904 7904 7904 7904 7904 7904 7904 7904 7904 7904 7904 7904 7904 7904 7904 7904 7904 7904 7904 7904 7904 7904 7904 7904 7904 7904 7904 7904 7904 7904 7904 7904 7904 7904 7904 7904 7904 7904
278 1 126 1 82 1 278 1 126 1 82 1 278 1 126 1 82 1 7807 7807 7807 7807 7807 7807 7807 7807 7807 7807 7807 7807 7807 7807 7807 7807 7807 7807 7807 7807 7807 7807 7807 7807 7807 7807 7807 7807 7807 7807 7807 7807 7807 7807 7807 7807 7807 7807 7807 7807 7807 7807 7807 7807 7807 7807 7807 7807 7807 7807 7807 7807 7807 7807 7807 7807 7807 7807 7807 7807 7807 7807 7807 7807 7807 7807 7807 7807 7807 7807 7807 7807 7807 7807 7807 7807 7807 7807 7807 7807 7807 7807
277 1 127 1 81 1 277 1 127 1 81 1 277 1 127 1 81 1 7704 7704 7704 7704 7704 7704 7704 7704 7704 7704 7704 7704 7704 7704 7704 7704 7704 7704 7704 7704 7704 7704 7704 7704 7704 7704 7704 7704 7704 7704 7704 7704 7704 7704 7704 7704 7704 7704 7704 7704 7704 7704 7704 7704 7704 7704 7704 7704 7704 7704 7704 7704 7704 7704 7704 7704 7704 7704 7704 7704 7704 7704 7704 7704 7704 7704 7704 7704 7704 7704 7704 7704 7704 7704 7704 7704 7704 7704 7704 7704 7704 7704
276 1 128 1 80 1 276 1 128 1 80 1 276 1 128 1 80 1 7606 7606 7606 7606 7606 7606 7606 7606 7606 7606 7606 7606 7606 7606 7606 7606 7606 7606 7606 7606 7606 7606 7606 7606 7606 7606 7606 7606 7606 7606 7606 7606 7606 7606 7606 7606 7606 7606 7606 7606 7606 7606 7606 7606 7606 7606 7606 7606 7606 7606 7606 7606 7606 7606 7606 7606 7606 7606 7606 7606 7606 7606 7606 7606 7606 7606 7606 7606 7606 7606 7606 7606 7606 7606 7606 7606 7606 7606 7606 7606 7606 7606
275 1 129 1 79 1 275 1 129 1 79 1 275 1 129 1 79 1 7508 7508 7508 7508 7508 7508 7508 7508 7508 7508 7508 7508 7508 7508 7508 7508 7508 7508 7508 7508 7508 7508 7508 7508 7508 7508 7508 7508 7508 7508 7508 7508 7508 7508 7508 7508 7508 7508 7508 7508 7508 7508 7508 7508 7508 7508 7508 7508 7508 7508 7508 7508 7508 7508 7508 7508 7508 7508 7508 7508 7508 7508 7508 7508 7508 7508 7508 7508 7508 7508 7508 7508 7508 7508 7508 7508 7508 7508 7508 7508 7508 7508
274 1 130 1 78 1 274 1 130 1 78 1 274 1 130 1 78 1 7403 7403 7403 7403 7403 7403 7403 7403 7403 7403 7403 7403 7403 7403 7403 7403 7403 7403 7403 7403 7403 7403 7403 7403 7403 7403 7403 7403 7403 7403 7403 7403 7403 7403 7403 7403 7403 7403 7403 7403 7403 7403 7403 7403 7403 7403 7403 7403 7403 7403 7403 7403 7403 7403 7403 7403 7403 7403 7403 7403 7403 7403 7403 7403 7403 7403 7403 7403 7403 7403 7403 7403 7403 7403 7403 7403 7403 7403 7403 7403 7403 7403
273 1 131 1 77 1 273 1 131 1 77 1 273 1 131 1 77 1 7303 7303 7303 7303 7303 7303 7303 7303 7303 7303 7303 7303 7303 7303 7303 7303 7303 7303 7303 7303 7303 7303 7303 7303 7303 7303 7303 7303 7303 7303 7303 7303 7303 7303 7303 7303 7303 7303 7303 7303 7303 7303 7303 7303 7303 7303 7303 7303 7303 7303 7303 7303 7303 7303 7303 7303 7303 7303 7303 7303 7303 7303 7303 7303 7303 7303 7303 7303 7303 7303 7303 7303 7303 7303 7303 7303 7303 7303 7303 7303 7303 7303
272 1 132 1 76 1 272 1 132 1 76 1 272 1 132 1 76 1 7207 7207 7207 7207 7207 7207 7207 7207 7207 7207 7207 7207 7207 7207 7207 7207 7207 7207 7207 7207 7207 7207 7207 7207 7207 7207 7207 7207 7207 7207 7207 7207 7207 7207 7207 7207 7207 7207 7207 7207 7207 7207 7207 7207 7207 7207 7207 7207 7207 7207 7207 7207 7207 7207 7207 7207 7207 7207 7207 7207 7207 7207 7207 7207 7207 7207 7207 7207 7207 7207 7207 7207 7207 7207 7207 7207 7207 7207 7207 7207 7207 7207
271 1 133 1 75 1 271 1 133 1 75 1 271 1 133 1 75 1 7100 7100 7100 7100 7100 7100 7100 7100 7100 7100 7100 7100 7100 7100 7100 7100 7100 7100 7100 7100 7100 7100 7100 7100 7100 7100 7100 7100 7100 7100 7100 7100 7100 7100 7100 7100 7100 7100 7100 7100 7100 7100 7100 7100 7100 7100 7100 7100 7100 7100 7100 7100 7100 7100 7100 7100 7100 7100 7100 7100 7100 7100 7100 7100 7100 7100 7100 7100 7100 7100 7100 7100 7100 7100 7100 7100 7100 7100 7100 7100 7100 7100
270 1 134 1 74 1 270 1 134 1 74 1 270 1 134 1 74 1 7005 7005 7005 7005 7005 7005 7005 7005 7005 7005 7005 7005 7005 7005 7005 7005 7005 7005 7005 7005 7005 7005 7005 7005 7005 7005 7005 7005 7005 7005 7005 7005 7005 7005 7005 7005 7005 7005 7005 7005 7005 7005 7005 7005 7005 7005 7005 7005 7005 7005 7005 7005 7005 7005 7005 7005 7005 7005 7005 7005 7005 7005 7005 7005 7005 7005 7005 7005 7005 7005 7005 7005 7005 7005 7005 7005 7005 7005 7005 7005 7005 7005
269 1 135 1 73 1 269 1 135 1 73 1 269 1 135 1 73 1 6907 6907 6907 6907 6907 6907 6907 6907 6907 6907 6907 6907 6907 6907 6907 6907 6907 6907 6907 6907 6907 6907 6907 6907 6907 6907 6907 6907 6907 6907 6907 6907 6907 6907 6907 6907 6907 6907 6907 6907 6907 6907 6907 6907 6907 6907 6907 6907 6907 6907 6907 6907 6907 6907 6907 6907 6907 6907 6907 6907 6907 6907 6907 6907 6907 6907 6907 6907 6907 6907 6907 6907 6907 6907 6907 6907 6907 6907 6907 6907 6907 6907
268 1 136 1 72 1 268 1 136 1 72 1 268 1 136 1 72 1 6807 6807 6807 6807 6807 6807 6807 6807 6807 6807 6807 6807 6807 6807 6807 6807 6807 6807 6807 6807 6807 6807 6807 6807 6807 6807 6807 6807 6807 6807 6807 6807 6807 6807 6807 6807 6807 6807 6807 6807 6807 6807 6807 6807 6807 6807 6807 6807 6807 6807 6807 6807 6807 6807 6807 6807 6807 6807 6807 6807 6807 6807 6807 6807 6807 6807 6807 6807 6807 6807 6807 6807 6807 6807 6807 6807 6807 6807 6807 6807 6807 6807
267 1 137 1 71 1 267 1 137 1 71 1 267 1 137 1 71 1 6707 6707 6707 6707 6707 6707 6707 6707 6707 6707 6707 6707 6707 6707 6707 6707 6707 6707 6707 6707 6707 6707 6707 6707 6707 6707 6707 6707 6707 6707 6707 6707 6707 6707 6707 6707 6707 6707 6707 6707 6707 6707 6707 6707 6707 6707 6707 6707 6707 6707 6707 6707 6707 6707 6707 6707 6707 6707 6707 6707 6707 6707 6707 6707 6707 6707 6707 6707 6707 6707 6707 6707 6707 6707 6707 6707 6707 6707 6707 6707 6707 6707
266 1 138 1 70 1 266 1 138 1 70 1 266 1 138 1 70 1 6600 6600 6600 6600 6600 6600 6600 6600 6600 6600 6600 6600 6600 6600 6600 6600 6600 6600 6600 6600 6600 6600 6600 6600 6600 6600 6600 6600 6600 6600 6600 6600 6600 6600 6600 6600 6600 6600 6600 6600 6600 6600 6600 6600 6600 6600 6600 6600 6600 6600 6600 6600 6600 6600 6600 6600 6600 6600 6600 6600 6600 6600 6600 6600 6600 6600 6600 6600 6600 6600 6600 6600 6600 6600 6600 6600 6600 6600 6600 6600 6600 6600
265 1 139 1 69 1 265 1 139 1 69 1 265 1 139 1 69 1 6501 6501 6501 6501 6501 6501 6501 6501 6501 6501 6501 6501 6501 6501 6501 6501 6501 6501 6501 6501 6501 6501 6501 6501 6501 6501 6501 6501 6501 6501 6501 6501 6501 6501 6501 6501 6501 6501 6501 6501 6501 6501 6501 6501 6501 6501 6501 6501 6501 6501 6501 6501 6501 6501 6501 6501 6501 6501 6501 6501 6501 6501 6501 6501 6501 6501 6501 6501 6501 6501 6501 6501 6501 6501 6501 6501 6501 6501 6501 6501 6501 6501
264 1 140 1 68 1 264 1 140 1 68 1 264 1 140 1 68 1 6406 6406 6406 6406 6406 6406 6406 6406 6406 6406 6406 6406 6406 6406 6406 6406 6406 6406 6406 6406 6406 6406 6406 6406 6406 6406 6406 6406 6406 6406 6406 6406 6406 6406 6406 6406 6406 6406 6406 6406 6406 6406 6406 6406 6406 6406 6406 6406 6406 6406 6406 6406 6406 6406 6406 6406 6406 6406 6406 6406 6406 6406 6406 6406 6406 6406 6406 6406 6406 6406 6406 6406 6406 6406 6406 6406 6406 6406 6406 6406 6406 6406
263 1 141 1 67 1 263 1 141 1 67 1 263 1 141 1 67 1 6306 6306 6306 6306 6306 6306 6306 6306 6306 6306 6306 6306 6306 6306 6306 6306 6306 6306 6306 6306 6306 6306 6306 6306 6306 6306 6306 6306 6306 6306 6306 6306 6306 6306 6306 6306 6306 6306 6306 6306 6306 6306 6306 6306 6306 6306 6306 6306 6306 6306 6306 6306 6306 6306 6306 6306 6306 6306 6306 6306 6306 6306 6306 6306 6306 6306 6306 6306 6306 6306 6306 6306 6306 6306 6306 6306 6306 6306 6306 6306 6306 6306
262 1 142 1 66 1 262 1 142 1 66 1 262 1 142 1 66 1 6204 6204 6204 6204 6204 6204 6204 6204 6204 6204 6204 6204 6204 6204 6204 6204 6204 6204 6204 6204 6204 6204 6204 6204 6204 6204 6204 6204 6204 6204 6204 6204 6202 6202 6202 6200 6200 6200 6200 6200 6200 6200 6200 6200 6200 6200 6200 6200 6200 6200 6200 6200 6200 6200 6200 6200 6200 6200 6200 6200 6200 6200 6200 6200 6200 6200 6200 6200 6200 6200 6200 6200 6200 6200 6200 6200 6200 6200 6200 6200 6200 6200
261 1 143 1 65 1 261 1 143 1 65 1 261 1 143 1 65 1 6102 6102 6102 6102 6102 6102 6102 6102 6102 6102 6102 6102 6102 6102 6102 6102 6102 6102 6102 6102 6102 6102 6102 6102 6102 6102 6102 6102 6102 6102 6102 6102 6102 6102 6102 6102 6102 6102 6102 6102 6102 6102 6102 6102 6102 6102 6102 6102 6102 6102 6102 6102 6102 6102 6102 6102 6102 6102 6102 6102 6102 6102 6102 6102 6102 6102 6102 6102 6102 6102 6102 6102 6102 6102 6102 6102 6102 6102 6102 6102 6102 6102
260 1 144 1 64 1 260 1 144 1 64 1 260 1 144 1 64 1 6002 6002 6002 6002 6002 6002 6002 6002 6002 6002 6002 6002 6002 6002 6002 6002 6002 6002 6002 6002 6002 6002 6002 6002 6002 6002 6002 6002 6002 6002 6002 6002 6002 6002 6002 6002 6002 6002 6002 6002 6002 6002 6002 6002 6002 6002 6002 6002 6002 6002 6002 6002 6002 6002 6002 6002 6002 6002 6002 6002 6002 6002 6002 6002 6002 6002 6002 6002 6002 6002 6002 6002 6002 6002 6002 6002 6002 6002 6002 6002 6002 6002
259 1 145 1 63 1 259 1 145 1 63 1 259 1 145 1 63 1 5905 5905 5905 5905 5905 5905 5905 5905 5905 5905 5905 5905 5905 5905 5905 5905 5905 5905 5905 5905 5905 5905 5905 5905 5905 5905 5905 5905 5905 5905 5905 5905 5905 5905 5905 5905 5905 5905 5905 5905 5905 5905 5905 5905 5905 5905 5905 5905 5905 5905 5905 5905 5905 5905 5905 5905 5905 5905 5905 5905 5905 5905 5905 5905 5905 5905 5905 5905 5905 5905 5905 5905 5905 5905 5905 5905 5905 5905 5905 5905 5905 5905
258 1 146 1 62 1 258 1 146 1 62 1 258 1 146 1 62 1 5802 5802 5802 5802 5802 5802 5802 5802 5802 5802 5802 5802 5802 5802 5802 5802 5802 5802 5802 5802 5802 5802 5802 5802 5802 5802 5802 5802 5802 5802 5802 5802 5802 5802 5802 5802 5802 5802 5802 5802 5802 5802 5802 5802 5802 5802 5802 5802 5802 5802 5802 5802 5802 5802 5802 5802 5802 5802 5802 5802 5802 5802 5802 5802 5802 5802 5802 5802 5802 5802 5802 5802 5802 5802 5802 5802 5802 5802 5802 5802 5802 5802
257 1 147 1 61 1 257 1 147 1 61 1 257 1 147 1 61 1 5706 5706 5706 5706 5706 5706 5706 5706 5706 5706 5706 5706 5706 5706 5706 5706 5706 5706 5706 5706 5706 5706 5706 5706 5706 5706 5706 5706 5706 5706 5706 5706 5706 5706 5706 5706 5706 5706 5706 5706 5706 5706 5706 5706 5706 5706 5706 5706 5706 5706 5706 5706 5706 5706 5706 5706 5706 5706 5706 5706 5706 5706 5706 5706 5706 5706 5706 5706 5706 5706 5706 5706 5706 5706 5706 5706 5706 5706 5706 5706 5706 5706
256 1 148 1 60 1 256 1 148 1 60 1 256 1 148 1 60 1 5601 5601 5601 5601 5601 5601 5601 5601 5601 5601 5601 5601 5601 5601 5601 5601 5601 5601 5601 5601 5601 5601 5601 5601 5601 5601 5601 5601 5601 5601 5601 5601 5601 5601 5601 5601 5601 5601 5601 5601 5601 5601 5601 5601 5601 5601 5601 5601 5601 5601 5601 5601 5601 5601 5601 5601 5601 5601 5601 5601 5601 5601 5601 5601 5601 5601 5601 5601 5601 5601 5601 5601 5601 5601 5601 5601 5601 5601 5601 5601 5601 5601
255 1 149 1 59 1 255 1 149 1 59 1 255 1 149 1 59 1 5504 5504 5504 5504 5504 5504 5504 5504 5504 5504 5504 5504 5504 5504 5504 5504 5504 5504 5504 5504 5504 5504 5504 5504 5504 5504 5504 5504 5504 5504 5504 5504 5504 5504 5504 5504 5504 5504 5504 5504 5504 5504 5504 5504 5504 5504 5504 5504 5504 5504 5504 5504 5504 5504 5504 5504 5504 5504 5504 5504 5504 5504 5504 5504 5504 5504 5504 5504 5504 5504 5504 5504 5504 5504 5504 5504 5504 5504 5504 5504 5504 5504
254 1 150 1 58 1 254 1 150 1 58 1 254 1 150 1 58 1 5405 5405 5405 5405 5405 5405 5405 5405 5405 5405 5405 5405 5405 5405 5405 5405 5405 5405 5405 5405 5405 5405 5405 5405 5405 5405 5405 5405 5405 5405 5405 5405 5405 5405 5405 5405 5405 5405 5405 5405 5405 5405 5405 5405 5405 5405 5405 5405 5405 5405 5405 5405 5405 5405 5405 5405 5405 5405 5405 5405 5405 5405 5405 5405 5405 5405 5405 5405 5405 5405 5405 5405 5405 5405 5405 5405 5405 5405 5405 5405 5405 5405
253 1 151 1 57 1 253 1 151 1 57 1 253 1 151 1 57 1 5308 5308 5308 5308 5308 5308 5308 5308 5308 5308 5308 5308 5308 5308 5308 5308 5308 5308 5308 5308 5308 5308 5308 5308 5308 5308 5308 5308 5308 5308 5308 5308 5308 5308 5308 5308 5308 5308 5308 5308 5308 5308 5308 5308 5308 5308 5308 5308 5308 5308 5308 5308 5308 5308 5308 5308 5308 5308 5308 5308 5308 5308 5308 5308 5308 5308 5308 5308 5308 5308 5308 5308 5308 5308 5308 5308 5308 5308 5308 5308 5308 5308
252 1 152 1 56 1 252 1 152 1 56 1 252 1 152 1 56 1 5204 5204 5204 5204 5204 5204 5204 5204 5204 5204 5204 5204 5204 5204 5204 5204 5204 5204 5204 5204 5204 5204 5204 5204 5204 5204 5204 5204 5204 5204 5204 5204 5204 5204 5204 5204 5204 5204 5204 5204 5204 5204 5204 5204 5204 5204 5204 5204 5204 5204 5204 5204 5204 5204 5204 5204 5204 5204 5204 5204 5204 5204 5204 5204 5204 5204 5204 5204 5204 5204 5204 5204 5204 5204 5204 5204 5204 5204 5204 5204 5204 5204
251 1 153 1 55 1 251 1 153 1 55 1 251 1 153 1 55 1 5107 5107 5107 5107 5107 5107 5107 5107 5107 5107 5107 5107 5107 5107 5107 5107 5107 5107 5107 5107 5107 5107 5107 5107 5107 5107 5107 5107 5107 5107 5107 5107 5107 5107 5107 5107 5107 5107 5107 5107 5107 5107 5107 5107 5107 5107 5107 5107 5105 5105 5105 5105 5105 5105 5105 5105 5105 5105 5105 5105 5105 5105 5105 5105 5105 5105 5105 5105 5105 5105 5105 5105 5105 5105 5105 5105 5105 5105 5105 5105 5105 5105
250 1 154 1 54 1 250 1 154 1 54 1 250 1 154 1 54 1 5001 5001 5001 5001 5001 5001 5001 5001 5001 5001 5001 5001 5001 5001 5001 5001 5001 5001 5001 5001 5001 5001 5001 5001 5001 5001 5001 5001 5001 5001 5001 5001 5001 5001 5001 5001 5001 5001 5001 5001 5001 5001 5001 5001 5001 5001 5001 5001 5001 5001 5001 5001 5001 5001 5001 5001 5001 5001 5001 5001 5001 5001 5001 5001 5001 5001 5001 5001 5001 5001 5001 5001 5001 5001 5001 5001 5001 5001 5001 5001 5001 5001
249 1 155 1 53 1 249 1 155 1 53 1 249 1 155 1 53 1 4906 4906 4906 4906 4906 4906 4906 4906 4906 4906 4906 4906 4906 4906 4906 4906 4906 4906 4906 4906 4906 4906 4906 4906 4906 4906 4906 4906 4906 4906 4906 4906 4906 4906 4906 4906 4906 4906 4906 4906 4906 4906 4906 4906 4906 4906 4906 4906 4906 4906 4906 4906 4906 4906 4906 4906 4906 4906 4906 4906 4906 4906 4906 4906 4906 4906 4906 4906 4906 4906 4906 4906 4906 4906 4906 4906 4906 4906 4906 4906 4906 4906
248 1 156 1 52 1 248 1 156 1 52 1 248 1 156 1 52 1 4804 4804 4804 4804 4804 4804 4804 4804 4804 4804 4804 4804 4804 4804 4804 4804 4804 4804 4804 4804 4804 4804 4804 4804 4804 4804 4804 4804 4804 4804 4804 4804 4804 4804 4804 4804 4804 4804 4804 4804 4804 4804 4804 4804 4804 4804 4804 4804 4804 4804 4804 4804 4804 4804 4804 4804 4804 4804 4804 4804 4804 4804 4804 4804 4804 4804 4804 4804 4804 4804 4804 4804 4804 4804 4804 4804 4804 4804 4804 4804 4804 4804
247 1 157 1 51 1 247 1 157 1 51 1 247 1 157 1 51 1 4703 4703 4703 4703 4703 4703 4703 4703 4703 4703 4703 4703 4703 4703 4703 4703 4703 4703 4703 4703 4703 4703 4703 4703 4703 4703 4703 4703 4703 4703 4703 4703 4703 4703 4703 4703 4703 4703 4703 4703 4703 4703 4703 4703 4703 4703 4703 4703 4703 4703 4703 4703 4703 4703 4703 4703 4703 4703 4703 4703 4703 4703 4703 4703 4703 4703 4703 4703 4703 4703 4703 4703 4703 4703 4703 4703 4703 4703 4703 4703 4703 4703
246 1 158 1 50 1 246 1 158 1 50 1 246 1 158 1 50 1 4603 4603 4603 4603 4603 4603 4603 4603 4603 4603 4603 4603 4603 4603 4603 4603 4603 4603 4603 4603 4603 4603 4603 4603 4603 4603 4603 4603 4603 4603 4603 4603 4603 4603 4603 4603 4603 4603 4603 4603 4603 4603 4603 4603 4603 4603 4603 4603 4603 4603 4603 4603 4603 4603 4603 4603 4603 4603 4603 4603 4603 4603 4603 4603 4603 4603 4603 4603 4603 4603 4603 4603 4603 4603 4603 4603 4603 4603 4603 4603 4603 4603
245 1 159 1 49 1 245 1 159 1 49 1 245 1 159 1 49 1 4500 4500 4500 4500 4500 4500 4500 4500 4500 4500 4500 4500 4500 4500 4500 4500 4500 4500 4500 4500 4500 4500 4500 4500 4500 4500 4500 4500 4500 4500 4500 4500 4500 4500 4500 4500 4500 4500 4500 4500 4500 4500 4500 4500 4500 4500 4500 4500 4500 4500 4500 4500 4500 4500 4500 4500 4500 4500 4500 4500 4500 4500 4500 4500 4500 4500 4500 4500 4500 4500 4500 4500 4500 4500 4500 4500 4500 4500 4500 4500 4500 4500
244 1 160 1 48 1 244 1 160 1 48 1 244 1 160 1 48 1 4407 4407 4407 4407 4407 4407 4407 4407 4407 4407 4407 4407 4407 4407 4407 4407 4407 4407 4407 4407 4407 4407 4407 4407 4407 4407 4407 4407 4407 4407 4407 4407 4407 4407 4407 4407 4407 4407 4407 4407 4407 4407 4407 4407 4407 4407 4407 4407 4407 4407 4407 4407 4407 4407 4407 4407 4407 4407 4407 4407 4407 4407 4407 4407 4407 4407 4407 4407 4407 4407 4407 4407 4407 4407 4407 4407 4407 4407 4407 4407 4407 4407
243 1 161 1 47 1 243 1 161 1 47 1 243 1 161 1 47 1 4300 4300 4300 4300 4300 4300 4300 4300 4300 4300 4300 4300 4300 4300 4300 4300 4300 4300 4300 4300 4300 4300 4300 4300 4300 4300 4300 4300 4300 4300 4300 4300 4300 4300 4300 4300 4300 4300 4300 4300 4300 4300 4300 4300 4300 4300 4300 4300 4300 4300 4300 4300 4300 4300 4300 4300 4300 4300 4300 4300 4300 4300 4300 4300 4300 4300 4300 4300 4300 4300 4300 4300 4300 4300 4300 4300 4300 4300 4300 4300 4300 4300
242 1 162 1 46 1 242 1 162 1 46 1 242 1 162 1 46 1 4201 4201 4201 4201 4201 4201 4201 4201 4201 4201 4201 4201 4201 4201 4201 4201 4201 4201 4201 4201 4201 4201 4201 4201 4201 4201 4201 4201 4201 4201 4201 4201 4201 4201 4201 4201 4201 4201 4201 4201 4201 4201 4201 4201 4201 4201 4201 4201 4201 4201 4201 4201 4201 4201 4201 4201 4201 4201 4201 4201 4201 4201 4201 4201 4201 4201 4201 4201 4201 4201 4201 4201 4201 4201 4201 4201 4201 4201 4201 4201 4201 4201
241 1 163 1 45 1 241 1 163 1 45 1 241 1 163 1 45 1 4107 4107 4107 4107 4107 4107 4107 4107 4107 4107 4107 4107 4107 4107 4107 4107 4107 4107 4107 4107 4107 4107 4107 4103 4103 4103 4103 4103 4103 4103 4103 4103 4103 4103 4103 4103 4103 4103 4103 4103 4103 4103 4103 4103 4103 4103 4103 4103 4103 4103 4103 4103 4103 4103 4103 4103 4103 4103 4103 4103 4103 4103 4103 4103 4103 4103 4103 4103 4103 4103 4103 4103 4103 4103 4103 4103 4103 4103 4103 4103 4103 4103
240 1 164 1 44 1 240 1 164 1 44 1 240 1 164 1 44 1 4004 4004 4004 4004 4004 4004 4004 4004 4004 4004 4004 4004 4004 4004 4004 4004 4004 4004 4004 4004 4004 4004 4004 4004 4004 4004 4004 4004 4004 4004 4004 4004 4004 4004 4004 4004 4004 4004 4004 4004 4004 4004 4004 4004 4004 4004 4004 4004 4004 4004 4004 4004 4004 4004 4004 4004 4004 4004 4004 4004 4004 4004 4004 4004 4004 4004 4004 4004 4004 4004 4004 4004 4004 4004 4004 4004 4004 4004 4004 4004 4004 4004
239 1 165 1 43 1 239 1 165 1 43 1 239 1 165 1 43 1 3902 3902 3902 3902 3902 3902 3902 3902 3902 3902 3902 3902 3902 3902 3902 3902 3902 3902 3902 3902 3902 3902 3902 3902 3902 3902 3902 3902 3902 3902 3902 3902 3902 3902 3902 3902 3902 3902 3902 3902 3902 3902 3902 3902 3902 3902 3902 3902 3902 3902 3902 3902 3902 3902 3902 3902 3902 3902 3902 3902 3902 3902 3902 3902 3902 3902 3902 3902 3902 3902 3902 3902 3902 3902 3902 3902 3902 3902 3902 3902 3902 3902
238 1 166 1 42 1 238 1 166 1 42 1 238 1 166 1 42 1 3802 3802 3802 3802 3802 3802 3802 3802 3802 3802 3802 3802 3802 3802 3802 3802 3802 3802 3802 3802 3802 3802 3802 3802 3802 3802 3802 3802 3802 3802 3802 3802 3802 3802 3802 3802 3802 3802 3802 3802 3802 3802 3802 3802 3802 3802 3802 3802 3802 3802 3802 3802 3802 3802 3802 3802 3802 3802 3802 3802 3802 3802 3802 3802 3802 3802 3802 3802 3802 3802 3802 3802 3802 3802 3802 3802 3802 3802 3802 3802 3802 3802
237 1 167 1 41 1 237 1 167 1 41 1 237 1 167 1 41 1 3703 3703 3703 3703 3703 3703 3703 3703 3703 3703 3703 3703 3703 3703 3703 3703 3703 3703 3703 3703 3703 3703 3703 3703 3703 3703 3703 3703 3703 3703 3703 3703 3703 3703 3703 3703 3703 3703 3703 3703 3703 3703 3703 3703 3703 3703 3703 3703 3703 3703 3703 3703 3703 3703 3703 3703 3703 3703 3703 3703 3703 3703 3703 3703 3703 3703 3703 3703 3703 3703 3703 3703 3703 3703 3703 3703 3703 3703 3703 3703 3703 3703
236 1 168 1 40 1 236 1 168 1 40 1 236 1 168 1 40 1 3604 3604 3604 3604 3604 3604 3604 3604 3604 3604 3604 3604 3604 3604 3604 3604 3604 3604 3604 3604 3604 3604 3604 3604 3604 3604 3604 3604 3604 3604 3604 3604 3604 3604 3604 3604 3604 3604 3604 3604 3604 3604 3604 3604 3604 3604 3604 3604 3604 3604 3604 3604 3604 3604 3604 3604 3604 3604 3604 3604 3604 3604 3604 3604 3604 3604 3604 3604 3604 3604 3604 3604 3604 3604 3604 3604 3604 3604 3604 3604 3604 3604
235 1 169 1 39 1 235 1 169 1 39 1 235 1 169 1 39 1 3503 3503 3503 3503 3504 3504 3504 3504 3504 3504 3504 3504 3504 3504 3509 3509 3509 3509 3509 3509 3509 3509 3509 3509 3509 3509 3509 3509 3509 3509 3509 3509 3509 3509 3509 3509 3509 3509 3509 3509 3509 3509 3509 3509 3509 3509 3509 3509 3509 3509 3509 3509 3509 3503 3503 3503 3503 3503 3503 3503 3503 3503 3503 3503 3503 3503 3503 3503 3503 3503 3503 3503 3503 3503 3503 3503 3503 3503 3503 3503 3503 3503
234 1 170 1 38 1 234 1 170 1 38 1 234 1 170 1 38 1 3403 3403 3403 3403 3403 3403 3403 3403 3403 3403 3403 3403 3403 3403 3403 3403 3403 3403 3403 3403 3403 3403 3403 3403 3403 3403 3403 3403 3403 3403 3403 3403 3403 3403 3403 3403 3403 3403 3403 3403 3403 3403 3403 3403 3403 3403 3403 3403 3403 3403 3403 3403 3403 3403 3403 3403 3403 3403 3403 3403 3403 3403 3403 3403 3403 3403 3403 3403 3403 3403 3403 3403 3403 3403 3403 3403 3403 3403 3403 3403 3403 3403
233 1 171 1 37 1 233 1 171 1 37 1 233 1 171 1 37 1 3305 3305 3305 3305 3305 3305 3305 3305 3305 3305 3305 3305 3305 3305 3305 3305 3305 3305 3305 3305 3305 3305 3305 3305 3305 3305 3305 3305 3305 3305 3305 3305 3305 3305 3305 3305 3305 3305 3305 3305 3305 3305 3305 3305 3305 3305 3305 3305 3305 3305 3305 3305 3305 3305 3305 3305 3305 3305 3305 3305 3305 3305 3305 3305 3305 3305 3305 3305 3305 3305 3305 3305 3305 3305 3305 3305 3305 3305 3305 3305 3305 3305
232 1 172 1 36 1 232 1 172 1 36 1 232 1 172 1 36 1 3204 3204 3204 3204 3204 3204 3204 3204 3204 3204 3204 3204 3204 3204 3204 3204 3204 3204 3204 3204 3204 3204 3204 3204 3204 3204 3204 3204 3204 3204 3204 3204 3204 3204 3204 3204 3204 3204 3204 3204 3204 3204 3204 3204 3204 3204 3204 3204 3204 3204 3204 3204 3204 3204 3204 3204 3204 3204 3204 3204 3204 3204 3204 3204 3204 3204 3204 3204 3204 3204 3204 3204 3204 3204 3204 3204 3204 3204 3204 3204 3204 3204
231 1 173 1 35 1 231 1 173 1 35 1 231 1 173 1 35 1 3105 3105 3105 3105 3105 3105 3105 3105 3105 3105 3105 3105 3105 3105 3105 3105 3105 3105 3105 3105 3105 3105 3105 3105 3105 3105 3105 3105 3105 3105 3105 3105 3105 3105 3105 3105 3105 3105 3105 3105 3105 3105 3105 3105 3105 3105 3105 3105 3105 3105 3105 3105 3105 3105 3105 3105 3105 3105 3105 3105 3105 3105 3105 3105 3105 3105 3105 3105 3105 3105 3105 3105 3105 3105 3105 3105 3105 3105 3105 3105 3105 3105
230 1 174 1 34 1 230 1 174 1 34 1 230 1 174 1 34 1 3006 3006 3006 3006 3006 3006 3006 3006 3006 3006 3006 3006 3006 3006 3006 3006 3006 3006 3006 3006 3006 3006 3006 3006 3006 3006 3006 3006 3006 3006 3006 3006 3006 3006 3006 3006 3006 3006 3006 3006 3006 3006 3006 3006 3006 3006 3006 3006 3006 3006 3006 3006 3006 3006 3006 3006 3006 3006 3006 3006 3006 3006 3006 3006 3006 3006 3006 3006 3006 3006 3006 3006 3006 3006 3006 3006 3006 3006 3006 3006 3006 3006
229 1 175 1 33 1 229 1 175 1 33 1 229 1 175 1 33 1 2907 2907 2907 2907 2907 2907 2907 2907 2907 2907 2907 2907 2907 2907 2907 2907 2907 2907 2907 2907 2907 2907 2907 2907 2907 2907 2907 2907 2907 2907 2907 2907 2907 2907 2907 2907 2907 2907 2907 2907 2907 2907 2907 2907 2907 2907 2907 2907 2907 2907 2907 2907 2907 2907 2907 2907 2907 2907 2907 2907 2907 2907 2907 2907 2907 2907 2907 2907 2907 2907 2907 2907 2907 2907 2907 2907 2907 2907 2907 2907 2907 2907
228 1 176 1 32 1 228 1 176 1 32 1 228 1 176 1 32 1 2801 2801 2801 2801 2801 2801 2801 2801 2801 2801 2801 2801 2801 2801 2801 2801 2801 2801 2801 2801 2801 2801 2801 2801 2801 2801 2801 2801 2801 2801 2801 2801 2801 2801 2801 2801 2801 2801 2801 2801 2801 2801 2801 2801 2801 2801 2801 2801 2801 2801 2801 2801 2801 2801 2801 2801 2801 2801 2801 2801 2801 2801 2801 2801 2801 2801 2801 2801 2801 2801 2801 2801 2801 2801 2801 2801 2801 2801 2801 2801 2801 2801
227 1 177 1 31 1 227 1 177 1 31 1 227 1 177 1 31 1 2703 2703 2703 2703 2703 2703 2703 2703 2703 2703 2703 2703 2703 2703 2703 2703 2703 2703 2703 2703 2703 2703 2703 2703 2703 2703 2703 2703 2703 2703 2703 2703 2703 2703 2703 2703 2703 2703 2703 2703 2703 2703 2703 2703 2703 2703 2703 2703 2703 2703 2703 2703 2703 2703 2703 2703 2703 2703 2703 2703 2703 2703 2703 2703 2703 2703 2703 2703 2703 2703 2703 2703 2703 2703 2703 2703 2703 2703 2703 2703 2703 2703
226 1 178 1 30 1 226 1 178 1 30 1 226 1 178 1 30 1 2602 2602 2602 2602 2602 2602 2602 2602 2602 2602 2602 2602 2602 2602 2602 2602 2602 2602 2602 2602 2602 2602 2602 2602 2602 2602 2602 2602 2602 2602 2602 2602 2602 2602 2602 2602 2602 2602 2602 2602 2602 2602 2602 2602 2602 2602 2602 2602 2602 2602 2602 2602 2602 2602 2602 2602 2602 2602 2602 2602 2602 2602 2602 2602 2602 2602 2602 2602 2602 2602 2602 2602 2602 2602 2602 2602 2602 2602 2602 2602 2602 2602
225 1 179 1 29 1 225 1 179 1 29 1 225 1 179 1 29 1 2503 2503 2503 2503 2503 2503 2503 2503 2503 2503 2503 2503 2503 2503 2503 2503 2503 2503 2503 2503 2503 2503 2503 2503 2503 2503 2503 2503 2503 2503 2503 2503 2503 2503 2503 2503 2503 2503 2503 2503 2503 2503 2503 2503 2503 2503 2503 2503 2503 2503 2503 2503 2503 2503 2503 2503 2503 2503 2503 2503 2503 2503 2503 2503 2503 2503 2503 2503 2503 2503 2503 2503 2503 2503 2503 2503 2503 2503 2503 2503 2503 2503
224 1 180 1 28 1 224 1 180 1 28 1 224 1 180 1 28 1 2408 2408 2408 2408 2408 2408 2408 2408 2408 2408 2408 2408 2408 2408 2408 2408 2408 2408 2408 2408 2408 2408 2408 2408 2408 2408 2408 2408 2408 2408 2408 2408 2408 2408 2408 2408 2408 2408 2408 2408 2408 2408 2408 2408 2408 2408 2408 2408 2408 2408 2408 2408 2408 2408 2408 2408 2408 2408 2408 2408 2408 2408 2408 2408 2408 2408 2408 2408 2408 2408 2408 2408 2408 2408 2408 2408 2408 2408 2408 2408 2408 2408
223 1 181 1 27 1 223 1 181 1 27 1 223 1 181 1 27 1 2308 2308 2308 2308 2308 2308 2308 2308 2308 2308 2308 2308 2308 2308 2308 2308 2308 2308 2308 2308 2308 2308 2308 2308 2308 2308 2308 2308 2308 2308 2308 2308 2308 2308 2308 2308 2308 2308 2308 2308 2308 2308 2308 2308 2308 2308 2308 2308 2308 2308 2308 2308 2308 2308 2308 2308 2308 2308 2308 2308 2308 2308 2308 2308 2308 2308 2308 2308 2308 2308 2308 2308 2308 2308 2308 2308 2308 2308 2308 2308 2308 2308
222 1 182 1 26 1 222 1 182 1 26 1 222 1 182 1 26 1 2205 2205 2205 2205 2205 2205 2205 2205 2205 2205 2205 2205 2205 2205 2205 2205 2205 2205 2205 2205 2205 2205 2205 2205 2205 2205 2205 2205 2205 2205 2205 2205 2205 2205 2205 2205 2205 2205 2205 2205 2205 2205 2205 2205 2205 2205 2205 2205 2205 2205 2205 2205 2205 2205 2205 2205 2205 2205 2205 2205 2205 2205 2205 2205 2205 2205 2205 2205 2205 2205 2205 2205 2205 2205 2205 2205 2205 2205 2205 2205 2205 2205
221 1 183 1 25 1 221 1 183 1 25 1 221 1 183 1 25 1 2109 2109 2109 2109 2109 2109 2109 2109 2109 2109 2109 2109 2109 2109 2109 2109 2109 2109 2109 2109 2109 2109 2109 2109 2109 2109 2109 2109 2109 2109 2109 2109 2109 2109 2109 2109 2109 2109 2109 2109 2109 2109 2109 2109 2109 2109 2109 2109 2109 2109 2109 2109 2109 2109 2109 2109 2109 2109 2109 2109 2109 2109 2109 2109 2109 2109 2109 2109 2109 2109 2109 2109 2109 2109 2109 2109 2109 2109 2109 2109 2109 2109
220 1 184 1 24 1 220 1 184 1 24 1 220 1 184 1 24 1 2005 2005 2005 2005 2005 2005 2005 2005 2005 2005 2005 2005 2005 2005 2005 2005 2005 2005 2005 2005 2005 2005 2005 2005 2005 2005 2005 2005 2005 2005 2005 2005 2005 2005 2005 2005 2005 2005 2005 2005 2005 2005 2005 2005 2005 2005 2005 2005 2005 2005 2005 2005 2005 2005 2005 2005 2005 2005 2005 2005 2005 2005 2005 2005 2005 2005 2005 2005 2005 2005 2005 2005 2005 2005 2005 2005 2005 2005 2005 2005 2005 2005
219 1 185 1 23 1 219 1 185 1 23 1 219 1 185 1 23 1 1903 1903 1903 1903 1903 1903 1903 1903 1903 1903 1903 1903 1903 1903 1903 1903 1903 1903 1903 1903 1903 1903 1903 1903 1903 1903 1903 1903 1903 1903 1903 1903 1903 1903 1903 1903 1903 1903 1903 1903 1903 1903 1903 1903 1903 1903 1903 1903 1903 1903 1903 1903 1903 1903 1903 1903 1903 1903 1903 1903 1903 1903 1903 1903 1903 1903 1903 1903 1903 1903 1903 1903 1903 1903 1903 1903 1903 1903 1903 1903 1903 1903
218 1 186 1 22 1 218 1 186 1 22 1 218 1 186 1 22 1 1808 1808 1808 1808 1808 1808 1808 1808 1808 1808 1808 1808 1808 1808 1808 1808 1808 1808 1808 1808 1808 1808 1808 1808 1808 1808 1808 1808 1808 1808 1808 1808 1808 1808 1808 1808 1808 1808 1808 1808 1808 1808 1808 1808 1808 1808 1808 1808 1808 1808 1808 1808 1808 1808 1808 1808 1808 1808 1808 1808 1808 1808 1808 1808 1808 1808 1808 1808 1808 1808 1808 1808 1808 1808 1808 1808 1808 1808 1808 1808 1808 1808
217 1 187 1 21 1 217 1 187 1 21 1 217 1 187 1 21 1 1709 1709 1709 1709 1709 1709 1709 1709 1709 1709 1709 1709 1709 1709 1709 1709 1709 1709 1709 1709 1709 1709 1709 1709 1709 1709 1709 1709 1709 1709 1709 1709 1709 1709 1709 1709 1709 1709 1709 1709 1709 1709 1709 1709 1709 1709 1709 1709 1709 1709 1709 1709 1709 1709 1709 1709 1709 1709 1709 1709 1709 1709 1709 1709 1709 1709 1709 1709 1709 1709 1709 1709 1709 1709 1709 1709 1709 1709 1709 1709 1709 1709
216 1 188 1 20 1 216 1 188 1 20 1 216 1 188 1 20 1 1606 1606 1606 1606 1606 1606 1606 1606 1606 1606 1606 1606 1606 1606 1606 1606 1606 1606 1606 1606 1606 1606 1606 1606 1606 1606 1606 1606 1606 1606 1606 1606 1606 1606 1606 1606 1606 1606 1606 1606 1606 1606 1606 1606 1606 1606 1606 1606 1606 1606 1606 1606 1606 1606 1606 1606 1606 1606 1606 1606 1606 1606 1606 1606 1606 1606 1606 1606 1606 1606 1606 1606 1606 1606 1606 1606 1606 1606 1606 1606 1606 1606
215 1 189 1 19 1 215 1 189 1 19 1 215 1 189 1 19 1 1503 1503 1503 1503 1503 1503 1503 1503 1503 1503 1503 1503 1503 1503 1503 1503 1503 1503 1503 1503 1503 1503 1503 1503 1503 1503 1503 1503 1503 1503 1503 1503 1503 1503 1503 1503 1503 1503 1503 1503 1503 1503 1503 1503 1503 1503 1503 1503 1503 1503 1503 1503 1503 1503 1503 1503 1503 1503 1503 1503 1503 1503 1503 1503 1503 1503 1503 1503 1503 1503 1503 1503 1503 1503 1503 1503 1503 1503 1503 1503 1503 1503
214 1 190 1 18 1 214 1 190 1 18 1 214 1 190 1 18 1 1406 1406 1406 1406 1406 1406 1406 1406 1406 1406 1406 1406 1406 1406 1406 1406 1406 1406 1406 1406 1406 1406 1406 1406 1406 1406 1406 1406 1406 1406 1406 1406 1406 1406 1406 1406 1406 1406 1406 1406 1406 1406 1406 1406 1406 1406 1406 1406 1406 1406 1406 1406 1406 1406 1406 1406 1406 1406 1406 1406 1406 1406 1406 1406 1406 1406 1406 1406 1406 1406 1406 1406 1406 1406 1406 1406 1406 1406 1406 1406 1406 1406
213 1 191 1 17 1 213 1 191 1 17 1 213 1 191 1 17 1 1302 1302 1302 1302 1302 1302 1302 1302 1302 1302 1302 1302 1302 1302 1302 1302 1302 1302 1302 1302 1302 1302 1302 1302 1302 1302 1302 1302 1302 1302 1302 1302 1302 1302 1302 1302 1302 1302 1302 1302 1302 1302 1302 1302 1302 1302 1302 1302 1302 1302 1302 1302 1302 1302 1302 1302 1302 1302 1302 1302 1302 1302 1302 1302 1302 1302 1302 1302 1302 1302 1302 1302 1302 1302 1302 1302 1302 1302 1302 1302 1302 1302
212 1 192 1 16 1 212 1 192 1 16 1 212 1 192 1 16 1 1207 1207 1207 1207 1207 1207 1207 1207 1207 1207 1207 1207 1207 1207 1207 1207 1207 1207 1207 1207 1207 1207 1207 1207 1207 1207 1207 1207 1207 1207 1207 1207 1207 1207 1207 1207 1207 1207 1207 1207 1207 1207 1207 1207 1207 1207 1207 1207 1207 1207 1207 1207 1207 1207 1207 1207 1207 1207 1207 1207 1207 1207 1207 1207 1207 1207 1207 1207 1207 1207 1207 1207 1207 1207 1207 1207 1207 1207 1207 1207 1207 1207
211 1 193 1 15 1 211 1 193 1 15 1 211 1 193 1 15 1 1103 1103 1103 1103 1103 1103 1103 1103 1103 1103 1103 1103 1103 1103 1103 1103 1103 1103 1103 1103 1103 1103 1103 1103 1103 1103 1103 1103 1103 1103 1103 1103 1103 1103 1103 1103 1103 1103 1103 1103 1103 1103 1103 1103 1103 1103 1103 1103 1103 1103 1103 1103 1103 1103 1103 1103 1103 1103 1103 1103 1103 1103 1103 1103 1103 1103 1103 1103 1103 1103 1103 1103 1103 1103 1103 1103 1103 1103 1103 1103 1103 1103
210 1 194 1 14 1 210 1 194 1 14 1 210 1 194 1 14 1 1006 1006 1006 1006 1006 1006 1006 1006 1006 1006 1006 1006 1006 1006 1006 1006 1006 1006 1006 1006 1006 1006 1006 1006 1006 1006 1006 1006 1006 1006 1006 1006 1006 1006 1006 1006 1006 1006 1006 1006 1006 1006 1006 1006 1006 1006 1006 1006 1006 1006 1006 1006 1006 1006 1006 1006 1006 1006 1006 1006 1006 1006 1006 1006 1006 1006 1006 1006 1006 1006 1006 1006 1006 1006 1006 1006 1006 1006 1006 1006 1006 1006
209 1 195 1 13 1 209 1 195 1 13 1 209 1 195 1 13 1 903 903 903 903 903 903 903 903 903 903 903 903 903 903 903 903 903 903 903 903 903 903 903 903 903 903 903 903 903 903 903 903 903 903 903 903 903 903 903 903 903 903 903 903 903 903 903 903 903 903 903 903 903 903 903 903 903 903 903 903 903 903 903 903 903 903 903 903 903 903 903 903 903 903 903 903 903 903 903 903 903 903
208 1 196 1 12 1 208 1 196 1 12 1 208 1 196 1 12 1 802 802 802 802 802 802 802 802 802 802 802 802 802 802 802 802 802 802 802 802 802 802 802 802 802 802 802 802 802 802 802 802 802 802 802 802 802 802 802 802 802 802 802 802 802 802 802 802 802 802 802 802 802 802 802 802 802 802 802 802 802 802 802 802 802 802 802 802 802 802 802 802 802 802 802 802 802 802 802 802 802 802
207 1 197 1 11 1 207 1 197 1 11 1 207 1 197 1 11 1 707 707 707 707 707 707 707 707 707 707 707 707 707 707 707 707 707 707 701 701 701 701 701 701 701 701 701 701 701 701 701 701 701 701 701 701 701 701 701 701 701 701 701 701 701 701 701 701 701 701 701 701 701 701 701 701 701 701 701 701 701 701 701 701 701 701 701 701 701 701 701 701 701 701 701 701 701 701 701 701 701 701
206 1 198 1 10 1 206 1 198 1 10 1 206 1 198 1 10 1 603 603 603 603 603 603 603 603 603 603 603 603 603 603 603 603 603 603 603 603 603 603 603 603 603 603 603 603 603 603 603 603 603 603 603 603 603 603 603 603 603 603 603 603 603 603 603 603 603 603 603 603 603 603 603 603 603 603 603 603 603 603 603 603 603 603 603 603 603 603 603 603 603 603 603 603 603 603 603 603 603 603
205 1 199 1 9 1 205 1 199 1 9 1 205 1 199 1 9 1 505 505 505 505 505 505 505 505 505 505 505 505 505 505 505 505 505 505 505 505 505 505 505 505 505 505 505 505 505 505 505 505 505 505 505 505 505 505 505 505 505 505 505 505 505 505 505 505 505 505 505 505 505 505 505 505 505 505 505 505 505 505 505 505 505 505 505 505 505 505 505 505 505 505 505 505 505 505 505 505 505 505
204 1 200 1 8 1 204 1 200 1 8 1 204 1 200 1 8 1 402 402 402 402 402 402 402 402 402 402 402 402 402 402 402 402 402 402 402 402 402 402 402 402 402 402 402 402 402 402 402 402 402 402 402 402 402 402 402 402 402 402 402 402 402 402 402 402 402 402 402 402 402 402 402 402 402 402 402 402 402 402 402 402 402 402 402 402 402 402 402 402 402 402 402 402 402 402 402 402 402 402
203 202 201 1 7 1 203 202 201 1 7 1 203 202 201 1 7 1 301 301 301 301 301 301 301 301 301 301 301 301 301 301 301 301 301 301 301 301 301 301 301 301 301 301 301 301 301 301 301 301 301 301 301 301 301 301 301 301 301 301 301 301 301 301 301 301 301 301 301 301 301 301 301 301 301 301 301 301 301 301 301 301 301 301 301 301 301 301 301 301 301 301 301 301 301 301 301 301 301 301
1 1 1 1 6 1 1 1 1 1 6 1 1 1 1 1 6 1 209 209 209 209 209 209 209 209 209 209 209 209 209 209 209 209 209 209 209 209 209 209 209 209 209 209 209 209 209 209 209 209 209 209 209 209 209 209 209 209 209 209 209 209 209 209 209 209 209 209 209 209 209 209 209 209 209 209 209 209 209 209 209 209 209 209 209 209 209 209 209 209 209 209 209 209 209 209 209 209 209 209
1 2 3 4 5 1 1 2 3 4 5 1 1 2 3 4 5 1 103 106 108 103 109 102 109 102 104 107 105 106 103 101 103 100 105 100 109 102 102 102 108 105 108 108 101 101 105 108 109 106 102 103 105 107 108 107 103 109 102 106 107 106 104 105 108 102 100 108 103 103 105 100 106 105 103 101 108 108 106 106 101 100 100 102 109 102 104 107 102 107 100 101 109 102 109 104 106 102 106 107
