6666 924 95
46 386
30 373
2 702
119 530
37 247
60 654
17 176
43 740
20 616
109 565
92 817
114 718
67 137
78 71
14 490
40 268
55 489
108 564
3 56
62 355
99 147
48 729
15 528
110 414
94 209
94 232
63 896
6 508
16 588
85 651
44 521
88 563
4 169
26 343
45 364
105 527
20 774
5 823
113 410
4 131
80 825
14 253
51 379
19 440
98 872
96 188
39 618
111 80
2 487
108 545
100 654
60 893
51 470
89 415
113 173
116 565
61 440
22 871
20 645
114 396
79 544
5 588
15 867
30 558
64 166
57 813
36 783
93 390
55 176
120 276
22 882
48 421
112 724
5 751
45 279
119 107
74 796
111 137
50 437
100 236
89 407
87 23
84 432
82 586
109 750
54 31
60 777
23 641
105 344
109 556
77 215
79 55
97 889
51 817
17 875
71 530
118 245
100 615
25 498
28 816
6 214
74 567
117 364
107 634
55 742
54 397
65 919
94 576
9 632
119 812
105 589
1 9
99 503
112 119
89 433
3 859
95 390
30 703
43 319
55 528
38 213
41 626
52 908
74 161
89 281
20 723
10 923
103 312
115 887
102 113
40 440
108 109
115 540
92 192
84 301
2 62
66 253
94 712
47 499
112 377
108 454
76 715
86 441
96 489
16 66
27 791
48 640
1 401
83 321
66 182
110 845
35 202
41 464
104 859
44 387
30 808
34 22
79 827
31 235
68 858
54 526
36 795
40 692
74 489
124 397
101 244
14 903
96 17
15 883
14 472
39 720
20 719
84 488
63 272
79 547
95 89
96 455
44 382
38 688
9 770
4 150
81 470
56 526
67 106
124 428
124 364
119 467
105 34
113 315
3 278
45 35
11 78
98 783
87 246
107 863
43 700
76 182
62 210
48 723
12 725
20 883
80 442
90 780
27 906
99 770
16 566
121 160
95 827
76 636
101 558
24 241
103 199
79 104
41 196
104 713
108 587
123 152
9 167
58 114
101 170
60 408
112 298
14 445
83 578
11 806
22 267
14 536
68 69
35 863
89 76
95 251
70 858
70 757
116 401
109 706
96 364
20 372
33 749
100 852
57 50
109 605
15 382
73 771
86 855
61 705
117 896
118 659
60 425
76 922
3 896
79 462
36 885
56 521
2 259
54 180
13 708
71 615
33 534
45 149
122 249
40 463
72 419
52 585
33 225
55 735
118 820
8 58
39 639
93 559
89 95
34 739
57 590
64 44
119 427
78 200
88 579
105 430
87 394
39 907
90 207
89 806
97 524
109 418
30 508
111 669
95 783
31 480
119 906
51 183
13 706
104 151
122 578
7 425
48 204
14 657
9 659
33 47
9 469
112 22
29 42
27 655
53 242
86 807
86 725
96 623
17 439
10 401
32 887
93 131
57 766
28 111
79 859
102 284
12 146
120 448
59 528
100 545
15 380
95 518
9 484
10 687
13 525
34 548
30 522
119 655
103 542
23 389
18 913
15 406
25 510
65 322
28 565
7 875
97 827
77 202
98 220
66 843
100 120
26 309
37 679
27 73
102 796
68 300
109 667
19 911
88 169
88 359
119 708
92 288
66 769
68 66
2 903
86 809
43 442
42 731
67 225
30 486
53 333
98 407
50 100
42 320
7 237
3 535
35 55
88 157
10 836
75 423
35 197
107 914
19 493
92 827
29 135
4 338
25 707
114 534
24 216
87 142
35 142
92 464
55 99
41 553
82 376
70 826
23 817
5 745
77 605
61 170
25 104
57 274
96 328
124 683
76 270
85 529
47 567
51 141
43 223
37 211
78 745
51 248
95 463
76 91
24 241
23 873
71 300
97 687
61 563
36 704
54 804
54 320
108 369
73 180
67 687
21 266
28 37
55 670
123 106
40 633
13 553
69 689
12 339
124 90
69 432
16 344
28 170
34 749
109 191
33 206
27 852
7 909
120 52
47 454
63 25
15 37
19 279
34 40
57 711
98 585
65 913
59 64
118 194
38 231
69 808
25 786
59 898
21 692
29 37
108 173
25 842
102 638
77 2
70 804
41 796
70 464
28 919
68 479
91 406
118 106
111 213
66 552
46 273
94 660
26 533
100 369
11 109
29 639
85 750
32 355
13 510
101 19
100 878
120 693
84 739
36 175
3 757
46 671
120 114
57 871
28 773
6 622
106 390
121 524
68 848
62 829
64 306
119 472
17 877
100 610
99 106
42 720
108 121
85 35
38 408
123 871
109 289
99 671
99 897
87 884
122 682
58 788
121 247
95 780
38 567
109 427
17 785
108 602
48 681
39 207
85 152
23 879
37 713
91 651
92 888
49 118
13 12
82 701
29 309
18 915
118 558
73 625
23 175
5 857
60 7
87 554
76 284
85 132
106 661
55 294
39 5
33 339
80 850
56 730
38 208
46 645
6 207
100 717
46 639
93 304
83 781
61 338
100 434
77 205
7 319
25 330
45 443
28 329
43 318
44 595
27 848
110 357
18 195
119 46
1 791
105 90
79 273
112 313
122 886
7 411
71 549
45 595
84 476
51 428
91 593
18 386
58 872
85 181
24 883
10 510
103 565
42 922
91 93
106 612
29 362
27 794
15 364
25 512
80 922
96 699
104 572
35 641
113 894
44 196
75 115
32 213
103 372
45 119
38 55
92 511
10 819
100 861
61 379
117 174
71 922
58 502
10 101
83 623
87 109
5 923
114 591
25 427
109 413
32 495
91 808
23 418
113 919
119 39
57 337
1 742
71 153
53 895
25 74
13 781
72 23
84 395
113 60
89 186
49 900
54 473
115 295
110 99
9 321
87 198
27 340
68 526
80 793
49 279
2 625
88 115
74 449
70 328
27 399
95 514
25 261
86 693
96 30
113 379
51 462
106 541
34 125
46 827
101 175
90 851
26 774
51 514
95 543
98 341
25 421
5 392
88 450
60 770
97 486
36 363
119 800
96 359
61 114
14 909
106 434
15 621
27 413
103 116
56 128
50 506
79 377
64 763
20 126
98 839
107 833
75 626
85 706
1 700
59 313
118 184
52 590
108 563
4 91
7 101
97 202
10 299
110 113
89 16
68 280
116 384
70 200
22 431
109 604
111 334
96 884
83 273
107 854
97 619
23 581
104 229
95 401
106 895
121 656
80 285
8 831
109 658
73 754
103 79
89 364
100 417
4 463
83 864
120 592
31 405
30 811
73 99
58 229
79 791
59 513
114 430
41 820
15 52
40 787
106 151
17 77
64 75
10 790
65 466
9 564
19 698
100 115
38 729
16 400
22 760
22 282
12 400
105 888
111 819
14 116
84 45
44 605
109 264
40 590
54 920
15 211
23 214
94 566
82 658
112 605
54 488
110 294
7 133
86 872
45 542
80 65
64 712
22 238
112 674
32 316
106 590
44 897
31 841
59 812
57 115
27 602
116 914
47 556
97 687
51 607
103 93
17 882
65 874
90 391
31 557
88 361
99 299
11 94
15 407
117 781
52 10
52 190
26 888
100 579
102 774
10 491
28 467
57 282
60 179
15 575
15 911
98 27
40 803
117 492
113 559
60 797
59 341
18 101
17 333
77 491
15 475
9 583
48 497
65 892
23 603
9 479
112 90
85 866
25 158
16 246
58 773
53 352
58 173
12 30
60 199
3 221
110 102
112 225
71 735
76 798
3 270
1 72
61 848
77 776
98 905
35 790
39 673
82 13
29 195
41 426
117 86
98 600
49 61
71 775
68 85
84 743
102 536
120 704
105 363
120 534
35 653
44 166
112 608
40 781
90 210
40 730
58 920
119 15
29 755
97 843
84 50
102 726
75 87
95 113
40 138
68 784
55 113
83 717
108 195
55 591
14 847
90 233
103 327
113 891
21 570
103 73
12 83
101 738
113 838
13 609
33 107
39 367
63 19
1 7
115 267
54 608
85 527
76 102
39 620
5 545
21 413
99 885
124 27
54 654
77 626
76 907
19 332
8 484
107 44
63 554
123 621
37 492
7 611
17 146
48 652
99 574
64 841
99 626
19 768
111 799
91 220
16 269
48 666
1 436
27 310
122 554
111 304
39 223
82 705
97 298
11 134
8 565
80 474
73 452
7 148
65 778
117 643
17 919
99 865
5 171
12 496
21 250
96 836
114 781
49 373
118 118
92 94
70 91
104 16
17 418
13 403
78 531
33 851
104 41
42 490
4 111
45 3
50 852
19 365
66 523
120 397
3 777
56 855
6 124
25 20
16 101
35 346
37 535
58 224
70 599
59 320
28 300
34 603
116 227
112 4
119 315
51 922
67 881
64 568
77 325
90 156
121 544
57 590
62 774
109 264
26 594
17 225
19 895
2 188
37 405
66 15
93 124
24 420
98 857
102 619
48 185
15 682
62 351
13 874
121 229
7 640
101 330
71 782
8 302
4 489
57 693
11 492
120 50
55 431
118 52
16 240
95 433
20 32
96 337
32 52
90 652
50 911
120 623
120 815
4 348
106 232
63 874
81 466
23 711
23 905
103 555
116 66
123 209
42 838
103 535
123 177
46 181
69 777
104 466
39 796
118 115
38 920
72 827
110 64
65 892
45 901
102 256
112 578
107 130
70 77
101 448
29 460
112 874
58 509
93 514
69 297
52 475
78 227
96 290
29 61
66 783
74 772
105 72
79 571
90 452
107 399
88 891
84 605
104 248
101 326
49 95
93 457
22 449
35 481
104 499
88 530
7 570
84 464
99 338
9 375
58 749
2 300
122 708
31 168
39 161
44 783
47 649
63 357
54 68
121 912
31 446
75 923
117 886
84 266
68 108
27 624
79 24
17 183
113 437
49 296
109 377
114 385
101 6
94 275
20 189
123 638
46 771
22 717
43 168
65 568
5 691
106 199
118 267
31 56
40 265
5 367
44 497
114 742
41 559
109 108
109 347
105 450
116 907
3 918
103 293
15 417
33 829
62 308
53 73
65 865
43 704
115 511
123 592
41 313
63 413
31 509
69 233
12 20
9 268
30 358
17 576
90 611
100 466
71 644
55 348
120 400
16 427
119 863
26 307
108 780
56 663
6 545
85 847
120 179
90 570
16 285
64 844
91 694
4 424
3 449
44 534
27 434
43 370
4 589
51 615
87 6
1 800
42 318
44 182
49 448
57 566
111 41
42 695
95 862
46 216
39 35
30 770
19 777
81 831
12 891
68 421
49 410
2 514
24 88
63 757
111 48
73 334
112 409
46 812
94 292
115 268
115 844
68 327
28 786
26 673
91 755
10 717
33 457
101 36
52 70
64 146
31 258
71 195
121 576
35 547
18 178
30 726
105 919
76 786
117 819
43 145
5 695
94 882
123 236
89 763
45 320
84 412
96 456
28 311
81 223
54 42
87 739
41 489
53 886
71 591
88 886
124 41
37 665
1 877
34 917
80 739
52 235
25 424
4 833
51 322
115 202
117 65
59 197
16 284
20 905
28 16
10 678
11 592
55 513
16 395
35 795
102 352
6 894
105 787
115 578
89 468
66 539
53 787
110 619
107 894
25 555
48 535
96 499
16 261
4 739
50 127
123 856
56 706
25 322
9 239
2 745
115 745
115 772
63 171
107 755
41 601
115 118
102 686
82 862
48 238
80 669
119 354
120 833
78 38
21 239
31 197
59 516
85 419
124 626
85 365
4 721
50 834
89 244
17 65
15 609
68 850
97 190
44 24
48 416
47 787
83 328
86 714
34 536
2 741
68 324
11 686
22 680
2 493
82 259
29 173
17 849
63 755
29 378
16 671
103 364
80 59
75 586
73 145
22 49
77 892
95 135
32 27
83 783
99 339
46 609
8 519
34 143
111 639
112 653
74 848
61 446
22 317
5 288
55 296
104 415
50 699
89 909
62 888
50 777
83 420
34 348
94 63
32 812
65 545
78 156
40 633
102 908
21 242
90 479
3 133
77 334
75 509
5 624
84 621
44 777
22 473
3 579
80 225
66 305
48 542
33 305
29 594
83 268
47 86
59 905
113 249
96 583
48 625
11 308
87 295
108 429
2 352
94 370
20 84
100 879
50 667
90 867
13 540
3 705
32 34
43 843
8 526
19 573
111 776
121 82
14 574
116 905
90 584
96 113
55 102
47 360
15 319
59 639
60 47
82 560
118 631
47 353
11 506
52 459
26 882
5 496
88 117
55 68
16 827
33 434
33 239
110 764
91 629
71 26
101 889
113 746
24 132
91 828
96 634
90 63
3 893
37 191
25 111
79 310
52 429
46 10
2 604
68 758
71 785
114 53
97 436
76 880
73 41
90 272
61 215
41 799
85 891
88 718
43 315
21 549
89 381
115 478
93 398
118 828
67 163
21 542
21 745
95 233
14 350
13 535
52 838
72 272
6 467
117 417
13 627
14 592
11 590
3 602
57 449
77 779
39 453
98 277
69 886
28 593
64 547
28 866
29 605
63 801
70 737
13 920
64 327
119 515
90 259
113 48
53 690
81 386
34 748
86 484
118 705
56 90
25 815
108 323
57 238
82 635
32 28
81 482
57 743
42 794
68 722
40 320
91 269
82 241
46 901
38 337
89 411
32 543
111 907
38 332
116 599
42 262
25 664
54 504
68 815
99 561
61 283
66 635
6 196
23 644
63 667
26 388
25 8
75 456
67 863
51 668
43 820
81 232
85 283
20 119
41 644
99 322
67 627
59 88
59 899
120 528
78 778
19 329
14 447
49 310
17 638
74 458
62 518
62 170
35 493
110 508
10 36
107 206
119 853
20 552
59 557
106 80
96 139
49 731
30 726
124 504
68 628
41 508
98 719
87 99
118 499
79 491
91 503
74 721
103 523
11 793
44 38
108 558
116 347
59 294
61 16
63 580
63 370
6 399
76 374
105 909
100 170
67 474
120 705
23 637
105 153
6 917
85 902
35 823
17 450
93 465
84 525
77 175
5 741
118 592
46 137
20 598
93 586
82 46
33 876
58 205
9 256
34 752
48 739
41 94
33 379
72 720
35 213
74 873
102 78
114 678
101 651
103 512
90 34
92 670
37 773
71 547
84 139
10 797
108 104
2 676
54 515
4 918
33 901
62 748
79 475
33 260
119 388
59 505
68 862
81 863
47 659
80 350
67 395
8 285
74 180
2 47
18 44
26 32
77 898
60 532
73 358
82 641
100 173
26 699
38 7
18 356
6 191
86 63
122 462
58 608
98 842
70 869
119 686
101 439
118 756
37 177
64 372
69 2
6 107
17 189
72 862
123 768
3 783
21 706
110 712
66 29
68 112
70 582
42 875
68 60
17 600
96 888
94 121
55 584
70 191
13 797
101 850
26 249
28 540
98 97
55 412
91 25
110 556
119 388
17 693
57 739
101 674
110 408
4 659
104 89
107 374
22 46
124 129
58 542
88 782
99 529
71 753
75 326
37 226
19 417
6 685
82 820
99 468
112 297
43 363
47 577
79 338
104 112
50 916
40 667
5 358
26 577
79 815
66 564
44 217
39 568
31 746
27 870
123 760
43 484
40 619
122 469
93 293
68 490
74 301
27 126
121 39
88 379
28 672
61 504
109 76
116 857
32 146
16 644
31 114
3 638
83 333
121 756
100 753
66 901
47 88
63 322
80 339
114 47
116 719
51 42
86 697
111 682
60 770
18 358
119 597
92 683
79 245
65 165
88 827
100 661
33 701
113 108
124 293
32 193
89 237
87 872
59 201
38 386
74 108
16 920
11 806
17 244
7 261
15 193
22 83
39 603
24 903
39 433
2 854
70 816
23 851
11 633
104 470
71 631
38 830
52 349
4 374
9 830
85 534
99 323
9 477
33 11
37 245
110 261
12 136
123 798
86 916
50 647
116 136
49 563
77 49
73 288
45 115
22 589
99 284
47 798
70 446
10 749
21 785
15 855
50 238
65 517
81 770
72 216
106 128
96 481
97 766
11 131
60 29
81 139
88 241
13 605
14 821
10 444
78 515
66 669
96 638
10 506
117 502
119 922
78 576
88 338
70 314
62 832
2 720
100 654
77 59
118 714
70 299
61 162
87 142
22 167
4 169
106 796
112 470
90 832
2 798
46 531
23 704
13 531
121 476
48 528
35 587
35 481
104 542
123 301
97 83
119 73
111 673
32 455
12 265
35 332
45 600
20 784
59 368
26 415
15 186
123 911
50 794
26 725
4 643
30 629
40 103
72 511
120 172
119 528
31 862
16 565
105 332
14 919
123 816
29 153
48 885
122 375
120 141
62 701
103 735
31 577
112 632
39 222
76 662
110 772
58 220
53 673
91 373
72 318
40 145
102 791
122 144
57 395
118 874
49 136
81 568
109 132
117 409
107 613
51 171
46 281
88 866
17 474
39 688
79 570
59 796
37 15
26 678
46 291
23 571
110 847
108 671
103 482
112 857
40 760
48 167
78 493
118 604
124 880
54 825
45 734
69 497
105 704
110 224
109 413
55 31
43 76
124 840
74 391
101 729
82 876
9 334
34 71
65 478
93 373
47 543
107 144
90 464
81 824
48 909
15 548
36 640
15 250
13 714
78 405
72 857
72 15
6 335
17 272
10 102
64 726
118 360
42 294
4 784
30 577
64 498
88 318
37 358
65 304
62 275
34 658
113 133
25 466
22 291
64 347
22 915
22 570
45 86
30 708
122 125
35 248
99 553
31 836
100 199
57 126
113 914
107 672
71 65
31 581
44 485
119 281
93 144
12 828
16 781
120 622
36 41
9 604
28 501
81 114
69 722
36 706
39 555
31 826
21 667
73 508
91 21
61 705
20 706
7 840
49 288
43 79
32 17
30 922
85 723
121 292
119 351
22 302
110 61
13 135
49 221
2 490
89 498
9 852
70 870
74 834
76 839
14 96
102 662
101 905
25 663
86 51
66 338
111 528
31 546
113 202
20 373
29 531
111 495
87 218
107 760
51 209
87 107
101 597
43 855
121 298
47 385
81 217
62 690
94 653
65 8
47 146
67 156
64 318
44 669
46 159
122 653
20 248
31 662
20 138
6 33
11 254
95 316
35 206
93 281
123 385
18 323
114 659
52 282
73 197
15 578
56 66
25 247
93 600
4 690
124 568
124 706
120 672
37 824
1 637
29 346
99 3
40 161
66 680
76 705
121 3
8 756
35 200
124 371
83 520
110 147
71 859
89 518
15 26
91 552
66 132
11 750
101 175
59 321
13 420
115 332
97 918
57 480
86 699
5 61
54 63
122 449
35 135
1 596
23 451
61 347
22 654
124 242
116 617
35 750
4 197
73 68
79 779
102 377
57 7
79 383
32 178
46 58
98 865
111 463
13 867
20 43
53 517
27 493
72 379
48 314
81 11
107 300
121 462
10 421
2 638
98 71
101 702
95 194
1 315
66 104
64 77
42 846
99 886
36 327
124 268
117 915
75 555
51 601
120 492
119 551
20 426
86 554
107 284
66 838
72 15
55 847
27 620
63 208
35 718
42 922
53 708
50 331
6 730
70 422
31 563
117 38
29 661
102 259
69 872
118 610
109 648
87 501
16 370
67 460
59 776
80 217
15 440
50 889
40 89
80 77
120 426
52 249
26 696
94 175
8 214
46 132
7 385
123 274
29 408
67 909
46 725
10 810
86 283
79 477
114 229
3 555
41 658
4 351
83 378
32 608
120 843
19 520
81 904
83 126
78 603
68 181
107 304
118 170
72 375
1 491
41 267
42 791
57 450
19 888
14 743
41 486
63 844
11 500
72 409
60 746
115 727
84 482
80 527
37 227
85 365
24 572
40 365
78 166
105 191
107 252
18 236
4 206
78 352
95 515
103 398
45 381
93 797
2 765
77 115
11 827
11 776
33 644
34 448
78 565
79 473
69 181
79 163
112 856
17 617
52 342
107 317
84 283
96 652
60 582
59 182
80 779
40 36
51 242
94 376
83 188
124 232
80 624
30 746
45 899
80 536
102 520
64 106
73 577
82 916
78 135
78 253
16 200
16 480
61 762
71 781
93 313
42 851
84 17
46 103
54 179
36 299
63 102
87 111
65 695
79 446
115 269
46 810
20 53
9 908
46 754
35 374
84 388
58 147
20 508
107 386
104 422
99 918
112 621
49 268
41 200
5 755
94 478
97 469
110 74
64 878
119 752
42 38
47 628
57 610
14 424
74 432
116 746
31 435
108 522
90 369
17 482
51 256
79 832
94 100
4 711
32 343
68 838
12 279
107 555
115 288
107 27
50 891
107 212
13 748
95 172
110 56
8 385
93 223
118 569
87 732
91 366
55 419
62 56
19 355
70 195
36 199
68 428
83 60
101 558
12 898
69 69
53 459
92 798
99 736
15 527
18 790
50 221
75 705
9 516
86 420
98 769
3 465
18 317
87 437
51 866
60 214
30 898
8 454
5 877
17 749
38 801
60 905
41 435
69 374
98 355
64 271
87 21
108 921
22 328
94 278
39 845
67 271
14 230
124 201
51 57
97 662
50 633
110 32
101 862
75 161
80 265
81 484
75 692
82 612
5 449
104 822
77 914
46 256
116 883
43 860
120 473
66 407
106 775
71 316
37 368
92 75
31 899
93 917
107 107
73 296
98 106
89 458
93 810
75 307
50 236
122 775
68 376
90 881
109 688
67 474
52 741
72 764
17 174
123 450
87 431
45 368
58 463
45 156
14 139
106 651
47 240
43 616
37 751
39 375
39 381
38 181
74 464
44 904
85 303
24 907
108 242
42 336
72 700
63 586
76 22
83 289
18 339
48 409
5 88
6 681
2 699
5 656
28 873
100 410
26 133
95 519
2 735
110 145
34 870
93 426
87 567
43 685
48 686
89 149
112 21
30 309
13 758
124 492
19 202
24 26
34 363
113 699
65 466
44 676
18 184
19 380
59 426
80 266
87 302
93 29
15 768
124 574
29 825
123 376
94 112
26 437
75 479
99 638
109 588
49 889
26 103
102 589
123 477
2 707
38 793
96 633
89 139
74 306
29 416
35 143
29 149
62 68
70 781
54 181
49 164
112 284
100 482
31 784
82 793
119 803
122 369
46 366
120 786
74 81
3 885
83 339
40 792
70 728
51 179
35 161
96 123
45 598
46 849
105 173
43 93
122 905
1 98
122 36
35 552
80 694
51 329
64 615
117 506
10 836
68 861
14 94
61 51
110 198
69 683
106 220
1 412
82 305
78 82
120 2
22 913
21 215
49 795
97 506
93 315
20 595
22 482
12 769
27 912
120 34
23 403
13 515
76 444
23 391
109 692
77 684
29 156
13 533
116 794
55 861
86 523
57 894
43 287
61 139
124 773
35 14
93 881
104 601
76 880
8 451
80 451
61 863
56 642
57 167
53 577
68 697
121 160
57 706
63 17
103 711
45 92
20 576
119 320
52 897
61 311
2 459
19 169
119 901
7 861
117 399
98 238
9 215
55 373
4 833
54 374
55 712
114 413
46 38
8 150
50 542
32 893
19 756
108 923
119 25
61 411
109 898
107 586
124 113
118 643
30 415
41 176
21 549
29 101
74 854
99 132
40 244
105 540
111 695
68 343
14 466
29 668
33 468
50 163
48 822
31 136
91 890
33 49
36 433
49 635
94 856
103 368
85 857
123 243
43 513
113 416
65 405
49 495
87 23
65 520
77 73
20 224
37 499
26 88
109 878
53 827
29 99
83 511
110 246
57 194
83 405
19 813
121 759
56 282
101 109
89 693
23 66
92 677
96 257
4 97
62 96
94 89
83 263
76 217
68 885
92 800
112 544
109 699
113 141
62 228
32 858
14 887
70 905
50 89
33 471
117 905
44 643
116 751
9 659
67 23
70 444
98 53
80 589
100 900
117 342
29 512
60 192
15 266
82 639
42 867
52 74
16 742
115 909
93 231
10 603
70 332
69 609
72 644
60 669
88 71
16 358
13 353
30 124
16 722
86 41
97 15
26 581
103 820
55 393
74 279
42 370
14 652
122 528
6 320
64 69
109 351
21 505
30 509
83 390
98 457
37 39
116 534
118 761
73 254
38 81
107 758
36 675
61 496
77 859
90 544
94 739
30 421
7 208
37 16
99 769
5 560
11 11
68 494
86 590
47 77
33 812
14 188
21 855
37 377
11 109
108 318
72 890
90 702
68 277
38 305
67 257
113 920
34 568
77 115
68 771
54 438
24 94
40 756
12 842
12 348
74 662
61 408
68 14
94 794
84 437
112 860
45 573
100 37
28 413
73 443
111 800
66 910
4 116
114 451
114 19
96 51
120 73
80 376
114 644
69 824
116 412
96 850
92 226
50 269
58 571
25 889
59 202
55 407
4 227
72 341
105 265
115 459
7 849
35 414
55 148
65 717
36 607
18 153
42 140
58 72
1 666
80 682
44 445
117 251
49 556
99 907
39 50
66 225
31 343
101 535
15 20
67 582
13 505
113 526
23 681
89 879
123 167
79 358
49 801
25 816
7 724
3 321
85 308
90 281
103 251
12 674
43 678
103 431
33 591
44 894
8 621
75 305
48 96
109 9
35 794
6 397
4 233
87 443
71 795
79 723
114 607
38 850
103 796
82 610
103 380
62 345
69 496
53 398
40 835
85 98
41 763
116 376
29 744
8 602
61 152
19 271
47 408
77 652
9 544
32 733
35 452
33 534
105 793
27 149
57 870
90 486
72 730
18 771
30 289
10 699
107 384
76 732
81 234
50 595
62 333
11 311
45 92
7 799
64 843
41 656
20 727
30 109
23 612
3 617
67 396
78 874
96 429
10 637
118 677
76 49
11 246
83 860
2 272
16 288
121 294
121 514
121 694
103 164
4 570
67 350
112 706
115 812
45 50
71 406
54 367
25 802
105 805
119 16
71 85
46 800
61 780
79 8
64 81
72 923
97 29
10 682
29 182
103 479
120 629
107 491
8 406
113 674
49 642
93 430
48 525
58 637
52 231
36 465
64 349
55 494
56 346
115 179
59 822
94 292
79 142
39 589
19 686
73 825
65 561
58 197
50 172
31 77
122 78
25 712
109 72
92 794
14 67
60 20
111 696
62 482
101 628
86 919
58 476
57 784
70 685
45 732
100 414
93 334
12 882
93 451
7 394
32 903
78 827
87 416
116 301
65 48
119 112
82 851
120 396
109 234
124 292
56 90
35 383
8 730
12 536
38 361
96 112
33 458
32 796
112 606
79 838
110 635
14 695
121 148
16 798
69 781
6 880
50 405
20 828
23 214
92 458
45 437
65 448
47 576
9 835
54 26
82 910
32 309
41 290
99 838
70 371
67 786
100 177
111 199
44 468
86 511
5 54
10 563
20 909
100 811
26 6
50 646
3 98
74 663
106 21
94 84
88 340
121 708
23 661
117 130
52 386
13 198
21 656
60 464
13 42
63 529
123 711
82 29
65 272
39 728
75 336
32 673
104 282
36 268
8 431
4 680
43 562
111 779
33 248
98 3
77 660
20 793
19 315
72 789
3 123
65 412
118 472
51 667
57 609
96 305
115 855
58 922
111 472
91 321
86 172
124 543
35 844
108 811
115 767
8 355
101 803
67 881
101 451
123 171
15 625
96 708
5 69
33 584
69 559
69 794
122 295
63 628
83 358
81 907
33 725
123 159
32 171
98 488
117 274
100 291
2 666
8 522
96 315
116 809
99 620
65 671
1 159
124 205
44 424
28 708
40 516
80 829
26 59
15 375
86 119
22 754
121 273
89 587
65 534
67 71
76 218
8 677
69 192
31 425
23 137
60 841
20 152
68 406
4 664
123 66
68 55
48 635
45 706
91 914
87 294
84 80
99 335
110 420
34 705
86 219
10 587
53 562
96 872
73 473
74 358
60 463
87 892
16 739
114 462
52 523
74 781
50 799
98 883
22 253
111 206
58 116
64 597
24 599
41 255
5 225
40 220
66 100
42 851
69 395
122 170
43 211
62 121
50 210
123 371
37 278
114 923
41 437
15 604
23 209
33 250
41 80
27 188
69 648
123 542
35 29
4 105
123 729
40 316
96 762
55 11
84 330
98 42
96 140
60 868
40 113
81 771
95 198
58 362
110 141
112 32
49 225
96 398
53 818
95 501
110 10
28 305
5 55
64 173
46 59
90 532
87 768
36 354
24 871
33 878
86 694
29 247
7 579
56 481
8 891
19 196
112 103
121 306
103 836
88 341
119 129
44 599
95 328
11 472
109 277
4 353
58 868
79 33
28 776
123 529
32 105
87 253
119 291
7 355
79 113
57 165
83 178
86 671
115 325
108 304
10 178
104 639
14 788
8 179
64 717
72 917
79 499
110 97
53 805
105 517
21 214
76 226
73 55
29 421
69 648
34 48
54 914
21 14
3 890
104 487
90 890
32 573
82 726
52 778
68 187
13 592
5 587
64 317
120 780
11 545
99 72
78 396
53 812
90 375
58 135
116 530
117 874
2 99
100 838
79 351
20 781
67 492
50 826
36 153
33 156
45 719
86 823
30 746
28 600
64 558
61 125
43 368
78 333
62 743
32 409
31 338
43 180
11 701
39 248
73 298
88 161
74 164
51 284
59 305
35 174
98 684
53 93
83 830
119 118
114 662
31 353
77 783
54 440
101 147
68 481
35 615
102 71
17 235
24 754
42 304
9 3
24 759
27 639
123 511
57 382
47 349
69 782
96 799
81 294
85 53
56 923
52 26
40 512
122 880
14 323
52 346
110 771
80 411
52 836
34 309
66 703
66 561
75 856
67 850
104 449
115 68
83 636
5 508
105 343
116 566
96 714
17 58
53 625
30 580
109 456
83 365
14 155
120 330
121 886
115 761
26 692
7 849
19 454
101 628
8 430
117 529
70 714
57 314
100 121
97 20
84 848
71 344
74 833
57 157
124 464
42 739
23 356
4 170
119 630
100 216
7 601
37 812
33 397
9 797
114 619
28 626
31 724
42 156
36 254
110 39
16 297
56 482
75 52
15 73
35 60
66 351
13 566
113 119
7 889
113 547
98 799
5 204
110 286
108 301
79 662
51 323
56 650
68 221
97 67
70 917
67 115
43 776
110 574
60 243
88 878
48 201
123 106
124 420
34 754
64 464
73 593
18 526
28 658
70 88
102 573
66 840
82 416
59 434
75 655
119 596
101 76
94 429
90 268
19 106
13 179
108 123
68 422
24 158
22 5
31 871
40 317
103 332
17 82
124 788
90 510
1 412
31 781
100 300
59 299
116 213
12 507
27 773
35 60
46 152
15 243
55 632
49 878
51 358
65 340
91 305
103 673
91 44
57 166
1 189
56 747
122 10
26 270
17 326
10 780
52 850
15 110
78 191
74 132
123 99
49 303
39 853
112 652
96 117
7 773
94 816
84 697
64 917
111 674
105 829
78 787
16 619
74 381
26 28
93 890
33 517
109 520
104 779
76 410
75 599
43 724
15 390
7 383
46 75
94 693
108 654
59 726
75 519
89 692
27 694
120 206
10 5
7 724
11 506
60 279
36 3
124 206
39 110
64 766
118 713
47 621
15 158
97 783
108 139
61 299
53 287
70 187
95 762
48 598
29 187
61 59
21 31
50 106
62 387
79 315
81 473
88 609
101 891
120 383
116 554
31 6
47 252
103 198
47 169
117 890
68 281
11 535
108 747
19 442
44 122
36 376
94 302
30 301
119 520
90 366
76 431
90 523
31 96
70 305
89 582
24 153
110 297
116 241
29 861
74 320
103 49
7 654
104 746
77 611
57 705
19 26
38 415
62 894
108 793
81 308
65 80
41 847
9 680
15 486
38 846
104 677
69 576
23 312
18 428
21 732
17 43
77 878
80 373
59 34
17 656
11 228
51 334
2 179
15 315
32 242
41 546
3 198
57 849
33 588
119 42
83 96
24 686
2 531
45 431
42 835
6 439
13 889
99 746
115 854
26 809
100 364
92 157
111 620
58 139
97 425
67 213
123 721
86 560
5 568
115 426
122 221
34 608
112 248
19 321
52 101
59 340
46 628
124 93
110 568
110 142
44 868
9 123
15 786
38 60
31 740
1 899
85 418
97 213
97 547
110 833
32 273
110 178
66 278
45 758
37 492
6 447
78 329
58 634
104 785
47 612
60 704
38 628
76 704
91 396
121 907
7 41
116 87
41 690
36 480
104 742
110 499
23 484
59 368
91 87
48 412
47 820
55 819
2 389
90 897
113 460
40 156
110 671
110 253
83 139
106 495
88 779
43 679
90 422
63 524
10 808
5 274
92 661
12 761
1 302
56 901
119 691
44 330
121 832
1 866
106 847
14 461
8 497
116 109
29 795
26 494
99 634
90 459
85 13
94 31
74 563
71 600
116 140
43 759
15 121
3 86
20 671
2 280
68 752
121 697
42 553
5 378
111 111
17 634
8 199
29 884
6 205
21 625
24 566
109 383
102 695
95 264
123 81
20 221
24 464
93 65
97 717
76 347
3 345
27 474
73 711
23 371
29 529
11 792
41 67
26 848
37 709
75 271
91 722
96 231
46 18
110 346
97 727
37 163
88 739
105 681
53 605
50 51
105 658
69 828
110 161
99 552
26 9
117 269
78 847
38 526
24 785
77 201
84 174
90 270
48 533
19 49
68 613
117 414
123 476
5 138
86 605
65 116
23 579
99 419
77 875
35 892
94 884
91 858
35 531
36 114
122 223
58 345
57 719
49 249
42 145
98 897
27 599
50 438
27 465
84 748
95 402
74 219
40 418
117 30
31 815
92 156
17 296
29 16
70 327
63 352
65 174
50 753
5 872
11 94
122 647
69 819
84 158
91 487
117 724
9 134
106 650
111 719
61 314
6 570
27 522
113 644
99 323
113 535
72 730
6 674
29 71
32 579
88 683
46 803
17 649
40 632
91 749
56 853
37 229
29 313
65 31
86 56
115 497
15 615
73 285
3 757
90 468
24 583
33 544
70 243
59 465
107 634
6 369
112 886
36 130
101 423
93 300
11 38
11 135
18 176
41 84
119 774
54 411
119 311
23 885
67 291
108 495
106 707
83 556
91 536
104 12
30 836
4 504
28 184
61 126
97 592
124 825
106 294
45 866
71 334
100 225
24 321
58 160
9 193
93 763
10 10
102 755
80 619
74 319
55 41
23 695
110 187
115 608
8 898
124 151
38 910
27 467
118 163
61 867
99 408
97 617
96 92
78 787
50 774
30 123
37 160
4 57
71 23
46 359
88 281
31 296
79 875
121 565
76 455
70 3
21 748
90 813
47 135
104 617
71 391
73 332
57 166
61 895
5 119
16 175
86 830
89 657
99 300
49 429
78 339
97 684
92 583
26 527
105 782
106 235
70 492
30 333
1 488
65 378
8 159
93 73
122 557
69 380
77 94
19 678
43 772
64 121
48 545
79 216
26 401
11 644
110 550
32 160
66 805
51 246
48 623
37 562
71 572
13 180
94 359
53 165
77 372
77 163
77 923
25 388
28 361
72 359
11 151
59 550
71 589
20 530
124 180
34 535
33 643
94 27
73 647
10 276
74 10
22 80
54 349
63 399
16 565
93 687
108 809
33 281
73 175
43 752
104 512
78 182
119 610
74 765
5 856
88 420
42 88
39 864
26 490
51 679
106 629
63 379
42 746
15 512
19 80
58 351
65 694
70 812
58 731
58 248
98 761
75 595
2 690
45 361
85 407
4 843
46 92
26 617
34 491
73 833
29 537
110 686
16 784
24 221
9 762
70 788
37 202
117 524
4 528
1 680
64 68
85 114
66 888
8 529
82 4
87 93
21 233
15 837
62 887
105 217
114 136
48 857
66 531
124 762
74 867
89 136
123 185
58 170
95 48
35 138
80 670
98 581
4 76
7 62
21 628
71 297
97 807
96 635
30 213
102 82
90 525
112 166
51 1
88 392
105 101
9 555
55 750
31 274
30 705
119 398
84 138
120 707
55 915
29 435
57 424
59 359
68 268
46 726
26 384
14 772
67 257
61 322
65 614
52 441
63 920
80 795
107 143
77 156
38 529
56 795
107 174
52 512
95 745
103 699
102 41
121 223
74 26
37 370
83 672
44 102
6 259
43 803
70 85
84 526
32 615
74 176
65 626
123 754
94 68
27 187
29 610
50 853
76 487
52 342
106 644
115 894
29 873
94 371
25 798
18 637
4 826
6 803
87 101
98 43
101 696
2 725
19 172
102 86
70 30
63 883
59 404
34 177
23 694
58 377
116 510
38 583
37 893
58 473
43 628
55 230
27 278
83 317
103 218
10 174
85 362
95 911
61 55
102 185
6 701
1 384
45 642
111 698
17 504
80 672
11 297
13 143
61 922
13 557
27 394
83 921
29 397
65 131
116 140
44 267
13 410
114 661
19 693
74 729
80 673
30 472
34 903
122 154
9 606
6 652
91 516
17 822
77 158
81 431
119 800
1 205
40 424
65 404
27 367
29 913
39 678
68 162
95 609
102 169
71 558
9 815
67 70
28 131
102 275
22 58
104 792
39 894
73 194
13 9
113 575
76 677
34 916
98 53
16 687
43 884
54 109
58 5
12 99
74 863
65 687
80 58
54 250
59 371
33 394
32 80
47 367
47 364
58 205
19 29
92 628
94 745
48 754
13 906
108 409
103 759
53 832
88 717
52 378
103 601
28 67
41 806
49 47
89 784
104 187
54 209
40 791
87 618
45 770
17 550
57 512
73 884
53 734
27 112
118 366
60 27
11 460
31 400
124 603
100 747
34 139
109 671
47 518
96 626
42 33
55 154
43 627
18 32
99 782
71 617
45 389
48 191
106 77
109 421
69 840
19 79
48 732
111 60
70 182
120 225
71 462
80 748
113 25
80 593
73 923
114 565
31 920
43 770
111 412
113 286
110 45
29 839
6 181
122 179
97 650
57 109
103 771
28 810
41 713
50 670
68 299
41 167
73 133
42 824
45 737
110 405
34 85
58 167
28 285
50 161
47 273
39 656
114 659
113 907
44 97
78 227
73 31
21 223
12 863
16 697
28 767
81 524
74 488
36 649
68 561
97 316
62 612
11 30
73 589
16 329
97 199
103 148
82 482
2 848
121 485
20 165
13 332
21 712
49 447
58 201
12 780
102 916
38 98
60 814
47 26
38 897
100 308
59 444
75 16
22 744
72 523
91 361
13 208
101 741
38 120
113 737
1 60
57 900
73 276
83 834
63 543
9 517
73 919
90 706
63 862
26 45
84 46
90 384
38 88
92 440
37 667
119 173
41 506
70 417
39 472
44 617
20 202
10 8
120 703
111 664
82 308
64 637
63 190
72 596
32 288
46 474
115 355
100 291
86 328
80 718
8 559
36 881
112 154
55 490
16 669
36 575
48 15
73 396
65 375
81 471
118 170
99 684
37 657
75 461
54 749
58 850
89 657
84 677
10 306
54 277
51 473
117 95
1 206
80 681
84 549
36 310
98 239
121 776
79 578
69 23
37 101
64 778
91 290
73 178
98 308
61 179
87 839
54 334
54 754
27 692
106 775
87 164
3 604
85 52
90 785
24 653
27 14
122 710
47 572
29 888
4 875
99 727
79 407
53 435
98 685
17 606
13 737
93 617
58 319
32 676
78 733
20 599
14 902
33 116
83 340
75 41
86 214
111 148
78 438
108 847
54 319
65 270
99 831
12 550
82 165
114 863
94 697
11 711
85 914
103 759
104 431
124 155
38 634
41 797
25 876
37 804
19 782
75 860
6 104
84 449
65 778
118 690
17 917
13 760
107 829
16 771
39 5
87 57
2 296
63 319
22 184
36 52
72 797
29 722
68 8
36 693
57 169
38 870
29 4
46 603
36 378
93 245
13 909
87 87
113 221
95 62
60 129
46 437
48 559
20 893
57 16
119 419
16 189
58 803
78 148
51 101
100 923
124 897
70 636
121 723
110 456
4 328
33 888
113 120
58 532
7 614
59 276
99 266
29 474
53 656
11 618
32 214
59 625
34 135
52 704
58 726
57 243
78 811
46 427
41 721
70 87
26 583
108 53
77 360
32 60
54 682
44 838
83 827
111 616
38 409
82 886
71 157
92 798
99 869
86 508
49 337
122 144
94 24
9 834
113 713
46 9
13 181
123 434
63 919
23 113
19 513
67 150
54 271
44 247
43 316
103 872
95 882
36 638
17 279
105 365
20 52
43 530
112 288
64 772
21 622
22 221
2 494
59 872
57 842
78 514
103 26
122 420
93 545
9 879
14 216
110 881
12 685
61 498
4 526
108 788
22 764
59 427
88 446
73 632
91 103
116 598
18 208
79 559
18 684
91 642
72 369
60 242
39 620
81 635
56 619
1 895
65 118
95 327
108 763
109 461
68 704
79 61
84 219
67 731
116 667
68 412
44 116
82 698
119 3
59 483
98 442
122 614
114 385
63 647
10 499
107 622
18 310
94 723
90 835
74 42
5 513
15 224
76 640
2 431
6 398
55 797
56 443
73 922
79 28
14 118
53 364
37 338
52 489
103 735
102 201
29 512
65 763
87 409
75 723
22 655
24 363
55 103
64 83
120 234
10 747
102 636
64 167
4 859
16 179
4 589
93 514
95 160
11 902
110 823
81 474
37 889
19 616
55 243
90 170
97 343
58 826
96 179
24 562
47 716
80 775
91 653
18 549
18 709
54 904
49 753
5 696
110 358
48 787
42 620
89 609
107 25
23 551
78 114
113 307
20 463
50 278
113 58
108 528
30 877
4 908
43 495
100 36
91 601
3 62
32 388
81 336
48 715
28 605
21 609
60 725
17 603
27 330
47 895
6 494
42 898
31 165
76 691
107 389
24 98
110 199
11 188
65 430
42 488
54 340
104 99
102 311
94 676
60 429
9 107
93 106
9 10
6 541
60 470
3 135
97 912
10 586
114 402
97 611
101 660
29 596
76 625
72 526
6 157
121 558
68 486
60 335
83 10
97 262
54 414
37 579
22 264
65 569
115 324
38 621
124 740
43 342
68 733
115 353
54 889
18 219
12 184
9 14
79 495
48 662
15 205
89 835
1 549
44 200
3 269
18 922
19 647
12 61
46 740
90 878
49 390
32 224
120 717
91 290
81 502
77 264
34 802
3 242
7 188
25 366
63 339
70 76
37 694
38 52
78 82
53 283
45 170
123 112
60 733
50 243
102 886
46 85
104 206
105 258
30 768
114 383
106 54
44 235
75 127
32 790
79 283
90 670
104 645
40 863
112 715
114 756
87 679
96 51
80 243
107 810
16 921
9 717
30 718
11 331
5 305
4 586
122 337
82 107
117 646
76 37
18 685
65 182
33 709
102 391
48 531
28 563
56 537
56 579
24 841
61 710
104 175
46 343
92 238
14 94
56 29
60 845
27 922
49 220
96 327
42 260
45 877
79 462
105 254
121 356
12 95
27 851
56 47
87 770
7 710
43 692
2 528
7 518
97 250
22 301
76 414
24 510
67 915
32 848
47 156
46 873
20 878
104 509
16 138
34 742
103 287
20 652
49 657
7 873
77 50
25 93
86 800
21 820
21 640
11 570
16 558
57 570
124 387
106 514
39 502
96 438
86 833
120 212
74 868
90 82
85 402
50 447
98 766
73 603
58 621
58 346
11 758
103 768
22 138
84 735
98 214
12 494
42 405
4 222
4 400
77 333
20 468
69 146
8 656
107 784
96 530
73 142
26 188
51 576
11 334
43 498
61 627
39 204
57 307
29 914
7 720
20 574
102 636
15 565
101 78
109 255
33 621
50 40
44 839
100 668
106 536
33 796
68 301
80 805
109 36
55 381
20 652
77 86
34 742
42 732
23 143
18 494
19 916
108 174
40 682
111 156
33 150
123 67
86 96
95 592
117 734
120 876
95 537
8 826
34 679
74 708
71 231
43 187
30 802
22 587
106 734
26 387
86 762
50 401
97 392
116 55
105 575
100 198
115 501
15 534
28 268
13 612
115 586
122 246
17 691
25 557
86 186
8 917
9 465
30 871
12 454
5 126
4 465
64 284
82 879
15 755
38 202
18 247
17 308
43 785
29 401
27 109
52 895
97 134
26 488
100 817
18 73
26 123
19 798
12 113
98 290
21 44
48 378
34 811
113 316
29 294
79 158
3 370
85 38
2 556
96 118
20 543
13 1
71 261
5 138
68 152
103 764
49 908
62 19
85 437
94 535
124 118
41 665
115 354
97 57
47 761
89 425
117 821
46 112
69 290
80 55
88 666
95 171
79 570
89 56
15 514
89 803
107 815
75 185
65 314
84 688
115 872
53 65
86 148
106 917
84 416
97 869
55 399
114 799
95 296
108 118
73 511
58 507
8 532
23 181
55 8
120 530
90 590
24 258
82 762
12 699
1 289
20 860
111 751
60 723
24 191
2 922
111 828
22 171
67 729
2 815
85 752
98 226
105 83
97 680
1 725
99 166
28 633
52 302
64 371
91 573
90 10
118 797
86 143
65 341
118 852
22 674
59 186
64 623
52 450
97 646
81 368
49 788
61 447
118 527
23 725
22 446
51 737
119 638
89 354
36 817
58 286
96 29
112 68
91 731
67 565
26 292
5 789
3 543
47 323
1 653
79 313
53 391
97 485
12 73
38 160
79 187
40 524
23 441
81 401
61 176
47 226
106 507
33 624
52 859
39 263
83 603
75 297
117 234
114 165
108 687
111 263
122 760
108 157
109 445
68 516
87 589
68 622
100 365
47 755
114 335
80 421
13 202
15 74
12 567
68 275
30 96
114 737
77 390
42 665
37 60
42 66
94 65
122 820
80 76
33 728
4 735
13 880
13 11
80 904
30 724
75 906
73 782
82 741
37 223
82 617
44 730
3 7
44 436
18 300
103 78
4 454
33 321
57 824
102 430
65 898
94 127
61 117
15 667
3 225
17 873
55 706
19 124
68 85
116 606
120 137
71 13
71 106
10 67
20 654
74 801
53 250
35 119
21 904
7 757
95 285
103 113
78 910
17 313
54 328
43 446
33 211
108 121
88 325
105 313
40 673
67 217
92 185
18 822
21 187
8 360
43 428
75 72
103 241
77 19
94 835
17 99
44 913
104 429
114 862
114 359
9 465
57 144
29 900
85 348
94 696
100 169
73 247
67 605
77 158
19 580
10 155
108 182
31 431
120 914
103 885
109 48
37 915
84 609
51 232
51 123
71 730
91 651
76 64
66 531
48 490
71 281
114 398
110 322
13 606
36 265
26 652
99 518
61 36
63 146
97 226
66 718
75 549
57 542
124 311
50 824
77 792
105 55
46 176
19 171
67 678
45 874
74 737
25 127
72 205
56 106
72 64
82 919
88 802
104 291
8 677
70 523
21 828
83 812
12 20
59 396
30 485
105 180
118 347
48 604
88 102
105 58
95 143
53 310
73 581
17 666
121 325
36 414
8 832
18 767
94 351
32 625
51 118
38 201
12 178
46 549
60 580
71 901
24 649
84 733
91 878
112 175
58 731
35 43
17 880
79 567
123 581
45 210
53 140
30 229
104 281
35 586
96 916
69 650
100 841
27 482
124 2
84 608
97 311
117 906
105 69
34 107
52 342
24 880
97 259
40 331
123 496
114 10
115 90
26 664
19 185
87 335
2 868
71 910
99 203
86 512
70 508
53 454
69 468
97 863
1 587
52 342
21 720
30 181
32 77
96 806
106 133
3 904
39 227
80 779
72 392
87 235
92 519
9 816
88 166
73 788
116 559
23 445
37 547
83 697
106 71
53 418
108 787
6 728
64 822
31 510
58 484
27 257
5 500
121 141
76 439
115 28
64 202
76 429
65 621
104 905
84 306
6 885
24 330
86 249
28 805
34 43
105 113
106 443
91 439
12 354
42 579
106 28
76 843
18 595
86 182
118 765
25 42
109 189
6 25
7 590
121 273
114 728
35 465
82 74
69 821
104 391
32 798
92 780
77 864
118 324
101 561
19 609
46 881
45 507
8 768
16 802
90 339
102 36
36 386
122 774
28 526
27 749
121 649
37 641
98 590
46 710
78 197
11 362
3 260
106 593
42 110
75 678
61 610
4 319
46 812
13 812
37 400
4 338
92 776
101 247
67 552
10 668
82 419
14 436
12 42
31 772
115 109
120 133
28 306
84 323
59 144
18 598
6 848
63 658
122 523
33 218
57 470
19 899
122 58
34 633
87 49
122 241
100 75
64 865
52 814
72 565
114 475
17 110
46 242
27 166
50 281
102 450
37 792
55 706
24 827
103 17
84 888
122 100
28 164
122 410
80 762
61 545
94 282
60 703
27 489
54 355
17 319
117 130
23 297
83 571
8 785
91 142
32 377
26 321
21 739
70 585
88 773
102 424
18 850
68 644
119 606
56 252
83 870
60 645
31 750
86 433
10 869
5 893
76 349
96 387
49 89
68 275
106 710
65 59
18 435
102 119
124 768
83 575
17 285
123 25
32 113
85 256
8 566
18 371
114 40
115 612
89 339
47 522
39 660
4 753
115 350
3 745
14 775
8 442
100 217
77 246
87 458
108 843
57 251
113 547
110 116
80 875
32 654
16 113
49 121
121 553
1 347
88 663
81 761
104 790
98 639
58 373
24 604
89 263
103 573
61 677
51 112
34 676
18 635
84 223
69 721
40 758
76 683
78 798
35 669
83 564
108 309
3 547
117 761
86 833
40 686
55 632
99 291
44 172
73 240
54 747
80 246
81 637
32 612
118 515
27 708
9 732
27 158
17 530
34 698
110 863
121 102
34 790
64 23
82 842
77 432
25 298
40 323
58 673
75 512
73 359
62 867
48 379
88 512
103 554
38 881
5 279
64 588
60 899
111 640
11 871
88 560
30 350
75 703
70 418
73 355
63 577
34 10
34 399
45 474
53 807
36 46
112 481
91 755
98 777
61 807
76 609
78 37
23 850
124 126
50 564
109 653
18 311
93 707
11 259
58 729
31 213
116 752
65 19
62 216
94 121
22 130
17 533
82 755
59 897
6 336
88 893
91 745
4 717
27 524
68 776
12 642
50 171
48 291
20 120
87 52
102 596
30 503
79 338
33 198
3 748
57 839
24 123
67 74
78 722
100 883
50 917
114 172
114 605
84 810
82 35
119 41
26 575
54 370
7 410
52 291
120 625
95 28
3 400
106 198
3 689
32 305
69 291
82 379
58 5
63 230
22 193
71 660
17 346
86 748
81 198
91 523
117 778
32 180
95 641
6 908
30 524
20 621
118 298
92 777
77 798
62 788
87 809
17 826
67 621
61 54
111 298
36 708
84 193
94 862
15 332
22 307
8 668
78 737
13 71
48 791
11 207
59 470
53 248
71 771
112 555
14 754
29 467
74 538
51 35
98 94
14 390
46 289
32 860
18 167
40 683
5 410
110 223
18 50
9 318
92 872
26 255
91 334
90 316
38 448
78 872
18 707
3 474
109 5
57 630
74 408
3 662
81 347
13 297
25 888
117 749
14 553
93 148
8 326
15 359
71 803
52 847
119 644
22 191
24 331
41 353
110 744
47 623
90 509
36 96
13 601
101 376
106 449
1 651
124 53
93 157
42 393
93 52
10 467
11 752
3 596
2 146
29 729
50 116
39 299
43 777
108 580
12 663
85 285
13 412
82 10
89 726
122 638
32 39
42 552
36 45
29 49
28 174
80 493
47 159
93 25
105 300
104 232
101 242
60 886
19 844
26 754
17 821
95 33
26 639
25 727
116 342
33 874
46 619
91 796
42 301
52 780
70 501
75 630
91 594
91 463
87 89
24 693
11 752
22 380
6 377
32 227
99 25
75 767
47 144
107 488
35 536
47 112
2 422
22 845
2 401
73 606
100 668
63 476
91 168
81 496
7 571
29 795
107 890
121 305
16 811
53 88
9 660
26 526
91 474
38 707
31 356
53 440
18 754
51 129
75 837
76 541
114 881
122 612
78 585
61 491
28 776
75 886
24 768
106 204
19 460
78 726
1 366
51 915
57 225
62 194
44 279
88 156
112 681
1 616
10 751
90 804
110 753
73 184
75 322
54 449
69 365
15 673
9 483
23 3
102 776
72 379
92 465
111 823
51 368
75 554
108 689
32 324
79 268
33 649
31 884
119 446
29 424
104 132
69 385
102 224
81 787
64 824
15 203
58 540
96 305
60 290
48 595
103 122
8 187
27 527
97 20
72 6
89 692
98 417
48 728
16 846
56 766
47 910
124 536
11 605
48 230
46 911
98 575
92 296
95 413
78 900
75 395
63 400
72 576
69 316
44 57
119 38
34 518
45 400
81 84
63 505
62 43
94 204
68 591
75 447
115 388
100 37
48 861
101 22
70 785
50 883
64 567
88 273
20 478
65 282
59 286
99 407
47 345
26 471
65 642
23 549
123 407
56 422
95 554
101 848
72 771
89 323
65 338
103 100
56 800
56 910
106 701
106 482
94 537
13 134
103 13
25 818
92 335
83 296
44 293
102 371
17 561
122 545
54 822
102 315
79 558
95 395
59 686
83 914
18 438
58 545
1 331
33 868
34 746
89 622
106 451
3 246
5 296
16 53
36 501
103 884
21 660
45 4
84 764
40 254
93 108
33 261
115 306
56 638
51 435
96 234
82 861
91 40
94 793
80 419
94 451
54 38
2 267
1 608
96 25
121 841
13 727
88 571
29 373
22 228
98 154
48 760
86 7
77 315
55 882
119 702
25 179
9 595
17 314
110 85
109 208
47 4
71 636
59 577
88 849
55 417
8 798
53 618
51 585
84 670
97 733
124 486
122 720
83 890
13 893
122 439
110 510
118 645
50 84
92 298
4 635
71 79
119 500
41 380
63 238
21 229
74 107
92 492
23 406
18 4
53 499
33 543
55 417
91 298
74 95
114 43
11 376
25 305
118 807
109 560
60 800
87 625
84 580
13 799
39 641
77 427
104 777
1 758
71 300
11 304
80 260
33 190
59 457
94 577
117 245
103 918
78 78
118 551
118 802
79 709
95 296
119 725
76 249
104 877
82 224
37 10
109 137
3 651
122 227
90 467
46 51
39 583
9 613
32 319
97 171
30 77
12 773
76 615
79 894
104 638
41 359
72 211
82 846
4 621
42 233
5 155
98 158
21 867
70 481
44 328
33 366
44 194
33 273
67 304
107 444
82 893
123 199
108 364
39 566
34 261
77 682
102 148
77 220
31 220
46 810
124 428
20 476
123 457
35 496
99 524
47 769
99 808
21 198
60 613
66 766
75 628
4 356
3 896
47 399
98 351
103 264
106 70
13 466
110 563
41 355
123 511
75 646
4 235
115 643
91 216
92 330
69 542
89 694
107 793
40 697
99 911
113 66
76 309
120 118
107 570
80 567
118 662
14 86
61 200
120 810
56 281
124 335
54 892
7 405
95 266
51 516
59 672
84 767
36 646
66 462
50 880
119 440
47 385
100 582
72 321
6 534
54 676
122 35
88 41
78 16
45 150
62 550
99 180
45 412
36 802
25 642
3 45
65 910
87 673
92 548
7 105
32 663
37 93
102 25
93 203
118 887
114 562
112 241
72 897
35 634
15 592
5 609
77 43
2 599
40 232
8 776
1 371
41 640
4 279
32 588
68 238
104 824
76 598
22 608
60 326
2 422
50 660
26 163
6 693
101 485
55 509
27 327
19 843
27 411
21 241
53 670
79 616
82 811
59 244
49 851
94 804
63 553
52 447
80 776
51 78
102 208
36 665
96 534
68 111
11 772
53 86
112 362
90 155
33 516
107 279
14 34
2 783
30 233
37 369
110 512
37 879
4 566
23 321
61 271
34 653
54 772
65 628
28 41
46 450
111 248
76 532
40 878
72 401
6 687
114 729
7 283
10 62
34 372
109 92
122 803
97 296
39 84
87 395
64 316
62 213
32 640
109 379
91 203
11 780
100 616
83 232
87 338
52 347
123 666
86 428
50 250
42 730
92 257
26 456
8 113
16 669
101 13
105 422
116 894
98 172
52 854
9 85
83 687
5 511
92 403
13 52
21 729
100 61
119 50
78 624
89 708
101 913
88 484
67 469
8 213
43 107
32 576
8 402
107 156
67 769
99 918
26 743
70 668
102 309
2 386
61 412
19 826
90 423
114 802
121 831
68 607
56 692
26 662
84 599
71 616
17 451
42 331
35 857
102 140
106 326
66 241
5 228
15 672
2 64
122 152
60 175
97 442
35 86
50 570
1 531
17 195
101 862
118 319
40 590
23 104
10 517
122 263
44 478
105 463
11 551
102 503
39 440
61 202
7 192
63 742
42 566
83 772
72 528
88 366
47 159
67 177
70 804
6 31
72 440
33 890
20 640
29 784
20 23
2 215
71 367
93 471
15 494
1 38
63 485
9 750
10 863
36 853
12 899
3 168
83 909
41 473
40 602
95 772
30 852
21 373
93 88
23 294
99 695
5 213
46 268
77 433
21 499
5 17
26 778
50 879
37 775
22 922
95 752
11 602
84 367
35 42
79 427
95 103
75 200
22 911
44 345
107 664
23 316
31 384
54 855
91 10
107 758
103 683
100 768
73 800
16 869
47 656
36 711
19 104
111 141
38 911
15 502
30 861
68 399
20 520
17 650
23 569
34 61
11 139
110 223
3 574
62 847
30 75
61 132
14 155
89 260
74 290
72 317
11 188
99 538
71 578
75 761
49 739
90 85
52 726
74 883
75 9
99 216
103 508
89 252
15 609
44 794
27 805
2 192
1 436
2 300
87 526
36 770
120 492
3 743
12 228
37 204
23 576
63 310
43 756
117 355
75 605
80 872
82 402
73 79
53 402
25 4
21 49
23 336
57 694
123 368
100 391
87 225
102 57
59 659
111 629
12 320
19 305
97 787
108 398
118 620
50 778
111 793
73 463
22 900
33 352
70 688
110 448
2 776
116 57
43 840
107 592
98 530
21 494
36 213
110 326
100 300
42 523
40 540
91 365
52 286
16 850
3 526
24 496
25 868
120 422
112 771
121 553
38 520
90 295
17 547
98 175
105 334
10 82
2 751
17 456
34 696
45 620
93 746
97 209
78 734
120 541
6 254
25 26
5 749
52 116
120 474
9 285
37 521
55 290
53 803
86 918
39 660
59 864
69 339
120 705
58 314
86 721
38 25
106 408
31 600
60 212
54 346
61 33
82 852
63 282
122 600
32 375
25 880
38 817
116 455
50 435
19 453
112 869
116 512
95 317
58 409
47 795
93 91
13 222
94 217
56 742
95 770
62 686
113 498
24 89
68 245
89 331
20 289
14 242
41 619
93 522
73 620
21 383
118 746
87 264
103 641
113 389
105 265
64 748
84 265
68 782
31 893
45 740
105 456
57 591
102 151
115 703
35 574
87 557
39 300
50 425
3 892
86 38
23 499
7 63
43 689
5 805
103 101
119 915
107 671
99 699
71 762
5 667
99 174
69 798
13 645
26 489
92 190
118 837
7 379
92 518
10 811
57 801
21 88
6 78
97 899
18 189
5 788
24 683
110 224
112 44
81 856
72 92
123 126
34 800
65 895
113 182
33 327
58 304
32 376
112 240
39 225
47 165
88 817
83 117
93 480
70 519
83 225
93 68
18 606
82 389
123 338
27 436
51 620
80 146
83 188
87 423
9 346
40 491
75 44
104 347
4 300
28 470
1 86
38 865
58 15
35 802
1 891
23 84
21 121
69 193
41 147
36 710
96 736
80 723
5 874
84 837
43 88
89 765
44 453
121 854
57 561
29 354
29 581
39 648
84 657
84 77
10 524
49 829
65 597
86 649
123 774
12 788
93 12
21 558
38 859
44 923
44 754
82 557
118 780
53 180
39 190
78 850
66 575
89 582
2 917
71 786
92 860
42 229
118 346
67 861
74 341
120 311
118 746
61 573
8 682
124 183
60 541
91 194
75 397
3 431
37 151
12 224
90 476
59 26
110 305
49 636
107 356
49 351
116 889
82 771
34 286
106 586
90 595
30 86
122 623
112 915
40 809
98 850
48 658
24 716
93 829
28 218
112 450
46 430
121 102
98 131
81 763
58 280
22 97
82 36
114 882
114 559
3 232
94 196
119 429
19 462
60 407
34 129
118 781
22 340
79 826
79 802
74 710
76 167
31 57
50 593
37 685
109 773
62 705
85 416
6 481
15 534
21 624
48 812
60 289
63 896
63 688
44 390
84 922
103 348
24 292
70 527
3 694
31 504
67 412
55 675
4711 397 650
3222 554 792
1545 568 659
2208 540 863
4528 381 757
6534 379 715
827 891 923
4341 495 917
5438 404 588
5101 349 602
4973 775 791
2778 241 356
3989 519 720
1435 91 781
1670 351 577
2258 618 686
2908 766 869
2104 0 915
1069 849 862
729 784 881
5916 3 720
6207 430 785
33 406 436
5107 218 688
951 514 810
36 303 884
1759 133 789
1258 304 823
2628 851 856
5924 440 803
4010 438 655
5918 775 891
2339 625 844
5646 91 550
4668 636 717
1993 794 813
4414 13 164
3022 573 661
1354 658 889
4005 672 869
3594 499 907
1532 447 756
3026 767 890
2791 580 761
4455 900 918
6472 699 826
637 129 252
8 412 861
3333 161 824
3986 224 616
4273 919 924
4061 405 567
1914 34 400
4106 203 542
6491 674 877
3978 572 679
4712 656 909
3027 138 857
2921 245 483
1050 440 501
6191 239 443
91 73 833
4774 258 915
1655 32 746
5362 866 893
5787 170 462
5373 118 172
5792 257 812
4000 704 725
4768 270 846
1927 77 838
1273 633 748
4883 529 875
4276 66 707
4685 748 770
3388 706 869
848 631 792
6194 660 667
3031 274 428
4930 91 908
4833 335 687
5133 536 713
658 177 645
1091 672 903
1239 377 901
429 425 736
1039 922 924
3602 677 854
3308 287 571
5715 920 924
2197 704 840
3914 336 379
6474 811 893
1397 76 132
3404 9 203
