5000 500 221
16 123
353 365
191 136
64 73
267 150
130 170
418 314
137 130
437 370
24 423
178 333
428 203
94 303
418 194
497 384
441 13
7 73
156 197
208 219
47 253
146 176
422 342
267 336
249 482
483 50
405 438
160 111
141 254
191 337
447 189
498 166
478 5
238 134
478 224
130 26
254 54
478 453
395 246
67 421
228 50
248 410
487 408
298 406
162 488
21 109
177 19
52 433
300 290
67 278
291 197
81 45
250 337
497 422
83 64
121 88
390 368
275 155
276 350
338 215
338 358
101 293
154 153
226 453
220 70
10 11
44 90
55 71
426 329
492 286
170 390
151 337
37 203
491 312
53 330
305 169
465 405
461 120
335 464
350 55
311 137
65 355
227 396
425 430
225 196
494 172
86 422
9 122
126 1
212 455
108 17
124 73
199 362
469 35
326 320
89 138
456 431
492 460
327 195
169 330
390 440
2 254
362 11
375 265
11 364
221 118
380 122
467 357
484 437
169 88
35 35
225 490
465 494
229 71
467 175
400 357
115 401
111 254
411 264
297 199
128 18
94 286
416 62
143 400
498 311
488 33
345 490
300 89
263 306
159 230
480 59
87 95
237 475
127 426
239 423
125 366
218 496
429 134
58 72
312 333
160 78
143 283
68 442
371 108
249 30
337 7
365 202
102 102
177 6
28 193
428 153
336 146
149 266
279 483
115 368
316 275
445 236
58 14
178 428
398 204
235 236
211 100
215 90
201 169
372 7
361 300
159 474
445 85
240 2
345 133
370 438
407 315
174 242
106 351
447 282
333 182
18 321
59 10
188 259
178 60
265 316
137 201
290 82
63 308
360 407
440 8
345 125
101 19
366 483
148 313
265 258
272 60
356 330
69 321
366 246
380 409
339 17
387 407
375 450
215 13
135 432
21 258
334 121
54 200
381 478
290 147
236 339
206 369
169 53
190 312
76 70
221 415
363 109
322 16
336 314
29 248
24 49
6 357
446 60
334 327
38 124
473 52
240 457
420 408
10 111
497 362
457 219
277 99
105 376
114 218
190 142
465 213
467 471
347 413
308 181
19 123
304 269
174 44
4 372
229 290
260 227
153 217
223 429
315 105
84 429
322 273
348 287
264 316
36 111
7 343
292 302
244 373
72 417
195 352
67 201
143 326
205 295
44 205
2 136
309 85
342 408
136 191
473 399
284 9
287 68
130 356
370 373
8 219
68 202
71 412
402 490
238 385
285 59
90 65
472 399
149 314
85 284
282 58
460 66
344 26
411 473
381 281
124 166
277 468
367 125
158 48
116 396
432 178
232 22
242 204
198 169
19 283
230 78
340 468
144 184
493 55
434 152
113 335
318 167
82 462
291 239
10 184
135 219
140 145
19 159
348 493
327 144
276 335
222 394
303 143
355 296
474 290
225 364
402 43
31 483
283 99
223 70
61 135
289 477
279 85
136 405
78 241
326 132
76 325
26 378
245 158
451 219
225 176
360 128
496 168
111 57
45 111
126 382
246 192
359 302
276 272
484 132
13 311
263 365
136 66
21 159
223 471
377 448
425 16
76 199
460 463
255 5
352 158
386 98
350 23
177 403
295 162
312 85
250 75
450 385
417 248
44 141
497 199
366 422
491 219
398 451
182 430
234 311
88 120
186 215
420 363
119 492
302 430
77 52
283 304
436 200
53 258
118 50
234 483
249 225
202 147
453 162
77 187
472 441
85 159
157 5
22 275
496 323
482 350
152 265
432 365
243 262
123 360
311 134
344 337
136 323
261 90
484 115
276 457
56 138
393 489
419 414
264 193
15 25
44 443
67 475
308 309
15 431
447 103
342 69
439 478
391 477
68 376
92 121
111 424
259 4
414 455
195 455
149 486
479 192
429 324
444 237
133 458
445 357
61 288
425 277
266 317
254 111
470 123
9 81
47 45
361 460
1 56
194 149
42 173
118 248
496 339
484 407
75 208
264 412
495 190
189 39
284 220
149 254
342 434
112 166
479 472
404 479
28 98
128 346
270 23
94 45
361 355
229 435
340 270
347 335
237 313
151 21
33 77
52 152
12 163
317 490
135 221
247 162
318 152
285 366
174 156
188 35
289 416
247 129
463 94
464 201
406 392
221 216
469 273
367 480
213 184
248 348
405 494
287 1
146 73
366 97
6 331
408 294
25 155
423 488
248 165
189 431
57 187
147 303
237 14
283 450
474 308
298 157
80 362
158 225
434 301
99 218
133 7
12 157
161 434
145 186
376 111
117 211
298 41
14 35
331 75
262 306
382 60
240 462
200 397
464 134
199 64
129 109
70 141
43 9
352 188
194 229
298 89
439 373
129 452
186 238
27 447
321 187
285 61
149 484
458 113
395 434
453 25
320 301
165 362
309 17
327 280
23 403
368 461
276 275
192 461
13 495
409 111
182 471
171 108
455 406
498 350
118 451
152 437
30 316
300 338
111 404
396 410
307 42
150 84
316 341
322 106
114 9
216 74
479 165
181 434
71 179
63 189
408 214
403 437
308 203
276 196
108 449
106 192
490 33
275 307
151 98
190 265
106 184
338 363
348 19
297 196
475 137
384 383
129 288
320 214
268 373
187 153
322 70
345 313
103 397
397 253
272 364
295 156
48 133
19 173
429 93
369 182
8 31
65 136
96 384
127 142
36 313
72 135
382 194
225 484
92 122
238 363
264 310
296 89
443 314
40 150
185 408
331 192
216 395
105 90
57 231
231 369
44 302
5 425
496 229
188 365
129 425
6 392
235 302
258 455
393 297
382 355
482 213
47 199
385 151
288 220
159 296
89 202
375 93
405 149
322 93
14 228
295 20
120 307
99 155
263 269
452 145
125 434
136 448
410 298
377 475
18 36
271 384
238 424
476 143
73 76
235 87
303 30
383 200
336 259
133 376
28 85
299 429
296 212
378 207
10 255
459 305
290 9
189 305
432 442
225 5
19 237
368 99
266 251
77 380
287 209
34 315
71 110
22 366
321 399
350 109
431 310
413 499
96 379
304 28
321 30
32 117
44 400
493 88
428 70
467 216
56 278
308 126
166 329
269 486
7 397
372 215
484 63
214 80
441 296
107 41
103 415
157 146
93 150
233 22
496 477
15 52
256 100
454 421
206 224
185 212
398 335
205 382
397 418
461 117
214 345
157 316
260 313
462 353
241 195
152 237
450 166
289 206
265 243
404 470
244 366
460 419
478 165
301 154
360 40
270 75
384 426
168 145
17 407
497 257
380 149
494 330
92 61
313 356
81 494
104 325
138 341
22 117
6 323
270 366
362 40
218 247
243 385
169 37
293 166
294 173
92 66
280 460
126 93
316 206
87 197
308 224
39 330
340 321
430 387
464 292
204 459
316 446
345 484
261 415
427 55
365 19
120 145
478 23
237 72
228 323
47 314
324 362
144 165
183 74
52 425
143 34
384 459
479 7
443 240
199 371
72 64
167 468
485 423
268 222
272 496
322 318
88 147
180 231
89 141
82 417
343 2
450 227
460 208
12 182
225 210
330 75
274 274
43 37
197 311
37 469
85 358
65 172
282 245
180 148
163 39
343 6
40 71
10 278
278 21
237 281
231 67
355 282
118 175
318 315
263 132
62 125
490 126
74 50
148 31
475 310
69 318
93 386
166 103
441 222
400 178
3 131
22 135
190 139
309 286
231 350
417 70
474 185
196 326
13 121
356 265
209 203
360 301
89 26
181 30
247 82
484 249
489 6
383 457
421 470
243 430
320 437
499 72
400 472
397 190
94 254
454 80
456 314
380 322
117 339
129 364
420 113
390 187
395 52
144 94
22 164
24 119
379 301
467 279
51 365
246 421
396 200
1 130
291 159
451 407
497 80
49 195
469 439
381 142
490 26
235 289
466 37
185 345
115 152
401 165
294 147
87 190
124 87
97 192
245 48
100 242
404 148
214 151
364 96
292 132
398 305
198 364
119 382
487 233
312 166
397 383
313 483
351 214
71 447
406 315
273 283
335 177
208 49
106 73
421 397
204 319
479 180
461 98
62 448
330 151
114 228
312 204
211 163
196 59
387 102
374 160
162 486
115 369
312 220
441 234
394 423
330 374
103 291
471 441
17 80
370 408
85 182
389 295
122 85
354 9
463 6
169 125
269 283
272 358
3 213
92 396
413 200
48 16
490 297
235 285
376 105
470 460
64 359
33 185
222 164
193 462
446 139
365 492
421 137
351 201
349 442
375 41
419 422
56 188
219 68
472 372
449 220
332 13
79 143
474 78
84 445
41 31
84 405
23 283
42 373
261 168
94 136
208 290
59 42
477 55
386 449
427 336
169 37
126 26
179 101
380 263
323 420
71 184
103 370
466 421
22 6
367 392
141 75
182 476
393 160
32 280
386 458
393 333
494 19
358 451
396 16
491 219
436 62
181 316
209 424
238 230
429 105
122 71
456 304
47 128
463 78
407 349
313 78
182 86
96 317
37 270
333 305
266 47
144 446
362 352
371 377
83 300
259 204
370 216
285 195
121 248
272 28
375 363
105 334
448 477
152 262
247 262
67 291
308 210
237 447
339 385
103 421
186 361
403 333
354 188
28 474
214 78
279 89
218 161
422 166
416 351
427 440
390 271
231 198
258 468
423 97
353 26
296 316
164 199
150 296
164 454
48 377
309 327
465 27
265 166
469 181
294 174
122 185
444 352
160 479
98 83
77 229
385 372
45 327
348 471
123 12
204 447
167 290
274 132
95 317
75 64
497 369
238 119
331 459
249 490
439 124
351 293
352 14
165 175
340 290
423 240
79 404
188 245
195 239
155 289
56 229
130 54
375 145
449 206
105 475
474 44
100 325
114 229
338 278
181 456
345 382
196 423
286 161
169 258
400 323
324 233
329 454
64 482
99 14
465 480
266 439
301 143
42 414
150 380
469 330
336 314
489 309
16 276
470 184
311 148
284 136
380 390
90 444
372 465
235 116
446 278
55 25
421 97
439 71
254 408
178 367
1 168
176 16
221 423
476 32
71 38
444 451
427 311
173 78
277 185
470 1
462 25
302 383
398 241
231 429
427 187
296 427
132 250
220 130
173 196
438 244
233 383
472 437
194 422
292 470
107 262
248 69
65 51
230 240
69 238
170 495
202 243
200 333
492 419
462 166
115 401
187 125
62 436
340 255
136 409
4 242
172 29
88 14
79 317
253 425
333 422
420 35
443 121
368 435
317 108
378 210
286 342
112 125
278 451
380 413
361 383
432 310
411 21
323 268
115 353
193 447
54 390
482 496
288 128
431 383
13 88
93 77
429 204
201 485
433 81
176 72
241 109
381 430
129 481
475 21
334 445
468 165
335 228
161 401
355 370
284 145
457 376
221 164
357 422
149 290
280 325
139 299
211 20
229 117
278 204
137 390
149 105
55 261
332 493
162 464
363 223
110 98
376 330
39 234
30 465
301 88
68 440
386 278
237 115
394 293
96 31
183 244
136 15
5 245
8 444
210 148
167 97
23 44
204 62
55 234
304 133
99 371
350 484
149 88
99 320
158 194
350 340
215 263
132 219
286 140
440 273
65 385
369 365
428 73
204 260
84 8
170 182
378 21
166 304
385 42
401 43
13 29
160 227
292 291
224 355
208 164
128 273
49 496
415 254
346 119
291 430
126 461
112 281
259 278
362 144
319 263
186 332
69 345
336 138
413 60
492 122
224 120
172 50
393 87
82 240
205 372
170 108
111 281
166 369
336 305
13 433
345 475
43 413
320 378
52 12
438 44
133 439
441 304
266 334
168 347
351 150
220 298
35 330
357 200
477 193
282 489
126 127
465 168
40 63
324 91
74 262
412 483
478 353
65 244
464 232
92 94
381 311
391 193
418 248
392 395
219 174
163 122
78 405
68 118
467 391
485 319
153 397
302 131
28 367
374 270
376 243
363 36
54 32
228 250
280 398
422 498
72 85
397 427
489 464
45 235
355 307
331 285
482 133
193 10
277 68
57 431
310 419
466 142
451 194
169 9
92 91
284 441
453 181
368 220
146 190
454 278
496 285
64 478
196 256
266 250
101 322
181 189
20 424
108 248
119 276
34 487
144 317
206 374
275 351
95 198
41 326
476 315
389 40
71 85
73 114
112 451
436 71
140 233
494 247
258 113
300 291
378 221
385 361
96 160
213 467
358 31
71 112
345 459
428 194
321 1
307 433
451 21
4 368
253 497
392 11
388 192
79 44
191 463
404 64
401 117
308 259
148 378
148 270
338 76
463 159
76 271
369 305
291 150
173 322
148 66
110 313
35 189
134 225
429 38
66 330
432 373
366 80
252 14
127 90
89 91
26 442
139 395
247 207
45 197
29 469
262 139
60 75
105 193
77 34
9 143
364 440
16 230
297 45
244 423
134 110
291 437
52 207
332 76
414 154
273 442
401 312
358 460
386 240
431 241
274 439
383 138
157 176
145 453
221 166
376 354
276 445
291 105
152 400
181 66
332 231
286 233
320 421
470 484
162 179
225 213
118 108
128 52
283 272
5 4
438 159
136 491
104 204
96 33
382 54
376 214
284 439
224 382
360 194
366 299
151 91
12 46
198 139
98 258
411 102
40 127
38 175
395 418
378 490
451 260
322 327
251 383
266 474
265 403
446 131
203 97
498 214
142 473
131 17
232 319
119 271
223 156
445 118
75 101
385 303
139 207
407 389
91 173
364 133
76 88
42 56
184 40
48 103
14 178
397 245
274 16
293 496
448 16
114 300
116 498
380 32
483 287
421 74
237 63
483 91
150 25
146 111
65 470
490 78
148 387
100 199
180 392
195 406
185 308
483 300
85 364
110 68
428 31
418 166
370 401
256 20
204 401
407 268
372 175
123 297
63 499
496 20
391 191
425 353
277 187
153 139
51 40
206 478
70 401
144 439
80 177
236 283
79 420
328 228
96 450
302 435
449 298
232 118
267 158
470 321
122 401
459 449
440 442
427 288
343 349
5 422
26 241
206 381
438 34
386 311
262 189
246 211
486 478
107 31
413 77
129 312
255 88
261 196
30 465
483 150
314 265
73 118
6 56
276 222
366 163
33 405
351 57
394 115
312 1
423 3
354 52
314 110
417 75
83 446
40 343
374 132
108 224
27 391
279 80
113 422
242 422
328 370
478 222
263 68
499 186
70 353
15 161
240 431
235 322
156 53
442 30
461 51
31 265
219 309
344 109
9 364
31 114
234 287
335 274
132 334
237 202
465 252
140 205
460 153
305 393
205 247
200 443
75 230
208 293
316 329
179 325
193 487
438 205
52 52
478 183
163 493
162 128
23 302
333 482
454 415
154 436
162 353
379 237
361 364
307 177
193 486
279 164
251 495
146 302
324 401
484 486
394 147
115 416
226 225
177 180
140 108
393 79
460 272
93 321
413 400
276 383
164 332
324 414
327 469
493 151
371 477
415 265
401 30
459 127
32 413
84 171
21 476
27 258
26 120
357 438
297 133
100 460
242 423
152 70
171 145
497 42
399 412
84 301
219 320
205 28
233 289
475 31
265 3
289 69
122 146
284 418
56 383
156 297
85 307
144 255
229 419
74 405
109 434
206 106
255 189
133 265
477 109
296 20
111 362
88 10
285 150
427 340
33 83
414 394
167 336
426 173
33 277
78 141
212 62
24 244
250 157
9 5
43 82
301 153
443 389
162 228
316 366
345 126
226 38
21 170
151 224
342 183
2 419
101 490
258 125
234 8
281 20
289 323
102 91
253 322
257 192
328 73
335 450
198 61
487 495
230 415
220 72
98 498
268 199
488 304
323 222
89 381
241 378
481 120
468 234
442 225
203 270
75 38
220 272
98 485
268 105
400 265
453 276
263 221
252 29
302 75
250 391
233 268
269 214
388 237
225 108
239 205
377 313
242 374
362 117
137 407
221 38
172 174
91 212
172 342
240 474
194 489
365 426
36 134
417 201
148 419
308 164
124 462
254 365
336 116
259 251
24 479
66 472
430 156
185 102
497 424
353 191
192 218
394 5
129 311
205 54
8 13
494 131
252 248
273 365
142 32
116 165
288 181
414 218
336 99
319 333
301 450
301 492
445 195
496 352
283 478
405 290
490 178
420 20
425 470
384 67
279 1
9 67
458 423
284 73
22 381
405 322
331 484
92 276
179 365
128 462
343 311
30 111
488 228
130 191
198 15
258 477
292 44
321 28
466 106
100 266
264 283
365 372
267 457
148 223
100 54
185 443
142 492
54 407
220 461
98 195
253 133
449 45
177 271
349 143
154 449
186 417
232 52
289 498
286 214
221 385
45 184
106 186
453 437
93 173
398 468
367 151
101 317
472 55
365 321
475 19
48 161
435 279
212 2
55 275
215 54
438 260
15 44
223 467
480 94
140 378
62 284
306 439
378 278
494 243
377 469
39 424
130 473
481 120
252 36
394 467
89 110
5 103
154 227
70 411
320 486
68 381
271 373
321 426
429 315
447 84
62 485
8 191
237 266
310 488
302 482
455 168
369 459
49 23
187 118
212 284
382 279
166 430
429 264
356 136
356 303
219 417
289 5
108 26
270 196
14 72
455 247
18 324
483 66
125 447
460 336
232 342
392 175
272 321
438 406
457 72
209 176
488 275
457 373
78 228
346 369
77 79
116 371
403 99
436 305
47 397
141 56
239 33
230 289
131 168
195 88
17 181
42 5
234 498
155 311
4 2
180 358
80 73
229 260
449 166
65 273
340 482
328 356
15 58
145 423
3 117
11 19
76 329
300 309
106 454
397 386
455 355
244 313
205 251
73 154
194 415
426 34
397 254
389 190
89 312
113 91
206 400
109 281
8 408
367 113
141 43
498 373
175 21
186 379
49 37
311 242
451 237
275 126
269 441
315 135
253 205
226 237
106 112
18 113
298 163
3 438
205 278
311 379
298 275
36 346
311 346
365 40
84 417
165 130
359 258
264 389
462 267
126 68
379 421
457 454
84 459
170 66
16 258
222 313
33 257
437 343
104 302
160 187
220 325
94 356
83 135
245 45
402 149
390 59
70 125
13 430
362 182
495 377
217 217
467 250
473 404
370 354
484 31
41 481
133 411
337 215
47 359
37 448
285 204
284 354
329 296
62 468
255 334
345 471
51 312
498 302
494 369
156 256
177 474
237 309
163 351
301 209
210 337
434 495
319 218
127 425
291 189
393 323
23 16
73 351
327 71
430 99
439 363
354 393
115 91
202 278
441 3
264 429
118 476
202 214
471 328
139 41
294 309
363 95
324 435
223 428
284 430
28 1
293 381
394 186
250 96
463 468
376 5
175 493
258 376
484 230
482 123
270 54
431 410
425 255
346 148
183 130
355 487
130 426
369 301
112 396
397 352
364 273
356 317
44 392
193 28
122 452
427 169
284 358
79 209
390 202
135 350
109 489
338 17
415 484
317 27
380 491
156 22
264 290
116 85
182 87
389 303
39 316
249 322
451 105
309 119
307 443
469 415
210 85
209 126
69 27
429 226
18 86
25 60
375 141
421 334
227 311
414 43
404 163
143 356
267 451
474 74
172 221
267 381
305 253
284 151
279 214
376 75
77 179
411 229
97 332
63 323
143 476
143 48
139 285
181 183
236 432
35 407
154 79
67 236
331 350
387 388
341 41
462 417
219 373
423 315
205 485
415 126
461 59
450 377
121 408
61 135
340 372
319 271
450 385
8 281
236 394
169 354
212 131
272 431
281 195
24 264
458 217
167 197
53 394
75 173
302 412
307 142
284 127
413 12
289 420
292 302
92 461
157 303
369 206
12 428
178 313
192 136
30 136
333 359
30 185
32 331
374 117
250 435
21 440
446 87
360 238
389 229
476 46
310 124
251 321
52 428
134 21
342 440
156 452
299 462
137 109
293 288
3 320
1 23
261 446
109 398
461 275
128 216
320 215
339 348
36 390
55 447
188 396
165 343
348 242
83 262
350 153
50 352
472 50
152 233
273 38
132 234
313 37
227 410
29 66
259 341
455 313
288 143
486 231
263 334
472 345
96 100
275 422
229 248
249 158
258 22
195 167
33 285
480 260
473 9
325 10
350 59
100 415
478 86
146 20
197 118
142 70
494 417
491 223
442 240
380 200
39 353
367 71
415 347
108 388
356 211
175 206
47 274
121 302
137 45
321 333
439 241
402 434
435 393
157 377
410 315
77 448
168 443
297 360
291 182
249 424
392 201
130 216
475 28
19 112
72 117
445 12
135 347
445 70
19 379
446 206
194 24
155 139
244 229
277 312
410 26
236 81
4 143
296 478
448 92
368 20
209 313
308 121
437 31
191 233
188 137
439 159
437 371
76 459
100 352
271 287
155 285
367 158
205 441
137 153
33 282
450 19
372 36
140 87
67 330
320 32
244 37
190 459
407 265
418 284
394 466
71 49
29 216
207 234
157 121
386 189
402 336
485 52
150 125
138 216
232 457
25 475
271 214
212 455
257 130
239 428
374 88
477 402
303 461
136 459
359 300
425 261
413 410
90 63
312 227
56 44
462 80
20 233
72 231
189 106
139 205
34 290
292 288
192 95
249 106
331 108
405 35
146 96
222 235
159 35
462 491
78 202
72 97
434 420
106 400
26 22
383 336
311 175
125 3
48 373
385 156
259 68
190 182
164 412
417 100
224 157
91 301
358 162
176 70
359 59
248 384
80 131
498 390
83 123
170 130
273 56
286 309
123 253
491 64
442 408
163 166
342 254
467 477
193 420
324 53
478 72
436 58
202 434
447 285
334 394
192 385
449 255
194 350
9 185
413 228
370 77
394 212
330 139
189 23
59 14
75 314
362 289
371 342
1 96
404 113
489 96
497 217
129 191
344 414
154 257
142 24
111 313
236 218
451 202
19 287
492 370
101 133
436 249
474 437
122 378
327 112
251 324
106 379
292 449
293 445
483 213
469 95
26 482
90 477
461 108
42 232
478 420
364 414
169 338
129 291
493 455
180 244
57 285
401 349
12 471
294 494
184 41
366 210
300 456
464 40
341 6
271 319
425 135
12 372
250 140
163 243
373 342
264 429
404 165
278 193
414 350
464 98
168 331
85 468
65 49
8 405
55 278
3 257
190 14
129 439
153 69
459 303
188 223
233 369
166 11
62 80
138 27
454 306
135 40
274 199
88 59
381 419
114 383
454 303
396 83
20 327
429 478
130 117
201 362
486 144
151 48
223 288
351 455
94 485
494 145
461 359
203 343
57 316
4 11
396 400
370 193
5 299
171 411
416 150
274 402
293 202
227 294
267 356
249 361
341 21
283 81
379 486
423 435
80 204
445 254
104 316
446 385
115 395
297 308
45 348
487 115
50 492
408 316
348 434
454 189
454 238
47 334
2 247
47 358
451 492
389 55
86 336
440 477
9 15
64 53
362 51
167 411
43 353
5 390
287 237
357 242
474 403
353 253
151 399
388 102
169 278
433 32
391 151
287 399
165 350
451 27
400 395
215 443
248 497
111 313
234 467
55 485
149 185
238 77
361 126
178 31
181 388
339 72
40 126
248 481
475 199
286 376
372 278
97 397
275 484
210 286
230 42
271 378
226 286
454 88
190 409
395 370
75 234
220 391
360 467
373 113
444 436
488 316
214 362
490 267
347 201
330 77
20 102
232 24
165 463
388 354
372 61
3 224
294 222
116 431
189 266
322 410
479 310
226 470
450 494
15 297
472 345
151 491
224 382
292 388
345 180
243 494
240 23
218 312
244 111
21 210
376 342
121 133
430 124
104 380
118 118
454 90
462 105
359 186
486 151
75 331
109 95
103 126
394 320
215 138
431 14
125 85
133 23
218 63
147 321
220 42
216 174
409 179
56 46
142 42
473 493
150 359
365 252
485 259
350 477
174 281
490 77
143 124
99 138
463 23
236 184
342 452
135 251
408 191
74 327
10 47
321 160
406 463
189 169
223 39
146 174
97 414
250 18
38 127
155 278
149 169
461 490
121 374
19 306
65 92
133 351
416 453
288 100
417 477
268 417
293 191
368 168
105 119
462 419
245 117
198 393
63 436
162 183
310 180
266 152
50 399
4 465
130 291
65 324
46 110
241 117
300 110
62 405
6 24
102 250
417 299
420 480
236 359
440 46
317 207
475 366
106 256
109 235
47 450
337 370
60 78
264 137
464 325
319 247
126 421
274 43
220 195
300 233
331 241
57 148
225 32
291 330
287 177
342 111
404 179
258 241
35 22
378 276
124 197
24 249
395 297
70 116
269 369
348 378
387 404
26 112
213 95
219 499
49 339
388 453
295 146
471 107
445 349
383 69
324 184
96 219
258 165
112 28
311 238
405 199
142 208
88 133
80 85
132 406
423 20
359 495
443 330
103 388
457 263
456 59
446 52
277 204
493 167
9 83
404 191
59 323
177 146
455 34
230 365
439 430
384 76
426 105
184 29
492 141
291 227
199 15
56 253
495 50
419 5
409 323
472 467
424 149
113 379
460 121
244 399
328 406
475 32
11 159
337 4
77 405
8 275
419 63
305 415
389 3
197 298
103 446
265 27
373 156
406 333
54 427
232 381
333 484
191 344
143 28
125 219
433 132
271 352
471 354
45 361
356 19
159 236
243 424
263 116
357 446
448 410
373 457
69 207
442 259
328 362
287 230
359 220
361 130
349 110
261 172
470 394
190 130
131 432
331 393
325 188
339 273
98 489
9 166
196 450
203 301
90 489
31 448
209 169
356 335
279 117
7 249
12 474
156 142
184 486
312 10
174 428
60 49
417 68
492 391
295 195
192 385
184 223
111 170
391 466
282 447
361 289
197 372
41 352
291 224
117 103
11 68
308 71
394 225
415 386
116 211
358 308
373 319
308 483
488 476
450 48
424 311
114 398
460 154
28 251
156 144
131 166
212 438
14 106
440 429
269 57
140 127
142 290
445 449
273 211
203 1
258 127
89 150
25 49
303 53
77 236
473 484
402 462
200 193
345 141
122 114
474 39
18 116
328 462
342 102
450 45
379 209
449 468
136 251
294 216
81 149
452 55
410 132
294 111
324 140
29 446
31 280
484 49
173 313
288 15
192 239
336 348
225 63
94 360
314 388
76 172
314 28
226 224
436 298
112 261
437 417
484 467
197 468
293 147
59 82
438 28
320 275
376 322
115 469
182 206
135 35
378 448
340 381
450 276
179 339
314 116
35 298
361 9
267 154
156 103
13 94
131 110
146 7
431 261
253 390
244 388
425 122
114 265
4 341
318 459
181 133
76 492
430 214
1 474
145 156
78 158
28 208
267 173
491 199
211 244
89 455
132 291
77 246
56 357
87 374
317 45
284 170
37 214
383 315
189 28
470 266
462 497
251 8
448 242
483 159
485 72
114 118
141 468
141 473
103 5
125 419
327 408
89 141
123 249
455 89
55 204
354 294
478 382
301 426
124 284
363 109
134 254
4 274
222 421
247 103
204 372
22 31
58 388
448 180
414 404
46 246
385 177
41 363
59 341
68 182
126 430
69 37
184 349
310 184
271 334
286 474
483 85
282 42
250 230
498 442
411 45
188 296
221 228
160 58
347 227
239 472
434 85
9 395
434 96
356 482
429 419
234 413
5 293
232 32
23 230
473 212
274 162
8 273
167 444
108 14
448 124
263 382
209 49
56 420
144 411
402 351
331 136
42 113
428 273
144 228
280 118
439 332
57 225
105 1
446 212
15 395
335 55
55 321
104 110
241 25
299 143
153 130
56 471
242 261
244 385
267 25
280 483
356 114
208 238
115 155
227 406
327 339
460 159
161 341
47 179
366 345
100 296
474 155
268 493
194 289
156 460
313 436
443 446
327 429
461 219
361 188
125 188
305 86
124 243
204 170
421 347
292 21
144 266
453 411
37 424
200 193
384 291
406 105
15 233
34 476
452 394
441 77
359 246
439 483
488 421
430 188
268 223
208 411
266 438
100 303
362 78
273 24
146 179
129 160
411 162
413 141
334 355
495 193
378 212
453 367
133 162
332 401
384 40
312 427
256 190
8 118
267 280
419 412
458 48
349 148
486 263
288 320
118 283
14 495
495 244
140 405
405 471
306 67
289 396
494 45
86 2
439 130
282 136
42 240
183 390
387 170
153 453
267 48
236 58
321 9
302 238
414 484
210 497
52 276
393 46
98 478
47 314
108 106
450 426
124 410
95 11
80 247
241 347
73 255
182 393
263 483
131 454
468 118
452 20
393 345
342 268
102 166
83 486
272 310
413 395
220 8
183 78
32 424
202 104
179 383
274 219
367 183
174 113
300 403
132 471
26 251
239 404
416 321
391 188
131 82
360 129
366 44
206 397
467 407
279 423
290 330
142 434
13 93
47 313
273 455
284 299
206 300
203 123
122 371
88 30
452 448
435 318
491 141
493 236
325 50
436 116
379 78
327 392
448 374
482 221
107 266
297 313
66 1
213 464
371 300
272 102
26 207
419 294
126 412
30 450
461 243
343 119
321 171
11 47
45 492
267 151
36 342
241 378
342 231
121 490
32 170
92 334
154 289
129 279
201 435
230 440
179 73
59 277
21 346
323 65
116 367
493 428
209 12
306 328
243 204
319 52
373 188
385 28
476 14
306 455
449 313
395 128
164 231
404 184
354 227
27 469
371 20
175 81
308 480
186 51
462 5
102 335
193 487
362 169
278 446
124 227
37 296
132 200
304 36
162 158
40 188
404 189
484 79
47 292
337 232
343 299
237 222
411 207
486 52
153 265
497 55
269 311
350 401
289 432
436 450
90 254
138 272
442 399
350 488
468 464
220 311
41 234
311 452
218 297
4 371
339 278
425 109
89 53
10 377
484 223
105 352
254 20
124 473
418 251
461 387
493 459
475 34
470 286
485 189
361 266
60 200
44 262
86 410
314 372
287 77
96 392
428 127
411 329
101 108
80 339
494 350
76 247
384 47
311 369
13 449
136 349
426 456
111 13
366 202
384 431
278 257
101 483
384 289
312 262
396 170
101 168
20 454
193 403
1 4
51 290
452 463
139 378
419 27
168 64
228 53
494 284
87 95
267 248
383 357
10 58
27 388
225 323
342 417
5 120
198 55
409 427
295 48
306 491
74 473
55 79
303 49
362 390
420 407
415 304
42 425
361 345
313 363
168 432
59 172
52 34
4 460
461 298
8 267
290 358
18 344
436 99
171 77
488 91
261 403
172 302
106 33
147 196
174 92
128 10
42 179
43 45
139 4
121 423
48 188
59 66
309 495
164 479
349 429
348 387
110 20
189 493
330 113
189 4
481 317
290 23
273 332
345 190
114 465
113 161
153 172
4 461
444 444
219 71
151 67
457 39
86 423
32 193
313 497
473 294
92 263
95 365
373 439
332 264
404 444
424 334
393 206
73 115
427 291
462 356
135 197
172 498
397 480
191 210
477 442
282 347
205 376
489 355
93 321
119 496
43 321
108 214
27 180
106 231
249 69
364 161
265 36
436 163
16 128
150 271
70 431
118 52
85 384
407 177
205 26
450 25
346 335
238 150
16 344
159 42
190 300
479 454
336 416
394 129
321 45
399 168
253 294
219 116
178 403
70 160
207 298
185 330
133 200
258 425
321 416
466 11
216 224
465 329
140 137
458 460
181 135
128 212
429 124
327 384
28 396
322 234
194 284
64 105
261 321
30 83
15 274
93 9
497 335
337 137
472 73
374 430
208 279
142 414
402 246
76 429
420 175
440 391
458 282
495 220
380 26
80 173
299 449
181 74
285 295
487 35
146 361
464 131
140 384
45 319
130 397
249 327
73 466
219 308
26 214
305 406
239 384
79 315
112 37
166 396
109 153
208 254
291 449
162 208
333 206
28 241
381 54
68 231
20 286
39 46
278 122
229 17
283 85
110 394
398 275
290 7
206 275
39 496
225 200
205 335
184 10
76 342
63 421
73 359
484 111
182 262
10 410
57 293
272 166
187 170
218 255
454 201
30 270
198 254
469 180
90 430
189 442
272 29
141 344
387 403
233 70
165 242
257 498
35 30
441 499
199 437
254 430
138 283
200 335
315 447
292 182
377 258
401 427
286 43
49 174
445 281
21 387
301 277
164 113
84 105
112 283
42 365
213 180
149 191
292 463
138 85
422 15
342 323
219 129
365 268
80 88
49 100
253 127
154 416
240 238
298 351
298 340
217 288
20 143
478 89
383 116
173 305
408 293
128 127
421 271
394 278
136 221
155 166
347 86
82 87
323 380
438 398
497 432
187 294
75 442
382 235
336 56
40 22
126 444
148 324
215 320
102 129
41 34
294 387
119 154
252 220
34 467
118 308
399 82
102 251
302 261
485 138
94 302
159 219
246 84
43 239
403 144
367 221
454 161
386 74
314 138
293 125
382 188
210 281
48 89
309 349
350 72
264 443
373 200
163 396
283 482
135 464
127 279
185 358
440 348
431 32
263 2
434 145
467 421
203 15
11 12
141 360
360 404
81 233
381 243
130 164
226 42
405 130
321 91
487 39
216 197
347 479
475 281
124 442
203 105
234 213
116 374
350 476
56 430
486 436
451 393
378 454
435 283
84 256
151 348
294 367
322 141
124 298
200 247
18 180
351 252
170 245
403 20
498 237
227 262
450 178
156 328
132 91
389 492
124 40
119 417
184 440
335 307
16 312
332 311
491 460
63 161
482 243
457 258
479 185
21 430
140 176
36 272
44 424
42 167
464 160
361 425
378 196
233 171
286 342
481 277
302 321
216 63
65 173
320 321
135 340
29 275
293 65
324 336
488 365
280 230
303 141
156 458
115 166
406 400
8 388
177 87
209 170
149 51
343 247
150 255
87 178
30 158
242 131
493 9
274 274
238 354
192 171
312 306
336 218
483 121
383 438
485 370
108 134
420 228
380 347
483 245
26 290
402 267
421 173
275 195
224 291
49 194
461 138
277 298
133 261
196 17
199 181
386 84
93 84
312 250
431 295
494 234
362 174
1 283
125 54
255 126
122 81
319 83
495 97
158 129
357 354
145 333
35 308
416 404
169 6
155 377
300 426
111 440
101 389
1 3
220 256
128 341
114 225
423 110
321 82
238 455
213 160
66 25
245 259
429 413
265 84
69 342
10 179
282 387
68 283
389 65
39 295
405 429
297 329
39 118
188 276
350 178
213 193
202 457
451 408
149 216
269 217
59 279
173 340
443 19
123 111
83 438
183 488
368 479
95 184
97 60
238 224
237 450
194 216
408 145
125 334
361 171
51 197
449 223
37 171
19 437
281 102
153 463
90 298
442 461
482 316
21 220
317 35
170 11
28 355
155 429
466 293
101 17
489 327
18 304
497 36
241 278
414 393
19 281
469 238
242 451
54 40
448 148
351 395
158 379
29 91
86 494
383 186
289 151
14 306
454 288
119 195
344 311
365 362
92 334
101 112
63 431
151 11
80 280
406 15
159 434
105 244
428 266
208 217
416 498
300 370
286 197
342 130
8 207
492 99
319 370
210 381
79 139
392 158
418 298
173 354
10 55
375 215
320 360
432 236
358 10
383 145
206 225
274 490
432 44
367 251
413 354
132 270
270 301
427 465
376 377
319 385
432 472
101 30
332 310
44 468
319 426
113 303
152 164
71 361
208 437
389 398
292 298
168 339
100 373
305 475
250 401
361 459
373 239
267 483
49 310
229 145
14 341
447 165
5 19
303 212
233 192
388 302
490 56
142 90
428 446
65 456
125 203
193 498
441 459
259 489
47 487
135 61
106 359
3 110
155 306
100 388
497 265
467 265
98 386
354 304
110 197
260 235
177 230
11 119
467 269
385 14
34 297
74 416
157 77
303 89
160 180
254 434
444 222
200 43
108 331
346 218
28 383
452 482
113 240
101 357
9 263
371 319
61 222
235 494
76 315
83 235
495 337
447 439
336 147
259 221
477 105
216 283
265 445
265 156
185 143
13 470
405 161
67 465
383 301
237 236
117 320
249 389
434 196
328 48
342 88
268 97
469 262
379 235
207 144
390 392
286 180
140 469
341 207
434 2
285 449
237 179
47 485
68 258
458 396
305 300
261 350
175 230
112 54
242 97
475 409
488 39
90 405
8 430
112 220
209 397
169 445
76 215
209 144
472 167
317 55
245 78
404 419
85 294
250 105
390 225
14 156
264 103
61 271
310 173
268 19
70 436
242 422
428 450
66 400
394 160
454 139
237 137
335 100
430 86
204 320
88 217
475 351
98 36
400 185
485 168
204 332
382 445
255 310
173 320
488 67
480 220
483 494
134 318
371 64
181 75
161 269
70 413
397 167
227 297
351 212
243 332
45 402
55 299
489 227
396 255
72 154
475 55
426 386
150 297
450 331
150 388
377 219
302 274
163 29
72 291
240 92
124 62
271 178
138 260
183 35
16 32
465 268
86 391
431 13
466 381
121 116
48 497
334 349
272 496
155 121
287 394
489 188
234 260
366 371
297 326
183 90
357 149
357 220
317 289
10 283
447 131
398 272
405 10
121 177
283 275
75 71
447 341
258 458
101 401
329 176
5 290
265 361
216 400
358 33
466 368
94 413
276 269
463 181
279 84
136 62
137 210
409 361
52 445
319 429
124 425
105 129
215 148
267 430
48 403
241 14
271 112
204 47
380 167
5 436
29 140
498 442
350 185
303 179
130 399
385 254
324 268
160 317
415 426
25 462
329 43
475 377
154 179
423 35
124 206
248 152
345 246
94 472
209 174
428 338
73 314
92 174
82 251
490 496
455 16
458 284
58 211
439 212
167 140
24 290
345 271
219 191
295 312
163 4
485 92
119 335
183 488
10 264
17 499
38 471
292 495
34 128
483 472
339 150
112 140
218 457
188 436
425 260
249 365
41 12
234 160
125 416
148 134
457 441
410 494
413 203
267 224
330 28
196 446
178 85
363 395
319 328
331 22
89 357
387 129
147 121
66 271
315 490
182 272
432 92
45 123
72 89
346 179
117 319
125 294
181 265
466 1
94 75
22 182
432 186
88 356
307 431
404 399
421 86
448 353
177 492
253 27
359 99
205 475
195 108
47 376
372 13
376 465
364 175
424 296
361 13
429 445
221 333
344 142
418 70
273 373
63 26
399 199
402 381
174 97
488 497
472 361
10 126
104 373
301 306
447 162
318 154
384 316
487 228
457 183
297 230
333 137
34 10
335 435
391 286
309 379
283 282
18 70
185 399
221 485
205 445
424 300
99 308
116 363
36 73
47 111
81 157
25 391
167 138
104 58
423 412
214 484
471 10
331 157
408 52
419 390
274 344
190 373
152 83
14 465
432 337
353 13
494 377
181 161
15 62
495 216
252 209
477 223
218 308
157 403
138 354
293 411
198 260
62 127
342 76
369 275
412 222
65 184
377 246
344 391
307 339
384 59
326 361
60 321
447 493
225 85
125 18
495 322
278 58
227 397
410 96
172 322
318 237
284 195
260 405
363 344
23 26
181 348
164 18
169 111
11 171
195 136
189 468
235 244
26 461
418 435
335 91
35 430
105 318
125 364
2 265
208 24
68 388
371 232
183 317
342 471
488 315
384 454
61 119
475 86
358 393
298 470
483 110
400 365
206 302
229 207
67 215
230 412
380 378
144 64
195 263
35 183
355 418
414 415
314 389
278 172
283 353
142 44
463 319
409 446
121 415
153 465
130 160
377 11
38 21
74 232
283 385
193 416
303 384
331 394
274 110
344 334
462 485
377 203
83 64
149 203
479 79
168 386
238 45
396 53
65 247
285 126
409 255
42 212
139 150
384 190
259 228
24 499
490 179
479 73
242 406
276 498
484 443
385 1
266 59
53 330
84 115
233 492
147 52
482 64
202 366
253 238
94 55
15 84
233 494
157 252
178 210
29 439
153 191
439 418
249 492
27 332
384 37
325 32
89 307
95 290
173 125
28 44
179 320
127 189
314 61
219 269
270 247
208 201
437 148
396 463
417 200
296 301
237 121
110 325
205 481
115 155
107 419
198 63
239 102
252 330
163 248
99 210
494 307
410 209
232 85
172 149
284 245
227 21
143 115
345 347
96 237
2 479
434 476
43 173
79 72
281 19
319 379
228 91
463 416
77 195
1 248
121 284
493 126
305 413
240 427
261 113
165 40
93 99
17 135
49 372
206 329
390 302
486 118
392 449
34 468
422 311
493 43
96 264
445 178
178 462
105 438
76 47
255 168
422 49
302 249
420 285
78 88
87 64
206 256
14 17
224 213
328 494
255 201
259 478
378 436
440 260
152 16
307 184
183 7
233 262
255 430
324 333
19 188
174 2
443 464
295 444
177 123
439 210
101 475
188 478
411 128
239 340
144 323
301 104
329 34
144 362
464 467
195 260
156 146
261 99
111 56
321 65
456 260
274 57
235 461
313 423
367 329
41 11
429 341
391 258
153 35
397 117
3 92
376 435
16 414
311 403
469 132
467 203
169 242
38 181
480 350
104 347
179 421
357 108
263 27
143 415
61 41
309 340
409 462
53 202
376 364
105 123
495 73
104 442
314 141
123 72
490 5
419 446
425 54
331 465
80 251
380 141
69 466
258 256
206 311
457 82
175 63
482 447
412 363
389 4
4 290
75 493
294 493
217 219
48 48
185 127
76 342
45 145
87 303
400 292
114 357
152 66
197 411
290 109
274 457
112 277
247 187
48 318
180 264
314 227
89 276
132 164
119 176
308 482
478 208
274 369
343 425
212 317
336 3
426 110
459 315
164 483
2 211
301 459
252 115
463 340
391 95
5 287
49 90
269 304
76 320
174 418
246 163
13 359
165 438
247 401
32 410
162 310
399 240
269 151
355 11
491 24
382 273
88 430
362 134
235 215
453 186
410 199
348 423
336 291
139 83
469 170
270 132
480 169
371 27
98 4
314 366
304 197
139 391
404 278
25 416
493 478
379 403
454 6
104 68
74 243
150 43
412 198
451 170
144 101
474 241
104 288
384 408
262 23
77 444
79 102
360 349
357 18
252 89
23 356
157 96
376 84
415 288
281 367
236 203
467 210
221 348
497 106
34 260
128 388
204 483
489 341
332 124
358 362
212 158
495 146
253 371
230 446
436 288
91 172
490 335
381 212
183 157
317 494
194 222
382 175
483 149
16 315
50 152
454 261
309 449
185 340
98 414
64 312
479 154
483 470
488 143
459 171
299 54
442 270
53 324
444 36
472 237
129 22
166 83
61 475
310 23
93 185
436 156
496 415
309 258
163 75
400 122
23 476
452 465
24 6
289 467
41 40
481 446
338 148
307 176
400 117
198 270
79 411
203 76
105 289
111 45
363 288
444 385
42 396
350 65
401 417
309 220
234 290
166 72
215 472
26 115
366 1
162 445
412 364
298 294
153 408
338 293
196 282
179 15
179 306
79 357
223 387
354 456
454 21
306 447
270 109
339 137
109 2
359 298
365 434
92 296
342 208
89 315
489 45
329 445
351 185
81 74
349 434
308 303
232 114
250 3
222 90
416 330
368 275
406 11
486 497
306 328
482 173
420 472
217 27
195 68
211 53
419 337
487 227
140 496
340 168
498 339
35 192
446 402
244 352
412 230
128 496
58 110
169 255
359 163
59 332
231 269
384 150
106 149
376 24
146 493
468 421
110 280
114 333
182 357
463 371
88 91
145 422
477 313
178 337
254 236
446 484
283 108
411 166
257 65
466 180
335 434
101 444
214 214
277 173
349 240
322 436
108 466
358 86
58 313
200 311
327 423
73 110
31 483
53 287
48 20
244 382
231 345
104 223
336 158
173 185
176 494
398 283
239 257
146 296
347 123
384 174
46 456
61 77
439 391
141 486
410 385
146 418
8 249
418 343
184 369
29 359
141 426
143 379
460 66
452 86
189 336
259 12
292 98
365 231
488 284
494 176
169 417
371 176
443 290
296 128
159 102
486 77
306 406
456 44
472 408
129 438
23 166
449 314
263 93
323 29
376 317
204 322
13 75
275 455
142 71
83 78
173 347
155 478
253 111
22 225
296 428
440 318
94 168
410 134
260 233
162 413
327 365
235 339
217 10
295 137
80 155
214 30
2 146
285 33
34 85
35 330
13 475
425 106
143 335
17 180
68 178
93 173
320 327
12 37
336 84
450 193
17 165
223 295
310 8
327 344
369 362
451 381
337 154
264 257
267 280
436 112
235 29
284 55
133 296
369 246
157 319
438 173
261 438
468 349
224 295
470 93
434 421
252 271
352 293
28 119
74 241
231 308
47 15
141 456
88 10
202 245
106 418
195 367
134 163
216 357
236 186
228 170
384 257
219 236
50 24
355 123
265 363
209 89
155 127
46 243
136 247
265 241
442 459
385 77
400 101
211 136
286 438
83 447
472 301
184 23
325 316
422 367
456 408
455 111
35 1
353 170
248 395
189 190
355 74
44 33
175 255
168 238
470 250
186 443
329 147
465 154
462 387
21 196
296 475
306 108
254 437
278 2
332 244
468 464
95 290
496 47
45 164
285 15
192 248
235 21
394 200
451 134
365 471
329 438
224 412
46 477
349 101
256 182
122 3
146 217
292 420
263 114
84 325
128 53
73 363
350 244
340 301
155 482
50 483
420 52
174 244
306 23
344 63
204 244
342 128
460 411
48 223
25 408
49 152
239 398
292 89
143 133
168 297
115 494
4353 312 485
1811 56 221
2020 177 466
2183 420 473
3630 158 165
4351 381 484
3931 207 276
437 382 400
4532 25 123
423 100 257
3661 435 476
2333 444 493
4416 475 487
567 266 465
780 406 488
3664 371 475
4151 23 177
3440 411 450
3194 167 246
2893 90 304
1798 8 171
1462 248 300
1513 118 237
3259 456 459
1915 106 118
2242 254 349
3294 148 339
3246 216 310
3058 30 383
4146 496 500
4164 455 485
561 52 433
3351 340 409
3918 277 334
407 61 272
2809 74 380
2773 251 368
23 80 232
182 164 359
2359 85 393
1377 220 245
3411 228 307
565 386 410
2436 393 405
2046 295 328
1615 275 476
4122 206 467
3790 166 306
1033 67 445
3525 78 177
431 66 428
2842 316 493
4507 79 280
1961 249 407
305 61 227
2531 397 488
2355 292 369
2108 393 486
733 194 302
3504 4 170
1055 41 81
538 317 377
822 385 418
1134 363 466
2069 84 495
3201 53 250
4889 400 443
1224 378 399
4932 122 447
4735 18 147
811 206 236
4955 407 440
1237 350 462
2399 476 478
312 126 303
3455 425 452
908 373 448
3894 454 483
2922 390 435
2849 469 497
3648 327 352
2373 305 440
1917 222 414
2719 157 266
3813 414 482
3374 278 357
3244 479 493
143 33 47
2076 111 296
2171 462 464
1739 259 378
4162 375 422
2562 351 425
1561 72 78
1863 178 206
2792 33 157
4260 411 447
4350 493 498
4745 212 482
4457 413 449
491 393 467
3191 359 429
1823 495 498
4007 432 487
3948 147 226
4540 43 77
3560 46 174
1639 31 146
1697 229 409
4953 311 346
1608 191 225
65 251 265
859 77 119
2618 334 429
3827 237 399
3289 200 247
3205 4 176
2470 403 408
3906 434 462
3955 263 381
2478 74 98
4446 404 481
4467 408 499
2087 161 222
1723 289 304
3400 470 486
2453 240 401
838 287 327
3159 106 395
2016 187 312
4249 166 485
2988 493 497
638 30 160
1804 47 237
69 257 265
1624 308 330
1692 22 91
4888 442 494
3803 159 230
3576 399 437
4979 475 478
803 357 390
3366 296 486
4393 147 299
713 244 286
2537 325 422
2659 147 496
3146 157 334
3176 315 458
4156 57 391
134 146 377
4399 434 450
4857 49 178
28 398 484
2148 200 474
4914 244 334
4132 2 307
1984 47 301
1194 111 149
3322 135 137
3470 306 467
392 290 419
3919 360 490
1582 47 129
3879 450 490
4272 331 381
2437 442 475
2248 139 253
4118 309 364
3379 167 205
2247 112 376
4763 399 495
1592 109 360
1413 315 447
2571 443 464
894 462 482
2220 30 125
3727 15 285
3078 353 483
1736 139 332
2690 205 324
2976 477 479
1874 391 439
4065 272 312
2798 19 43
2269 111 265
1004 292 484
3875 66 84
2791 256 291
379 30 283
644 468 498
1007 210 361
4926 269 446
1435 229 488
1049 247 266
1607 220 260
693 256 446
4387 355 392
341 157 372
4241 470 492
133 241 247
2194 137 405
4647 57 494
4024 332 334
937 335 474
386 232 307
594 263 435
3196 236 307
4291 389 475
3895 131 299
4083 324 330
1240 174 364
2116 436 485
3635 4 365
4816 148 158
1459 221 374
2115 280 306
4886 450 458
2738 242 445
2987 466 480
2407 433 436
