100
66 59 50 79 88 61 59 72 
81 87 88 80 52 58 84 76 
73 90 78 51 73 84 91 86 
66 74 55 82 70 79 82 75 
61 82 50 98 50 70 51 87 
96 69 59 77 73 87 54 88 
85 82 88 53 53 79 92 89 
62 89 54 95 57 81 65 56 
53 67 62 62 82 95 85 91 
95 83 89 91 88 56 63 94 
93 92 84 57 59 73 53 52 
69 73 91 66 62 50 67 59 
53 85 83 74 91 84 54 61 
61 57 54 87 60 93 96 79 
68 97 96 81 77 66 67 61 
65 98 67 62 64 52 59 67 
67 96 99 94 68 64 77 70 
98 80 52 61 60 77 88 98 
80 63 95 52 77 84 56 99 
56 98 97 84 53 52 70 81 
51 95 92 88 89 85 53 83 
82 57 93 89 71 87 83 76 
96 95 93 52 67 79 73 92 
66 70 65 61 78 68 79 73 
60 70 81 80 66 75 63 62 
63 53 56 83 84 54 73 58 
81 83 96 70 89 78 97 61 
94 75 67 58 50 69 71 86 
94 94 79 50 96 85 62 63 
63 50 86 83 52 58 59 56 
97 59 99 53 68 84 88 71 
62 89 72 69 89 73 85 80 
52 77 91 86 61 96 88 86 
79 91 93 63 89 81 94 55 
53 90 88 54 68 76 85 82 
62 97 58 72 74 51 63 85 
80 72 60 82 78 60 54 76 
76 82 54 80 65 56 84 56 
58 84 93 85 85 59 54 99 
61 53 76 75 96 72 50 52 
71 66 75 91 99 58 57 72 
95 94 65 70 66 67 89 83 
67 86 82 63 52 63 91 71 
99 68 90 72 55 57 98 51 
68 87 62 71 62 96 68 57 
99 60 84 55 83 97 76 76 
83 80 67 63 86 94 72 92 
87 72 79 84 63 80 60 69 
61 98 91 88 88 55 90 61 
75 76 89 85 70 82 61 98 
56 87 51 66 90 85 50 99 
59 54 93 67 90 62 94 66 
84 55 73 64 87 94 52 57 
79 52 72 95 90 57 68 80 
84 68 78 62 52 93 58 76 
73 69 94 59 67 78 63 71 
75 98 61 80 50 94 66 61 
93 61 93 50 66 59 72 71 
65 70 82 96 94 52 57 99 
58 84 62 79 85 51 82 80 
64 58 97 72 56 66 70 85 
70 91 79 99 84 74 55 92 
90 81 92 71 76 71 89 90 
67 79 95 79 95 58 70 62 
81 52 67 84 69 93 81 86 
87 89 70 72 85 92 50 82 
52 74 74 97 89 86 73 66 
75 99 54 92 60 73 51 52 
55 87 97 67 85 86 95 66 
92 71 76 81 75 51 95 50 
89 64 89 91 63 57 58 87 
79 50 71 84 99 75 54 57 
59 59 56 79 90 83 89 69 
58 61 72 69 68 91 83 75 
88 52 89 77 61 71 69 59 
99 53 89 52 96 89 58 53 
68 50 52 86 51 94 66 86 
77 99 99 63 87 51 59 55 
82 78 64 86 81 90 65 81 
79 91 72 76 92 95 50 85 
52 81 85 58 73 57 59 51 
67 88 65 72 68 74 72 58 
55 69 99 56 59 53 79 98 
85 62 98 67 89 72 69 69 
79 63 99 76 94 87 81 93 
68 95 95 84 55 51 77 70 
85 92 70 82 62 74 77 99 
54 76 62 70 50 99 58 88 
64 92 77 74 88 73 72 87 
91 98 78 73 53 75 81 98 
99 52 93 65 95 92 50 66 
97 56 75 60 96 57 63 96 
72 57 92 97 65 80 53 50 
71 91 74 93 76 90 96 69 
73 91 76 67 98 74 71 79 
99 89 66 95 61 78 87 68 
63 80 63 95 70 99 72 95 
66 78 53 80 51 89 87 79 
79 90 69 51 95 61 91 60 
65 75 78 65 87 94 83 96 
