1000
60 97 39 42 90 0 61 13 
64 90 38 91 23 87 82 57 
75 9 51 36 86 27 6 15 
73 28 86 65 45 26 16 31 
73 76 90 65 74 10 70 10 
42 84 17 59 76 94 39 54 
65 26 3 86 50 28 70 27 
65 29 44 0 18 34 36 52 
85 77 88 12 6 16 9 35 
22 85 25 56 85 54 28 26 
24 58 89 86 66 84 74 8 
30 39 62 9 49 48 62 17 
83 24 88 45 34 38 25 96 
82 70 92 20 82 13 11 77 
8 77 2 90 37 99 89 94 
92 59 83 98 1 71 59 34 
43 86 72 58 68 18 61 10 
39 14 25 72 12 86 3 68 
64 0 62 84 32 1 87 32 
11 86 27 56 52 80 42 70 
31 75 49 78 84 19 65 0 
49 87 8 18 35 58 71 19 
26 87 16 87 82 37 39 73 
88 11 92 52 94 21 77 47 
1 53 51 67 21 23 87 97 
7 52 0 44 25 87 32 7 
18 47 36 51 83 74 21 77 
65 21 49 41 32 10 85 46 
97 23 41 17 80 31 76 42 
49 69 39 21 69 98 57 68 
54 31 21 59 96 0 8 15 
18 0 50 59 86 33 35 7 
50 36 6 54 30 68 85 81 
47 94 36 1 70 88 66 94 
34 37 98 30 44 23 80 60 
67 24 19 25 90 48 50 26 
84 86 61 36 2 75 67 70 
14 77 82 19 42 25 32 36 
51 8 19 13 16 72 14 98 
69 67 62 42 92 81 2 58 
7 15 46 56 90 18 76 71 
3 63 43 96 17 45 79 2 
84 32 63 91 63 95 91 20 
20 98 55 94 54 30 16 16 
21 9 28 38 54 79 71 54 
3 94 62 31 38 55 83 59 
3 44 35 81 3 60 95 25 
55 80 57 49 51 63 69 69 
13 99 3 39 18 62 8 99 
44 6 58 9 63 35 72 31 
66 22 69 31 16 59 9 22 
48 71 99 58 75 18 90 46 
62 61 89 48 68 93 48 91 
96 32 26 98 65 33 23 99 
21 89 23 21 45 99 18 24 
13 27 91 54 29 3 58 32 
34 18 34 89 57 16 52 25 
65 96 40 45 29 66 68 5 
3 17 81 67 0 11 10 56 
2 97 17 52 32 97 4 72 
85 36 12 17 99 96 82 3 
0 23 49 85 56 24 88 45 
38 20 57 15 53 45 74 48 
7 26 42 53 15 50 10 66 
61 28 23 21 75 18 4 34 
85 30 77 33 61 67 18 74 
41 57 88 45 41 72 99 38 
58 54 3 37 26 80 12 75 
95 53 94 21 28 88 83 36 
47 29 27 86 71 23 42 7 
15 35 39 70 63 83 77 73 
24 17 15 70 24 77 96 14 
10 12 77 73 65 32 87 33 
49 29 78 26 29 92 97 13 
53 4 3 36 86 88 2 7 
16 45 72 99 85 2 98 60 
20 55 54 62 59 97 85 60 
95 33 86 16 92 45 71 22 
37 60 97 19 38 20 69 3 
80 66 41 53 96 84 7 45 
24 76 29 9 45 49 48 57 
27 41 81 4 30 22 5 21 
38 45 66 33 11 29 73 29 
2 99 67 47 60 24 65 59 
14 13 37 65 23 75 47 73 
25 46 72 18 28 34 89 53 
14 46 81 19 63 89 14 65 
10 64 72 75 95 93 64 51 
68 51 37 17 57 82 57 65 
11 37 44 71 85 61 66 22 
17 94 40 56 14 91 91 94 
67 70 55 17 30 33 47 27 
56 19 15 82 75 97 54 97 
44 1 59 57 13 57 31 87 
82 67 68 53 51 48 4 11 
79 26 90 34 11 55 9 52 
34 93 83 11 69 70 13 40 
23 17 55 56 40 41 31 67 
38 88 15 51 20 93 57 17 
87 36 28 70 96 40 98 46 
49 94 81 88 96 67 14 76 
85 59 46 27 5 6 62 36 
0 25 59 27 37 81 54 20 
74 95 98 52 59 41 12 89 
38 86 75 30 75 78 36 92 
6 0 24 14 65 15 74 29 
74 91 4 87 78 83 0 38 
62 99 4 91 86 81 1 19 
24 80 57 85 91 12 62 83 
3 5 56 43 88 0 68 36 
53 44 81 74 84 95 4 95 
10 36 27 78 79 52 66 32 
21 34 46 36 92 96 74 54 
30 35 87 23 57 63 96 8 
22 89 46 59 61 30 74 23 
18 89 24 90 52 18 61 80 
32 48 88 99 91 82 57 14 
81 47 38 47 69 80 61 50 
52 75 85 51 79 24 20 62 
24 39 30 85 35 11 89 74 
49 70 54 20 63 38 98 85 
89 94 5 89 37 92 21 28 
4 96 6 87 70 31 55 60 
5 60 56 4 71 36 9 82 
53 91 43 80 50 54 84 91 
26 22 64 6 84 14 80 65 
31 92 47 41 32 26 93 74 
78 21 88 70 17 67 26 32 
14 50 80 94 56 42 5 69 
3 74 64 39 50 30 98 40 
70 49 72 16 27 5 48 67 
99 88 91 92 45 47 1 8 
92 29 18 6 50 32 52 60 
70 87 33 12 89 94 86 92 
50 97 70 51 81 83 38 9 
63 22 5 57 40 93 45 51 
33 55 34 96 64 74 17 15 
16 96 74 29 68 32 5 17 
90 12 59 15 82 98 80 82 
2 79 47 40 2 88 20 62 
76 4 33 76 95 41 94 92 
70 29 68 81 69 39 67 69 
95 15 80 13 86 5 95 70 
90 9 10 94 44 88 39 98 
46 93 47 91 5 23 80 57 
98 9 71 38 87 79 38 59 
62 72 4 80 10 81 4 71 
38 60 65 58 94 18 70 76 
59 87 34 18 17 33 71 83 
7 56 18 55 32 90 35 58 
76 95 28 85 36 24 30 85 
98 73 59 52 93 76 28 68 
20 95 78 67 21 3 67 53 
42 84 17 69 28 76 25 91 
10 42 73 29 9 50 98 23 
58 84 14 82 97 26 83 5 
21 71 90 81 69 86 67 56 
89 4 56 0 12 15 28 45 
27 14 90 48 41 98 34 5 
49 28 30 32 77 5 55 77 
46 16 9 37 80 54 74 88 
70 19 97 52 36 52 15 62 
80 59 54 9 4 25 66 55 
39 31 84 72 16 21 15 30 
65 76 97 43 34 1 91 56 
47 31 80 9 67 6 8 43 
9 71 68 11 38 10 22 9 
33 17 29 54 11 50 88 69 
40 40 47 41 76 39 23 71 
24 36 22 41 83 63 82 47 
45 87 61 88 43 51 35 7 
80 3 93 14 75 40 48 57 
20 45 76 4 15 4 76 55 
39 23 14 98 80 81 62 89 
7 91 89 6 88 69 35 99 
63 5 84 68 35 9 21 13 
44 71 26 41 25 49 60 35 
74 81 27 15 65 88 27 45 
3 13 33 62 2 0 58 42 
7 30 84 18 29 44 86 16 
40 47 70 91 44 48 84 49 
47 90 6 9 60 82 4 45 
31 26 3 89 79 7 38 2 
76 82 51 46 13 5 73 2 
24 43 3 27 72 97 58 39 
15 27 74 79 2 33 74 80 
77 50 35 51 78 67 13 52 
71 63 22 19 54 20 63 64 
3 77 51 54 76 10 97 59 
76 66 30 8 41 78 69 98 
16 50 89 44 21 83 22 72 
35 66 9 86 35 88 88 54 
71 11 62 11 84 23 13 68 
67 72 48 61 41 27 74 3 
13 36 54 98 96 73 4 52 
48 82 1 79 52 79 33 81 
13 54 13 69 91 92 25 33 
60 10 83 87 81 59 22 59 
21 64 46 77 52 79 1 87 
30 97 63 11 16 31 34 12 
2 57 9 33 53 92 48 29 
72 37 61 17 53 25 0 87 
84 34 5 75 5 63 58 81 
39 91 37 82 50 56 78 73 
0 21 78 38 94 20 2 40 
56 7 89 64 64 45 48 66 
33 92 1 21 33 5 18 48 
72 41 42 70 95 34 5 45 
58 88 77 55 98 92 8 58 
2 70 48 25 34 8 54 33 
88 31 27 76 79 7 28 6 
68 17 73 39 2 14 5 70 
17 48 89 87 16 46 88 79 
44 68 96 79 97 76 61 81 
61 86 6 33 50 92 37 83 
1 88 1 34 38 19 19 46 
5 34 24 68 62 38 65 12 
51 42 69 88 4 81 60 64 
48 40 85 20 18 2 93 15 
87 14 75 85 83 38 43 29 
42 28 18 66 13 47 66 70 
33 26 79 99 16 22 98 91 
39 20 37 96 16 99 49 46 
80 55 20 3 34 35 21 33 
35 54 33 83 12 69 18 76 
37 51 12 38 10 72 68 31 
11 99 66 53 45 68 56 25 
72 61 36 81 97 40 50 29 
80 81 59 52 65 25 47 59 
53 42 34 16 77 74 21 8 
30 95 97 17 67 10 69 13 
96 82 2 98 97 56 78 49 
64 27 12 40 41 51 86 58 
6 19 86 27 22 38 53 7 
50 71 84 44 10 50 44 75 
23 61 73 13 71 56 6 78 
60 51 33 46 76 6 64 18 
62 0 86 47 65 49 17 68 
16 36 10 27 65 32 38 87 
63 36 78 68 69 82 85 63 
33 61 93 3 67 71 17 93 
27 94 27 35 37 59 15 92 
61 44 80 89 87 19 10 31 
65 41 27 90 56 47 18 5 
35 7 85 74 78 44 77 44 
43 9 82 33 87 91 0 35 
9 94 29 86 95 98 21 96 
19 7 3 86 12 35 60 67 
8 87 33 59 34 44 83 39 
94 47 97 66 76 39 78 11 
69 30 17 6 74 72 33 82 
51 57 66 48 31 99 16 67 
83 43 86 87 25 13 70 57 
1 5 97 41 79 66 6 94 
43 43 30 74 71 66 10 93 
27 12 55 50 18 64 46 81 
81 62 17 22 8 11 80 81 
26 75 81 49 85 8 93 14 
20 67 83 42 96 27 16 43 
54 86 83 48 96 24 58 44 
10 78 29 61 99 18 52 4 
69 46 28 63 97 68 99 59 
78 84 15 99 27 21 18 55 
76 90 40 82 1 43 13 48 
68 68 51 32 83 34 30 26 
68 1 90 39 34 21 35 74 
86 19 93 65 3 32 86 56 
76 31 93 75 80 57 24 42 
43 55 36 97 5 83 58 57 
3 19 98 15 26 13 64 65 
0 42 10 94 27 69 88 85 
78 9 86 32 0 71 54 35 
11 10 68 51 76 4 81 10 
91 72 60 14 19 59 2 92 
66 72 85 71 68 57 97 85 
43 21 40 40 36 61 20 91 
37 45 52 22 72 61 46 11 
87 31 57 40 74 44 15 75 
19 68 66 15 57 43 84 10 
72 59 49 70 80 72 88 36 
75 20 25 69 31 35 3 91 
87 60 51 80 63 25 21 91 
82 39 25 79 90 96 26 20 
4 10 89 77 39 21 77 49 
70 41 47 86 56 29 2 89 
25 19 78 3 74 29 90 76 
69 37 60 46 27 3 98 83 
20 56 9 97 31 94 58 69 
53 56 7 98 15 66 94 52 
76 63 50 64 10 51 42 22 
81 59 99 34 93 72 77 76 
37 75 35 48 92 48 52 94 
46 61 17 65 39 89 34 36 
51 42 58 97 86 60 50 80 
11 49 94 93 76 30 44 82 
12 41 69 34 69 11 33 78 
59 98 19 77 22 62 75 3 
3 2 67 22 32 92 38 58 
37 94 24 6 27 28 78 94 
42 21 92 38 23 79 26 33 
93 51 81 60 24 68 76 24 
22 83 21 39 92 54 82 24 
29 29 94 88 64 34 63 10 
61 79 60 29 31 21 7 30 
37 53 95 71 68 12 94 78 
38 24 38 32 24 26 10 0 
46 32 37 90 66 37 82 38 
43 75 4 57 84 75 5 97 
67 79 84 98 42 17 88 50 
19 54 16 69 1 55 0 69 
34 28 11 90 78 47 20 93 
3 63 35 56 84 49 98 20 
51 52 93 66 98 29 21 35 
74 2 25 99 8 60 83 72 
31 86 2 5 9 94 66 99 
93 92 38 41 51 23 19 41 
45 40 97 30 50 14 55 34 
49 89 15 55 46 29 41 4 
62 21 22 81 30 27 7 85 
4 7 75 12 17 44 50 64 
94 53 96 78 78 55 54 58 
31 33 12 52 29 22 7 23 
40 93 9 97 80 18 34 91 
66 48 86 50 28 32 26 47 
31 51 16 32 26 59 85 24 
45 47 18 88 86 69 67 40 
71 8 28 67 57 58 38 64 
50 52 84 20 45 78 32 7 
81 37 10 45 2 52 15 57 
54 39 11 45 60 69 57 28 
46 17 71 35 27 57 14 56 
64 49 64 70 42 41 6 20 
55 58 60 4 77 81 12 90 
63 13 47 85 5 93 66 14 
47 15 56 81 19 47 55 31 
55 65 92 29 7 51 37 17 
54 9 70 29 88 11 49 64 
12 67 57 57 94 80 32 86 
45 45 28 15 26 80 59 58 
11 22 15 11 44 9 66 91 
69 29 74 73 33 30 97 29 
84 96 51 89 11 42 49 88 
0 92 58 80 4 28 22 15 
58 37 54 11 69 86 84 88 
79 2 32 21 78 46 30 40 
99 90 12 93 55 60 58 22 
61 89 43 55 75 83 46 87 
60 21 6 8 13 23 36 15 
53 59 29 90 49 85 23 62 
17 32 3 64 38 85 55 49 
65 14 9 47 24 58 31 68 
21 82 48 64 20 32 17 36 
48 73 79 32 40 95 53 68 
36 4 61 81 87 39 84 86 
40 88 6 1 99 87 80 58 
84 24 30 23 49 95 73 73 
11 66 20 31 6 45 0 36 
93 80 1 4 43 14 45 9 
2 81 11 90 14 22 97 68 
32 43 79 11 74 63 3 6 
77 2 19 3 67 24 42 56 
65 32 15 76 62 73 86 51 
56 5 29 22 46 37 87 12 
86 34 2 40 81 60 58 72 
71 94 67 97 8 40 61 23 
68 25 70 24 11 47 7 5 
97 19 91 39 36 26 59 17 
6 85 78 1 72 78 38 66 
6 97 84 96 78 22 41 39 
57 21 10 57 75 40 62 18 
7 27 53 14 91 4 22 14 
91 81 66 70 61 80 97 41 
87 13 16 14 88 19 66 17 
26 76 56 67 50 25 55 99 
59 79 0 54 78 4 85 43 
79 0 99 5 78 0 39 9 
3 89 34 0 14 2 24 76 
7 43 7 29 48 46 39 11 
14 67 41 96 32 83 61 53 
48 17 88 48 66 41 21 37 
38 16 36 33 98 61 0 42 
72 68 35 0 93 17 24 78 
23 34 14 15 51 15 64 0 
15 2 20 22 82 78 51 53 
59 34 49 28 44 6 86 50 
33 95 91 20 26 21 66 79 
25 63 83 14 95 95 8 46 
35 20 60 35 98 54 87 40 
27 24 23 31 21 67 72 42 
39 61 3 13 0 14 77 54 
49 86 36 30 91 41 12 63 
3 33 48 75 99 85 41 42 
90 14 38 20 61 96 50 70 
80 0 74 85 81 20 18 98 
13 78 91 36 27 87 92 31 
52 95 0 16 85 56 75 57 
85 78 97 8 62 63 15 91 
83 39 84 24 52 35 2 64 
23 60 91 33 59 90 69 37 
55 59 11 12 69 22 4 43 
38 36 33 39 83 62 63 70 
17 4 90 2 9 23 94 65 
75 99 6 57 4 27 64 75 
25 70 50 2 78 8 92 17 
64 50 4 90 50 3 90 83 
87 13 27 74 60 22 11 71 
54 7 31 79 44 95 1 48 
10 70 64 6 55 10 58 51 
67 30 93 73 52 19 96 10 
39 80 2 77 30 35 21 7 
34 40 90 99 24 12 4 67 
3 98 76 28 56 95 69 77 
43 32 12 29 41 62 80 41 
58 16 4 31 56 41 42 60 
78 1 33 51 55 16 99 49 
31 84 86 55 49 0 46 83 
71 55 0 36 36 5 46 73 
66 25 95 38 91 86 47 72 
38 37 34 4 12 63 14 22 
63 57 71 55 19 30 62 17 
25 44 19 1 16 42 95 10 
27 8 15 85 99 87 57 45 
55 42 97 58 31 34 78 19 
6 40 83 81 64 64 38 83 
66 90 61 66 28 86 34 67 
42 61 80 39 62 31 47 36 
59 54 51 44 15 25 21 81 
6 51 52 68 96 48 52 44 
41 30 43 6 80 71 69 63 
51 75 83 53 73 76 43 61 
69 57 51 30 32 57 78 59 
48 4 84 33 41 1 28 19 
91 43 10 27 46 51 9 27 
35 35 92 61 40 50 22 96 
94 79 79 13 10 69 80 9 
57 8 61 77 39 11 45 87 
44 58 31 71 63 0 62 96 
13 25 55 78 85 51 13 72 
31 95 45 25 45 20 65 97 
96 68 43 83 44 36 33 84 
15 46 4 8 33 13 40 12 
41 20 93 6 45 47 96 79 
66 25 84 30 94 90 69 96 
67 82 65 18 25 4 72 4 
11 24 52 46 21 6 57 29 
18 93 5 26 70 79 4 64 
76 32 57 26 81 79 30 86 
12 47 40 31 63 16 97 97 
28 54 25 23 57 13 26 5 
80 12 68 4 24 54 19 34 
23 28 53 42 92 9 89 56 
12 52 56 52 56 40 91 73 
48 45 1 9 34 90 64 9 
0 40 33 88 86 52 78 50 
63 68 88 40 78 19 88 4 
85 82 79 97 13 16 90 0 
46 50 83 9 11 14 88 16 
95 34 28 9 48 24 67 34 
38 53 2 16 54 71 70 31 
91 19 52 63 59 54 81 2 
84 67 99 59 8 81 17 9 
16 49 60 81 17 89 24 65 
79 28 64 99 97 47 80 52 
28 40 91 31 33 34 4 62 
12 39 8 30 12 7 72 78 
55 33 9 1 12 38 38 80 
7 86 68 49 52 48 64 86 
32 14 93 63 88 8 49 21 
71 57 92 24 72 29 75 23 
46 31 35 47 70 32 53 73 
32 63 36 61 25 96 70 59 
79 10 30 6 89 95 58 77 
90 54 60 75 3 4 51 50 
57 81 72 83 38 1 59 96 
53 41 16 60 87 34 49 9 
84 90 48 87 18 87 26 86 
88 11 48 53 83 11 24 74 
98 19 32 53 79 47 2 60 
59 48 82 7 72 25 51 78 
2 10 75 18 69 46 97 62 
73 51 20 58 53 47 21 17 
17 75 3 86 71 42 78 32 
25 55 35 94 82 51 29 17 
24 24 9 95 52 4 68 77 
40 46 64 24 20 30 71 8 
4 75 49 91 4 28 35 38 
18 82 2 46 77 16 37 86 
84 79 30 92 89 62 88 60 
76 12 96 17 54 99 4 86 
83 38 12 62 83 17 71 62 
94 92 38 21 86 44 31 50 
52 20 92 72 18 93 57 0 
56 8 59 37 89 12 51 96 
20 82 9 76 27 93 38 44 
96 93 23 10 0 78 68 85 
39 85 27 76 89 41 26 41 
42 42 22 16 23 49 47 92 
22 17 35 92 69 6 38 85 
58 38 65 35 74 83 8 73 
93 7 40 29 67 18 98 86 
88 65 79 18 20 9 24 35 
30 50 61 51 57 82 25 41 
2 28 97 55 28 43 11 4 
4 17 18 41 33 7 28 97 
36 74 54 43 5 12 21 94 
28 83 33 79 51 14 3 26 
39 8 80 57 45 64 39 76 
99 38 20 3 78 63 23 92 
16 11 95 19 69 97 74 46 
39 13 77 82 27 65 31 15 
71 65 0 64 72 71 56 94 
44 92 84 87 10 9 40 47 
49 64 76 11 66 27 24 75 
23 34 93 53 75 70 17 36 
86 37 71 31 22 8 26 74 
45 92 24 52 51 39 88 96 
44 66 0 15 16 80 10 75 
80 32 57 62 97 34 21 78 
63 4 34 45 70 43 17 35 
46 50 29 36 37 20 28 33 
99 94 95 60 0 58 77 45 
49 92 24 67 11 30 54 87 
70 90 53 27 56 61 98 7 
31 72 68 62 15 84 73 6 
1 73 16 8 66 83 67 94 
9 91 24 7 48 5 81 67 
64 69 24 30 83 69 37 27 
23 58 84 36 51 39 87 24 
26 70 44 53 25 96 26 38 
77 4 63 2 55 74 15 80 
90 55 65 40 20 93 7 40 
84 6 96 44 22 59 86 52 
40 1 88 23 50 58 3 99 
9 0 26 58 91 22 23 45 
83 11 23 76 97 80 80 99 
14 6 2 59 19 90 36 14 
97 24 81 79 82 53 45 11 
1 43 71 61 29 6 23 39 
68 43 70 90 13 99 32 64 
54 47 74 34 49 49 57 90 
40 45 85 12 24 83 3 12 
87 93 36 82 58 52 85 98 
56 5 6 65 25 36 37 4 
82 11 62 5 30 22 19 20 
2 13 88 50 41 70 29 50 
40 6 33 73 79 57 30 14 
50 93 58 21 59 0 75 94 
17 75 94 92 98 66 43 1 
5 23 4 51 67 59 76 79 
73 31 52 71 8 88 30 38 
42 51 76 6 2 19 24 18 
15 13 71 96 99 8 3 87 
59 17 74 7 94 11 0 63 
38 14 60 93 75 81 9 79 
11 67 42 3 7 42 65 69 
73 93 73 3 96 46 24 90 
63 80 64 41 84 12 57 71 
26 97 99 42 24 46 44 3 
27 76 59 29 91 38 81 46 
26 78 56 79 65 48 83 81 
8 43 70 11 59 66 5 83 
66 15 88 0 13 59 62 34 
48 54 61 32 33 96 55 56 
49 28 54 77 96 51 7 88 
70 84 11 7 7 96 4 85 
27 1 24 36 15 70 41 54 
21 28 6 93 78 25 73 14 
54 97 74 29 93 64 76 97 
16 23 35 52 79 48 16 71 
18 81 78 99 15 96 12 3 
82 66 80 26 34 56 22 43 
94 35 3 51 74 66 23 51 
2 30 14 2 91 86 3 42 
84 78 1 20 14 26 57 78 
58 84 94 80 74 39 91 75 
61 87 3 42 73 5 28 52 
74 14 50 44 22 97 29 9 
12 10 16 17 27 21 10 36 
62 41 87 32 34 44 69 47 
85 92 13 84 34 2 27 59 
65 36 70 0 16 85 62 89 
27 89 27 86 81 9 55 88 
99 43 24 96 16 63 50 6 
35 87 48 41 20 46 6 90 
99 97 25 25 80 77 67 7 
94 23 12 10 19 89 30 7 
61 41 96 18 84 6 26 7 
21 2 0 62 3 97 3 19 
87 47 97 4 87 20 15 97 
15 16 27 51 97 33 23 20 
29 32 22 76 67 4 92 11 
91 64 38 76 73 85 5 79 
31 79 92 58 71 78 76 99 
32 68 3 56 87 81 73 15 
75 55 47 80 57 11 44 89 
30 94 8 96 32 11 54 61 
21 32 42 39 34 41 22 62 
28 71 49 55 73 44 72 37 
58 99 41 74 12 97 81 17 
66 9 29 18 97 46 42 13 
37 90 8 32 39 15 28 42 
22 16 49 60 53 2 63 86 
27 96 3 37 52 56 2 82 
62 21 2 20 99 31 13 41 
47 84 75 56 14 27 68 5 
75 87 66 66 41 7 41 24 
20 22 56 75 63 99 8 76 
23 37 0 65 82 77 62 10 
9 89 56 61 51 25 19 22 
83 65 36 52 63 81 51 69 
65 0 53 34 93 60 3 2 
91 61 75 97 6 67 35 40 
69 24 90 32 7 78 61 74 
86 25 76 76 60 15 91 96 
77 99 70 86 57 93 89 67 
50 90 55 41 43 53 32 12 
63 55 44 84 0 75 72 47 
59 38 75 84 87 73 10 38 
62 31 11 41 30 71 74 89 
20 18 44 9 80 56 3 63 
15 94 9 67 17 23 36 39 
19 69 3 1 13 86 10 87 
13 56 8 38 55 87 65 91 
61 34 24 94 19 71 48 89 
39 96 4 63 4 52 34 52 
19 81 2 37 21 59 42 93 
14 77 16 52 36 57 70 7 
73 21 51 70 74 60 21 42 
39 64 76 87 75 12 51 97 
55 29 95 83 9 63 11 62 
38 44 21 89 44 15 0 77 
94 59 61 95 75 56 27 33 
5 44 95 88 6 72 75 94 
59 66 77 15 87 43 71 58 
45 50 33 89 11 16 67 49 
2 22 64 12 65 63 22 31 
19 28 61 44 37 23 92 69 
3 39 25 89 81 12 30 5 
87 37 88 22 36 34 85 77 
12 81 46 45 1 56 13 63 
51 54 99 71 74 74 93 58 
97 91 87 46 30 55 47 83 
2 89 49 94 79 66 69 27 
81 1 73 99 55 79 60 12 
61 5 60 14 83 57 68 2 
92 59 92 10 88 27 31 30 
20 37 8 43 67 28 36 69 
3 42 85 64 12 46 75 22 
95 9 23 52 99 22 9 52 
78 77 42 86 22 51 44 43 
58 56 80 39 88 55 4 83 
12 60 98 13 72 42 19 91 
91 39 93 98 19 41 12 67 
82 74 19 63 14 24 0 74 
23 67 9 86 98 5 93 55 
81 7 5 2 47 23 6 78 
76 14 1 95 2 5 71 11 
71 73 79 13 59 10 63 36 
10 38 64 18 14 53 25 81 
21 29 78 67 67 15 2 98 
65 99 5 21 74 27 84 60 
52 93 55 90 66 46 50 98 
5 80 41 6 18 97 22 63 
83 67 63 30 72 12 25 24 
62 2 90 87 24 39 50 94 
71 50 57 31 60 38 29 87 
81 49 64 51 55 55 10 12 
58 59 82 95 18 82 43 89 
61 79 66 35 4 93 69 3 
12 52 72 57 79 61 19 89 
2 49 82 88 36 64 14 46 
73 38 37 48 75 61 76 80 
44 30 72 42 32 62 43 84 
97 5 63 70 74 63 91 47 
18 27 70 83 35 82 62 91 
98 31 2 59 27 57 96 44 
83 99 72 16 90 39 75 42 
91 9 69 56 10 61 68 60 
73 75 32 37 90 87 83 81 
39 61 32 79 71 45 27 87 
38 77 57 99 21 38 72 90 
94 60 7 84 69 42 25 89 
94 33 97 83 3 79 9 58 
43 47 55 43 21 74 43 71 
60 1 43 65 36 93 38 49 
48 50 70 4 44 64 86 48 
3 84 19 87 41 76 71 71 
94 2 78 69 1 61 72 15 
86 52 75 22 8 57 82 46 
31 63 27 52 43 54 30 12 
7 57 82 47 34 17 4 78 
17 36 83 57 53 95 91 98 
45 56 24 9 74 6 15 19 
63 83 23 43 89 12 84 14 
3 26 94 94 77 63 43 44 
76 52 29 92 30 34 30 56 
53 85 86 98 35 34 48 12 
2 86 81 78 17 5 31 43 
79 10 90 93 27 92 25 41 
73 50 52 38 0 6 70 83 
17 57 85 97 58 56 92 75 
45 45 0 39 78 72 1 46 
8 76 32 41 8 6 89 52 
49 26 65 46 46 11 44 29 
32 34 71 43 72 7 64 70 
28 26 57 91 36 24 78 29 
57 32 9 68 5 25 75 63 
85 70 55 46 64 19 36 5 
81 23 21 7 69 44 78 63 
25 93 2 84 70 38 98 55 
78 34 36 36 71 89 25 72 
0 66 90 53 64 68 83 77 
38 79 38 93 9 42 53 30 
52 5 64 47 71 65 46 45 
14 83 55 41 19 60 82 83 
54 97 10 66 72 70 71 71 
64 99 53 39 13 97 7 54 
60 14 50 94 48 26 62 79 
97 26 33 10 28 19 92 8 
44 38 34 63 25 3 40 69 
12 27 21 13 66 27 61 26 
43 70 40 23 19 10 36 92 
48 53 65 6 41 69 0 67 
6 60 58 8 77 19 81 12 
21 53 26 19 19 67 38 44 
32 17 93 12 21 79 7 79 
76 1 73 22 65 31 54 88 
17 32 52 48 93 39 35 97 
22 11 77 91 85 76 61 16 
97 94 44 24 1 63 70 93 
81 53 4 84 71 47 5 5 
91 14 66 9 55 54 97 82 
31 80 10 99 43 31 56 55 
48 36 4 4 22 65 70 43 
50 36 33 52 95 80 3 63 
83 64 24 5 58 25 11 80 
58 85 88 42 35 30 49 85 
32 74 62 79 61 55 1 97 
61 23 60 19 34 15 2 12 
86 35 26 29 10 85 75 63 
97 98 0 54 66 91 70 34 
39 32 83 61 10 75 12 82 
79 31 14 9 53 52 55 11 
31 76 53 58 35 35 36 61 
36 33 62 3 7 52 47 41 
94 31 6 43 72 39 2 81 
60 24 48 81 78 17 18 27 
91 29 56 52 68 48 96 61 
48 51 17 86 93 73 14 51 
63 88 51 1 68 29 22 34 
48 10 44 25 1 54 49 35 
74 33 69 54 62 68 5 9 
98 60 32 37 20 32 2 18 
51 13 12 94 30 97 74 42 
76 44 7 65 77 26 6 17 
31 22 98 90 82 6 66 7 
39 9 5 21 53 29 47 3 
2 14 58 65 5 67 12 61 
67 24 72 57 26 19 51 64 
49 26 27 67 6 47 35 16 
11 97 56 35 17 84 85 75 
98 92 39 37 55 32 42 6 
32 96 0 91 32 37 45 72 
57 69 18 78 28 44 17 56 
47 66 35 9 3 37 54 12 
62 46 77 20 55 57 19 49 
71 49 77 88 40 5 52 48 
21 71 7 95 56 21 71 1 
65 3 17 8 66 47 93 97 
55 66 74 2 93 76 54 22 
75 19 17 3 64 69 37 6 
45 47 9 76 10 73 5 88 
76 41 3 28 24 97 44 23 
76 42 6 57 75 92 6 11 
21 85 59 25 79 96 67 66 
76 9 14 60 26 64 81 8 
77 57 21 97 59 87 48 91 
65 56 28 41 16 82 87 64 
77 74 71 72 25 70 10 59 
96 61 88 70 54 29 11 10 
56 77 28 77 19 38 51 9 
0 88 69 94 49 90 60 84 
0 56 45 0 5 99 37 21 
29 6 75 10 57 74 59 3 
88 67 3 63 14 92 97 92 
99 10 36 35 19 32 40 33 
36 49 1 93 88 9 18 97 
35 39 97 70 12 75 40 53 
40 44 55 83 20 10 35 65 
17 93 13 71 86 93 93 30 
20 14 86 70 4 47 27 40 
17 52 48 19 12 76 23 82 
65 65 19 97 75 76 12 59 
50 0 60 88 24 30 38 52 
76 58 72 84 51 81 38 10 
13 34 2 12 62 95 25 72 
7 35 55 97 82 91 79 13 
33 91 13 56 20 68 43 35 
15 34 59 18 89 99 28 76 
4 65 10 84 83 18 17 61 
99 6 52 11 9 79 89 75 
38 22 85 28 76 5 31 71 
42 38 72 91 40 9 73 14 
6 24 97 56 7 2 21 48 
61 71 23 96 86 83 94 99 
80 43 66 40 8 8 73 11 
46 15 65 52 94 38 55 7 
78 84 67 29 82 73 10 85 
5 72 10 44 8 66 50 49 
8 0 22 11 46 14 94 64 
8 52 16 84 3 36 52 47 
14 13 98 88 72 31 10 86 
31 94 80 79 36 12 13 95 
15 33 96 41 34 30 69 97 
97 83 31 3 84 72 49 34 
52 76 47 0 52 41 96 21 
26 70 26 60 92 25 41 16 
30 80 7 15 31 35 26 32 
72 88 42 57 15 34 28 76 
64 30 47 18 11 43 97 18 
70 75 69 74 63 30 95 98 
21 71 51 99 8 77 44 53 
79 89 8 29 43 33 75 87 
64 31 7 72 55 45 93 63 
28 31 57 46 2 71 36 34 
96 35 1 44 51 75 53 98 
55 58 14 31 74 99 78 90 
4 28 12 81 1 26 14 0 
57 6 63 32 23 14 26 28 
3 92 5 81 61 16 36 67 
26 8 72 12 83 81 24 16 
77 65 25 42 82 35 44 29 
2 12 87 18 7 44 30 87 
27 61 89 27 52 62 25 13 
6 0 21 50 5 50 5 5 
13 84 84 38 44 90 17 11 
96 7 55 27 96 66 14 31 
94 54 56 80 53 40 6 50 
99 40 26 59 42 98 12 1 
80 20 6 33 47 82 19 62 
64 94 22 13 99 7 45 85 
68 81 83 20 6 52 16 50 
98 77 78 84 57 35 38 60 
89 4 81 75 67 71 87 58 
16 22 67 63 87 13 93 80 
52 44 27 11 68 67 43 41 
83 10 95 3 80 92 79 43 
86 61 79 93 91 87 10 31 
55 85 96 95 96 51 28 60 
88 42 18 1 9 25 26 9 
26 78 22 28 4 22 30 21 
59 14 44 1 23 31 30 72 
71 21 42 63 27 7 23 71 
57 69 66 17 13 38 58 0 
88 68 31 2 85 97 90 71 
33 79 99 95 78 74 38 28 
43 15 66 53 42 89 51 71 
80 16 55 74 80 86 81 15 
15 14 19 2 45 8 58 79 
74 69 41 53 88 56 78 8 
39 96 52 81 70 24 88 25 
17 66 48 65 22 21 90 15 
48 91 11 37 68 70 36 37 
84 91 46 37 98 90 45 73 
18 41 15 99 4 61 11 4 
65 0 81 68 67 64 30 17 
12 23 57 50 4 14 26 47 
8 47 64 91 66 57 86 47 
25 68 92 91 98 66 97 88 
63 94 69 45 55 9 0 97 
24 78 35 15 65 94 33 18 
28 36 24 42 65 10 99 8 
96 44 51 73 74 30 29 66 
88 17 5 38 40 16 48 90 
89 69 50 42 30 84 62 67 
64 51 30 0 82 70 36 95 
56 80 82 95 16 61 85 32 
54 37 55 74 93 19 75 85 
1 54 31 70 39 79 21 18 
77 81 63 57 19 32 96 1 
19 32 6 39 72 88 51 91 
16 14 63 63 96 20 35 32 
44 38 37 74 98 91 18 3 
66 10 81 90 91 57 33 82 
88 1 67 19 54 60 11 54 
70 5 52 95 46 93 30 39 
89 70 50 58 76 56 65 63 
69 17 17 57 26 80 53 47 
54 35 38 84 39 47 51 39 
46 63 17 47 55 82 15 70 
99 45 81 64 6 28 73 46 
65 77 84 98 68 3 10 65 
98 26 18 14 67 39 59 73 
18 33 34 74 48 0 99 47 
24 2 68 62 87 84 56 7 
69 60 67 38 74 2 13 62 
91 11 30 22 44 47 25 92 
96 60 53 19 63 32 40 52 
2 26 73 58 79 18 30 10 
37 31 31 83 16 21 22 24 
91 73 28 56 36 2 39 38 
31 81 0 3 56 32 47 21 
64 48 87 89 9 46 11 27 
63 50 16 23 78 74 46 91 
47 40 90 93 79 53 94 61 
11 29 80 33 92 24 83 52 
26 44 26 26 66 4 17 36 
82 74 39 31 62 46 50 64 
95 86 20 46 67 74 84 20 
65 32 73 98 54 5 61 98 
95 36 33 72 3 50 68 25 
66 54 94 62 79 92 46 2 
62 30 50 59 62 54 5 79 
60 16 36 69 37 39 45 71 
68 88 78 62 40 59 86 89 
27 36 51 53 59 39 0 18 
64 35 38 10 89 7 54 14 
2 98 2 1 51 63 52 40 
28 14 58 67 58 29 94 30 
16 63 56 26 41 82 30 87 
5 11 68 9 37 64 30 5 
37 93 80 31 19 82 50 32 
50 70 94 87 2 78 16 59 
22 70 33 83 83 87 4 40 
77 13 52 99 58 79 33 42 
50 12 59 79 80 73 59 33 
97 58 38 57 83 42 79 94 
75 91 81 13 54 91 43 65 
65 41 27 57 70 23 66 22 
63 58 99 48 85 83 49 86 
21 27 64 45 74 80 10 62 
42 54 78 83 37 1 18 11 
38 40 57 90 54 91 31 51 
40 34 43 23 0 28 43 91 
63 70 74 50 15 71 39 95 
31 82 75 47 32 94 53 80 
59 0 34 41 56 95 34 40 
81 33 4 74 5 96 15 6 
52 24 99 5 8 13 96 37 
89 92 2 38 49 17 23 37 
76 59 74 83 83 70 82 11 
29 48 77 51 94 44 92 49 
10 73 94 77 17 25 14 35 
99 99 66 75 15 88 54 0 
28 96 22 24 11 69 82 93 
62 65 30 89 75 2 51 93 
42 46 41 64 75 46 27 49 
87 12 48 58 70 96 25 48 
44 40 48 5 75 68 44 20 
99 66 10 4 71 65 19 70 
48 18 49 96 75 36 70 42 
16 35 9 71 68 99 65 17 
39 61 49 97 79 60 81 39 
98 26 38 96 17 5 79 70 
13 8 52 40 76 75 81 89 
88 67 83 79 78 26 55 1 
21 76 49 6 86 61 3 99 
57 20 15 48 64 59 61 41 
13 80 14 90 0 63 98 69 
45 4 84 31 82 74 29 51 
83 49 98 71 27 7 27 62 
11 14 14 25 76 36 50 88 
12 46 22 78 34 21 61 72 
68 36 99 61 75 15 70 76 
11 88 72 63 95 53 68 94 
35 71 90 75 32 16 80 74 
64 61 92 65 29 89 12 93 
75 49 95 81 69 88 14 44 
76 44 76 85 49 74 44 71 
43 50 69 30 23 49 39 21 
12 25 65 48 0 29 95 37 
26 23 13 89 88 2 49 80 
42 17 38 76 9 68 73 76 
89 4 59 3 58 55 64 6 
87 84 9 55 24 22 54 17 
19 34 72 66 71 39 15 65 
60 51 16 4 62 52 76 0 
66 82 39 90 55 25 45 68 
11 31 19 46 46 70 36 51 
90 55 67 74 70 48 1 42 
70 35 92 72 57 61 77 42 
3 28 70 72 50 19 25 99 
92 1 16 15 72 95 88 68 
14 52 69 60 51 50 50 7 
1 3 75 16 9 53 97 9 
72 81 85 10 92 69 95 53 
30 77 48 90 72 40 62 3 
8 87 28 52 97 38 56 18 
72 35 3 2 95 6 64 14 
82 77 96 49 43 75 0 40 
14 86 90 30 83 66 6 99 
25 17 67 62 1 71 63 88 
90 55 37 33 58 18 3 80 
82 46 91 18 80 10 37 28 
19 1 43 26 2 58 76 8 
58 96 88 83 72 83 69 90 
52 35 68 42 3 6 44 37 
59 12 36 27 94 15 53 41 
12 40 33 5 95 19 23 88 
39 71 69 94 33 76 22 52 
