200
22 16 32 72 93 55 34 76 
68 56 38 23 63 61 40 57 
20 99 98 63 97 74 58 0 
23 53 83 73 33 74 94 52 
81 4 53 3 86 18 37 0 
67 64 0 9 73 63 98 75 
13 26 37 60 27 7 79 1 
85 27 99 92 76 23 80 9 
34 18 95 25 19 11 25 2 
35 36 78 32 73 45 36 80 
97 89 48 62 8 38 20 20 
66 39 93 28 55 5 2 8 
1 98 55 44 5 33 81 36 
35 28 28 17 86 63 19 44 
16 44 90 5 11 68 66 33 
28 32 63 15 27 51 6 17 
98 63 7 77 28 37 45 46 
77 18 42 58 55 74 23 77 
9 21 7 40 81 48 64 2 
78 75 42 52 74 96 46 39 
37 7 10 59 39 23 17 66 
14 15 43 9 44 38 30 27 
10 27 23 33 30 82 16 82 
68 63 95 0 94 72 83 18 
23 0 7 36 62 46 55 18 
45 52 88 90 40 14 30 84 
48 47 48 63 42 24 83 13 
93 18 20 87 7 18 86 37 
60 90 23 70 91 11 72 14 
15 90 66 84 45 66 21 74 
48 42 72 22 69 80 84 26 
96 88 47 3 52 70 32 18 
44 2 65 35 90 75 42 54 
14 15 98 39 87 57 9 65 
30 49 69 19 38 8 96 43 
65 50 39 2 91 68 6 23 
68 35 23 22 92 47 95 27 
77 41 40 66 9 51 7 61 
9 81 97 75 41 17 52 71 
32 4 93 4 4 53 0 51 
20 67 70 34 3 87 18 12 
84 9 80 40 79 16 38 8 
96 29 94 24 43 69 45 9 
77 79 39 90 92 68 14 41 
83 52 63 87 96 7 59 78 
62 84 37 3 81 20 29 89 
96 61 83 18 80 75 26 44 
21 30 37 8 77 57 57 71 
36 19 40 14 19 69 21 80 
81 59 65 57 23 34 18 27 
11 19 70 18 57 1 0 52 
35 38 83 69 99 66 45 60 
52 76 24 60 85 90 65 64 
58 55 51 71 32 27 51 83 
37 23 41 3 49 61 35 99 
32 12 3 46 22 41 1 63 
2 6 17 85 80 34 12 65 
55 18 12 75 55 74 79 59 
66 72 69 65 3 22 53 39 
71 85 59 80 26 32 57 75 
48 69 8 63 61 21 38 8 
79 21 1 67 58 50 63 95 
86 36 7 9 34 5 36 15 
57 20 43 73 16 89 52 31 
52 1 67 81 55 19 78 4 
81 62 2 7 30 29 72 69 
78 68 91 55 29 77 23 61 
41 3 81 93 13 64 34 5 
68 16 47 42 57 50 26 57 
61 68 33 18 79 91 81 99 
20 92 40 37 46 63 10 97 
17 49 32 70 61 10 57 10 
46 3 82 60 35 87 32 57 
60 92 43 88 33 13 75 43 
87 11 57 2 10 34 52 34 
27 98 88 0 24 82 85 95 
33 28 93 67 26 52 4 84 
67 12 16 70 40 78 45 97 
45 6 27 14 20 17 62 72 
56 19 73 42 84 38 88 54 
69 34 79 5 37 24 10 8 
16 35 68 81 71 68 90 95 
59 32 17 47 44 86 10 99 
36 4 44 19 48 35 44 15 
91 41 25 34 48 27 72 87 
86 92 46 99 13 65 19 13 
87 22 77 93 19 72 23 94 
42 76 90 19 38 33 40 46 
31 45 99 25 6 43 74 68 
1 42 32 71 78 57 47 64 
85 85 42 54 55 53 89 24 
98 79 36 93 99 94 70 57 
15 17 49 65 29 0 55 88 
30 71 41 4 93 30 95 0 
1 6 26 50 29 61 50 43 
70 89 36 56 97 79 35 94 
65 6 9 54 7 82 12 72 
89 90 20 71 11 73 96 13 
81 49 30 13 91 77 7 98 
71 5 78 89 18 55 46 43 
0 39 93 5 99 21 1 35 
37 38 47 9 1 76 87 32 
65 51 35 89 60 38 21 23 
59 55 85 35 66 86 20 29 
32 18 0 49 34 3 35 79 
80 80 37 18 54 30 16 29 
89 29 6 39 26 28 9 39 
36 90 10 1 68 40 82 16 
70 21 12 26 12 64 85 99 
69 8 34 63 82 30 36 11 
82 74 89 36 49 86 45 61 
52 92 39 60 70 87 66 8 
17 3 91 94 3 93 80 76 
1 39 17 72 16 69 9 26 
73 55 16 71 60 99 62 88 
99 67 94 46 38 97 12 46 
72 97 84 24 48 29 7 80 
15 18 97 39 7 46 5 61 
81 16 99 44 58 10 50 12 
18 48 25 61 61 42 69 13 
29 10 21 99 58 65 10 71 
0 18 17 21 28 56 3 42 
25 81 34 74 15 9 59 11 
93 93 19 68 44 96 94 28 
77 28 14 19 13 42 91 98 
88 34 54 38 71 1 87 34 
15 46 99 90 72 41 93 54 
53 90 93 95 16 35 51 51 
2 12 58 96 66 56 11 0 
55 93 19 76 49 81 51 40 
60 86 57 38 41 2 18 99 
73 52 99 34 24 36 12 80 
84 0 31 57 37 52 87 3 
24 45 52 83 95 0 95 5 
62 54 51 76 3 37 55 92 
74 16 19 41 37 76 58 53 
97 7 94 43 18 29 96 23 
64 67 30 74 63 60 29 9 
20 76 9 78 11 45 84 69 
22 50 72 37 43 36 76 47 
13 24 89 10 73 35 70 66 
87 63 60 24 25 69 70 75 
27 58 40 29 87 77 42 55 
27 45 5 6 51 98 61 78 
98 19 45 25 34 71 1 25 
53 65 83 76 76 33 42 62 
71 80 37 33 24 33 24 62 
45 20 2 95 90 45 18 99 
13 36 68 73 4 89 38 85 
65 29 72 34 31 62 77 69 
36 1 76 2 85 68 84 95 
79 22 77 18 10 61 58 6 
15 96 52 50 55 94 88 17 
73 39 35 69 24 66 16 36 
3 53 15 68 3 85 31 44 
75 21 77 51 80 34 99 30 
55 97 72 68 32 41 16 82 
71 5 10 13 9 57 7 39 
45 48 95 72 83 41 36 92 
25 17 84 34 90 50 68 44 
82 12 84 52 49 36 45 32 
98 65 68 64 63 49 4 96 
32 74 40 73 98 43 25 7 
67 35 12 72 51 99 1 59 
37 92 29 40 89 39 55 6 
41 82 16 85 80 56 73 60 
31 93 56 41 93 52 81 49 
84 26 5 34 93 73 39 25 
59 64 31 88 8 59 83 32 
30 46 90 99 76 97 84 28 
0 47 35 63 82 78 47 67 
4 69 43 52 68 64 34 32 
81 32 94 61 30 59 27 28 
40 73 62 98 88 89 17 33 
97 52 47 36 51 83 23 97 
0 69 39 23 47 65 42 6 
31 76 9 42 50 51 40 1 
92 6 34 35 72 52 59 47 
72 3 48 77 54 82 66 65 
91 57 37 8 22 73 31 16 
34 54 47 26 33 1 34 47 
54 16 42 28 5 8 4 83 
72 68 76 10 18 39 93 87 
42 92 13 32 3 85 74 68 
7 97 62 23 16 24 77 50 
37 99 55 58 84 79 55 91 
39 95 53 80 37 73 76 67 
61 56 79 84 25 0 52 8 
67 17 91 57 5 89 99 84 
97 77 75 72 27 90 23 61 
10 8 81 40 80 52 47 99 
4 63 78 16 38 18 55 19 
23 0 55 65 76 16 82 13 
38 0 37 80 70 68 26 22 
17 5 47 62 81 97 95 66 
71 49 85 47 17 40 80 25 
79 8 56 99 75 74 71 88 
7 44 8 56 73 40 91 42 
89 63 20 28 49 78 66 38 
6 79 10 56 54 72 32 90 
