500
92 55 16 48 28 38 86 8 
95 42 79 14 46 48 18 10 
2 37 76 85 40 44 26 87 
91 18 18 50 77 34 92 81 
80 11 51 95 31 44 73 97 
36 50 30 43 5 88 42 37 
42 6 88 34 98 16 43 66 
21 8 24 21 32 51 53 7 
18 40 84 16 33 95 41 64 
29 15 60 51 71 31 46 89 
1 40 84 83 58 92 51 65 
75 58 39 16 95 22 70 27 
91 64 69 72 80 13 35 18 
52 14 99 76 75 23 95 70 
36 12 57 86 24 78 20 19 
74 67 7 42 29 54 7 49 
77 52 88 59 83 39 99 74 
21 23 54 40 62 79 3 42 
92 36 27 29 62 1 21 74 
81 33 49 86 11 21 81 40 
40 18 49 3 18 36 82 57 
94 10 10 47 91 85 37 23 
4 75 40 30 6 7 26 82 
96 48 60 18 35 71 58 22 
36 23 86 66 24 85 33 97 
65 39 24 85 38 97 15 91 
97 37 70 43 52 65 12 5 
61 98 15 94 4 17 57 76 
7 70 61 40 2 89 0 34 
70 71 35 23 88 41 6 82 
83 73 15 50 59 62 53 9 
52 66 63 48 40 49 48 42 
86 10 61 50 21 71 38 16 
81 61 54 14 46 14 31 88 
64 81 1 69 51 6 28 73 
89 29 30 1 75 22 53 16 
95 37 1 57 12 75 98 97 
11 58 73 94 25 84 63 60 
31 4 82 51 17 25 15 78 
29 62 20 54 59 63 46 53 
44 94 20 51 70 63 36 41 
13 9 56 82 56 87 26 6 
65 30 36 79 9 69 96 17 
67 32 11 92 52 70 52 66 
32 64 88 56 53 20 9 17 
75 54 47 78 84 31 96 93 
34 94 68 67 43 5 54 91 
40 3 60 84 32 11 46 24 
50 81 96 30 86 49 75 4 
30 31 65 68 66 94 0 45 
97 73 12 65 0 24 71 5 
21 34 99 79 87 24 58 56 
74 20 67 63 55 76 93 89 
44 71 6 17 74 25 17 44 
2 93 25 55 23 35 34 75 
24 79 38 11 23 18 67 48 
71 4 47 78 13 44 25 66 
26 0 42 77 95 41 78 29 
84 23 93 49 22 68 30 24 
1 89 62 95 57 70 3 42 
98 99 10 30 75 19 35 36 
24 41 23 78 29 33 65 99 
70 77 29 96 69 73 47 83 
44 7 33 32 22 31 51 42 
99 18 56 8 20 87 85 9 
23 12 73 36 90 58 11 9 
73 16 70 75 1 21 75 91 
82 75 91 3 64 19 44 5 
9 19 11 32 91 53 43 4 
47 26 96 51 6 47 1 71 
98 46 81 99 18 2 7 94 
87 27 51 72 44 25 68 50 
50 6 30 57 98 43 75 44 
62 90 69 2 21 0 72 58 
36 17 54 13 85 28 35 45 
66 95 5 87 37 7 61 51 
35 26 91 70 11 3 51 63 
71 9 49 54 91 86 12 97 
71 25 8 96 30 30 56 8 
68 5 21 78 29 98 12 41 
64 73 1 91 66 1 43 3 
15 81 66 53 86 46 61 76 
72 12 87 58 48 60 64 53 
79 78 45 58 25 96 61 10 
29 87 94 71 63 22 21 12 
77 0 29 28 90 91 11 38 
99 65 61 44 94 90 58 55 
24 32 97 23 42 74 1 8 
9 52 29 97 66 75 59 46 
76 57 24 92 4 2 5 87 
1 15 30 29 90 13 38 3 
70 78 77 51 9 72 75 39 
72 98 91 86 3 87 34 70 
72 35 11 41 39 31 36 83 
17 40 18 25 20 41 5 87 
19 24 60 4 71 1 78 68 
76 99 94 89 67 5 22 56 
63 15 29 50 22 98 51 42 
73 63 75 72 34 7 61 11 
15 72 95 26 88 45 58 17 
67 76 77 90 13 98 1 85 
88 72 93 83 94 97 49 41 
86 52 78 46 45 65 12 82 
40 21 13 45 32 55 13 66 
80 95 6 5 61 55 52 43 
22 77 93 81 10 88 77 14 
60 20 33 56 30 88 62 17 
16 65 16 70 91 53 93 51 
41 67 73 84 96 84 56 27 
82 96 98 71 40 7 37 52 
90 25 70 41 30 71 19 41 
2 91 86 94 65 32 99 69 
64 47 96 9 66 14 97 40 
22 91 51 63 66 54 80 3 
59 72 45 75 51 27 92 87 
97 84 80 92 70 56 85 72 
51 38 23 96 84 95 59 93 
36 18 73 48 85 3 12 76 
39 9 43 66 63 91 92 93 
41 23 34 23 35 57 54 70 
93 87 23 91 26 97 28 6 
57 29 63 1 9 98 87 34 
92 33 75 51 98 19 31 9 
10 83 56 28 2 41 65 34 
73 85 97 75 32 9 92 5 
57 71 94 80 62 53 13 0 
69 81 76 3 54 85 22 91 
22 34 36 31 30 79 23 89 
59 71 70 62 7 43 42 26 
46 87 16 25 85 53 47 56 
8 40 10 27 93 84 81 1 
31 41 36 39 90 18 89 20 
12 26 92 98 20 28 67 9 
76 15 57 58 31 50 1 38 
39 40 68 61 41 34 24 11 
32 64 97 41 67 72 74 68 
79 80 43 62 3 16 61 7 
35 89 21 87 67 72 35 43 
79 57 66 74 87 69 70 1 
59 60 36 9 60 25 40 34 
97 6 27 66 54 79 17 76 
52 36 87 0 74 11 64 25 
35 11 47 71 85 47 38 58 
84 80 47 0 83 33 0 76 
92 22 76 55 32 7 31 84 
93 80 13 68 49 35 51 95 
3 70 81 86 53 44 51 75 
21 70 99 50 65 22 22 8 
81 93 47 5 63 12 1 3 
65 42 32 46 1 79 14 24 
67 46 64 90 73 57 30 57 
18 72 40 81 46 87 21 5 
67 27 26 28 36 28 25 15 
13 35 53 72 53 48 20 37 
1 94 20 84 91 4 2 13 
67 23 92 97 82 96 67 97 
44 81 23 67 4 6 4 11 
22 68 64 65 44 20 89 21 
69 18 96 1 16 22 91 62 
96 56 56 83 43 83 80 74 
94 53 76 96 84 20 39 86 
16 48 28 27 25 41 92 19 
22 65 70 11 24 70 26 30 
73 99 7 9 13 57 31 83 
88 89 50 26 57 62 34 46 
57 75 83 46 62 27 51 30 
2 29 44 12 51 26 36 51 
5 74 99 28 91 94 45 27 
89 80 34 97 68 47 95 4 
46 44 47 89 35 68 41 14 
38 47 47 38 1 88 52 67 
40 0 61 74 86 43 96 70 
44 62 47 85 26 7 27 80 
24 46 12 8 38 19 87 86 
50 4 34 54 40 76 6 26 
61 91 99 65 27 20 10 31 
93 16 33 95 6 98 39 3 
72 68 47 36 80 9 68 22 
47 27 88 60 98 29 32 87 
93 55 96 1 53 13 67 89 
64 68 61 69 44 93 41 9 
8 91 98 91 82 37 11 52 
25 92 18 85 69 6 66 15 
99 98 11 65 19 83 95 80 
74 91 29 78 41 88 44 42 
89 93 88 73 81 70 97 67 
71 18 59 96 12 87 45 83 
83 18 79 25 91 56 75 97 
28 2 61 29 64 96 61 55 
13 46 16 63 26 49 58 15 
60 70 73 88 50 73 7 70 
85 10 13 28 54 32 41 92 
22 63 7 60 41 55 7 6 
16 17 57 28 83 81 79 0 
58 58 48 91 68 84 93 67 
86 66 2 7 3 81 78 74 
40 83 43 43 67 19 96 63 
73 69 64 15 29 47 93 86 
17 38 99 68 19 61 44 70 
5 70 12 76 48 42 19 11 
54 13 74 80 99 65 48 2 
98 61 64 56 58 96 87 95 
80 10 69 15 16 65 4 82 
2 3 83 33 15 25 55 26 
27 54 27 9 58 88 81 6 
44 46 64 64 75 48 1 4 
79 20 24 60 38 78 17 16 
73 42 35 57 41 10 22 4 
11 48 61 0 32 6 15 66 
4 72 46 36 2 95 23 50 
35 61 61 64 28 1 31 92 
57 58 63 12 79 49 13 84 
45 85 58 55 69 56 74 80 
8 85 67 52 72 97 96 29 
58 68 99 20 94 56 93 37 
28 18 39 44 97 62 69 65 
59 98 28 10 84 94 80 55 
28 24 62 73 35 84 12 92 
46 24 87 56 5 87 53 86 
2 84 10 81 74 40 83 2 
71 69 7 32 54 98 59 6 
72 22 43 44 54 59 15 49 
87 56 0 30 98 55 62 84 
32 14 2 35 6 44 2 11 
89 22 57 23 22 67 39 54 
90 12 99 95 4 92 2 68 
59 37 38 36 71 44 73 81 
12 60 15 0 2 8 22 63 
10 26 68 16 94 18 47 30 
69 17 93 34 78 27 20 76 
28 85 29 99 87 57 39 36 
74 70 29 53 83 32 91 88 
19 99 55 78 40 89 14 72 
35 59 67 56 80 75 69 55 
49 63 26 75 74 18 18 16 
89 89 97 54 88 90 10 72 
90 0 61 8 94 41 71 25 
54 53 39 38 29 18 99 46 
65 80 11 57 23 70 65 96 
67 53 50 46 68 24 30 62 
88 37 55 38 54 51 52 42 
31 12 4 37 58 11 12 50 
11 90 91 68 89 79 41 57 
57 98 95 54 87 47 54 60 
66 60 33 33 84 19 91 85 
10 42 30 96 15 77 63 23 
9 91 0 63 92 28 6 90 
49 53 18 87 25 43 37 27 
64 67 16 92 9 66 25 23 
74 44 68 41 60 8 58 80 
69 30 97 33 15 22 21 93 
68 43 79 35 75 66 85 82 
15 0 53 44 20 31 91 34 
44 16 40 77 70 68 52 93 
93 94 71 99 5 88 51 72 
83 87 15 73 44 39 56 1 
38 46 19 53 71 74 29 0 
82 51 46 97 32 93 54 92 
71 21 33 16 75 70 61 40 
97 0 40 58 53 57 59 19 
43 38 16 16 82 76 80 16 
88 37 65 72 51 86 26 67 
80 89 25 72 0 34 17 19 
57 94 44 28 39 85 55 27 
26 55 72 61 34 39 87 81 
0 56 50 59 45 23 78 63 
88 26 13 87 20 66 88 38 
45 75 95 7 51 57 56 77 
77 20 42 50 75 83 93 4 
98 88 30 97 44 48 74 83 
53 1 89 14 39 73 44 34 
85 42 36 0 52 79 28 75 
70 1 8 77 16 50 44 0 
98 6 14 7 94 77 28 90 
19 33 75 40 23 82 56 52 
38 94 86 95 19 27 84 86 
71 13 78 72 31 3 88 93 
57 80 84 94 55 95 7 3 
22 81 15 83 6 39 97 45 
5 21 43 62 45 46 94 36 
35 16 86 93 59 23 74 16 
70 73 0 45 0 60 29 0 
85 54 84 95 84 12 42 72 
25 11 80 55 36 53 74 4 
5 13 93 33 4 12 51 6 
71 47 99 30 18 97 63 15 
23 4 79 61 15 90 67 3 
79 47 47 11 10 35 96 29 
13 55 86 19 32 95 72 12 
35 55 93 2 11 2 31 41 
36 28 28 98 25 79 50 13 
84 6 70 48 2 47 81 9 
81 37 81 10 74 14 90 88 
73 48 73 97 93 44 5 29 
15 70 82 56 2 9 70 87 
97 61 52 70 61 18 3 98 
21 1 18 96 26 32 60 98 
38 72 5 33 96 59 9 87 
42 17 22 18 98 27 8 16 
14 80 72 61 47 45 87 8 
30 31 65 3 48 34 39 12 
20 69 31 11 62 55 20 83 
85 4 52 0 29 4 46 0 
71 28 87 88 37 95 9 11 
99 60 14 87 61 23 85 8 
48 73 71 16 51 10 64 39 
2 9 4 49 75 28 69 46 
42 63 29 3 21 7 97 33 
4 63 88 39 54 24 59 73 
93 18 20 14 35 72 20 39 
41 57 38 49 81 8 61 69 
39 40 7 38 3 89 32 60 
14 63 32 81 79 82 20 0 
60 30 52 55 98 60 19 21 
38 17 39 13 56 76 10 92 
17 9 7 9 2 21 44 37 
83 27 21 68 50 62 32 92 
99 32 14 72 43 63 43 84 
19 3 19 87 72 80 5 46 
66 13 92 16 49 50 16 65 
57 68 54 90 47 49 60 59 
93 40 33 81 83 39 25 82 
98 78 16 52 65 92 35 70 
16 94 99 41 92 97 83 3 
70 43 59 68 15 49 69 17 
70 69 11 78 47 19 51 30 
79 45 95 21 36 2 93 9 
38 88 46 48 90 51 30 68 
45 55 88 54 60 88 27 92 
92 25 27 46 77 2 57 97 
54 55 48 38 51 22 72 19 
39 24 22 83 19 71 95 36 
94 54 22 37 54 12 4 18 
63 13 35 48 29 59 31 14 
5 5 92 82 37 82 67 62 
69 29 98 79 66 90 67 39 
19 32 67 37 34 88 69 35 
26 32 68 31 75 30 14 66 
4 37 74 65 88 36 74 6 
13 26 18 47 34 6 87 67 
10 29 56 4 98 3 95 92 
61 76 33 24 98 25 96 98 
9 36 63 30 60 55 91 31 
97 30 4 84 41 91 46 69 
45 29 48 25 12 64 57 46 
89 34 17 39 99 26 22 12 
70 35 58 53 75 31 19 21 
87 54 54 67 16 87 89 51 
94 62 30 19 3 99 28 61 
69 91 80 72 88 84 84 69 
25 12 84 44 18 77 57 69 
86 4 42 59 5 4 11 77 
15 3 15 35 62 55 87 9 
1 27 61 0 94 22 30 86 
1 89 90 47 37 26 9 77 
37 85 21 4 66 25 58 70 
53 73 41 57 48 1 12 70 
21 18 73 85 57 30 57 39 
13 33 56 34 46 31 79 54 
23 94 19 29 72 1 29 7 
44 37 74 3 78 25 82 32 
6 34 9 68 32 71 13 62 
68 59 83 16 23 67 74 16 
65 25 38 44 11 56 75 28 
13 5 8 21 39 37 80 91 
72 42 36 78 88 79 1 45 
59 25 5 32 7 27 99 88 
22 65 62 41 84 83 96 27 
75 35 60 94 77 64 89 51 
74 2 99 22 8 55 72 39 
69 35 77 55 6 25 65 3 
95 0 47 96 5 43 46 58 
30 28 76 36 6 58 93 21 
5 72 17 94 90 73 30 49 
71 38 83 93 87 97 82 0 
21 8 27 68 3 71 29 30 
72 31 28 95 2 86 79 22 
99 3 90 66 45 77 31 42 
27 29 35 85 86 96 61 28 
79 65 13 97 23 70 2 14 
82 36 16 53 5 41 34 81 
27 43 90 99 97 81 81 38 
86 48 67 2 98 99 18 41 
84 39 93 8 21 15 73 35 
29 80 63 22 20 31 48 31 
1 34 69 30 86 69 40 20 
89 79 45 50 86 0 66 5 
92 97 30 7 68 50 0 77 
73 47 22 48 16 88 12 17 
70 14 53 85 66 95 17 25 
63 54 59 66 76 16 23 90 
97 99 65 84 51 89 95 84 
61 64 72 11 25 63 19 87 
24 17 46 68 5 85 74 49 
27 48 23 20 57 83 6 76 
34 1 15 11 68 18 20 54 
31 5 16 23 45 26 63 0 
90 71 28 68 82 32 24 45 
88 82 83 16 83 57 37 49 
75 54 73 43 33 92 90 46 
9 89 87 27 35 70 39 23 
37 1 57 58 95 4 32 26 
41 23 8 89 72 14 36 4 
32 5 9 19 75 36 69 75 
10 81 42 3 21 7 45 28 
70 24 66 91 53 35 15 62 
70 82 93 9 6 54 26 45 
56 95 70 60 33 47 76 14 
40 88 66 59 92 68 79 97 
35 55 64 5 80 33 41 78 
51 17 62 78 31 91 32 82 
36 61 80 68 65 90 78 95 
90 67 70 39 1 7 42 21 
16 6 38 20 13 72 28 61 
45 30 64 30 56 65 81 32 
3 37 37 31 40 3 96 6 
44 16 92 19 65 96 36 95 
38 79 51 39 4 0 48 54 
5 68 75 31 56 33 99 22 
23 49 19 18 42 91 3 95 
74 82 96 8 64 29 64 25 
61 77 43 47 19 34 25 56 
72 26 98 83 70 74 17 86 
3 22 79 80 69 33 21 66 
39 56 73 47 45 19 32 25 
89 94 30 13 39 61 31 27 
76 40 61 19 98 87 64 66 
91 72 45 53 33 76 25 82 
90 72 40 11 16 99 45 13 
61 22 5 88 56 39 93 83 
37 94 21 3 9 90 74 12 
71 15 24 55 59 37 42 62 
66 13 41 7 52 25 13 20 
58 47 37 7 80 96 88 98 
62 18 59 35 31 22 80 79 
68 59 98 85 89 5 50 86 
94 5 47 74 88 69 45 81 
99 51 72 85 32 30 45 4 
50 86 85 46 60 44 18 35 
45 8 27 28 75 38 79 88 
90 19 55 85 27 28 51 40 
40 11 32 24 49 10 44 91 
86 18 33 0 54 34 25 51 
4 62 47 49 88 65 10 62 
62 74 88 47 34 17 47 49 
80 99 17 6 80 75 18 7 
45 77 66 95 35 95 40 9 
87 16 69 98 8 85 75 60 
4 31 96 97 39 70 44 68 
54 82 2 95 91 33 49 56 
93 75 73 59 90 45 3 97 
74 60 82 5 32 67 60 92 
0 99 57 7 36 43 60 65 
38 24 39 40 59 65 74 2 
84 67 67 56 70 26 55 12 
85 80 53 87 71 51 0 24 
23 31 73 81 81 12 13 14 
45 83 56 73 78 20 79 66 
59 54 90 82 90 99 41 57 
80 57 22 39 49 48 82 81 
36 25 74 55 97 75 21 0 
29 12 60 6 53 18 2 28 
50 81 12 63 28 45 4 45 
54 66 9 43 4 36 46 46 
89 24 18 0 70 46 4 12 
82 61 32 37 5 50 33 22 
79 41 26 62 26 67 92 96 
46 81 9 62 90 68 82 60 
24 19 86 17 50 64 86 49 
35 73 30 45 69 77 13 45 
54 70 54 73 93 86 52 38 
31 66 92 41 73 63 33 21 
68 43 89 43 50 85 90 19 
58 88 89 93 94 29 35 49 
76 50 44 21 99 44 34 5 
24 85 8 8 34 13 91 84 
42 77 62 45 49 88 41 35 
63 40 22 24 42 9 44 42 
31 8 69 67 79 6 89 42 
79 94 82 76 67 81 3 66 
52 44 68 23 88 69 67 20 
95 61 15 68 91 87 37 95 
98 18 32 3 32 52 71 99 
90 48 14 39 81 96 66 36 
95 16 97 13 74 48 96 4 
44 75 33 34 30 6 59 31 
42 97 59 53 22 88 32 35 
87 93 82 73 0 63 27 24 
56 8 64 80 77 62 57 25 
36 3 18 17 66 79 12 34 
18 8 5 77 75 37 30 17 
43 73 41 39 60 52 86 19 
11 82 12 24 31 71 83 28 
37 61 88 92 17 87 45 47 
70 61 50 64 83 41 21 19 
68 27 23 79 13 8 96 65 
23 43 9 76 35 54 7 66 
51 60 36 19 16 84 60 68 
32 9 2 39 1 67 64 25 
10 89 34 19 23 43 60 66 
