392
186
116
350
102
202
156
236
255
409
17
459
160
87
412
244
270
480
195
93
161
375
46
184
382
436
474
451
258
369
482
336
63
112
276
283
215
324
252
53
97
109
243
423
213
169
188
471
117
136
232
101
399
400
139
348
329
427
217
110
115
342
323
214
14
458
434
448
191
473
262
437
234
125
185
127
278
468
49
321
92
151
146
180
198
428
82
293
452
467
494
182
368
119
103
5
268
488
322
106
294
447
226
245
296
168
408
233
165
179
383
484
187
421
11
456
38
223
47
84
239
37
121
147
378
328
13
71
181
52
417
485
78
83
231
172
450
197
286
460
265
455
344
4
277
391
126
113
166
398
138
477
25
318
254
449
26
305
219
269
108
439
250
264
487
366
438
387
411
445
114
304
481
201
388
379
227
472
44
430
176
72
28
317
100
489
241
67
363
123
390
300
24
335
267
41
60
230
89
212
30
330
406
495
199
85
492
32
374
61
144
99
141
130
76
178
377
393
31
68
256
407
12
145
20
59
309
216
240
105
281
349
415
274
483
327
311
441
218
426
429
43
34
325
158
272
295
221
27
196
111
129
314
446
50
419
74
498
469
237
410
7
251
401
65
9
3
372
73
289
22
298
384
159
306
479
355
470
170
435
177
279
461
189
260
259
339
10
475
351
370
122
173
361
143
444
238
225
1
326
40
164
62
183
275
332
337
211
358
341
171
496
320
35
148
58
2
422
440
453
152
343
137
220
347
380
266
247
313
331
356
424
249
288
98
357
107
413
142
51
132
33
261
432
222
394
292
77
133
86
45
194
70
206
263
373
90
371
271
291
118
425
431
246
381
81
205
192
302
19
203
57
386
500
364
476
235
94
80
346
359
338
287
280
55
284
248
493
454
385
466
128
16
207
367
463
134
457
140
395
297
315
131
149
120
6
15
420
389
210
124
163
154
257
135
42
345
418
36
79
486
96
18
56
310
354
88
319
66
155
75
174
29
150
333
229
464
402
443
39
497
404
308
21
48
312
54
208
162
334
442
352
478
290
282
340
175
360
253
403
190
200
362
104
365
23
301
465
353
273
307
193
64
153
157
490
491
416
69
376
405
167
95
299
209
414
433
204
303
499
285
462
91
396
8
242
397
228
224
316
