615
996
869
275
575
214
805
291
372
542
568
593
488
915
821
321
930
641
849
864
101
986
53
134
642
152
232
679
521
662
905
927
443
848
125
843
941
209
347
463
240
104
965
157
43
476
309
2
855
677
887
535
777
668
928
856
701
844
111
782
280
614
342
968
969
430
250
808
262
418
944
397
692
877
741
247
294
592
105
69
88
967
785
52
139
556
16
560
981
632
425
716
305
117
674
964
204
260
912
730
610
884
875
412
748
909
629
953
346
48
34
936
132
37
440
775
474
100
712
353
141
956
91
681
585
301
135
109
142
827
847
599
548
11
737
612
175
935
511
516
24
790
282
5
878
67
910
268
990
634
892
672
539
858
456
344
77
229
557
146
40
165
861
795
537
966
942
121
365
991
80
15
639
148
338
292
93
978
523
253
653
118
295
779
633
860
491
78
683
181
682
54
873
190
732
589
651
151
30
643
923
495
369
228
76
447
815
213
14
697
946
793
618
143
122
399
174
738
518
595
455
761
6
354
699
1000
547
395
144
119
980
467
218
107
891
323
644
908
435
582
469
198
540
222
220
710
675
532
868
283
355
650
374
66
394
313
813
770
192
145
196
424
823
646
267
489
156
362
870
215
925
826
326
461
559
356
409
349
108
386
933
665
838
241
416
880
689
717
797
617
564
13
961
948
613
780
333
23
235
687
127
661
252
767
711
431
778
379
113
922
71
341
563
471
715
554
258
393
206
983
841
396
926
904
89
472
680
499
245
670
500
695
289
308
387
624
954
434
154
178
269
479
512
898
666
227
571
678
58
278
439
581
274
17
598
171
243
368
97
116
46
845
876
606
364
61
84
287
729
405
442
819
187
531
945
669
718
579
788
749
496
423
490
460
951
297
886
452
987
655
822
801
857
762
658
199
285
189
255
437
522
307
288
388
824
508
686
20
509
316
959
403
524
694
924
231
172
153
74
1
391
630
955
401
195
950
814
302
314
676
149
162
628
740
652
29
303
35
570
264
727
994
392
580
128
673
492
129
454
799
115
527
263
426
428
528
607
208
594
832
735
194
583
812
21
696
265
473
95
763
513
507
375
203
863
957
756
493
514
558
728
733
619
123
114
913
688
367
191
842
259
920
422
33
398
684
896
708
623
754
312
130
324
883
462
502
742
906
27
960
572
429
525
382
837
550
766
903
893
816
664
238
482
299
271
605
477
890
478
866
448
290
223
44
836
616
667
25
705
744
87
911
315
242
714
973
286
420
713
947
161
147
992
596
759
993
839
249
293
236
90
889
311
137
494
170
709
752
327
334
769
99
700
584
451
483
188
803
4
436
988
470
328
10
529
552
438
671
251
901
881
787
186
246
895
254
73
225
685
976
197
120
415
931
359
411
317
272
565
169
750
660
336
233
530
337
96
929
764
257
515
60
380
807
184
131
919
163
746
574
914
86
266
332
279
468
136
975
834
637
480
112
774
871
781
406
501
706
654
897
952
798
940
92
202
736
41
888
635
19
885
649
533
300
444
427
385
9
79
723
237
576
802
330
487
446
284
982
159
958
943
603
177
126
587
339
830
62
817
789
984
731
747
698
846
972
22
138
244
28
937
407
185
625
626
498
182
645
648
505
510
335
261
772
458
281
277
7
160
562
211
63
404
276
193
481
862
939
949
806
840
475
36
974
256
296
68
42
102
133
55
726
94
577
561
894
140
221
150
722
549
49
608
602
168
874
609
81
38
304
768
794
773
45
318
854
47
545
484
932
963
155
970
663
820
776
219
526
998
413
85
370
457
464
319
83
800
691
553
497
882
707
459
408
792
853
352
230
70
569
627
350
486
345
331
417
977
631
719
506
591
98
640
124
72
376
567
724
546
755
704
325
373
702
360
12
753
831
541
938
226
57
600
164
381
720
917
50
180
690
200
703
433
786
201
485
784
351
18
611
56
3
343
555
791
743
918
971
517
519
358
450
999
879
176
825
872
51
329
934
384
621
273
270
298
659
402
173
166
414
796
809
212
601
239
389
997
453
979
647
103
217
410
962
224
989
899
771
586
811
363
597
734
205
361
745
8
725
622
110
620
39
520
916
833
604
31
400
310
210
852
32
765
758
636
902
538
638
760
657
366
503
248
590
75
320
65
751
466
804
432
900
544
183
783
390
64
818
158
234
207
985
566
573
534
340
551
829
693
421
167
377
465
656
865
26
216
907
59
721
82
445
810
851
739
449
850
867
504
419
371
543
859
921
995
536
378
357
383
106
322
179
757
306
588
348
441
828
578
835
