0 7
1 0 0 0
1 0 1 1
1 0 2 2
1 0 3 3
1 0 4 4
1 0 5 5
1 0 6 6
1 1 0 7
1 1 1 8
1 1 2 9
1 1 3 10
1 1 4 11
1 1 5 12
1 1 6 13
1 2 0 14
1 2 1 15
1 2 2 16
1 2 3 17
1 2 4 18
1 2 5 19
1 2 6 20
1 3 0 21
1 3 1 22
1 3 2 23
1 3 3 24
1 3 4 25
1 3 5 26
1 3 6 27
1 4 0 28
1 4 1 29
1 4 2 30
1 4 3 31
1 4 4 32
1 4 5 33
1 4 6 34
1 5 0 35
1 5 1 36
1 5 2 37
1 5 3 38
1 5 4 39
1 5 5 40
1 5 6 41
1 6 0 42
1 6 1 43
1 6 2 44
1 6 3 45
1 6 4 46
1 6 5 47
1 6 6 48
2 0 0 0 0
2 0 1 0 1
2 0 2 0 2
2 0 3 0 3
2 0 4 0 4
2 0 5 0 5
2 0 6 0 6
2 1 0 1 0
2 1 1 1 1
2 1 2 1 2
2 1 3 1 3
2 1 4 1 4
2 1 5 1 5
2 1 6 1 6
2 2 0 2 0
2 2 1 2 1
2 2 2 2 2
2 2 3 2 3
2 2 4 2 4
2 2 5 2 5
2 2 6 2 6
2 3 0 3 0
2 3 1 3 1
2 3 2 3 2
2 3 3 3 3
2 3 4 3 4
2 3 5 3 5
2 3 6 3 6
2 4 0 4 0
2 4 1 4 1
2 4 2 4 2
2 4 3 4 3
2 4 4 4 4
2 4 5 4 5
2 4 6 4 6
2 5 0 5 0
2 5 1 5 1
2 5 2 5 2
2 5 3 5 3
2 5 4 5 4
2 5 5 5 5
2 5 6 5 6
2 6 0 6 0
2 6 1 6 1
2 6 2 6 2
2 6 3 6 3
2 6 4 6 4
2 6 5 6 5
2 6 6 6 6
2 0 0 0 1
2 0 1 0 2
2 0 2 0 3
2 0 3 0 4
2 0 4 0 5
2 0 5 0 6
2 1 0 1 1
2 1 1 1 2
2 1 2 1 3
2 1 3 1 4
2 1 4 1 5
2 1 5 1 6
2 2 0 2 1
2 2 1 2 2
2 2 2 2 3
2 2 3 2 4
2 2 4 2 5
2 2 5 2 6
2 3 0 3 1
2 3 1 3 2
2 3 2 3 3
2 3 3 3 4
2 3 4 3 5
2 3 5 3 6
2 4 0 4 1
2 4 1 4 2
2 4 2 4 3
2 4 3 4 4
2 4 4 4 5
2 4 5 4 6
2 5 0 5 1
2 5 1 5 2
2 5 2 5 3
2 5 3 5 4
2 5 4 5 5
2 5 5 5 6
2 6 0 6 1
2 6 1 6 2
2 6 2 6 3
2 6 3 6 4
2 6 4 6 5
2 6 5 6 6
2 0 0 0 2
2 0 1 0 3
2 0 2 0 4
2 0 3 0 5
2 0 4 0 6
2 1 0 1 2
2 1 1 1 3
2 1 2 1 4
2 1 3 1 5
2 1 4 1 6
2 2 0 2 2
2 2 1 2 3
2 2 2 2 4
2 2 3 2 5
2 2 4 2 6
2 3 0 3 2
2 3 1 3 3
2 3 2 3 4
2 3 3 3 5
2 3 4 3 6
2 4 0 4 2
2 4 1 4 3
2 4 2 4 4
2 4 3 4 5
2 4 4 4 6
2 5 0 5 2
2 5 1 5 3
2 5 2 5 4
2 5 3 5 5
2 5 4 5 6
2 6 0 6 2
2 6 1 6 3
2 6 2 6 4
2 6 3 6 5
2 6 4 6 6
2 0 0 0 3
2 0 1 0 4
2 0 2 0 5
2 0 3 0 6
2 1 0 1 3
2 1 1 1 4
2 1 2 1 5
2 1 3 1 6
2 2 0 2 3
2 2 1 2 4
2 2 2 2 5
2 2 3 2 6
2 3 0 3 3
2 3 1 3 4
2 3 2 3 5
2 3 3 3 6
2 4 0 4 3
2 4 1 4 4
2 4 2 4 5
2 4 3 4 6
2 5 0 5 3
2 5 1 5 4
2 5 2 5 5
2 5 3 5 6
2 6 0 6 3
2 6 1 6 4
2 6 2 6 5
2 6 3 6 6
2 0 0 0 4
2 0 1 0 5
2 0 2 0 6
2 1 0 1 4
2 1 1 1 5
2 1 2 1 6
2 2 0 2 4
2 2 1 2 5
2 2 2 2 6
2 3 0 3 4
2 3 1 3 5
2 3 2 3 6
2 4 0 4 4
2 4 1 4 5
2 4 2 4 6
2 5 0 5 4
2 5 1 5 5
2 5 2 5 6
2 6 0 6 4
2 6 1 6 5
2 6 2 6 6
2 0 0 0 5
2 0 1 0 6
2 1 0 1 5
2 1 1 1 6
2 2 0 2 5
2 2 1 2 6
2 3 0 3 5
2 3 1 3 6
2 4 0 4 5
2 4 1 4 6
2 5 0 5 5
2 5 1 5 6
2 6 0 6 5
2 6 1 6 6
2 0 0 0 6
2 1 0 1 6
2 2 0 2 6
2 3 0 3 6
2 4 0 4 6
2 5 0 5 6
2 6 0 6 6
2 0 0 1 0
2 0 1 1 1
2 0 2 1 2
2 0 3 1 3
2 0 4 1 4
2 0 5 1 5
2 0 6 1 6
2 1 0 2 0
2 1 1 2 1
2 1 2 2 2
2 1 3 2 3
2 1 4 2 4
2 1 5 2 5
2 1 6 2 6
2 2 0 3 0
2 2 1 3 1
2 2 2 3 2
2 2 3 3 3
2 2 4 3 4
2 2 5 3 5
2 2 6 3 6
2 3 0 4 0
2 3 1 4 1
2 3 2 4 2
2 3 3 4 3
2 3 4 4 4
2 3 5 4 5
2 3 6 4 6
2 4 0 5 0
2 4 1 5 1
2 4 2 5 2
2 4 3 5 3
2 4 4 5 4
2 4 5 5 5
2 4 6 5 6
2 5 0 6 0
2 5 1 6 1
2 5 2 6 2
2 5 3 6 3
2 5 4 6 4
2 5 5 6 5
2 5 6 6 6
2 0 0 1 1
2 0 1 1 2
2 0 2 1 3
2 0 3 1 4
2 0 4 1 5
2 0 5 1 6
2 1 0 2 1
2 1 1 2 2
2 1 2 2 3
2 1 3 2 4
2 1 4 2 5
2 1 5 2 6
2 2 0 3 1
2 2 1 3 2
2 2 2 3 3
2 2 3 3 4
2 2 4 3 5
2 2 5 3 6
2 3 0 4 1
2 3 1 4 2
2 3 2 4 3
2 3 3 4 4
2 3 4 4 5
2 3 5 4 6
2 4 0 5 1
2 4 1 5 2
2 4 2 5 3
2 4 3 5 4
2 4 4 5 5
2 4 5 5 6
2 5 0 6 1
2 5 1 6 2
2 5 2 6 3
2 5 3 6 4
2 5 4 6 5
2 5 5 6 6
2 0 0 1 2
2 0 1 1 3
2 0 2 1 4
2 0 3 1 5
2 0 4 1 6
2 1 0 2 2
2 1 1 2 3
2 1 2 2 4
2 1 3 2 5
2 1 4 2 6
2 2 0 3 2
2 2 1 3 3
2 2 2 3 4
2 2 3 3 5
2 2 4 3 6
2 3 0 4 2
2 3 1 4 3
2 3 2 4 4
2 3 3 4 5
2 3 4 4 6
2 4 0 5 2
2 4 1 5 3
2 4 2 5 4
2 4 3 5 5
2 4 4 5 6
2 5 0 6 2
2 5 1 6 3
2 5 2 6 4
2 5 3 6 5
2 5 4 6 6
2 0 0 1 3
2 0 1 1 4
2 0 2 1 5
2 0 3 1 6
2 1 0 2 3
2 1 1 2 4
2 1 2 2 5
2 1 3 2 6
2 2 0 3 3
2 2 1 3 4
2 2 2 3 5
2 2 3 3 6
2 3 0 4 3
2 3 1 4 4
2 3 2 4 5
2 3 3 4 6
2 4 0 5 3
2 4 1 5 4
2 4 2 5 5
2 4 3 5 6
2 5 0 6 3
2 5 1 6 4
2 5 2 6 5
2 5 3 6 6
2 0 0 1 4
2 0 1 1 5
2 0 2 1 6
2 1 0 2 4
2 1 1 2 5
2 1 2 2 6
2 2 0 3 4
2 2 1 3 5
2 2 2 3 6
2 3 0 4 4
2 3 1 4 5
2 3 2 4 6
2 4 0 5 4
2 4 1 5 5
2 4 2 5 6
2 5 0 6 4
2 5 1 6 5
2 5 2 6 6
2 0 0 1 5
2 0 1 1 6
2 1 0 2 5
2 1 1 2 6
2 2 0 3 5
2 2 1 3 6
2 3 0 4 5
2 3 1 4 6
2 4 0 5 5
2 4 1 5 6
2 5 0 6 5
2 5 1 6 6
2 0 0 1 6
2 1 0 2 6
2 2 0 3 6
2 3 0 4 6
2 4 0 5 6
2 5 0 6 6
2 0 0 2 0
2 0 1 2 1
2 0 2 2 2
2 0 3 2 3
2 0 4 2 4
2 0 5 2 5
2 0 6 2 6
2 1 0 3 0
2 1 1 3 1
2 1 2 3 2
2 1 3 3 3
2 1 4 3 4
2 1 5 3 5
2 1 6 3 6
2 2 0 4 0
2 2 1 4 1
2 2 2 4 2
2 2 3 4 3
2 2 4 4 4
2 2 5 4 5
2 2 6 4 6
2 3 0 5 0
2 3 1 5 1
2 3 2 5 2
2 3 3 5 3
2 3 4 5 4
2 3 5 5 5
2 3 6 5 6
2 4 0 6 0
2 4 1 6 1
2 4 2 6 2
2 4 3 6 3
2 4 4 6 4
2 4 5 6 5
2 4 6 6 6
2 0 0 2 1
2 0 1 2 2
2 0 2 2 3
2 0 3 2 4
2 0 4 2 5
2 0 5 2 6
2 1 0 3 1
2 1 1 3 2
2 1 2 3 3
2 1 3 3 4
2 1 4 3 5
2 1 5 3 6
2 2 0 4 1
2 2 1 4 2
2 2 2 4 3
2 2 3 4 4
2 2 4 4 5
2 2 5 4 6
2 3 0 5 1
2 3 1 5 2
2 3 2 5 3
2 3 3 5 4
2 3 4 5 5
2 3 5 5 6
2 4 0 6 1
2 4 1 6 2
2 4 2 6 3
2 4 3 6 4
2 4 4 6 5
2 4 5 6 6
2 0 0 2 2
2 0 1 2 3
2 0 2 2 4
2 0 3 2 5
2 0 4 2 6
2 1 0 3 2
2 1 1 3 3
2 1 2 3 4
2 1 3 3 5
2 1 4 3 6
2 2 0 4 2
2 2 1 4 3
2 2 2 4 4
2 2 3 4 5
2 2 4 4 6
2 3 0 5 2
2 3 1 5 3
2 3 2 5 4
2 3 3 5 5
2 3 4 5 6
2 4 0 6 2
2 4 1 6 3
2 4 2 6 4
2 4 3 6 5
2 4 4 6 6
2 0 0 2 3
2 0 1 2 4
2 0 2 2 5
2 0 3 2 6
2 1 0 3 3
2 1 1 3 4
2 1 2 3 5
2 1 3 3 6
2 2 0 4 3
2 2 1 4 4
2 2 2 4 5
2 2 3 4 6
2 3 0 5 3
2 3 1 5 4
2 3 2 5 5
2 3 3 5 6
2 4 0 6 3
2 4 1 6 4
2 4 2 6 5
2 4 3 6 6
2 0 0 2 4
2 0 1 2 5
2 0 2 2 6
2 1 0 3 4
2 1 1 3 5
2 1 2 3 6
2 2 0 4 4
2 2 1 4 5
2 2 2 4 6
2 3 0 5 4
2 3 1 5 5
2 3 2 5 6
2 4 0 6 4
2 4 1 6 5
2 4 2 6 6
2 0 0 2 5
2 0 1 2 6
2 1 0 3 5
2 1 1 3 6
2 2 0 4 5
2 2 1 4 6
2 3 0 5 5
2 3 1 5 6
2 4 0 6 5
2 4 1 6 6
2 0 0 2 6
2 1 0 3 6
2 2 0 4 6
2 3 0 5 6
2 4 0 6 6
2 0 0 3 0
2 0 1 3 1
2 0 2 3 2
2 0 3 3 3
2 0 4 3 4
2 0 5 3 5
2 0 6 3 6
2 1 0 4 0
2 1 1 4 1
2 1 2 4 2
2 1 3 4 3
2 1 4 4 4
2 1 5 4 5
2 1 6 4 6
2 2 0 5 0
2 2 1 5 1
2 2 2 5 2
2 2 3 5 3
2 2 4 5 4
2 2 5 5 5
2 2 6 5 6
2 3 0 6 0
2 3 1 6 1
2 3 2 6 2
2 3 3 6 3
2 3 4 6 4
2 3 5 6 5
2 3 6 6 6
2 0 0 3 1
2 0 1 3 2
2 0 2 3 3
2 0 3 3 4
2 0 4 3 5
2 0 5 3 6
2 1 0 4 1
2 1 1 4 2
2 1 2 4 3
2 1 3 4 4
2 1 4 4 5
2 1 5 4 6
2 2 0 5 1
2 2 1 5 2
2 2 2 5 3
2 2 3 5 4
2 2 4 5 5
2 2 5 5 6
2 3 0 6 1
2 3 1 6 2
2 3 2 6 3
2 3 3 6 4
2 3 4 6 5
2 3 5 6 6
2 0 0 3 2
2 0 1 3 3
2 0 2 3 4
2 0 3 3 5
2 0 4 3 6
2 1 0 4 2
2 1 1 4 3
2 1 2 4 4
2 1 3 4 5
2 1 4 4 6
2 2 0 5 2
2 2 1 5 3
2 2 2 5 4
2 2 3 5 5
2 2 4 5 6
2 3 0 6 2
2 3 1 6 3
2 3 2 6 4
2 3 3 6 5
2 3 4 6 6
2 0 0 3 3
2 0 1 3 4
2 0 2 3 5
2 0 3 3 6
2 1 0 4 3
2 1 1 4 4
2 1 2 4 5
2 1 3 4 6
2 2 0 5 3
2 2 1 5 4
2 2 2 5 5
2 2 3 5 6
2 3 0 6 3
2 3 1 6 4
2 3 2 6 5
2 3 3 6 6
2 0 0 3 4
2 0 1 3 5
2 0 2 3 6
2 1 0 4 4
2 1 1 4 5
2 1 2 4 6
2 2 0 5 4
2 2 1 5 5
2 2 2 5 6
2 3 0 6 4
2 3 1 6 5
2 3 2 6 6
2 0 0 3 5
2 0 1 3 6
2 1 0 4 5
2 1 1 4 6
2 2 0 5 5
2 2 1 5 6
2 3 0 6 5
2 3 1 6 6
2 0 0 3 6
2 1 0 4 6
2 2 0 5 6
2 3 0 6 6
2 0 0 4 0
2 0 1 4 1
2 0 2 4 2
2 0 3 4 3
2 0 4 4 4
2 0 5 4 5
2 0 6 4 6
2 1 0 5 0
2 1 1 5 1
2 1 2 5 2
2 1 3 5 3
2 1 4 5 4
2 1 5 5 5
2 1 6 5 6
2 2 0 6 0
2 2 1 6 1
2 2 2 6 2
2 2 3 6 3
2 2 4 6 4
2 2 5 6 5
2 2 6 6 6
2 0 0 4 1
2 0 1 4 2
2 0 2 4 3
2 0 3 4 4
2 0 4 4 5
2 0 5 4 6
2 1 0 5 1
2 1 1 5 2
2 1 2 5 3
2 1 3 5 4
2 1 4 5 5
2 1 5 5 6
2 2 0 6 1
2 2 1 6 2
2 2 2 6 3
2 2 3 6 4
2 2 4 6 5
2 2 5 6 6
2 0 0 4 2
2 0 1 4 3
2 0 2 4 4
2 0 3 4 5
2 0 4 4 6
2 1 0 5 2
2 1 1 5 3
2 1 2 5 4
2 1 3 5 5
2 1 4 5 6
2 2 0 6 2
2 2 1 6 3
2 2 2 6 4
2 2 3 6 5
2 2 4 6 6
2 0 0 4 3
2 0 1 4 4
2 0 2 4 5
2 0 3 4 6
2 1 0 5 3
2 1 1 5 4
2 1 2 5 5
2 1 3 5 6
2 2 0 6 3
2 2 1 6 4
2 2 2 6 5
2 2 3 6 6
2 0 0 4 4
2 0 1 4 5
2 0 2 4 6
2 1 0 5 4
2 1 1 5 5
2 1 2 5 6
2 2 0 6 4
2 2 1 6 5
2 2 2 6 6
2 0 0 4 5
2 0 1 4 6
2 1 0 5 5
2 1 1 5 6
2 2 0 6 5
2 2 1 6 6
2 0 0 4 6
2 1 0 5 6
2 2 0 6 6
2 0 0 5 0
2 0 1 5 1
2 0 2 5 2
2 0 3 5 3
2 0 4 5 4
2 0 5 5 5
2 0 6 5 6
2 1 0 6 0
2 1 1 6 1
2 1 2 6 2
2 1 3 6 3
2 1 4 6 4
2 1 5 6 5
2 1 6 6 6
2 0 0 5 1
2 0 1 5 2
2 0 2 5 3
2 0 3 5 4
2 0 4 5 5
2 0 5 5 6
2 1 0 6 1
2 1 1 6 2
2 1 2 6 3
2 1 3 6 4
2 1 4 6 5
2 1 5 6 6
2 0 0 5 2
2 0 1 5 3
2 0 2 5 4
2 0 3 5 5
2 0 4 5 6
2 1 0 6 2
2 1 1 6 3
2 1 2 6 4
2 1 3 6 5
2 1 4 6 6
2 0 0 5 3
2 0 1 5 4
2 0 2 5 5
2 0 3 5 6
2 1 0 6 3
2 1 1 6 4
2 1 2 6 5
2 1 3 6 6
2 0 0 5 4
2 0 1 5 5
2 0 2 5 6
2 1 0 6 4
2 1 1 6 5
2 1 2 6 6
2 0 0 5 5
2 0 1 5 6
2 1 0 6 5
2 1 1 6 6
2 0 0 5 6
2 1 0 6 6
2 0 0 6 0
2 0 1 6 1
2 0 2 6 2
2 0 3 6 3
2 0 4 6 4
2 0 5 6 5
2 0 6 6 6
2 0 0 6 1
2 0 1 6 2
2 0 2 6 3
2 0 3 6 4
2 0 4 6 5
2 0 5 6 6
2 0 0 6 2
2 0 1 6 3
2 0 2 6 4
2 0 3 6 5
2 0 4 6 6
2 0 0 6 3
2 0 1 6 4
2 0 2 6 5
2 0 3 6 6
2 0 0 6 4
2 0 1 6 5
2 0 2 6 6
2 0 0 6 5
2 0 1 6 6
2 0 0 6 6
3
