0 33
1 14 1 28766
1 8 0 16962
1 12 11 18826
1 22 31 6798
1 30 29 8572
1 8 5 6198
1 18 20 20369
1 0 17 26370
1 9 7 18763
1 7 21 772
1 13 0 21288
1 13 9 3702
1 3 19 15785
1 22 8 21435
1 8 6 26517
1 17 14 19102
1 2 30 24070
1 14 30 10950
1 25 4 30163
1 29 12 14323
1 31 23 20200
1 1 1 8035
1 2 2 4021
1 15 25 25947
1 26 31 10788
1 0 14 15659
1 11 16 22746
1 8 28 9643
1 23 20 3349
1 9 15 9542
1 15 13 24871
1 22 13 12567
1 3 15 22359
1 3 28 7539
1 12 21 7673
1 24 20 31332
1 16 31 19178
1 4 4 24350
1 21 26 7680
1 10 2 20701
1 6 17 31417
1 26 5 28347
1 14 8 15193
1 4 12 7742
1 16 22 27427
1 28 13 2463
1 19 29 17488
1 24 32 31037
1 27 20 21291
1 14 28 18414
1 15 2 3961
1 28 28 30901
1 21 7 8965
1 26 9 7709
1 28 25 20313
1 18 20 4428
1 27 4 4054
1 31 29 13597
1 9 21 30301
1 11 2 24749
1 15 18 6482
1 2 13 372
1 26 0 18986
1 22 26 19147
1 30 19 8396
1 27 2 27172
1 3 29 8505
1 6 28 4340
1 10 2 -14442
1 30 14 21944
1 13 27 6559
1 29 29 24289
1 5 21 5178
1 21 10 29955
1 12 8 8058
1 30 0 32451
1 0 1 7292
1 6 7 15607
1 6 17 -8520
1 30 13 17684
1 21 26 10702
1 28 23 28954
1 15 26 14764
1 1 13 17545
1 8 25 12239
1 4 20 19159
1 0 20 30333
1 23 25 17049
1 7 31 25670
1 26 26 20963
1 24 12 27677
1 16 7 19525
1 3 21 29647
1 9 22 11494
1 26 28 16981
1 17 32 21736
1 5 30 20164
1 30 21 20769
1 29 28 27891
1 8 19 15023
1 3 10 4107
1 22 24 1704
1 31 26 32102
1 31 2 2176
1 10 26 7417
1 13 9 19415
1 6 14 16189
1 15 11 26695
1 14 5 4706
1 11 14 5887
1 31 15 15154
1 0 4 18122
1 7 0 10976
1 2 29 8480
1 17 6 28181
1 27 20 -4510
1 2 24 26207
1 6 4 21258
1 30 18 18981
1 15 27 12280
1 18 26 22118
1 30 26 10636
1 31 31 30127
1 25 31 11935
1 17 15 321
1 5 7 12268
1 0 8 3976
1 10 14 28377
1 29 9 7936
1 18 22 3313
1 20 6 29530
1 3 3 25159
1 24 32 -6365
1 9 22 15909
1 22 6 2760
1 9 12 23696
1 13 10 15025
1 9 20 25704
1 6 14 704
1 20 31 26065
1 28 18 26341
1 29 21 107
1 21 10 1066
1 9 18 31755
1 28 7 10790
1 29 16 29074
1 2 28 5084
1 15 2 26604
1 8 8 28469
1 9 26 17779
1 0 21 10775
1 29 15 29576
1 27 3 19281
1 21 12 10019
1 5 7 1457
1 28 1 30719
1 28 2 7735
1 5 17 14285
1 1 23 13211
1 10 31 12448
1 16 29 15311
1 8 23 18560
1 19 15 14588
1 7 4 28065
1 16 9 20860
1 30 2 28499
1 25 30 9144
1 16 0 10588
1 8 0 8806
1 7 10 6040
1 0 24 10238
1 12 30 31935
1 8 16 5704
1 4 24 28101
1 13 5 32578
1 25 0 29925
1 5 25 16448
1 21 6 29999
1 18 13 2840
1 2 20 28976
1 17 20 27883
1 26 32 10335
1 26 6 5910
1 8 8 -27349
1 25 21 5985
1 16 13 1462
1 9 19 18270
1 32 5 31378
1 22 21 22302
1 11 24 4253
1 9 8 22449
1 30 2 -1836
1 16 26 2689
1 16 1 30651
1 7 24 7541
1 3 7 19757
1 30 16 30261
1 14 13 15430
1 5 2 18620
1 9 11 64
1 32 21 31338
1 7 16 24375
1 14 32 11111
1 26 15 30018
1 13 22 10893
1 19 23 19082
1 4 18 18974
1 6 0 27017
1 13 5 -24904
1 9 13 29323
1 26 10 22635
1 17 17 15493
1 8 31 18234
1 25 24 3998
1 10 2 416
1 17 20 4365
1 31 24 16645
1 28 31 10903
1 3 9 13632
1 14 16 14367
1 3 8 17361
1 11 23 12295
1 0 32 25833
1 22 22 27895
1 27 31 16366
1 19 15 16966
1 32 14 27680
1 31 7 2238
1 30 11 3426
1 0 25 17095
1 15 26 -4221
1 6 2 15108
1 15 2 -8169
1 21 25 10750
1 19 17 10189
1 15 1 31606
1 0 0 28546
1 7 30 19983
1 13 25 167
1 26 23 9540
1 22 4 11889
1 27 10 29849
1 22 25 13378
1 14 14 13477
1 28 31 -9526
1 8 13 16521
1 3 13 25621
1 12 18 12555
1 26 31 10206
1 19 22 31801
1 3 10 22470
1 12 4 22683
1 22 24 30711
1 0 5 16069
1 3 0 1541
1 21 8 5197
1 9 9 25823
1 27 19 25563
1 8 13 -9864
1 15 32 5297
1 11 0 5812
1 10 10 18745
1 20 0 26436
1 20 31 -7552
1 1 2 5727
1 11 23 18739
1 32 31 27738
1 0 25 7288
1 19 0 8186
1 2 14 12082
1 6 23 12844
1 21 31 22360
1 6 16 4945
1 14 3 6745
1 26 2 8468
1 5 11 11491
1 23 10 32336
1 16 10 31088
1 31 28 20303
1 23 30 20974
1 15 3 32135
1 3 23 14827
1 3 27 24503
1 0 8 24064
1 30 32 8741
1 27 2 -26259
1 12 24 9755
1 29 7 28320
1 2 5 16637
1 7 29 14131
1 26 9 18389
1 2 12 25584
1 8 13 24677
1 30 13 -13435
1 20 10 28377
1 11 2 -13606
1 14 15 16348
1 27 9 6194
1 15 9 5066
1 32 17 21149
1 13 8 990
1 28 9 22969
1 32 17 -10007
1 31 12 3224
1 4 30 5958
1 8 9 27814
1 12 23 14746
1 7 17 31859
1 9 30 11937
1 15 29 8052
1 15 9 3344
1 22 3 12377
1 8 2 2013
1 8 0 -23947
1 19 3 7073
1 5 9 26511
1 27 21 28280
1 29 28 -5756
1 7 4 -24436
1 24 18 22166
1 24 0 26343
1 0 21 -1286
1 18 29 29957
1 18 2 20777
1 28 21 18967
1 3 27 -4367
1 19 19 2659
1 22 16 15652
1 8 23 13982
1 25 12 25626
1 4 4 -8297
1 25 4 -25349
1 16 23 14878
1 7 6 24618
1 31 2 2316
1 26 5 -2354
1 27 22 18631
1 17 11 29921
1 1 18 26186
1 21 8 14165
1 24 12 -10174
1 26 4 29019
1 17 18 750
1 3 25 245
1 25 24 25328
1 2 15 29530
1 2 9 27369
1 23 24 18354
1 26 26 3659
1 19 12 17034
1 22 2 17755
1 30 28 20362
1 9 10 1574
1 9 14 24118
1 13 6 10466
1 22 6 9594
1 0 8 -10890
1 1 29 27515
1 12 22 26332
1 7 6 -11243
1 11 29 14271
1 28 24 12305
1 12 0 12292
1 16 7 9584
1 9 20 -3865
1 26 7 27742
1 25 8 7275
1 30 7 11837
1 28 19 5815
1 17 27 15393
1 14 5 22461
1 16 31 6694
1 8 10 7759
1 13 25 6179
1 30 1 21879
1 20 28 18147
1 14 18 24682
1 14 15 -13031
1 11 8 5173
1 30 23 22106
1 20 5 5614
1 7 19 6219
1 15 27 -763
1 22 8 1646
1 0 3 32261
1 30 24 16756
1 2 3 21688
1 12 18 18883
1 28 29 7987
1 31 24 -6212
1 27 11 19385
1 25 16 16346
1 24 30 13622
1 31 17 23504
1 30 17 9565
1 28 13 23950
1 22 15 3486
1 32 25 13594
1 22 21 -19263
1 21 19 10404
1 11 11 18314
1 3 4 21170
1 15 26 1532
1 21 22 31557
1 0 19 20426
1 15 14 562
1 20 1 22880
1 26 0 -5227
1 15 23 9283
1 0 9 14626
1 5 20 19126
1 23 22 28398
1 23 4 15893
1 18 23 25896
1 30 23 -6154
1 27 3 -958
1 1 21 16996
1 24 12 -16610
1 4 27 1451
1 7 25 26657
1 27 30 21410
1 23 19 5094
1 24 7 26824
1 17 26 1918
1 31 21 19416
1 30 13 19098
1 9 15 -2184
1 23 4 -8192
1 2 8 5204
1 2 15 -26626
1 11 7 11207
1 6 28 11318
1 23 19 -435
1 9 2 23054
1 18 0 4096
1 13 28 978
1 14 5 -12903
1 32 26 1298
1 29 28 -13528
1 19 30 12706
1 0 8 11071
1 11 15 8743
1 4 3 15437
1 6 13 31430
1 0 29 17082
1 13 10 6089
1 6 22 29080
1 15 19 25209
1 27 13 10394
1 13 0 -2434
1 13 31 11710
1 19 7 10373
1 18 11 19937
1 3 17 1689
1 22 15 19597
1 7 26 5232
1 19 0 -3935
1 3 13 1877
1 11 5 17139
1 14 18 -13537
1 12 30 -19514
1 19 16 32174
1 3 32 20526
1 26 2 6436
1 25 24 -23730
1 19 30 16758
1 22 16 6300
1 11 18 30092
1 20 29 22415
1 6 11 7527
1 25 23 30904
1 9 7 3700
1 31 11 23715
1 31 2 12838
1 14 28 -16445
1 10 12 27484
1 30 1 -5194
1 18 12 31419
1 16 31 5487
1 20 4 26900
1 10 30 4128
1 29 4 7520
1 30 3 14683
1 29 32 12786
1 29 13 3517
1 19 21 9960
1 3 19 -11206
1 2 2 20374
1 19 18 31369
1 0 6 9872
1 20 16 3818
1 31 12 22404
1 15 9 761
1 9 4 7741
1 6 0 -23541
1 27 17 1970
1 27 19 7126
1 29 21 19174
1 8 8 23487
1 16 8 5545
1 26 26 -22231
1 1 25 13281
1 11 7 16705
1 22 14 4462
1 1 21 8801
1 25 13 28352
1 3 8 -10519
1 30 4 10720
1 29 10 5870
1 9 26 5872
1 28 17 25428
1 28 18 -11013
1 5 27 872
1 25 16 13165
1 14 16 1361
1 2 6 28576
1 7 9 12478
1 29 7 -23538
1 6 1 29883
1 25 10 20846
1 16 3 20311
1 1 31 32098
1 9 3 16297
1 24 27 14849
1 21 8 -16636
1 1 8 16172
1 30 15 24391
1 32 9 27303
1 3 14 11422
1 15 6 1355
1 20 20 2647
1 8 20 17689
1 14 29 26994
1 12 21 18034
1 25 7 18290
1 21 8 27813
1 24 4 25272
1 1 1 1294
1 16 3 5889
1 30 18 -2762
1 19 6 3038
1 11 14 6197
1 1 26 25917
1 25 5 12642
1 11 29 -12501
1 5 17 -5255
1 5 8 30229
1 19 7 1936
1 10 23 25589
1 14 18 -9497
1 23 4 19166
1 19 15 -8300
1 2 14 10825
1 12 7 9355
1 11 18 124
1 14 21 22680
1 24 24 2918
1 5 11 16600
1 19 21 17236
1 2 2 -12738
1 2 23 15595
1 8 9 -18923
1 26 9 -16866
1 2 20 -18130
1 15 31 6672
1 25 10 -5846
1 18 0 -3262
1 18 3 22213
1 27 22 4300
1 22 23 29188
1 3 25 24192
1 20 32 11714
1 19 25 3105
1 30 26 13890
1 14 8 7891
1 15 31 -6123
1 1 17 31488
1 13 0 -3796
1 1 25 15822
1 12 14 910
1 21 16 30431
1 21 3 13460
1 31 22 6019
1 15 17 31016
1 17 31 32270
1 17 12 7230
1 27 13 949
1 3 26 14760
1 15 25 -13143
1 14 2 32671
1 4 23 20483
1 17 12 17373
1 29 8 21154
1 0 21 9880
1 29 5 30093
1 30 22 27232
1 32 14 -1894
1 16 15 26589
1 0 30 19086
1 7 10 20168
1 31 14 11608
1 2 31 32490
1 10 25 2265
1 4 25 22342
1 18 19 18943
1 29 17 15152
1 18 14 11518
1 21 31 -15597
1 12 29 15943
1 31 4 2627
1 16 0 -10095
1 25 0 -22721
1 9 8 -18997
1 1 13 10480
1 14 29 -13360
1 30 25 25319
1 0 9 -9852
1 16 28 28877
1 14 7 14084
1 9 3 -10329
1 15 20 4432
1 32 10 29960
1 13 20 8850
1 18 21 27794
1 14 3 1112
1 30 31 11899
1 27 30 -19792
1 6 11 -4727
1 14 25 9267
1 19 1 7336
1 27 14 23217
1 32 12 2982
1 6 25 11888
1 19 10 19432
1 13 23 15189
1 3 20 18102
1 18 14 -964
1 8 19 -10959
1 25 0 -1809
1 15 19 5281
1 9 12 -7254
1 20 11 29279
1 11 17 10670
1 18 1 29603
1 16 14 15800
1 12 17 15663
1 7 3 21744
1 30 9 6048
1 29 32 17434
1 20 13 10042
1 11 22 17017
1 16 9 1950
1 0 19 4187
1 7 4 27647
1 22 18 5059
1 30 31 7454
1 22 5 20523
1 27 1 10187
1 16 28 -4963
1 8 14 5434
1 17 25 27620
1 5 6 15385
1 2 4 4480
1 16 11 6793
1 29 31 8987
1 24 28 26253
1 4 16 11157
1 17 8 7020
1 5 25 1458
1 25 31 4508
1 25 15 353
1 12 18 -12592
1 6 20 2897
1 20 1 5832
1 5 28 27591
1 4 18 -3641
1 4 20 -11556
1 5 2 7525
1 7 7 11470
1 2 30 2497
1 12 20 15942
1 13 32 29380
1 19 6 21117
1 28 24 12575
1 16 27 30063
1 0 31 11996
1 12 0 10508
1 6 5 17463
1 6 10 6171
1 29 11 12840
1 19 21 -17062
1 20 32 13961
1 8 18 9311
1 12 14 30149
1 17 28 32176
1 15 28 21649
1 30 5 25733
1 0 9 18041
1 6 15 19917
1 18 9 2176
1 25 28 18804
1 21 15 4618
1 13 21 11234
1 11 31 8780
1 31 15 10815
1 14 29 11222
1 27 26 20774
1 7 26 16096
1 25 31 3450
1 19 14 27941
1 24 6 6501
1 17 25 -23335
1 8 6 -8614
1 17 15 5655
1 5 14 26150
1 21 26 -8196
1 30 20 2848
1 9 27 26937
1 31 20 1611
1 1 4 31346
1 13 29 30678
1 18 11 -10196
1 4 19 26979
1 12 1 26167
1 18 6 5595
1 2 27 30207
1 18 22 20037
1 22 32 10755
1 20 28 -2908
1 14 29 -905
1 22 7 6298
1 1 26 -12065
1 6 28 2807
1 14 7 17285
1 5 23 28578
1 10 26 -4126
1 9 9 -12689
1 26 31 -7650
1 2 19 25249
1 32 31 -24530
1 0 19 -16685
1 28 18 -2184
1 1 24 23141
1 23 4 -3814
1 16 9 -3952
1 13 18 3937
1 2 25 21245
1 14 16 -7634
1 23 18 24190
1 26 17 5608
1 25 17 16461
1 29 10 16021
1 25 12 6015
1 16 0 6660
1 14 14 -6115
1 3 27 -15040
1 16 28 6648
1 5 9 -17705
1 26 31 2776
1 30 24 -14550
1 31 14 12177
1 18 10 21617
1 24 2 9556
1 19 18 -25302
1 18 31 9750
1 24 32 -8255
1 16 16 29358
1 32 19 28939
1 30 10 28505
1 15 8 20537
1 15 4 8243
1 0 23 32320
1 27 14 -15610
1 30 31 3430
1 3 16 2596
1 22 5 10917
1 0 21 -4420
1 6 19 7136
1 21 16 -14337
1 31 29 -13118
1 31 11 7720
1 13 10 6004
1 3 2 9420
1 28 32 9982
1 2 1 3189
1 7 23 29171
1 12 21 1783
1 30 27 28707
1 2 13 8489
1 18 11 7099
1 6 10 15911
1 32 23 15605
1 13 24 19026
1 8 19 5070
1 32 20 24763
1 8 27 10128
1 19 4 14414
1 20 2 1443
1 3 2 -9266
1 2 18 6286
1 28 25 -12706
1 32 22 12361
1 12 1 -6067
1 28 7 -5127
1 9 7 2139
1 24 13 13977
1 27 32 5227
1 18 17 13303
1 5 20 -6553
1 4 20 11527
1 12 15 687
1 30 15 -2944
1 5 25 -7683
1 2 20 -1643
1 16 28 -2192
1 20 17 5377
1 14 12 2162
1 12 30 1028
1 11 1 2407
1 12 3 10667
1 29 15 -7277
1 6 12 26619
1 3 15 -15895
1 1 17 -17859
1 4 0 24479
1 15 18 24527
1 6 30 10580
1 29 8 -10780
1 2 19 6584
1 29 29 -14713
1 8 25 3186
1 2 31 -8271
1 10 32 15551
1 7 0 -1455
1 25 3 11792
1 5 18 14200
1 1 22 30720
1 8 16 -4659
1 11 17 -6656
1 15 11 -7263
1 22 19 894
1 9 19 -3648
1 6 27 16529
1 18 2 -3941
1 12 27 24748
1 5 31 3099
1 14 32 11691
1 20 5 14870
1 2 17 9593
1 0 30 6219
1 26 18 12751
1 13 25 20652
1 27 32 23904
1 10 15 25613
1 25 26 30073
1 7 31 -24215
1 6 10 -18546
1 26 30 14129
1 30 30 10839
1 16 29 10188
1 13 22 -8743
1 27 2 20840
1 28 27 10222
1 23 5 15876
1 20 30 15469
1 11 2 9650
1 32 8 13280
1 18 2 6815
1 8 30 20182
1 15 12 6889
1 18 25 3204
1 7 18 10021
1 20 13 -847
1 30 3 2571
1 21 23 18267
1 6 32 4214
1 19 31 10964
1 8 15 28550
1 26 21 11920
1 9 4 -4305
1 18 22 5053
1 17 27 -14126
1 17 13 14563
1 10 10 13141
1 6 31 13313
1 32 3 21685
1 28 20 25691
1 30 28 8504
1 32 20 -12192
1 31 29 19935
1 10 14 -16019
1 10 29 23322
1 30 12 9522
1 28 22 13948
1 29 29 10134
1 20 26 9508
1 8 21 4136
1 26 16 16874
1 26 15 -24180
1 13 12 23978
1 3 20 -5454
1 14 30 -3131
1 19 27 19514
1 2 22 24160
1 28 18 -6902
1 18 3 -5418
1 9 11 27203
1 20 5 -4632
1 25 29 11102
1 16 7 -4173
1 2 11 28023
1 2 23 403
1 29 9 14960
1 3 11 30512
1 32 4 5196
1 20 21 25797
1 1 30 15696
1 2 16 585
1 20 6 -20200
1 18 22 -6670
1 26 24 25442
1 21 24 47
1 13 21 -9596
1 30 22 -20263
1 3 19 25410
1 23 6 24871
1 13 5 -6551
1 14 8 5334
1 19 28 25326
1 18 11 13614
1 24 2 -7313
1 9 21 -11422
1 16 1 -8007
1 29 29 -19425
1 19 30 -20734
1 14 20 21453
1 28 0 22481
1 7 14 6314
1 32 31 18364
1 31 16 13821
1 19 8 7997
1 27 15 32123
1 29 31 -5094
1 15 27 222
1 25 12 -11004
1 21 26 -7171
1 21 22 -14119
1 27 27 14067
1 5 26 26254
1 14 22 30563
1 29 6 15958
1 14 1 -20884
1 21 28 6382
1 26 11 13098
1 26 3 2230
1 24 23 3767
1 6 9 9813
1 22 1 21491
1 17 7 1684
1 8 19 -649
1 16 15 -19775
1 30 29 23109
1 26 16 -13213
1 21 7 1970
1 6 0 17544
1 3 24 9877
1 26 29 31727
1 4 18 -4584
1 6 0 -2228
1 0 8 -16328
1 17 25 -412
1 7 22 2731
1 29 16 -21253
1 13 2 23037
1 7 6 13975
1 4 9 8631
1 22 0 2662
1 14 2 -5789
1 10 9 29822
1 11 9 4968
1 29 24 15652
1 32 31 -9276
1 29 27 2781
1 7 6 -1092
1 25 13 1937
1 10 15 -8509
1 18 4 23238
1 22 18 20679
1 9 27 -13611
1 31 3 20454
1 27 0 22841
1 14 30 19480
1 20 24 32743
1 9 31 10065
1 31 23 -17231
1 26 0 18716
1 28 19 4341
1 29 6 -15451
1 32 16 14278
1 11 14 -7359
1 28 6 16508
1 4 19 -6246
1 12 6 20131
1 12 16 22523
1 18 14 7624
1 2 6 -26898
1 32 32 14423
1 31 28 6004
1 15 27 19704
1 25 3 15093
1 3 30 17603
1 12 1 -852
1 20 13 2153
1 17 25 25580
1 12 8 -6541
1 30 8 23364
1 13 7 13794
1 14 5 14551
1 21 19 18223
1 11 9 21590
1 13 10 -16825
1 22 22 -25222
1 17 7 29315
1 17 24 29708
1 32 1 8867
1 27 31 -12155
1 28 9 -7520
1 27 21 -8313
1 21 9 18274
1 7 20 24648
1 30 32 2305
1 15 21 26744
1 4 4 10886
1 2 21 31762
1 27 20 14187
1 26 15 4129
1 1 8 -12966
1 14 2 -1775
1 32 23 -11930
1 0 31 -8877
1 9 26 -6093
1 29 9 8931
1 4 11 32405
1 18 13 27801
1 20 5 7368
1 24 32 -4757
1 25 0 13930
1 32 12 24258
1 30 11 28028
1 2 9 456
1 25 19 10143
1 13 15 21470
1 24 17 31711
1 4 0 -18150
1 5 21 2623
1 26 10 -10410
1 26 2 8909
1 3 0 23705
1 13 30 3723
1 14 30 -17011
1 11 20 4052
1 2 0 28830
1 32 22 701
1 8 26 16457
1 29 31 1347
1 23 23 10380
1 14 16 982
1 5 17 -4495
1 6 30 11284
1 17 10 31970
1 4 19 -15528
1 10 19 24662
1 29 19 23866
1 32 27 2452
1 1 21 -1966
1 24 12 12025
1 22 26 -5005
1 23 30 -6914
1 21 1 7144
1 17 16 24849
1 7 20 4816
1 16 28 2761
1 26 24 -6888
1 25 22 23444
1 15 23 10080
1 4 13 14111
1 12 2 19913
1 5 23 -763
1 13 10 20002
1 17 27 29808
1 30 32 -3369
1 28 14 29687
1 13 7 13839
1 14 30 4288
1 10 12 -20511
1 25 15 9712
1 17 27 -29611
1 2 31 -1206
1 14 11 13713
1 29 26 28196
1 25 22 -23315
1 7 17 -31607
1 18 30 20460
1 20 12 19083
1 9 20 9502
1 19 10 -3902
1 8 27 7208
1 32 27 15680
1 11 8 26805
1 1 2 -5243
1 15 26 1959
1 27 0 -19053
1 20 18 879
1 20 3 23860
1 15 10 30640
1 25 28 -10990
1 14 3 -5596
1 31 2 -16204
1 11 11 13912
1 3 12 27550
1 21 26 15160
1 26 18 -973
1 13 6 -5189
1 31 24 15874
1 24 7 -2918
1 6 30 -16815
1 29 9 -19258
1 11 6 15162
1 21 17 3074
1 6 20 19888
1 24 6 -2312
1 5 30 -7213
1 15 9 7383
1 12 7 -6665
1 11 32 23211
1 21 3 -2306
1 25 31 -5075
1 0 9 -4045
1 7 30 -11609
1 26 3 13380
1 21 28 1810
1 8 31 -18078
1 14 13 12627
1 26 23 17698
1 30 2 -5103
1 3 21 -20752
1 9 13 501
1 22 11 21072
1 8 19 8050
1 11 10 15669
1 0 31 10139
1 29 7 22695
1 20 19 4568
1 20 13 3997
1 25 8 13303
1 30 11 -20048
1 1 18 -540
1 5 7 -3392
1 16 15 6582
1 25 27 5141
1 1 25 -20748
1 4 21 27226
1 4 6 9169
1 14 26 3507
1 13 19 12930
1 14 14 20520
1 1 15 26748
1 0 18 24348
1 12 1 -12566
1 8 25 -531
1 12 26 31826
1 13 30 -3590
1 19 32 18277
1 14 14 -11873
1 19 27 1055
1 31 7 18511
1 21 8 -5095
1 29 6 31203
1 12 18 9006
1 9 24 30404
1 32 2 22268
1 13 15 -4768
1 14 2 -16690
1 21 14 1980
1 21 31 5973
1 6 29 28496
1 2 17 18305
1 16 14 -11981
1 12 26 304
1 10 2 21246
1 31 0 29103
1 12 11 -7563
1 22 23 -27562
1 29 11 -3478
1 17 31 -27060
1 28 2 -5633
1 16 4 27918
1 8 18 1793
1 6 31 -4537
1 23 6 2744
1 30 5 -8752
1 3 15 2236
1 25 4 -1910
1 14 31 17872
1 17 13 -10487
1 17 9 14854
1 13 23 -9770
1 26 31 -14903
1 21 2 1189
1 7 24 -7122
1 26 19 29312
1 11 22 -5185
1 7 15 30216
1 26 27 27347
1 20 10 -23174
1 12 27 -15458
1 4 5 2568
1 32 31 639
1 12 17 -4220
1 23 22 1823
1 5 14 5505
1 26 25 12080
1 27 32 -13603
1 32 23 7182
1 3 11 -23084
1 19 21 318
1 12 24 12276
1 27 23 4547
1 4 2 1874
1 17 23 22786
1 19 28 4038
1 7 19 -398
1 20 13 11048
1 10 13 28449
1 28 14 173
1 21 0 1934
1 8 11 25062
1 31 5 6359
1 20 7 12578
1 24 23 8373
1 15 9 -11089
1 23 17 21864
1 20 2 6192
1 17 10 -6209
1 2 4 805
1 29 25 16948
1 11 32 -18708
1 16 30 3287
1 10 15 9131
1 7 6 -7003
1 24 20 -18764
1 4 10 5060
1 2 28 3728
1 13 10 -23711
1 0 12 9234
1 3 8 17348
1 3 18 29135
1 14 1 5450
1 30 11 2692
1 17 16 -24312
1 28 8 28205
1 14 12 26000
1 15 14 5668
1 16 25 21569
1 26 25 -7754
1 8 27 -209
1 12 28 29140
1 17 10 6898
1 18 5 1276
1 32 22 42
1 19 18 8682
1 27 30 10058
1 7 11 25748
1 18 25 28630
1 5 18 8725
1 2 25 -16937
1 7 4 -5577
1 29 22 26064
1 16 5 8690
1 15 4 24339
1 31 21 -726
1 19 15 -10904
1 20 21 -7174
1 3 4 -7617
1 7 9 -8755
1 3 9 17505
1 27 17 19711
1 13 11 4489
1 7 25 -995
1 6 8 994
1 28 4 29326
1 0 23 -24527
1 3 11 22664
1 14 12 -24013
1 18 17 3768
1 6 20 -15139
1 18 14 7593
1 2 25 -2026
1 6 32 -1607
1 13 4 28021
1 24 32 14433
1 22 0 8910
1 0 3 -3358
1 1 15 -21218
1 4 1 6055
1 15 7 20636
1 3 25 -3625
1 5 26 6030
1 19 32 -2699
1 23 13 12154
1 0 2 21826
1 12 22 4183
1 14 22 -12759
1 24 21 2316
1 10 24 30373
1 16 6 7394
1 7 9 26330
1 12 13 21726
1 8 32 19670
1 2 20 7577
1 32 18 14050
1 29 30 8037
1 22 9 6536
1 18 31 -2881
1 30 9 7139
1 7 25 -15869
1 23 30 -9728
1 31 7 1828
1 32 16 -13004
1 30 18 -7653
1 7 15 -23278
1 19 10 6953
1 18 32 1238
1 7 18 -5148
1 18 13 -24489
1 19 18 -3619
1 25 8 -12903
1 6 4 -4658
1 32 1 -4215
1 25 32 20178
1 0 4 -8326
1 27 23 23554
1 17 8 284
1 13 14 30744
1 10 32 -13117
1 13 16 18283
1 7 9 -9902
1 30 15 -16126
1 28 14 -1571
1 9 4 6984
1 4 5 -1305
1 17 30 14868
1 4 14 26504
1 24 26 9940
1 25 3 -22072
1 6 16 19366
1 6 23 -154
1 12 21 -20439
1 20 16 26153
1 32 24 17190
1 6 28 -8424
1 19 10 -7020
1 20 15 23171
1 28 4 -27690
1 16 28 -9864
1 2 1 19492
1 4 7 17007
1 15 17 -19094
1 8 5 17828
1 13 2 2165
1 23 9 2860
1 1 26 18482
1 11 12 10652
1 32 5 -20724
1 14 21 7637
1 29 21 -12742
1 27 25 23138
1 13 7 -25670
1 19 15 1520
1 6 27 5083
1 15 15 2842
1 19 17 14170
1 32 26 1428
1 27 25 6846
1 23 5 1893
1 13 1 3664
1 5 26 -20306
1 3 6 22635
1 18 23 -15980
1 3 29 -4711
1 21 11 21459
1 16 29 -18084
1 0 28 9893
1 31 21 608
1 32 11 4497
1 19 22 -12275
1 28 28 -9371
1 30 31 4733
1 4 16 5483
1 24 17 -18785
1 6 5 -8653
1 3 19 -22838
1 15 19 -22975
1 20 15 -2616
1 16 12 24157
1 15 32 10574
1 13 27 -4324
1 2 22 -17772
1 31 26 -1809
1 17 18 21534
1 30 24 1767
1 20 25 10972
1 4 7 -14905
1 17 25 -16594
1 15 7 -12947
1 25 22 4234
1 22 1 -14946
1 14 3 23951
1 2 1 -2216
1 4 16 15347
1 25 12 11168
1 14 32 -14192
1 25 4 -319
1 19 19 20964
1 28 1 -5232
1 14 24 12674
1 0 11 4709
1 9 23 23122
1 7 25 20102
1 32 29 8898
1 7 19 6
1 2 1 9027
1 24 24 18589
1 18 10 539
1 5 3 19226
1 31 18 4108
1 12 16 2916
1 25 23 -10984
1 9 30 14768
1 23 30 6221
1 20 2 18879
1 30 5 -3954
1 6 27 -7780
1 15 11 11598
1 10 16 11946
1 4 12 22062
1 23 25 6383
1 21 15 27525
1 9 24 -13791
1 20 14 30076
1 28 0 -16266
1 21 30 9602
1 14 1 2747
1 30 16 -2029
1 22 24 -28267
1 17 28 -30093
1 30 19 -6454
1 22 5 -23006
1 4 14 -14589
1 16 32 9510
1 24 28 -16134
1 32 14 -6217
1 10 26 -1475
1 15 24 11135
1 30 11 -9952
1 27 28 76
1 4 25 -19310
1 4 12 -24118
1 20 16 -2013
1 25 30 21873
1 9 19 10795
1 29 18 4904
1 10 26 13458
1 26 7 -22920
1 22 4 -7310
1 10 31 14043
1 26 1 2058
1 26 5 -5745
1 29 23 14900
1 13 15 -14075
1 27 25 -16477
1 4 19 15780
1 27 29 1897
1 9 20 -26252
1 15 8 5489
1 30 18 -5246
1 7 9 -15560
1 9 0 31781
1 21 29 27787
1 14 7 -26843
1 5 1 4275
1 13 3 4386
1 4 31 24428
1 20 5 -22537
1 10 19 -14841
1 4 16 -8766
1 28 24 -16689
1 19 31 -10433
1 14 20 -15526
1 2 32 19569
1 3 4 -6615
1 27 15 -5902
1 6 18 16785
1 12 3 16005
1 2 14 5030
1 2 18 18873
1 16 13 10598
1 8 31 23310
1 29 12 -233
1 13 12 7622
1 2 13 4225
1 24 7 -19081
1 16 13 15741
1 6 24 18375
1 32 26 11679
1 10 27 9149
1 4 10 866
1 22 17 9329
1 3 13 -9127
1 3 25 7258
1 4 27 8735
1 5 16 1760
1 22 32 -3575
1 22 3 5728
1 24 1 2450
1 8 11 -22257
1 9 15 2265
1 22 2 13339
1 32 3 -19472
1 22 6 14858
1 25 8 19681
1 8 14 4148
1 29 1 113
1 31 22 9713
1 22 13 5010
1 5 19 817
1 14 27 23379
1 32 16 30513
1 1 15 11210
1 17 3 25095
1 20 28 7679
1 18 3 6499
1 0 30 5743
1 14 29 -15505
1 29 16 -1190
1 15 21 -19503
1 9 1 19424
1 17 0 16339
1 26 2 -16498
1 6 17 -12173
1 26 4 -7151
1 21 23 -102
1 28 21 -17591
1 3 2 11294
1 32 31 -11985
1 7 11 -20646
1 2 19 -5125
1 24 1 7405
1 25 27 13265
1 9 1 2382
1 28 25 6893
1 8 11 21038
1 21 6 -3349
1 1 7 23034
1 8 6 10824
1 30 14 6596
1 7 14 16975
1 16 4 -24332
1 25 29 -9884
1 2 5 -16479
1 28 32 15519
1 24 5 1861
1 8 26 1611
1 13 28 5889
1 18 1 -20132
1 20 29 10098
1 31 1 17698
1 28 17 -8211
1 26 8 14641
1 16 10 -13801
1 6 3 3110
1 18 26 4629
1 11 32 3556
1 5 11 -14132
1 7 27 23127
1 14 14 -12265
1 32 10 -3510
1 30 5 6620
1 1 29 -1555
1 0 11 26318
1 2 17 -4011
1 3 2 7591
1 7 11 2456
1 6 15 -3822
1 30 22 -4821
1 22 1 20666
1 8 32 1852
1 27 29 6471
1 31 31 -6022
1 9 29 4414
1 27 31 10779
1 15 1 -15808
1 25 8 -18655
1 3 12 -15784
1 24 7 27035
1 4 27 2734
1 31 1 2528
1 1 28 5940
1 10 26 4774
1 15 1 -4143
1 31 26 523
1 29 6 -16605
1 27 31 9047
1 2 1 -29356
1 27 23 -5205
1 5 27 16270
1 19 24 19385
1 28 25 8807
1 2 2 4132
1 4 17 22790
1 1 13 -18223
1 30 9 -12475
1 24 4 -10713
1 25 6 26133
1 3 32 -1763
1 21 4 27363
1 32 21 -17728
1 13 16 13511
1 19 16 -7428
1 18 18 16573
1 16 20 11687
1 7 15 18142
1 4 6 -2156
1 30 29 42
1 22 32 5493
1 5 21 6690
1 14 20 11402
1 13 32 -20735
1 3 18 -1987
1 29 1 27236
1 4 17 -1885
1 25 22 1501
1 23 24 11746
1 21 19 -9282
1 26 8 -8136
1 27 14 6868
1 31 28 1322
1 22 6 5373
1 28 10 19882
1 15 6 3954
1 18 10 -10500
1 9 2 -7097
1 12 24 -3107
1 20 12 -16735
1 27 3 6808
1 31 31 -16374
1 23 29 10280
1 0 16 13620
1 8 9 7887
1 0 22 11732
1 25 8 6354
1 31 15 -20302
1 27 25 -4860
1 11 13 31008
1 15 5 6171
1 27 3 -12787
1 18 24 31251
1 2 22 8297
1 25 30 -26956
1 26 29 -5202
1 32 21 -2486
1 16 17 11531
1 31 9 843
1 6 21 9159
1 24 1 13202
1 13 26 16274
1 31 9 2442
1 10 11 11719
1 6 3 5517
1 9 29 9476
1 1 27 50
1 0 8 -362
1 11 6 16362
1 15 12 6527
1 30 1 8407
1 17 15 20171
1 5 11 10353
1 17 20 -2381
1 19 26 23664
1 16 0 15330
1 11 1 2880
1 23 1 19900
1 19 11 6453
1 25 26 -23712
1 19 24 -1521
1 10 6 14366
1 29 12 -5879
1 22 29 30649
1 26 13 30830
1 32 29 3917
1 32 5 -7525
1 24 28 2779
1 26 15 10917
1 1 7 4896
1 19 25 7323
1 5 2 -1942
1 3 30 2389
1 12 19 1080
1 10 11 237
1 30 8 5113
1 17 5 31767
1 5 29 21874
1 24 22 10331
1 23 21 28662
1 12 7 22056
1 26 10 11450
1 10 13 -9620
1 8 23 -30790
1 32 0 2310
1 5 28 -16191
1 5 12 18737
1 11 16 6862
1 11 5 14006
1 23 29 19521
1 8 8 7330
1 16 32 13139
1 27 8 16305
1 32 16 -10673
1 22 13 -15386
1 23 18 -1058
1 30 22 29070
1 11 31 20797
1 19 7 18798
1 16 29 16510
1 32 4 -2003
1 22 21 9069
1 21 13 9336
1 31 12 -10759
1 31 0 686
1 30 21 -20255
1 25 19 10916
1 30 28 -3979
1 16 13 -26698
1 7 27 2449
1 26 27 1317
1 17 16 1807
1 8 4 3060
1 5 0 16873
1 17 32 -8968
1 9 29 11933
1 19 21 -8551
1 17 16 22931
1 15 32 11379
1 16 5 -2487
1 16 31 -6657
1 18 15 16380
1 8 22 3888
1 7 25 -26366
1 18 9 1475
1 30 18 3125
1 28 3 2274
1 12 20 6416
1 22 0 19164
1 13 16 -6045
1 31 32 31322
1 10 17 17881
1 3 23 15474
1 32 30 12382
1 31 16 -2058
1 26 11 12365
1 18 4 -2008
1 30 16 -8109
1 25 5 1619
1 19 18 -6382
1 17 16 -8116
1 12 24 -4300
1 19 28 2889
1 15 27 -23871
1 4 23 2506
1 0 17 -633
1 12 0 -13929
1 28 30 7060
1 30 20 9963
1 0 7 20608
1 19 24 -13980
1 2 1 19975
1 3 21 11237
1 26 3 -7775
1 11 5 -11626
1 10 5 26066
1 18 18 -15420
1 32 11 8095
1 27 8 898
1 25 8 -2099
1 7 25 22071
1 6 28 10881
1 27 31 -7235
1 8 22 6885
1 16 31 -9483
1 15 8 -16893
1 27 26 -2794
1 7 23 1051
1 15 17 -11475
1 10 8 8451
1 11 15 17473
1 0 19 -2564
1 24 11 26055
1 1 19 22240
1 13 1 -2175
1 30 16 -562
1 19 9 3887
1 23 16 28876
1 4 29 3282
1 27 6 5454
1 24 15 23232
1 13 16 1982
1 30 7 -5541
1 10 7 11825
1 11 20 15335
1 11 17 11719
1 17 1 26928
1 14 24 8684
1 2 27 -18592
1 6 21 5743
1 17 10 -21250
1 9 23 3613
1 19 18 11518
1 7 27 3997
1 14 3 -14319
1 21 12 1194
1 9 29 -21924
1 6 9 -1883
1 17 11 -9159
1 24 17 -2852
1 2 2 1295
1 27 9 -3720
1 4 28 4374
1 18 2 -7578
1 7 15 1963
1 15 1 -5651
1 6 8 4293
1 32 12 1538
1 15 29 -1003
1 22 18 -16818
1 16 18 7076
1 23 13 12595
1 16 17 12605
1 25 0 -7794
1 29 8 21155
1 3 23 -25088
1 20 29 -18661
1 32 27 706
1 22 7 2463
1 22 29 -2645
1 6 11 23134
1 23 1 -5941
1 16 15 5418
1 3 5 23999
1 24 1 3261
1 24 2 2654
1 26 21 -8203
1 0 20 -3655
1 20 8 16174
1 2 28 16924
1 1 1 23340
1 18 22 -443
1 17 3 1746
1 29 7 -6549
1 9 29 15727
1 30 20 4397
1 6 11 -6254
1 10 12 25356
1 7 30 10022
1 12 32 17699
1 11 31 -23187
1 21 16 8219
1 30 31 3165
1 19 28 -15390
1 13 2 1956
1 9 31 17495
1 8 2 21268
1 25 12 -3630
1 28 20 2621
1 6 30 27405
1 14 8 -25350
1 19 29 14138
1 13 24 -18013
1 13 10 21765
1 15 23 -12802
1 16 0 5019
1 0 6 20661
1 28 29 11386
1 3 25 -7371
1 3 31 17918
1 3 11 -26094
1 2 30 -14959
1 17 11 8508
1 28 22 4341
1 2 4 27076
1 9 18 -6178
1 14 18 13497
1 21 12 9533
1 6 15 -6923
1 9 16 31587
1 9 20 2298
1 17 22 8498
1 19 6 2309
1 10 1 26431
1 11 1 19975
1 3 10 -9228
1 25 24 24654
1 21 11 253
1 9 17 19910
1 24 25 20389
1 0 1 15542
1 21 17 27240
1 4 1 2864
1 29 12 16987
1 10 23 -16391
1 24 24 -21261
1 26 17 20238
1 10 3 18226
1 5 12 10790
1 16 1 -7731
1 8 1 25070
1 20 20 28580
1 21 24 12177
1 26 18 18322
1 28 26 4840
1 1 18 -24074
1 16 9 -5751
1 22 19 20928
1 6 25 3807
1 5 6 -11487
1 30 12 8497
1 21 32 32676
1 27 18 23601
1 3 11 13258
1 21 4 -20057
1 31 6 19012
1 30 22 -27031
1 14 9 25851
1 31 15 1744
1 28 18 -4696
1 25 13 -1644
1 22 32 565
1 7 26 -2921
1 12 28 -8837
1 2 16 10771
1 19 12 -16269
1 21 7 10609
1 31 19 1235
1 27 18 -1
1 13 13 19863
1 3 3 -20223
1 3 26 -10869
1 4 31 -9243
1 21 8 -7168
1 14 10 10496
1 11 30 29453
1 13 18 7247
1 3 16 -1033
1 1 8 19208
1 13 19 10966
1 9 20 2521
1 19 23 12154
1 24 27 7404
1 24 13 -7417
1 16 25 -20156
1 21 2 12930
1 6 15 21750
1 31 18 19132
1 7 17 16674
1 0 31 6131
1 5 5 32177
1 14 22 593
1 14 13 -4000
1 12 5 2026
1 16 19 5377
1 31 7 -9880
1 9 13 -5072
1 4 9 21687
1 16 15 11818
1 1 15 -215
1 3 20 -4788
1 28 0 3360
1 11 14 20834
1 17 25 -7396
1 3 8 -23859
1 15 6 15351
1 29 14 30366
1 25 18 7867
1 3 1 20261
1 0 0 -4119
1 26 4 -10375
1 24 30 10514
1 12 6 7925
1 14 23 12737
1 18 27 17507
1 7 9 6422
2 0 0 0 0
2 0 1 0 1
2 0 2 0 2
2 0 3 0 3
2 0 4 0 4
2 0 5 0 5
2 0 6 0 6
2 0 7 0 7
2 0 8 0 8
2 0 9 0 9
2 0 10 0 10
2 0 11 0 11
2 0 12 0 12
2 0 13 0 13
2 0 14 0 14
2 0 15 0 15
2 0 16 0 16
2 0 17 0 17
2 0 18 0 18
2 0 19 0 19
2 0 20 0 20
2 0 21 0 21
2 0 22 0 22
2 0 23 0 23
2 0 24 0 24
2 0 25 0 25
2 0 26 0 26
2 0 27 0 27
2 0 28 0 28
2 0 29 0 29
2 0 30 0 30
2 0 31 0 31
2 0 32 0 32
2 1 0 1 0
2 1 1 1 1
2 1 2 1 2
2 1 3 1 3
2 1 4 1 4
2 1 5 1 5
2 1 6 1 6
2 1 7 1 7
2 1 8 1 8
2 1 9 1 9
2 1 10 1 10
2 1 11 1 11
2 1 12 1 12
2 1 13 1 13
2 1 14 1 14
2 1 15 1 15
2 1 16 1 16
2 1 17 1 17
2 1 18 1 18
2 1 19 1 19
2 1 20 1 20
2 1 21 1 21
2 1 22 1 22
2 1 23 1 23
2 1 24 1 24
2 1 25 1 25
2 1 26 1 26
2 1 27 1 27
2 1 28 1 28
2 1 29 1 29
2 1 30 1 30
2 1 31 1 31
2 1 32 1 32
2 2 0 2 0
2 2 1 2 1
2 2 2 2 2
2 2 3 2 3
2 2 4 2 4
2 2 5 2 5
2 2 6 2 6
2 2 7 2 7
2 2 8 2 8
2 2 9 2 9
2 2 10 2 10
2 2 11 2 11
2 2 12 2 12
2 2 13 2 13
2 2 14 2 14
2 2 15 2 15
2 2 16 2 16
2 2 17 2 17
2 2 18 2 18
2 2 19 2 19
2 2 20 2 20
2 2 21 2 21
2 2 22 2 22
2 2 23 2 23
2 2 24 2 24
2 2 25 2 25
2 2 26 2 26
2 2 27 2 27
2 2 28 2 28
2 2 29 2 29
2 2 30 2 30
2 2 31 2 31
2 2 32 2 32
2 3 0 3 0
2 3 1 3 1
2 3 2 3 2
2 3 3 3 3
2 3 4 3 4
2 3 5 3 5
2 3 6 3 6
2 3 7 3 7
2 3 8 3 8
2 3 9 3 9
2 3 10 3 10
2 3 11 3 11
2 3 12 3 12
2 3 13 3 13
2 3 14 3 14
2 3 15 3 15
2 3 16 3 16
2 3 17 3 17
2 3 18 3 18
2 3 19 3 19
2 3 20 3 20
2 3 21 3 21
2 3 22 3 22
2 3 23 3 23
2 3 24 3 24
2 3 25 3 25
2 3 26 3 26
2 3 27 3 27
2 3 28 3 28
2 3 29 3 29
2 3 30 3 30
2 3 31 3 31
2 3 32 3 32
2 4 0 4 0
2 4 1 4 1
2 4 2 4 2
2 4 3 4 3
2 4 4 4 4
2 4 5 4 5
2 4 6 4 6
2 4 7 4 7
2 4 8 4 8
2 4 9 4 9
2 4 10 4 10
2 4 11 4 11
2 4 12 4 12
2 4 13 4 13
2 4 14 4 14
2 4 15 4 15
2 4 16 4 16
2 4 17 4 17
2 4 18 4 18
2 4 19 4 19
2 4 20 4 20
2 4 21 4 21
2 4 22 4 22
2 4 23 4 23
2 4 24 4 24
2 4 25 4 25
2 4 26 4 26
2 4 27 4 27
2 4 28 4 28
2 4 29 4 29
2 4 30 4 30
2 4 31 4 31
2 4 32 4 32
2 5 0 5 0
2 5 1 5 1
2 5 2 5 2
2 5 3 5 3
2 5 4 5 4
2 5 5 5 5
2 5 6 5 6
2 5 7 5 7
2 5 8 5 8
2 5 9 5 9
2 5 10 5 10
2 5 11 5 11
2 5 12 5 12
2 5 13 5 13
2 5 14 5 14
2 5 15 5 15
2 5 16 5 16
2 5 17 5 17
2 5 18 5 18
2 5 19 5 19
2 5 20 5 20
2 5 21 5 21
2 5 22 5 22
2 5 23 5 23
2 5 24 5 24
2 5 25 5 25
2 5 26 5 26
2 5 27 5 27
2 5 28 5 28
2 5 29 5 29
2 5 30 5 30
2 5 31 5 31
2 5 32 5 32
2 6 0 6 0
2 6 1 6 1
2 6 2 6 2
2 6 3 6 3
2 6 4 6 4
2 6 5 6 5
2 6 6 6 6
2 6 7 6 7
2 6 8 6 8
2 6 9 6 9
2 6 10 6 10
2 6 11 6 11
2 6 12 6 12
2 6 13 6 13
2 6 14 6 14
2 6 15 6 15
2 6 16 6 16
2 6 17 6 17
2 6 18 6 18
2 6 19 6 19
2 6 20 6 20
2 6 21 6 21
2 6 22 6 22
2 6 23 6 23
2 6 24 6 24
2 6 25 6 25
2 6 26 6 26
2 6 27 6 27
2 6 28 6 28
2 6 29 6 29
2 6 30 6 30
2 6 31 6 31
2 6 32 6 32
2 7 0 7 0
2 7 1 7 1
2 7 2 7 2
2 7 3 7 3
2 7 4 7 4
2 7 5 7 5
2 7 6 7 6
2 7 7 7 7
2 7 8 7 8
2 7 9 7 9
2 7 10 7 10
2 7 11 7 11
2 7 12 7 12
2 7 13 7 13
2 7 14 7 14
2 7 15 7 15
2 7 16 7 16
2 7 17 7 17
2 7 18 7 18
2 7 19 7 19
2 7 20 7 20
2 7 21 7 21
2 7 22 7 22
2 7 23 7 23
2 7 24 7 24
2 7 25 7 25
2 7 26 7 26
2 7 27 7 27
2 7 28 7 28
2 7 29 7 29
2 7 30 7 30
2 7 31 7 31
2 7 32 7 32
2 8 0 8 0
2 8 1 8 1
2 8 2 8 2
2 8 3 8 3
2 8 4 8 4
2 8 5 8 5
2 8 6 8 6
2 8 7 8 7
2 8 8 8 8
2 8 9 8 9
2 8 10 8 10
2 8 11 8 11
2 8 12 8 12
2 8 13 8 13
2 8 14 8 14
2 8 15 8 15
2 8 16 8 16
2 8 17 8 17
2 8 18 8 18
2 8 19 8 19
2 8 20 8 20
2 8 21 8 21
2 8 22 8 22
2 8 23 8 23
2 8 24 8 24
2 8 25 8 25
2 8 26 8 26
2 8 27 8 27
2 8 28 8 28
2 8 29 8 29
2 8 30 8 30
2 8 31 8 31
2 8 32 8 32
2 9 0 9 0
2 9 1 9 1
2 9 2 9 2
2 9 3 9 3
2 9 4 9 4
2 9 5 9 5
2 9 6 9 6
2 9 7 9 7
2 9 8 9 8
2 9 9 9 9
2 9 10 9 10
2 9 11 9 11
2 9 12 9 12
2 9 13 9 13
2 9 14 9 14
2 9 15 9 15
2 9 16 9 16
2 9 17 9 17
2 9 18 9 18
2 9 19 9 19
2 9 20 9 20
2 9 21 9 21
2 9 22 9 22
2 9 23 9 23
2 9 24 9 24
2 9 25 9 25
2 9 26 9 26
2 9 27 9 27
2 9 28 9 28
2 9 29 9 29
2 9 30 9 30
2 9 31 9 31
2 9 32 9 32
2 10 0 10 0
2 10 1 10 1
2 10 2 10 2
2 10 3 10 3
2 10 4 10 4
2 10 5 10 5
2 10 6 10 6
2 10 7 10 7
2 10 8 10 8
2 10 9 10 9
2 10 10 10 10
2 10 11 10 11
2 10 12 10 12
2 10 13 10 13
2 10 14 10 14
2 10 15 10 15
2 10 16 10 16
2 10 17 10 17
2 10 18 10 18
2 10 19 10 19
2 10 20 10 20
2 10 21 10 21
2 10 22 10 22
2 10 23 10 23
2 10 24 10 24
2 10 25 10 25
2 10 26 10 26
2 10 27 10 27
2 10 28 10 28
2 10 29 10 29
2 10 30 10 30
2 10 31 10 31
2 10 32 10 32
2 11 0 11 0
2 11 1 11 1
2 11 2 11 2
2 11 3 11 3
2 11 4 11 4
2 11 5 11 5
2 11 6 11 6
2 11 7 11 7
2 11 8 11 8
2 11 9 11 9
2 11 10 11 10
2 11 11 11 11
2 11 12 11 12
2 11 13 11 13
2 11 14 11 14
2 11 15 11 15
2 11 16 11 16
2 11 17 11 17
2 11 18 11 18
2 11 19 11 19
2 11 20 11 20
2 11 21 11 21
2 11 22 11 22
2 11 23 11 23
2 11 24 11 24
2 11 25 11 25
2 11 26 11 26
2 11 27 11 27
2 11 28 11 28
2 11 29 11 29
2 11 30 11 30
2 11 31 11 31
2 11 32 11 32
2 12 0 12 0
2 12 1 12 1
2 12 2 12 2
2 12 3 12 3
2 12 4 12 4
2 12 5 12 5
2 12 6 12 6
2 12 7 12 7
2 12 8 12 8
2 12 9 12 9
2 12 10 12 10
2 12 11 12 11
2 12 12 12 12
2 12 13 12 13
2 12 14 12 14
2 12 15 12 15
2 12 16 12 16
2 12 17 12 17
2 12 18 12 18
2 12 19 12 19
2 12 20 12 20
2 12 21 12 21
2 12 22 12 22
2 12 23 12 23
2 12 24 12 24
2 12 25 12 25
2 12 26 12 26
2 12 27 12 27
2 12 28 12 28
2 12 29 12 29
2 12 30 12 30
2 12 31 12 31
2 12 32 12 32
2 13 0 13 0
2 13 1 13 1
2 13 2 13 2
2 13 3 13 3
2 13 4 13 4
2 13 5 13 5
2 13 6 13 6
2 13 7 13 7
2 13 8 13 8
2 13 9 13 9
2 13 10 13 10
2 13 11 13 11
2 13 12 13 12
2 13 13 13 13
2 13 14 13 14
2 13 15 13 15
2 13 16 13 16
2 13 17 13 17
2 13 18 13 18
2 13 19 13 19
2 13 20 13 20
2 13 21 13 21
2 13 22 13 22
2 13 23 13 23
2 13 24 13 24
2 13 25 13 25
2 13 26 13 26
2 13 27 13 27
2 13 28 13 28
2 13 29 13 29
2 13 30 13 30
2 13 31 13 31
2 13 32 13 32
2 14 0 14 0
2 14 1 14 1
2 14 2 14 2
2 14 3 14 3
2 14 4 14 4
2 14 5 14 5
2 14 6 14 6
2 14 7 14 7
2 14 8 14 8
2 14 9 14 9
2 14 10 14 10
2 14 11 14 11
2 14 12 14 12
2 14 13 14 13
2 14 14 14 14
2 14 15 14 15
2 14 16 14 16
2 14 17 14 17
2 14 18 14 18
2 14 19 14 19
2 14 20 14 20
2 14 21 14 21
2 14 22 14 22
2 14 23 14 23
2 14 24 14 24
2 14 25 14 25
2 14 26 14 26
2 14 27 14 27
2 14 28 14 28
2 14 29 14 29
2 14 30 14 30
2 14 31 14 31
2 14 32 14 32
2 15 0 15 0
2 15 1 15 1
2 15 2 15 2
2 15 3 15 3
2 15 4 15 4
2 15 5 15 5
2 15 6 15 6
2 15 7 15 7
2 15 8 15 8
2 15 9 15 9
2 15 10 15 10
2 15 11 15 11
2 15 12 15 12
2 15 13 15 13
2 15 14 15 14
2 15 15 15 15
2 15 16 15 16
2 15 17 15 17
2 15 18 15 18
2 15 19 15 19
2 15 20 15 20
2 15 21 15 21
2 15 22 15 22
2 15 23 15 23
2 15 24 15 24
2 15 25 15 25
2 15 26 15 26
2 15 27 15 27
2 15 28 15 28
2 15 29 15 29
2 15 30 15 30
2 15 31 15 31
2 15 32 15 32
2 16 0 16 0
2 16 1 16 1
2 16 2 16 2
2 16 3 16 3
2 16 4 16 4
2 16 5 16 5
2 16 6 16 6
2 16 7 16 7
2 16 8 16 8
2 16 9 16 9
2 16 10 16 10
2 16 11 16 11
2 16 12 16 12
2 16 13 16 13
2 16 14 16 14
2 16 15 16 15
2 16 16 16 16
2 16 17 16 17
2 16 18 16 18
2 16 19 16 19
2 16 20 16 20
2 16 21 16 21
2 16 22 16 22
2 16 23 16 23
2 16 24 16 24
2 16 25 16 25
2 16 26 16 26
2 16 27 16 27
2 16 28 16 28
2 16 29 16 29
2 16 30 16 30
2 16 31 16 31
2 16 32 16 32
2 17 0 17 0
2 17 1 17 1
2 17 2 17 2
2 17 3 17 3
2 17 4 17 4
2 17 5 17 5
2 17 6 17 6
2 17 7 17 7
2 17 8 17 8
2 17 9 17 9
2 17 10 17 10
2 17 11 17 11
2 17 12 17 12
2 17 13 17 13
2 17 14 17 14
2 17 15 17 15
2 17 16 17 16
2 17 17 17 17
2 17 18 17 18
2 17 19 17 19
2 17 20 17 20
2 17 21 17 21
2 17 22 17 22
2 17 23 17 23
2 17 24 17 24
2 17 25 17 25
2 17 26 17 26
2 17 27 17 27
2 17 28 17 28
2 17 29 17 29
2 17 30 17 30
2 17 31 17 31
2 17 32 17 32
2 18 0 18 0
2 18 1 18 1
2 18 2 18 2
2 18 3 18 3
2 18 4 18 4
2 18 5 18 5
2 18 6 18 6
2 18 7 18 7
2 18 8 18 8
2 18 9 18 9
2 18 10 18 10
2 18 11 18 11
2 18 12 18 12
2 18 13 18 13
2 18 14 18 14
2 18 15 18 15
2 18 16 18 16
2 18 17 18 17
2 18 18 18 18
2 18 19 18 19
2 18 20 18 20
2 18 21 18 21
2 18 22 18 22
2 18 23 18 23
2 18 24 18 24
2 18 25 18 25
2 18 26 18 26
2 18 27 18 27
2 18 28 18 28
2 18 29 18 29
2 18 30 18 30
2 18 31 18 31
2 18 32 18 32
2 19 0 19 0
2 19 1 19 1
2 19 2 19 2
2 19 3 19 3
2 19 4 19 4
2 19 5 19 5
2 19 6 19 6
2 19 7 19 7
2 19 8 19 8
2 19 9 19 9
2 19 10 19 10
2 19 11 19 11
2 19 12 19 12
2 19 13 19 13
2 19 14 19 14
2 19 15 19 15
2 19 16 19 16
2 19 17 19 17
2 19 18 19 18
2 19 19 19 19
2 19 20 19 20
2 19 21 19 21
2 19 22 19 22
2 19 23 19 23
2 19 24 19 24
2 19 25 19 25
2 19 26 19 26
2 19 27 19 27
2 19 28 19 28
2 19 29 19 29
2 19 30 19 30
2 19 31 19 31
2 19 32 19 32
2 20 0 20 0
2 20 1 20 1
2 20 2 20 2
2 20 3 20 3
2 20 4 20 4
2 20 5 20 5
2 20 6 20 6
2 20 7 20 7
2 20 8 20 8
2 20 9 20 9
2 20 10 20 10
2 20 11 20 11
2 20 12 20 12
2 20 13 20 13
2 20 14 20 14
2 20 15 20 15
2 20 16 20 16
2 20 17 20 17
2 20 18 20 18
2 20 19 20 19
2 20 20 20 20
2 20 21 20 21
2 20 22 20 22
2 20 23 20 23
2 20 24 20 24
2 20 25 20 25
2 20 26 20 26
2 20 27 20 27
2 20 28 20 28
2 20 29 20 29
2 20 30 20 30
2 20 31 20 31
2 20 32 20 32
2 21 0 21 0
2 21 1 21 1
2 21 2 21 2
2 21 3 21 3
2 21 4 21 4
2 21 5 21 5
2 21 6 21 6
2 21 7 21 7
2 21 8 21 8
2 21 9 21 9
2 21 10 21 10
2 21 11 21 11
2 21 12 21 12
2 21 13 21 13
2 21 14 21 14
2 21 15 21 15
2 21 16 21 16
2 21 17 21 17
2 21 18 21 18
2 21 19 21 19
2 21 20 21 20
2 21 21 21 21
2 21 22 21 22
2 21 23 21 23
2 21 24 21 24
2 21 25 21 25
2 21 26 21 26
2 21 27 21 27
2 21 28 21 28
2 21 29 21 29
2 21 30 21 30
2 21 31 21 31
2 21 32 21 32
2 22 0 22 0
2 22 1 22 1
2 22 2 22 2
2 22 3 22 3
2 22 4 22 4
2 22 5 22 5
2 22 6 22 6
2 22 7 22 7
2 22 8 22 8
2 22 9 22 9
2 22 10 22 10
2 22 11 22 11
2 22 12 22 12
2 22 13 22 13
2 22 14 22 14
2 22 15 22 15
2 22 16 22 16
2 22 17 22 17
2 22 18 22 18
2 22 19 22 19
2 22 20 22 20
2 22 21 22 21
2 22 22 22 22
2 22 23 22 23
2 22 24 22 24
2 22 25 22 25
2 22 26 22 26
2 22 27 22 27
2 22 28 22 28
2 22 29 22 29
2 22 30 22 30
2 22 31 22 31
2 22 32 22 32
2 23 0 23 0
2 23 1 23 1
2 23 2 23 2
2 23 3 23 3
2 23 4 23 4
2 23 5 23 5
2 23 6 23 6
2 23 7 23 7
2 23 8 23 8
2 23 9 23 9
2 23 10 23 10
2 23 11 23 11
2 23 12 23 12
2 23 13 23 13
2 23 14 23 14
2 23 15 23 15
2 23 16 23 16
2 23 17 23 17
2 23 18 23 18
2 23 19 23 19
2 23 20 23 20
2 23 21 23 21
2 23 22 23 22
2 23 23 23 23
2 23 24 23 24
2 23 25 23 25
2 23 26 23 26
2 23 27 23 27
2 23 28 23 28
2 23 29 23 29
2 23 30 23 30
2 23 31 23 31
2 23 32 23 32
2 24 0 24 0
2 24 1 24 1
2 24 2 24 2
2 24 3 24 3
2 24 4 24 4
2 24 5 24 5
2 24 6 24 6
2 24 7 24 7
2 24 8 24 8
2 24 9 24 9
2 24 10 24 10
2 24 11 24 11
2 24 12 24 12
2 24 13 24 13
2 24 14 24 14
2 24 15 24 15
2 24 16 24 16
2 24 17 24 17
2 24 18 24 18
2 24 19 24 19
2 24 20 24 20
2 24 21 24 21
2 24 22 24 22
2 24 23 24 23
2 24 24 24 24
2 24 25 24 25
2 24 26 24 26
2 24 27 24 27
2 24 28 24 28
2 24 29 24 29
2 24 30 24 30
2 24 31 24 31
2 24 32 24 32
2 25 0 25 0
2 25 1 25 1
2 25 2 25 2
2 25 3 25 3
2 25 4 25 4
2 25 5 25 5
2 25 6 25 6
2 25 7 25 7
2 25 8 25 8
2 25 9 25 9
2 25 10 25 10
2 25 11 25 11
2 25 12 25 12
2 25 13 25 13
2 25 14 25 14
2 25 15 25 15
2 25 16 25 16
2 25 17 25 17
2 25 18 25 18
2 25 19 25 19
2 25 20 25 20
2 25 21 25 21
2 25 22 25 22
2 25 23 25 23
2 25 24 25 24
2 25 25 25 25
2 25 26 25 26
2 25 27 25 27
2 25 28 25 28
2 25 29 25 29
2 25 30 25 30
2 25 31 25 31
2 25 32 25 32
2 26 0 26 0
2 26 1 26 1
2 26 2 26 2
2 26 3 26 3
2 26 4 26 4
2 26 5 26 5
2 26 6 26 6
2 26 7 26 7
2 26 8 26 8
2 26 9 26 9
2 26 10 26 10
2 26 11 26 11
2 26 12 26 12
2 26 13 26 13
2 26 14 26 14
2 26 15 26 15
2 26 16 26 16
2 26 17 26 17
2 26 18 26 18
2 26 19 26 19
2 26 20 26 20
2 26 21 26 21
2 26 22 26 22
2 26 23 26 23
2 26 24 26 24
2 26 25 26 25
2 26 26 26 26
2 26 27 26 27
2 26 28 26 28
2 26 29 26 29
2 26 30 26 30
2 26 31 26 31
2 26 32 26 32
2 27 0 27 0
2 27 1 27 1
2 27 2 27 2
2 27 3 27 3
2 27 4 27 4
2 27 5 27 5
2 27 6 27 6
2 27 7 27 7
2 27 8 27 8
2 27 9 27 9
2 27 10 27 10
2 27 11 27 11
2 27 12 27 12
2 27 13 27 13
2 27 14 27 14
2 27 15 27 15
2 27 16 27 16
2 27 17 27 17
2 27 18 27 18
2 27 19 27 19
2 27 20 27 20
2 27 21 27 21
2 27 22 27 22
2 27 23 27 23
2 27 24 27 24
2 27 25 27 25
2 27 26 27 26
2 27 27 27 27
2 27 28 27 28
2 27 29 27 29
2 27 30 27 30
2 27 31 27 31
2 27 32 27 32
2 28 0 28 0
2 28 1 28 1
2 28 2 28 2
2 28 3 28 3
2 28 4 28 4
2 28 5 28 5
2 28 6 28 6
2 28 7 28 7
2 28 8 28 8
2 28 9 28 9
2 28 10 28 10
2 28 11 28 11
2 28 12 28 12
2 28 13 28 13
2 28 14 28 14
2 28 15 28 15
2 28 16 28 16
2 28 17 28 17
2 28 18 28 18
2 28 19 28 19
2 28 20 28 20
2 28 21 28 21
2 28 22 28 22
2 28 23 28 23
2 28 24 28 24
2 28 25 28 25
2 28 26 28 26
2 28 27 28 27
2 28 28 28 28
2 28 29 28 29
2 28 30 28 30
2 28 31 28 31
2 28 32 28 32
2 29 0 29 0
2 29 1 29 1
2 29 2 29 2
2 29 3 29 3
2 29 4 29 4
2 29 5 29 5
2 29 6 29 6
2 29 7 29 7
2 29 8 29 8
2 29 9 29 9
2 29 10 29 10
2 29 11 29 11
2 29 12 29 12
2 29 13 29 13
2 29 14 29 14
2 29 15 29 15
2 29 16 29 16
2 29 17 29 17
2 29 18 29 18
2 29 19 29 19
2 29 20 29 20
2 29 21 29 21
2 29 22 29 22
2 29 23 29 23
2 29 24 29 24
2 29 25 29 25
2 29 26 29 26
2 29 27 29 27
2 29 28 29 28
2 29 29 29 29
2 29 30 29 30
2 29 31 29 31
2 29 32 29 32
2 30 0 30 0
2 30 1 30 1
2 30 2 30 2
2 30 3 30 3
2 30 4 30 4
2 30 5 30 5
2 30 6 30 6
2 30 7 30 7
2 30 8 30 8
2 30 9 30 9
2 30 10 30 10
2 30 11 30 11
2 30 12 30 12
2 30 13 30 13
2 30 14 30 14
2 30 15 30 15
2 30 16 30 16
2 30 17 30 17
2 30 18 30 18
2 30 19 30 19
2 30 20 30 20
2 30 21 30 21
2 30 22 30 22
2 30 23 30 23
2 30 24 30 24
2 30 25 30 25
2 30 26 30 26
2 30 27 30 27
2 30 28 30 28
2 30 29 30 29
2 30 30 30 30
2 30 31 30 31
2 30 32 30 32
2 31 0 31 0
2 31 1 31 1
2 31 2 31 2
2 31 3 31 3
2 31 4 31 4
2 31 5 31 5
2 31 6 31 6
2 31 7 31 7
2 31 8 31 8
2 31 9 31 9
2 31 10 31 10
2 31 11 31 11
2 31 12 31 12
2 31 13 31 13
2 31 14 31 14
2 31 15 31 15
2 31 16 31 16
2 31 17 31 17
2 31 18 31 18
2 31 19 31 19
2 31 20 31 20
2 31 21 31 21
2 31 22 31 22
2 31 23 31 23
2 31 24 31 24
2 31 25 31 25
2 31 26 31 26
2 31 27 31 27
2 31 28 31 28
2 31 29 31 29
2 31 30 31 30
2 31 31 31 31
2 31 32 31 32
2 32 0 32 0
2 32 1 32 1
2 32 2 32 2
2 32 3 32 3
2 32 4 32 4
2 32 5 32 5
2 32 6 32 6
2 32 7 32 7
2 32 8 32 8
2 32 9 32 9
2 32 10 32 10
2 32 11 32 11
2 32 12 32 12
2 32 13 32 13
2 32 14 32 14
2 32 15 32 15
2 32 16 32 16
2 32 17 32 17
2 32 18 32 18
2 32 19 32 19
2 32 20 32 20
2 32 21 32 21
2 32 22 32 22
2 32 23 32 23
2 32 24 32 24
2 32 25 32 25
2 32 26 32 26
2 32 27 32 27
2 32 28 32 28
2 32 29 32 29
2 32 30 32 30
2 32 31 32 31
2 32 32 32 32
3
