1 1
1 2
1 1
1 3
1 2
1 4
1 5
1 1
1 3
1 6
1 2
1 4
1 5
1 7
1 1
1 3
1 6
1 8
1 9
1 2
1 4
1 5
1 7
1 10
1 1
1 3
1 6
1 8
1 9
1 11
1 2
1 4
1 5
1 7
1 10
1 12
1 13
1 1
1 3
1 6
1 8
1 9
1 11
1 14
1 2
1 4
1 5
1 7
1 10
1 12
1 13
1 15
1 1
1 3
1 6
1 8
1 9
1 11
1 14
1 16
1 17
1 2
1 4
1 5
1 7
1 10
1 12
1 13
1 15
1 18
1 1
1 3
1 6
1 8
1 9
1 11
1 14
1 16
1 17
1 19
1 2
1 4
1 5
1 7
1 10
1 12
1 13
1 15
1 18
1 20
1 21
1 1
1 3
1 6
1 8
1 9
1 11
1 14
1 16
1 17
1 19
1 22
1 2
1 4
1 5
1 7
1 10
1 12
1 13
1 15
1 18
1 20
1 21
1 23
1 1
1 3
1 6
1 8
1 9
1 11
1 14
1 16
1 17
1 19
1 22
1 24
1 25
1 2
1 4
1 5
1 7
1 10
1 12
1 13
1 15
1 18
1 20
1 21
1 23
1 26
1 1
1 3
1 6
1 8
1 9
1 11
1 14
1 16
1 17
1 19
1 22
1 24
1 25
1 27
1 2
1 4
1 5
1 7
1 10
1 12
1 13
1 15
1 18
1 20
1 21
1 23
1 26
1 28
1 29
1 1
1 3
1 6
1 8
1 9
1 11
1 14
1 16
1 17
1 19
1 22
1 24
1 25
1 27
1 30
1 2
1 4
1 5
1 7
1 10
1 12
1 13
1 15
1 18
1 20
1 21
1 23
1 26
1 28
1 29
1 31
1 1
1 3
1 6
1 8
1 9
1 11
1 14
1 16
1 17
1 19
1 22
1 24
1 25
1 27
1 30
1 32
1 33
1 2
1 4
1 5
1 7
1 10
1 12
1 13
1 15
1 18
1 20
1 21
1 23
1 26
1 28
1 29
1 31
1 34
1 1
1 3
1 6
1 8
1 9
1 11
1 14
1 16
1 17
1 19
1 22
1 24
1 25
1 27
1 30
1 32
1 33
1 35
1 2
1 4
1 5
1 7
1 10
1 12
1 13
1 15
1 18
1 20
1 21
1 23
1 26
1 28
1 29
1 31
1 34
1 36
1 37
1 1
1 3
1 6
1 8
1 9
1 11
1 14
1 16
1 17
1 19
1 22
1 24
1 25
1 27
1 30
1 32
1 33
1 35
1 38
1 2
1 4
1 5
1 7
1 10
1 12
1 13
1 15
1 18
1 20
1 21
1 23
1 26
1 28
1 29
1 31
1 34
1 36
1 37
1 39
1 1
1 3
1 6
1 8
1 9
1 11
1 14
1 16
1 17
1 19
1 22
1 24
1 25
1 27
1 30
1 32
1 33
1 35
1 38
1 40
1 41
1 2
1 4
1 5
1 7
1 10
1 12
1 13
1 15
1 18
1 20
1 21
1 23
1 26
1 28
1 29
1 31
1 34
1 36
1 37
1 39
1 42
1 1
1 3
1 6
1 8
1 9
1 11
1 14
1 16
1 17
1 19
1 22
1 24
1 25
1 27
1 30
1 32
1 33
1 35
1 38
1 40
1 41
1 43
1 2
1 4
1 5
1 7
1 10
1 12
1 13
1 15
1 18
1 20
1 21
1 23
1 26
1 28
1 29
1 31
1 34
1 36
1 37
1 39
1 42
1 44
1 45
1 1
1 3
1 6
1 8
1 9
1 11
1 14
1 16
1 17
1 19
1 22
1 24
1 25
1 27
1 30
1 32
1 33
1 35
1 38
1 40
1 41
1 43
1 46
1 2
1 4
1 5
1 7
1 10
1 12
1 13
1 15
1 18
1 20
1 21
1 23
1 26
1 28
1 29
1 31
1 34
1 36
1 37
1 39
1 42
1 44
1 45
1 47
1 1
1 3
1 6
1 8
1 9
1 11
1 14
1 16
1 17
1 19
1 22
1 24
1 25
1 27
1 30
1 32
1 33
1 35
1 38
1 40
1 41
1 43
1 46
1 48
1 49
1 2
1 4
1 5
1 7
1 10
1 12
1 13
1 15
1 18
1 20
1 21
1 23
1 26
1 28
1 29
1 31
1 34
1 36
1 37
1 39
1 42
1 44
1 45
1 47
1 50
1 1
1 3
1 6
1 8
1 9
1 11
1 14
1 16
1 17
1 19
1 22
1 24
1 25
1 27
1 30
1 32
1 33
1 35
1 38
1 40
1 41
1 43
1 46
1 48
1 49
1 51
1 2
1 4
1 5
1 7
1 10
1 12
1 13
1 15
1 18
1 20
1 21
1 23
1 26
1 28
1 29
1 31
1 34
1 36
1 37
1 39
1 42
1 44
1 45
1 47
1 50
1 52
1 53
1 1
1 3
1 6
1 8
1 9
1 11
1 14
1 16
1 17
1 19
1 22
1 24
1 25
1 27
1 30
1 32
1 33
1 35
1 38
1 40
1 41
1 43
1 46
1 48
1 49
1 51
1 54
1 2
1 4
1 5
1 7
1 10
1 12
1 13
1 15
1 18
1 20
1 21
1 23
1 26
1 28
1 29
1 31
1 34
1 36
1 37
1 39
1 42
1 44
1 45
1 47
1 50
1 52
1 53
1 55
1 1
1 3
1 6
1 8
1 9
1 11
1 14
1 16
1 17
1 19
1 22
1 24
1 25
1 27
1 30
1 32
1 33
1 35
1 38
1 40
1 41
1 43
1 46
1 48
1 49
1 51
1 54
1 56
1 57
1 2
1 4
1 5
1 7
1 10
1 12
1 13
1 15
1 18
1 20
1 21
1 23
1 26
1 28
1 29
1 31
1 34
1 36
1 37
1 39
1 42
1 44
1 45
1 47
1 50
1 52
1 53
1 55
1 58
1 1
1 3
1 6
1 8
1 9
1 11
1 14
1 16
1 17
1 19
1 22
1 24
1 25
1 27
1 30
1 32
1 33
1 35
1 38
1 40
1 41
1 43
1 46
1 48
1 49
1 51
1 54
1 56
1 57
1 59
1 2
1 4
1 5
1 7
1 10
1 12
1 13
1 15
1 18
1 20
1 21
1 23
1 26
1 28
1 29
1 31
1 34
1 36
1 37
1 39
1 42
1 44
1 45
1 47
1 50
1 52
1 53
1 55
1 58
1 60
1 61
1 1
1 3
1 6
1 8
1 9
1 11
1 14
1 16
1 17
1 19
1 22
1 24
1 25
1 27
1 30
1 32
1 33
1 35
1 38
1 40
1 41
1 43
1 46
1 48
1 49
1 51
1 54
1 56
1 57
1 59
1 62
1 2
1 4
1 5
1 7
1 10
1 12
1 13
1 15
1 18
1 20
1 21
1 23
1 26
1 28
1 29
1 31
1 34
1 36
1 37
1 39
1 42
1 44
1 45
1 47
1 50
1 52
1 53
1 55
1 58
1 60
1 61
1 63
1 1
1 3
1 6
1 8
1 9
1 11
1 14
1 16
1 17
1 19
1 22
1 24
1 25
1 27
1 30
1 32
1 33
1 35
1 38
1 40
1 41
1 43
1 46
1 48
1 49
1 51
1 54
1 56
1 57
1 59
1 62
1 64
1 65
1 2
1 4
1 5
1 7
1 10
1 12
1 13
1 15
1 18
1 20
1 21
1 23
1 26
1 28
1 29
1 31
1 34
1 36
1 37
1 39
1 42
1 44
1 45
1 47
1 50
1 52
1 53
1 55
1 58
1 60
1 61
1 63
1 66
1 1
1 3
1 6
1 8
1 9
1 11
1 14
1 16
1 17
1 19
1 22
1 24
1 25
1 27
1 30
1 32
1 33
1 35
1 38
1 40
1 41
1 43
1 46
1 48
1 49
1 51
1 54
1 56
1 57
1 59
1 62
1 64
1 65
1 67
1 2
1 4
1 5
1 7
1 10
1 12
1 13
1 15
1 18
1 20
1 21
1 23
1 26
1 28
1 29
1 31
1 34
1 36
1 37
1 39
1 42
1 44
1 45
1 47
1 50
1 52
1 53
1 55
1 58
1 60
1 61
1 63
1 66
1 68
1 69
1 1
1 3
1 6
1 8
1 9
1 11
1 14
1 16
1 17
1 19
1 22
1 24
1 25
1 27
1 30
1 32
1 33
1 35
1 38
1 40
1 41
1 43
1 46
1 48
1 49
1 51
1 54
1 56
1 57
1 59
1 62
1 64
1 65
1 67
1 70
1 2
1 4
1 5
1 7
1 10
1 12
1 13
1 15
1 18
1 20
1 21
1 23
1 26
1 28
1 29
1 31
1 34
1 36
1 37
1 39
1 42
1 44
1 45
1 47
1 50
1 52
1 53
1 55
1 58
1 60
1 61
1 63
1 66
1 68
1 69
1 71
1 1
1 3
1 6
1 8
1 9
1 11
1 14
1 16
1 17
1 19
1 22
1 24
1 25
1 27
1 30
1 32
1 33
1 35
1 38
1 40
1 41
1 43
1 46
1 48
1 49
1 51
1 54
1 56
1 57
1 59
1 62
1 64
1 65
1 67
1 70
1 72
1 73
1 2
1 4
1 5
1 7
1 10
1 12
1 13
1 15
1 18
1 20
1 21
1 23
1 26
1 28
1 29
1 31
1 34
1 36
1 37
1 39
1 42
1 44
1 45
1 47
1 50
1 52
1 53
1 55
1 58
1 60
1 61
1 63
1 66
1 68
1 69
1 71
1 74
1 1
1 3
1 6
1 8
1 9
1 11
1 14
1 16
1 17
1 19
1 22
1 24
1 25
1 27
1 30
1 32
1 33
1 35
1 38
1 40
1 41
1 43
1 46
1 48
1 49
1 51
1 54
1 56
1 57
1 59
1 62
1 64
1 65
1 67
1 70
1 72
1 73
1 75
1 2
1 4
1 5
1 7
1 10
1 12
1 13
1 15
1 18
1 20
1 21
1 23
1 26
1 28
1 29
1 31
1 34
1 36
1 37
1 39
1 42
1 44
1 45
1 47
1 50
1 52
1 53
1 55
1 58
1 60
1 61
1 63
1 66
1 68
1 69
1 71
1 74
1 76
1 77
1 1
1 3
1 6
1 8
1 9
1 11
1 14
1 16
1 17
1 19
1 22
1 24
1 25
1 27
1 30
1 32
1 33
1 35
1 38
1 40
1 41
1 43
1 46
1 48
1 49
1 51
1 54
1 56
1 57
1 59
1 62
1 64
1 65
1 67
1 70
1 72
1 73
1 75
1 78
1 2
1 4
1 5
1 7
1 10
1 12
1 13
1 15
1 18
1 20
1 21
1 23
1 26
1 28
1 29
1 31
1 34
1 36
1 37
1 39
1 42
1 44
1 45
1 47
1 50
1 52
1 53
1 55
1 58
1 60
1 61
1 63
1 66
1 68
1 69
1 71
1 74
1 76
1 77
1 79
1 1
1 3
1 6
1 8
1 9
1 11
1 14
1 16
1 17
1 19
1 22
1 24
1 25
1 27
1 30
1 32
1 33
1 35
1 38
1 40
1 41
1 43
1 46
1 48
1 49
1 51
1 54
1 56
1 57
1 59
1 62
1 64
1 65
1 67
1 70
1 72
1 73
1 75
1 78
1 80
1 81
1 2
1 4
1 5
1 7
1 10
1 12
1 13
1 15
1 18
1 20
1 21
1 23
1 26
1 28
1 29
1 31
1 34
1 36
1 37
1 39
1 42
1 44
1 45
1 47
1 50
1 52
1 53
1 55
1 58
1 60
1 61
1 63
1 66
1 68
1 69
1 71
1 74
1 76
1 77
1 79
1 82
1 1
1 3
1 6
1 8
1 9
1 11
1 14
1 16
1 17
1 19
1 22
1 24
1 25
1 27
1 30
1 32
1 33
1 35
1 38
1 40
1 41
1 43
1 46
1 48
1 49
1 51
1 54
1 56
1 57
1 59
1 62
1 64
1 65
1 67
1 70
1 72
1 73
1 75
1 78
1 80
1 81
1 83
1 2
1 4
1 5
1 7
1 10
1 12
1 13
1 15
1 18
1 20
1 21
1 23
1 26
1 28
1 29
1 31
1 34
1 36
1 37
1 39
1 42
1 44
1 45
1 47
1 50
1 52
1 53
1 55
1 58
1 60
1 61
1 63
1 66
1 68
1 69
1 71
1 74
1 76
1 77
1 79
1 82
1 84
1 85
1 1
1 3
1 6
1 8
1 9
1 11
1 14
1 16
1 17
1 19
1 22
1 24
1 25
1 27
1 30
1 32
1 33
1 35
1 38
1 40
1 41
1 43
1 46
1 48
1 49
1 51
1 54
1 56
1 57
1 59
1 62
1 64
1 65
1 67
1 70
1 72
1 73
1 75
1 78
1 80
1 81
1 83
1 86
1 2
1 4
1 5
1 7
1 10
1 12
1 13
1 15
1 18
1 20
1 21
1 23
1 26
1 28
1 29
1 31
1 34
1 36
1 37
1 39
1 42
1 44
1 45
1 47
1 50
1 52
1 53
1 55
1 58
1 60
1 61
1 63
1 66
1 68
1 69
1 71
1 74
1 76
1 77
1 79
1 82
1 84
1 85
1 87
1 1
1 3
1 6
1 8
1 9
1 11
1 14
1 16
1 17
1 19
1 22
1 24
1 25
1 27
1 30
1 32
1 33
1 35
1 38
1 40
1 41
1 43
1 46
1 48
1 49
1 51
1 54
1 56
1 57
1 59
1 62
1 64
1 65
1 67
1 70
1 72
1 73
1 75
1 78
1 80
1 81
1 83
1 86
1 88
1 89
1 2
1 4
1 5
1 7
1 10
1 12
1 13
1 15
1 18
1 20
1 21
1 23
1 26
1 28
1 29
1 31
1 34
1 36
1 37
1 39
1 42
1 44
1 45
1 47
1 50
1 52
1 53
1 55
1 58
1 60
1 61
1 63
1 66
1 68
1 69
1 71
1 74
1 76
1 77
1 79
1 82
1 84
1 85
1 87
1 90
1 1
1 3
1 6
1 8
1 9
1 11
1 14
1 16
1 17
1 19
1 22
1 24
1 25
1 27
1 30
1 32
1 33
1 35
1 38
1 40
1 41
1 43
1 46
1 48
1 49
1 51
1 54
1 56
1 57
1 59
1 62
1 64
1 65
1 67
1 70
1 72
1 73
1 75
1 78
1 80
1 81
1 83
1 86
1 88
1 89
1 91
1 2
1 4
1 5
1 7
1 10
1 12
1 13
1 15
1 18
1 20
1 21
1 23
1 26
1 28
1 29
1 31
1 34
1 36
1 37
1 39
1 42
1 44
1 45
1 47
1 50
1 52
1 53
1 55
1 58
1 60
1 61
1 63
1 66
1 68
1 69
1 71
1 74
1 76
1 77
1 79
1 82
1 84
1 85
1 87
1 90
1 92
1 93
1 1
1 3
1 6
1 8
1 9
1 11
1 14
1 16
1 17
1 19
1 22
1 24
1 25
1 27
1 30
1 32
1 33
1 35
1 38
1 40
1 41
1 43
1 46
1 48
1 49
1 51
1 54
1 56
1 57
1 59
1 62
1 64
1 65
1 67
1 70
1 72
1 73
1 75
1 78
1 80
1 81
1 83
1 86
1 88
1 89
1 91
1 94
1 2
1 4
1 5
1 7
1 10
1 12
1 13
1 15
1 18
1 20
1 21
1 23
1 26
1 28
1 29
1 31
1 34
1 36
1 37
1 39
1 42
1 44
1 45
1 47
1 50
1 52
1 53
1 55
1 58
1 60
1 61
1 63
1 66
1 68
1 69
1 71
1 74
1 76
1 77
1 79
1 82
1 84
1 85
1 87
1 90
1 92
1 93
1 95
1 1
1 3
1 6
1 8
1 9
1 11
1 14
1 16
1 17
1 19
1 22
1 24
1 25
1 27
1 30
1 32
1 33
1 35
1 38
1 40
1 41
1 43
1 46
1 48
1 49
1 51
1 54
1 56
1 57
1 59
1 62
1 64
1 65
1 67
1 70
1 72
1 73
1 75
1 78
1 80
1 81
1 83
1 86
1 88
1 89
1 91
1 94
1 96
1 97
1 2
1 4
1 5
1 7
1 10
1 12
1 13
1 15
1 18
1 20
1 21
1 23
1 26
1 28
1 29
1 31
1 34
1 36
1 37
1 39
1 42
1 44
1 45
1 47
1 50
1 52
1 53
1 55
1 58
1 60
1 61
1 63
1 66
1 68
1 69
1 71
1 74
1 76
1 77
1 79
1 82
1 84
1 85
1 87
1 90
1 92
1 93
1 95
1 98
1 1
1 3
1 6
1 8
1 9
1 11
1 14
1 16
1 17
1 19
1 22
1 24
1 25
1 27
1 30
1 32
1 33
1 35
1 38
1 40
1 41
1 43
1 46
1 48
1 49
1 51
1 54
1 56
1 57
1 59
1 62
1 64
1 65
1 67
1 70
1 72
1 73
1 75
1 78
1 80
1 81
1 83
1 86
1 88
1 89
1 91
1 94
1 96
1 97
1 99
1 2
1 4
1 5
1 7
1 10
1 12
1 13
1 15
1 18
1 20
1 21
1 23
1 26
1 28
1 29
1 31
1 34
1 36
1 37
1 39
1 42
1 44
1 45
1 47
1 50
1 52
1 53
1 55
1 58
1 60
1 61
1 63
1 66
1 68
1 69
1 71
1 74
1 76
1 77
1 79
1 82
1 84
1 85
1 87
1 90
1 92
1 93
1 95
1 98
1 100
1 101
1 1
1 3
1 6
1 8
1 9
1 11
1 14
1 16
1 17
1 19
1 22
1 24
1 25
1 27
1 30
1 32
1 33
1 35
1 38
1 40
1 41
1 43
1 46
1 48
1 49
1 51
1 54
1 56
1 57
1 59
1 62
1 64
1 65
1 67
1 70
1 72
1 73
1 75
1 78
1 80
1 81
1 83
1 86
1 88
1 89
1 91
1 94
1 96
1 97
1 99
1 102
1 2
1 4
1 5
1 7
1 10
1 12
1 13
1 15
1 18
1 20
1 21
1 23
1 26
1 28
1 29
1 31
1 34
1 36
1 37
1 39
1 42
1 44
1 45
1 47
1 50
1 52
1 53
1 55
1 58
1 60
1 61
1 63
1 66
1 68
1 69
1 71
1 74
1 76
1 77
1 79
1 82
1 84
1 85
1 87
1 90
1 92
1 93
1 95
1 98
1 100
1 101
1 103
1 1
1 3
1 6
1 8
1 9
1 11
1 14
1 16
1 17
1 19
1 22
1 24
1 25
1 27
1 30
1 32
1 33
1 35
1 38
1 40
1 41
1 43
1 46
1 48
1 49
1 51
1 54
1 56
1 57
1 59
1 62
1 64
1 65
1 67
1 70
1 72
1 73
1 75
1 78
1 80
1 81
1 83
1 86
1 88
1 89
1 91
1 94
1 96
1 97
1 99
1 102
1 104
1 105
1 2
1 4
1 5
1 7
1 10
1 12
1 13
1 15
1 18
1 20
1 21
1 23
1 26
1 28
1 29
1 31
1 34
1 36
1 37
1 39
1 42
1 44
1 45
1 47
1 50
1 52
1 53
1 55
1 58
1 60
1 61
1 63
1 66
1 68
1 69
1 71
1 74
1 76
1 77
1 79
1 82
1 84
1 85
1 87
1 90
1 92
1 93
1 95
1 98
1 100
1 101
1 103
1 106
1 1
1 3
1 6
1 8
1 9
1 11
1 14
1 16
1 17
1 19
1 22
1 24
1 25
1 27
1 30
1 32
1 33
1 35
1 38
1 40
1 41
1 43
1 46
1 48
1 49
1 51
1 54
1 56
1 57
1 59
1 62
1 64
1 65
1 67
1 70
1 72
1 73
1 75
1 78
1 80
1 81
1 83
1 86
1 88
1 89
1 91
1 94
1 96
1 97
1 99
1 102
1 104
1 105
1 107
1 2
1 4
1 5
1 7
1 10
1 12
1 13
1 15
1 18
1 20
1 21
1 23
1 26
1 28
1 29
1 31
1 34
1 36
1 37
1 39
1 42
1 44
1 45
1 47
1 50
1 52
1 53
1 55
1 58
1 60
1 61
1 63
1 66
1 68
1 69
1 71
1 74
1 76
1 77
1 79
1 82
1 84
1 85
1 87
1 90
1 92
1 93
1 95
1 98
1 100
1 101
1 103
1 106
1 108
1 109
1 1
1 3
1 6
1 8
1 9
1 11
1 14
1 16
1 17
1 19
1 22
1 24
1 25
1 27
1 30
1 32
1 33
1 35
1 38
1 40
1 41
1 43
1 46
1 48
1 49
1 51
1 54
1 56
1 57
1 59
1 62
1 64
1 65
1 67
1 70
1 72
1 73
1 75
1 78
1 80
1 81
1 83
1 86
1 88
1 89
1 91
1 94
1 96
1 97
1 99
1 102
1 104
1 105
1 107
1 110
1 2
1 4
1 5
1 7
1 10
1 12
1 13
1 15
1 18
1 20
1 21
1 23
1 26
1 28
1 29
1 31
1 34
1 36
1 37
1 39
1 42
1 44
1 45
1 47
1 50
1 52
1 53
1 55
1 58
1 60
1 61
1 63
1 66
1 68
1 69
1 71
1 74
1 76
1 77
1 79
1 82
1 84
1 85
1 87
1 90
1 92
1 93
1 95
1 98
1 100
1 101
1 103
1 106
1 108
1 109
1 111
1 1
1 3
1 6
1 8
1 9
1 11
1 14
1 16
1 17
1 19
1 22
1 24
1 25
1 27
1 30
1 32
1 33
1 35
1 38
1 40
1 41
1 43
1 46
1 48
1 49
1 51
1 54
1 56
1 57
1 59
1 62
1 64
1 65
1 67
1 70
1 72
1 73
1 75
1 78
1 80
1 81
1 83
1 86
1 88
1 89
1 91
1 94
1 96
1 97
1 99
1 102
1 104
1 105
1 107
1 110
1 112
1 113
1 2
1 4
1 5
1 7
1 10
1 12
1 13
1 15
1 18
1 20
1 21
1 23
1 26
1 28
1 29
1 31
1 34
1 36
1 37
1 39
1 42
1 44
1 45
1 47
1 50
1 52
1 53
1 55
1 58
1 60
1 61
1 63
1 66
1 68
1 69
1 71
1 74
1 76
1 77
1 79
1 82
1 84
1 85
1 87
1 90
1 92
1 93
1 95
1 98
1 100
1 101
1 103
1 106
1 108
1 109
1 111
1 114
1 1
1 3
1 6
1 8
1 9
1 11
1 14
1 16
1 17
1 19
1 22
1 24
1 25
1 27
1 30
1 32
1 33
1 35
1 38
1 40
1 41
1 43
1 46
1 48
1 49
1 51
1 54
1 56
1 57
1 59
1 62
1 64
1 65
1 67
1 70
1 72
1 73
1 75
1 78
1 80
1 81
1 83
1 86
1 88
1 89
1 91
1 94
1 96
1 97
1 99
1 102
1 104
1 105
1 107
1 110
1 112
1 113
1 115
1 2
1 4
1 5
1 7
1 10
1 12
1 13
1 15
1 18
1 20
1 21
1 23
1 26
1 28
1 29
1 31
1 34
1 36
1 37
1 39
1 42
1 44
1 45
1 47
1 50
1 52
1 53
1 55
1 58
1 60
1 61
1 63
1 66
1 68
1 69
1 71
1 74
1 76
1 77
1 79
1 82
1 84
1 85
1 87
1 90
1 92
1 93
1 95
1 98
1 100
1 101
1 103
1 106
1 108
1 109
1 111
1 114
1 116
1 117
1 1
1 3
1 6
1 8
1 9
1 11
1 14
1 16
1 17
1 19
1 22
1 24
1 25
1 27
1 30
1 32
1 33
1 35
1 38
1 40
1 41
1 43
1 46
1 48
1 49
1 51
1 54
1 56
1 57
1 59
1 62
1 64
1 65
1 67
1 70
1 72
1 73
1 75
1 78
1 80
1 81
1 83
1 86
1 88
1 89
1 91
1 94
1 96
1 97
1 99
1 102
1 104
1 105
1 107
1 110
1 112
1 113
1 115
1 118
1 2
1 4
1 5
1 7
1 10
1 12
1 13
1 15
1 18
1 20
1 21
1 23
1 26
1 28
1 29
1 31
1 34
1 36
1 37
1 39
1 42
1 44
1 45
1 47
1 50
1 52
1 53
1 55
1 58
1 60
1 61
1 63
1 66
1 68
1 69
1 71
1 74
1 76
1 77
1 79
1 82
1 84
1 85
1 87
1 90
1 92
1 93
1 95
1 98
1 100
1 101
1 103
1 106
1 108
1 109
1 111
1 114
1 116
1 117
1 119
1 1
1 3
1 6
1 8
1 9
1 11
1 14
1 16
1 17
1 19
1 22
1 24
1 25
1 27
1 30
1 32
1 33
1 35
1 38
1 40
1 41
1 43
1 46
1 48
1 49
1 51
1 54
1 56
1 57
1 59
1 62
1 64
1 65
1 67
1 70
1 72
1 73
1 75
1 78
1 80
1 81
1 83
1 86
1 88
1 89
1 91
1 94
1 96
1 97
1 99
1 102
1 104
1 105
1 107
1 110
1 112
1 113
1 115
1 118
1 120
1 121
1 2
1 4
1 5
1 7
1 10
1 12
1 13
1 15
1 18
1 20
1 21
1 23
1 26
1 28
1 29
1 31
1 34
1 36
1 37
1 39
1 42
1 44
1 45
1 47
1 50
1 52
1 53
1 55
1 58
1 60
1 61
1 63
1 66
1 68
1 69
1 71
1 74
1 76
1 77
1 79
1 82
1 84
1 85
1 87
1 90
1 92
1 93
1 95
1 98
1 100
1 101
1 103
1 106
1 108
1 109
1 111
1 114
1 116
1 117
1 119
1 122
1 1
1 3
1 6
1 8
1 9
1 11
1 14
1 16
1 17
1 19
1 22
1 24
1 25
1 27
1 30
1 32
1 33
1 35
1 38
1 40
1 41
1 43
1 46
1 48
1 49
1 51
1 54
1 56
1 57
1 59
1 62
1 64
1 65
1 67
1 70
1 72
1 73
1 75
1 78
1 80
1 81
1 83
1 86
1 88
1 89
1 91
1 94
1 96
1 97
1 99
1 102
1 104
1 105
1 107
1 110
1 112
1 113
1 115
1 118
1 120
1 121
1 123
1 2
1 4
1 5
1 7
1 10
1 12
1 13
1 15
1 18
1 20
1 21
1 23
1 26
1 28
1 29
1 31
1 34
1 36
1 37
1 39
1 42
1 44
1 45
1 47
1 50
1 52
1 53
1 55
1 58
1 60
1 61
1 63
1 66
1 68
1 69
1 71
1 74
1 76
1 77
1 79
1 82
1 84
1 85
1 87
1 90
1 92
1 93
1 95
1 98
1 100
1 101
1 103
1 106
1 108
1 109
1 111
1 114
1 116
1 117
1 119
1 122
1 124
1 125
1 1
1 3
1 6
1 8
1 9
1 11
1 14
1 16
1 17
1 19
1 22
1 24
1 25
1 27
1 30
1 32
1 33
1 35
1 38
1 40
1 41
1 43
1 46
1 48
1 49
1 51
1 54
1 56
1 57
1 59
1 62
1 64
1 65
1 67
1 70
1 72
1 73
1 75
1 78
1 80
1 81
1 83
1 86
1 88
1 89
1 91
1 94
1 96
1 97
1 99
1 102
1 104
1 105
1 107
1 110
1 112
1 113
1 115
1 118
1 120
1 121
1 123
1 126
1 2
1 4
1 5
1 7
1 10
1 12
1 13
1 15
1 18
1 20
1 21
1 23
1 26
1 28
1 29
1 31
1 34
1 36
1 37
1 39
1 42
1 44
1 45
1 47
1 50
1 52
1 53
1 55
1 58
1 60
1 61
1 63
1 66
1 68
1 69
1 71
1 74
1 76
1 77
1 79
1 82
1 84
1 85
1 87
1 90
1 92
1 93
1 95
1 98
1 100
1 101
1 103
1 106
1 108
1 109
1 111
1 114
1 116
1 117
1 119
1 122
1 124
1 125
1 127
1 1
1 3
1 6
1 8
1 9
1 11
1 14
1 16
1 17
1 19
1 22
1 24
1 25
1 27
1 30
1 32
1 33
1 35
1 38
1 40
1 41
1 43
1 46
1 48
1 49
1 51
1 54
1 56
1 57
1 59
1 62
1 64
1 65
1 67
1 70
1 72
1 73
1 75
1 78
1 80
1 81
1 83
1 86
1 88
1 89
1 91
1 94
1 96
1 97
1 99
1 102
1 104
1 105
1 107
1 110
1 112
1 113
1 115
1 118
1 120
1 121
1 123
1 126
1 128
1 129
1 2
1 4
1 5
1 7
1 10
1 12
1 13
1 15
1 18
1 20
1 21
1 23
1 26
1 28
1 29
1 31
1 34
1 36
1 37
1 39
1 42
1 44
1 45
1 47
1 50
1 52
1 53
1 55
1 58
1 60
1 61
1 63
1 66
1 68
1 69
1 71
1 74
1 76
1 77
1 79
1 82
1 84
1 85
1 87
1 90
1 92
1 93
1 95
1 98
1 100
1 101
1 103
1 106
1 108
1 109
1 111
1 114
1 116
1 117
1 119
1 122
1 124
1 125
1 127
1 130
1 1
1 3
1 6
1 8
1 9
1 11
1 14
1 16
1 17
1 19
1 22
1 24
1 25
1 27
1 30
1 32
1 33
1 35
1 38
1 40
1 41
1 43
1 46
1 48
1 49
1 51
1 54
1 56
1 57
1 59
1 62
1 64
1 65
1 67
1 70
1 72
1 73
1 75
1 78
1 80
1 81
1 83
1 86
1 88
1 89
1 91
1 94
1 96
1 97
1 99
1 102
1 104
1 105
1 107
1 110
1 112
1 113
1 115
1 118
1 120
1 121
1 123
1 126
1 128
1 129
1 131
1 2
1 4
1 5
1 7
1 10
1 12
1 13
1 15
1 18
1 20
1 21
1 23
1 26
1 28
1 29
1 31
1 34
1 36
1 37
1 39
1 42
1 44
1 45
1 47
1 50
1 52
1 53
1 55
1 58
1 60
1 61
1 63
1 66
1 68
1 69
1 71
1 74
1 76
1 77
1 79
1 82
1 84
1 85
1 87
1 90
1 92
1 93
1 95
1 98
1 100
1 101
1 103
1 106
1 108
1 109
1 111
1 114
1 116
1 117
1 119
1 122
1 124
1 125
1 127
1 130
1 132
1 133
1 1
1 3
1 6
1 8
1 9
1 11
1 14
1 16
1 17
1 19
1 22
1 24
1 25
1 27
1 30
1 32
1 33
1 35
1 38
1 40
1 41
1 43
1 46
1 48
1 49
1 51
1 54
1 56
1 57
1 59
1 62
1 64
1 65
1 67
1 70
1 72
1 73
1 75
1 78
1 80
1 81
1 83
1 86
1 88
1 89
1 91
1 94
1 96
1 97
1 99
1 102
1 104
1 105
1 107
1 110
1 112
1 113
1 115
1 118
1 120
1 121
1 123
1 126
1 128
1 129
1 131
1 134
1 2
1 4
1 5
1 7
1 10
1 12
1 13
1 15
1 18
1 20
1 21
1 23
1 26
1 28
1 29
1 31
1 34
1 36
1 37
1 39
1 42
1 44
1 45
1 47
1 50
1 52
1 53
1 55
1 58
1 60
1 61
1 63
1 66
1 68
1 69
1 71
1 74
1 76
1 77
1 79
1 82
1 84
1 85
1 87
1 90
1 92
1 93
1 95
1 98
1 100
1 101
1 103
1 106
1 108
1 109
1 111
1 114
1 116
1 117
1 119
1 122
1 124
1 125
1 127
1 130
1 132
1 133
1 135
1 1
1 3
1 6
1 8
1 9
1 11
1 14
1 16
1 17
1 19
1 22
1 24
1 25
1 27
1 30
1 32
1 33
1 35
1 38
1 40
1 41
1 43
1 46
1 48
1 49
1 51
1 54
1 56
1 57
1 59
1 62
1 64
1 65
1 67
1 70
1 72
1 73
1 75
1 78
1 80
1 81
1 83
1 86
1 88
1 89
1 91
1 94
1 96
1 97
1 99
1 102
1 104
1 105
1 107
1 110
1 112
1 113
1 115
1 118
1 120
1 121
1 123
1 126
1 128
1 129
1 131
1 134
1 136
1 137
1 2
1 4
1 5
1 7
1 10
1 12
1 13
1 15
1 18
1 20
1 21
1 23
1 26
1 28
1 29
1 31
1 34
1 36
1 37
1 39
1 42
1 44
1 45
1 47
1 50
1 52
1 53
1 55
1 58
1 60
1 61
1 63
1 66
1 68
1 69
1 71
1 74
1 76
1 77
1 79
1 82
1 84
1 85
1 87
1 90
1 92
1 93
1 95
1 98
1 100
1 101
1 103
1 106
1 108
1 109
1 111
1 114
1 116
1 117
1 119
1 122
1 124
1 125
1 127
1 130
1 132
1 133
1 135
1 138
1 1
1 3
1 6
1 8
1 9
1 11
1 14
1 16
1 17
1 19
1 22
1 24
1 25
1 27
1 30
1 32
1 33
1 35
1 38
1 40
1 41
1 43
1 46
1 48
1 49
1 51
1 54
1 56
1 57
1 59
1 62
1 64
1 65
1 67
1 70
1 72
1 73
1 75
1 78
1 80
1 81
1 83
1 86
1 88
1 89
1 91
1 94
1 96
1 97
1 99
1 102
1 104
1 105
1 107
1 110
1 112
1 113
1 115
1 118
1 120
1 121
1 123
1 126
1 128
1 129
1 131
1 134
1 136
1 137
1 139
1 2
1 4
1 5
1 7
1 10
1 12
1 13
1 15
1 18
1 20
1 21
1 23
1 26
1 28
1 29
1 31
1 34
1 36
1 37
1 39
1 42
1 44
1 45
1 47
1 50
1 52
1 53
1 55
1 58
1 60
1 61
1 63
1 66
1 68
1 69
1 71
1 74
1 76
1 77
1 79
1 82
1 84
1 85
1 87
1 90
1 92
1 93
1 95
1 98
1 100
1 101
1 103
1 106
1 108
1 109
1 111
1 114
1 116
1 117
1 119
1 122
1 124
1 125
1 127
1 130
1 132
1 133
1 135
1 138
1 140
1 141
1 1
1 3
1 6
1 8
1 9
1 11
1 14
1 16
1 17
1 19
1 22
1 24
1 25
1 27
1 30
1 32
1 33
1 35
1 38
1 40
1 41
1 43
1 46
1 48
1 49
1 51
1 54
1 56
1 57
1 59
1 62
1 64
1 65
1 67
1 70
1 72
1 73
1 75
1 78
1 80
1 81
1 83
1 86
1 88
1 89
1 91
1 94
1 96
1 97
1 99
1 102
1 104
1 105
1 107
1 110
1 112
1 113
1 115
1 118
1 120
1 121
1 123
1 126
1 128
1 129
1 131
1 134
1 136
1 137
1 139
1 142
1 2
1 4
1 5
1 7
1 10
1 12
1 13
1 15
1 18
1 20
1 21
1 23
1 26
1 28
1 29
1 31
1 34
1 36
1 37
1 39
1 42
1 44
1 45
1 47
1 50
1 52
1 53
1 55
1 58
1 60
1 61
1 63
1 66
1 68
1 69
1 71
1 74
1 76
1 77
1 79
1 82
1 84
1 85
1 87
1 90
1 92
1 93
1 95
1 98
1 100
1 101
1 103
1 106
1 108
1 109
1 111
1 114
1 116
1 117
1 119
1 122
1 124
1 125
1 127
1 130
1 132
1 133
1 135
1 138
1 140
1 141
1 143
1 1
1 3
1 6
1 8
1 9
1 11
1 14
1 16
1 17
1 19
1 22
1 24
1 25
1 27
1 30
1 32
1 33
1 35
1 38
1 40
1 41
1 43
1 46
1 48
1 49
1 51
1 54
1 56
1 57
1 59
1 62
1 64
1 65
1 67
1 70
1 72
1 73
1 75
1 78
1 80
1 81
1 83
1 86
1 88
1 89
1 91
1 94
1 96
1 97
1 99
1 102
1 104
1 105
1 107
1 110
1 112
1 113
1 115
1 118
1 120
1 121
1 123
1 126
1 128
1 129
1 131
1 134
1 136
1 137
1 139
1 142
1 144
1 145
1 2
1 4
1 5
1 7
1 10
1 12
1 13
1 15
1 18
1 20
1 21
1 23
1 26
1 28
1 29
1 31
1 34
1 36
1 37
1 39
1 42
1 44
1 45
1 47
1 50
1 52
1 53
1 55
1 58
1 60
1 61
1 63
1 66
1 68
1 69
1 71
1 74
1 76
1 77
1 79
1 82
1 84
1 85
1 87
1 90
1 92
1 93
1 95
1 98
1 100
1 101
1 103
1 106
1 108
1 109
1 111
1 114
1 116
1 117
1 119
1 122
1 124
1 125
1 127
1 130
1 132
1 133
1 135
1 138
1 140
1 141
1 143
1 146
1 1
1 3
1 6
1 8
1 9
1 11
1 14
1 16
1 17
1 19
1 22
1 24
1 25
1 27
1 30
1 32
1 33
1 35
1 38
1 40
1 41
1 43
1 46
1 48
1 49
1 51
1 54
1 56
1 57
1 59
1 62
1 64
1 65
1 67
1 70
1 72
1 73
1 75
1 78
1 80
1 81
1 83
1 86
1 88
1 89
1 91
1 94
1 96
1 97
1 99
1 102
1 104
1 105
1 107
1 110
1 112
1 113
1 115
1 118
1 120
1 121
1 123
1 126
1 128
1 129
1 131
1 134
1 136
1 137
1 139
1 142
1 144
1 145
1 147
1 2
1 4
1 5
1 7
1 10
1 12
1 13
1 15
1 18
1 20
1 21
1 23
1 26
1 28
1 29
1 31
1 34
1 36
1 37
1 39
1 42
1 44
1 45
1 47
1 50
1 52
1 53
1 55
1 58
1 60
1 61
1 63
1 66
1 68
1 69
1 71
1 74
1 76
1 77
1 79
1 82
1 84
1 85
1 87
1 90
1 92
1 93
1 95
1 98
1 100
1 101
1 103
1 106
1 108
1 109
1 111
1 114
1 116
1 117
1 119
1 122
1 124
1 125
1 127
1 130
1 132
1 133
1 135
1 138
1 140
1 141
1 143
1 146
1 148
1 149
1 1
1 3
1 6
1 8
1 9
1 11
1 14
1 16
1 17
1 19
1 22
1 24
1 25
1 27
1 30
1 32
1 33
1 35
1 38
1 40
1 41
1 43
1 46
1 48
1 49
1 51
1 54
1 56
1 57
1 59
1 62
1 64
1 65
1 67
1 70
1 72
1 73
1 75
1 78
1 80
1 81
1 83
1 86
1 88
1 89
1 91
1 94
1 96
1 97
1 99
1 102
1 104
1 105
1 107
1 110
1 112
1 113
1 115
1 118
1 120
1 121
1 123
1 126
1 128
1 129
1 131
1 134
1 136
1 137
1 139
1 142
1 144
1 145
1 147
1 150
1 2
1 4
1 5
1 7
1 10
1 12
1 13
1 15
1 18
1 20
1 21
1 23
1 26
1 28
1 29
1 31
1 34
1 36
1 37
1 39
1 42
1 44
1 45
1 47
1 50
1 52
1 53
1 55
1 58
1 60
1 61
1 63
1 66
1 68
1 69
1 71
1 74
1 76
1 77
1 79
1 82
1 84
1 85
1 87
1 90
1 92
1 93
1 95
1 98
1 100
1 101
1 103
1 106
1 108
1 109
1 111
1 114
1 116
1 117
1 119
1 122
1 124
1 125
1 127
1 130
1 132
1 133
1 135
1 138
1 140
1 141
1 143
1 146
1 148
1 149
1 151
1 1
1 3
1 6
1 8
1 9
1 11
1 14
1 16
1 17
1 19
1 22
1 24
1 25
1 27
1 30
1 32
1 33
1 35
1 38
1 40
1 41
1 43
1 46
1 48
1 49
1 51
1 54
1 56
1 57
1 59
1 62
1 64
1 65
1 67
1 70
1 72
1 73
1 75
1 78
1 80
1 81
1 83
1 86
1 88
1 89
1 91
1 94
1 96
1 97
1 99
1 102
1 104
1 105
1 107
1 110
1 112
1 113
1 115
1 118
1 120
1 121
1 123
1 126
1 128
1 129
1 131
1 134
1 136
1 137
1 139
1 142
1 144
1 145
1 147
1 150
1 152
1 153
1 2
1 4
1 5
1 7
1 10
1 12
1 13
1 15
1 18
1 20
1 21
1 23
1 26
1 28
1 29
1 31
1 34
1 36
1 37
1 39
1 42
1 44
1 45
1 47
1 50
1 52
1 53
1 55
1 58
1 60
1 61
1 63
1 66
1 68
1 69
1 71
1 74
1 76
1 77
1 79
1 82
1 84
1 85
1 87
1 90
1 92
1 93
1 95
1 98
1 100
1 101
1 103
1 106
1 108
1 109
1 111
1 114
1 116
1 117
1 119
1 122
1 124
1 125
1 127
1 130
1 132
1 133
1 135
1 138
1 140
1 141
1 143
1 146
1 148
1 149
1 151
1 154
1 1
1 3
1 6
1 8
1 9
1 11
1 14
1 16
1 17
1 19
1 22
1 24
1 25
1 27
1 30
1 32
1 33
1 35
1 38
1 40
1 41
1 43
1 46
1 48
1 49
1 51
1 54
1 56
1 57
1 59
1 62
1 64
1 65
1 67
1 70
1 72
1 73
1 75
1 78
1 80
1 81
1 83
1 86
1 88
1 89
1 91
1 94
1 96
1 97
1 99
1 102
1 104
1 105
1 107
1 110
1 112
1 113
1 115
1 118
1 120
1 121
1 123
1 126
1 128
1 129
1 131
1 134
1 136
1 137
1 139
1 142
1 144
1 145
1 147
1 150
1 152
1 153
1 155
1 2
1 4
1 5
1 7
1 10
1 12
1 13
1 15
1 18
1 20
1 21
1 23
1 26
1 28
1 29
1 31
1 34
1 36
1 37
1 39
1 42
1 44
1 45
1 47
1 50
1 52
1 53
1 55
1 58
1 60
1 61
1 63
1 66
1 68
1 69
1 71
1 74
1 76
1 77
1 79
1 82
1 84
1 85
1 87
1 90
1 92
1 93
1 95
1 98
1 100
1 101
1 103
1 106
1 108
1 109
1 111
1 114
1 116
1 117
1 119
1 122
1 124
1 125
1 127
1 130
1 132
1 133
1 135
1 138
1 140
1 141
1 143
1 146
1 148
1 149
1 151
1 154
1 156
1 157
1 1
1 3
1 6
1 8
1 9
1 11
1 14
1 16
1 17
1 19
1 22
1 24
1 25
1 27
1 30
1 32
1 33
1 35
1 38
1 40
1 41
1 43
1 46
1 48
1 49
1 51
1 54
1 56
1 57
1 59
1 62
1 64
1 65
1 67
1 70
1 72
1 73
1 75
1 78
1 80
1 81
1 83
1 86
1 88
1 89
1 91
1 94
1 96
1 97
1 99
1 102
1 104
1 105
1 107
1 110
1 112
1 113
1 115
1 118
1 120
1 121
1 123
1 126
1 128
1 129
1 131
1 134
1 136
1 137
1 139
1 142
1 144
1 145
1 147
1 150
1 152
1 153
1 155
1 158
1 2
1 4
1 5
1 7
1 10
1 12
1 13
1 15
1 18
1 20
1 21
1 23
1 26
1 28
1 29
1 31
1 34
1 36
1 37
1 39
1 42
1 44
1 45
1 47
1 50
1 52
1 53
1 55
1 58
1 60
1 61
1 63
1 66
1 68
1 69
1 71
1 74
1 76
1 77
1 79
1 82
1 84
1 85
1 87
1 90
1 92
1 93
1 95
1 98
1 100
1 101
1 103
1 106
1 108
1 109
1 111
1 114
1 116
1 117
1 119
1 122
1 124
1 125
1 127
1 130
1 132
1 133
1 135
1 138
1 140
1 141
1 143
1 146
1 148
1 149
1 151
1 154
1 156
1 157
1 159
1 1
1 3
1 6
1 8
1 9
1 11
1 14
1 16
1 17
1 19
1 22
1 24
1 25
1 27
1 30
1 32
1 33
1 35
1 38
1 40
1 41
1 43
1 46
1 48
1 49
1 51
1 54
1 56
1 57
1 59
1 62
1 64
1 65
1 67
1 70
1 72
1 73
1 75
1 78
1 80
1 81
1 83
1 86
1 88
1 89
1 91
1 94
1 96
1 97
1 99
1 102
1 104
1 105
1 107
1 110
1 112
1 113
1 115
1 118
1 120
1 121
1 123
1 126
1 128
1 129
1 131
1 134
1 136
1 137
1 139
1 142
1 144
1 145
1 147
1 150
1 152
1 153
1 155
1 158
1 160
1 161
1 2
1 4
1 5
1 7
1 10
1 12
1 13
1 15
1 18
1 20
1 21
1 23
1 26
1 28
1 29
1 31
1 34
1 36
1 37
1 39
1 42
1 44
1 45
1 47
1 50
1 52
1 53
1 55
1 58
1 60
1 61
1 63
1 66
1 68
1 69
1 71
1 74
1 76
1 77
1 79
1 82
1 84
1 85
1 87
1 90
1 92
1 93
1 95
1 98
1 100
1 101
1 103
1 106
1 108
1 109
1 111
1 114
1 116
1 117
1 119
1 122
1 124
1 125
1 127
1 130
1 132
1 133
1 135
1 138
1 140
1 141
1 143
1 146
1 148
1 149
1 151
1 154
1 156
1 157
1 159
1 162
1 1
1 3
1 6
1 8
1 9
1 11
1 14
1 16
1 17
1 19
1 22
1 24
1 25
1 27
1 30
1 32
1 33
1 35
1 38
1 40
1 41
1 43
1 46
1 48
1 49
1 51
1 54
1 56
1 57
1 59
1 62
1 64
1 65
1 67
1 70
1 72
1 73
1 75
1 78
1 80
1 81
1 83
1 86
1 88
1 89
1 91
1 94
1 96
1 97
1 99
1 102
1 104
1 105
1 107
1 110
1 112
1 113
1 115
1 118
1 120
1 121
1 123
1 126
1 128
1 129
1 131
1 134
1 136
1 137
1 139
1 142
1 144
1 145
1 147
1 150
1 152
1 153
1 155
1 158
1 160
1 161
1 163
1 2
1 4
1 5
1 7
1 10
1 12
1 13
1 15
1 18
1 20
1 21
1 23
1 26
1 28
1 29
1 31
1 34
1 36
1 37
1 39
1 42
1 44
1 45
1 47
1 50
1 52
1 53
1 55
1 58
1 60
1 61
1 63
1 66
1 68
1 69
1 71
1 74
1 76
1 77
1 79
1 82
1 84
1 85
1 87
1 90
1 92
1 93
1 95
1 98
1 100
1 101
1 103
1 106
1 108
1 109
1 111
1 114
1 116
1 117
1 119
1 122
1 124
1 125
1 127
1 130
1 132
1 133
1 135
1 138
1 140
1 141
1 143
1 146
1 148
1 149
1 151
1 154
1 156
1 157
1 159
1 162
1 164
1 165
1 1
1 3
1 6
1 8
1 9
1 11
1 14
1 16
1 17
1 19
1 22
1 24
1 25
1 27
1 30
1 32
1 33
1 35
1 38
1 40
1 41
1 43
1 46
1 48
1 49
1 51
1 54
1 56
1 57
1 59
1 62
1 64
1 65
1 67
1 70
1 72
1 73
1 75
1 78
1 80
1 81
1 83
1 86
1 88
1 89
1 91
1 94
1 96
1 97
1 99
1 102
1 104
1 105
1 107
1 110
1 112
1 113
1 115
1 118
1 120
1 121
1 123
1 126
1 128
1 129
1 131
1 134
1 136
1 137
1 139
1 142
1 144
1 145
1 147
1 150
1 152
1 153
1 155
1 158
1 160
1 161
1 163
1 166
1 2
1 4
1 5
1 7
1 10
1 12
1 13
1 15
1 18
1 20
1 21
1 23
1 26
1 28
1 29
1 31
1 34
1 36
1 37
1 39
1 42
1 44
1 45
1 47
1 50
1 52
1 53
1 55
1 58
1 60
1 61
1 63
1 66
1 68
1 69
1 71
1 74
1 76
1 77
1 79
1 82
1 84
1 85
1 87
1 90
1 92
1 93
1 95
1 98
1 100
1 101
1 103
1 106
1 108
1 109
1 111
1 114
1 116
1 117
1 119
1 122
1 124
1 125
1 127
1 130
1 132
1 133
1 135
1 138
1 140
1 141
1 143
1 146
1 148
1 149
1 151
1 154
1 156
1 157
1 159
1 162
1 164
1 165
1 167
1 1
1 3
1 6
1 8
1 9
1 11
1 14
1 16
1 17
1 19
1 22
1 24
1 25
1 27
1 30
1 32
1 33
1 35
1 38
1 40
1 41
1 43
1 46
1 48
1 49
1 51
1 54
1 56
1 57
1 59
1 62
1 64
1 65
1 67
1 70
1 72
1 73
1 75
1 78
1 80
1 81
1 83
1 86
1 88
1 89
1 91
1 94
1 96
1 97
1 99
1 102
1 104
1 105
1 107
1 110
1 112
1 113
1 115
1 118
1 120
1 121
1 123
1 126
1 128
1 129
1 131
1 134
1 136
1 137
1 139
1 142
1 144
1 145
1 147
1 150
1 152
1 153
1 155
1 158
1 160
1 161
1 163
1 166
1 168
1 169
1 2
1 4
1 5
1 7
1 10
1 12
1 13
1 15
1 18
1 20
1 21
1 23
1 26
1 28
1 29
1 31
1 34
1 36
1 37
1 39
1 42
1 44
1 45
1 47
1 50
1 52
1 53
1 55
1 58
1 60
1 61
1 63
1 66
1 68
1 69
1 71
1 74
1 76
1 77
1 79
1 82
1 84
1 85
1 87
1 90
1 92
1 93
1 95
1 98
1 100
1 101
1 103
1 106
1 108
1 109
1 111
1 114
1 116
1 117
1 119
1 122
1 124
1 125
1 127
1 130
1 132
1 133
1 135
1 138
1 140
1 141
1 143
1 146
1 148
1 149
1 151
1 154
1 156
1 157
1 159
1 162
1 164
1 165
1 167
1 170
1 1
1 3
1 6
1 8
1 9
1 11
1 14
1 16
1 17
1 19
1 22
1 24
1 25
1 27
1 30
1 32
1 33
1 35
1 38
1 40
1 41
1 43
1 46
1 48
1 49
1 51
1 54
1 56
1 57
1 59
1 62
1 64
1 65
1 67
1 70
1 72
1 73
1 75
1 78
1 80
1 81
1 83
1 86
1 88
1 89
1 91
1 94
1 96
1 97
1 99
1 102
1 104
1 105
1 107
1 110
1 112
1 113
1 115
1 118
1 120
1 121
1 123
1 126
1 128
1 129
1 131
1 134
1 136
1 137
1 139
1 142
1 144
1 145
1 147
1 150
1 152
1 153
1 155
1 158
1 160
1 161
1 163
1 166
1 168
1 169
1 171
1 2
1 4
1 5
1 7
1 10
1 12
1 13
1 15
1 18
1 20
1 21
1 23
1 26
1 28
1 29
1 31
1 34
1 36
1 37
1 39
1 42
1 44
1 45
1 47
1 50
1 52
1 53
1 55
1 58
1 60
1 61
1 63
1 66
1 68
1 69
1 71
1 74
1 76
1 77
1 79
1 82
1 84
1 85
1 87
1 90
1 92
1 93
1 95
1 98
1 100
1 101
1 103
1 106
1 108
1 109
1 111
1 114
1 116
1 117
1 119
1 122
1 124
1 125
1 127
1 130
1 132
1 133
1 135
1 138
1 140
1 141
1 143
1 146
1 148
1 149
1 151
1 154
1 156
1 157
1 159
1 162
1 164
1 165
1 167
1 170
1 172
1 173
1 1
1 3
1 6
1 8
1 9
1 11
1 14
1 16
1 17
1 19
1 22
1 24
1 25
1 27
1 30
1 32
1 33
1 35
1 38
1 40
1 41
1 43
1 46
1 48
1 49
1 51
1 54
1 56
1 57
1 59
1 62
1 64
1 65
1 67
1 70
1 72
1 73
1 75
1 78
1 80
1 81
1 83
1 86
1 88
1 89
1 91
1 94
1 96
1 97
1 99
1 102
1 104
1 105
1 107
1 110
1 112
1 113
1 115
1 118
1 120
1 121
1 123
1 126
1 128
1 129
1 131
1 134
1 136
1 137
1 139
1 142
1 144
1 145
1 147
1 150
1 152
1 153
1 155
1 158
1 160
1 161
1 163
1 166
1 168
1 169
1 171
1 174
1 2
1 4
1 5
1 7
1 10
1 12
1 13
1 15
1 18
1 20
1 21
1 23
1 26
1 28
1 29
1 31
1 34
1 36
1 37
1 39
1 42
1 44
1 45
1 47
1 50
1 52
1 53
1 55
1 58
1 60
1 61
1 63
1 66
1 68
1 69
1 71
1 74
1 76
1 77
1 79
1 82
1 84
1 85
1 87
1 90
1 92
1 93
1 95
1 98
1 100
1 101
1 103
1 106
1 108
1 109
1 111
1 114
1 116
1 117
1 119
1 122
1 124
1 125
1 127
1 130
1 132
1 133
1 135
1 138
1 140
1 141
1 143
1 146
1 148
1 149
1 151
1 154
1 156
1 157
1 159
1 162
1 164
1 165
1 167
1 170
1 172
1 173
1 175
1 1
1 3
1 6
1 8
1 9
1 11
1 14
1 16
1 17
1 19
1 22
1 24
1 25
1 27
1 30
1 32
1 33
1 35
1 38
1 40
1 41
1 43
1 46
1 48
1 49
1 51
1 54
1 56
1 57
1 59
1 62
1 64
1 65
1 67
1 70
1 72
1 73
1 75
1 78
1 80
1 81
1 83
1 86
1 88
1 89
1 91
1 94
1 96
1 97
1 99
1 102
1 104
1 105
1 107
1 110
1 112
1 113
1 115
1 118
1 120
1 121
1 123
1 126
1 128
1 129
1 131
1 134
1 136
1 137
1 139
1 142
1 144
1 145
1 147
1 150
1 152
1 153
1 155
1 158
1 160
1 161
1 163
1 166
1 168
1 169
1 171
1 174
1 176
1 177
1 2
1 4
1 5
1 7
1 10
1 12
1 13
1 15
1 18
1 20
1 21
1 23
1 26
1 28
1 29
1 31
1 34
1 36
1 37
1 39
1 42
1 44
1 45
1 47
1 50
1 52
1 53
1 55
1 58
1 60
1 61
1 63
1 66
1 68
1 69
1 71
1 74
1 76
1 77
1 79
1 82
1 84
1 85
1 87
1 90
1 92
1 93
1 95
1 98
1 100
1 101
1 103
1 106
1 108
1 109
1 111
1 114
1 116
1 117
1 119
1 122
1 124
1 125
1 127
1 130
1 132
1 133
1 135
1 138
1 140
1 141
1 143
1 146
1 148
1 149
1 151
1 154
1 156
1 157
1 159
1 162
1 164
1 165
1 167
1 170
1 172
1 173
1 175
1 178
1 1
1 3
1 6
1 8
1 9
1 11
1 14
1 16
1 17
1 19
1 22
1 24
1 25
1 27
1 30
1 32
1 33
1 35
1 38
1 40
1 41
1 43
1 46
1 48
1 49
1 51
1 54
1 56
1 57
1 59
1 62
1 64
1 65
1 67
1 70
1 72
1 73
1 75
1 78
1 80
1 81
1 83
1 86
1 88
1 89
1 91
1 94
1 96
1 97
1 99
1 102
1 104
1 105
1 107
1 110
1 112
1 113
1 115
1 118
1 120
1 121
1 123
1 126
1 128
1 129
1 131
1 134
1 136
1 137
1 139
1 142
1 144
1 145
1 147
1 150
1 152
1 153
1 155
1 158
1 160
1 161
1 163
1 166
1 168
1 169
1 171
1 174
1 176
1 177
1 179
1 2
1 4
1 5
1 7
1 10
1 12
1 13
1 15
1 18
1 20
1 21
1 23
1 26
1 28
1 29
1 31
1 34
1 36
1 37
1 39
1 42
1 44
1 45
1 47
1 50
1 52
1 53
1 55
1 58
1 60
1 61
1 63
1 66
1 68
1 69
1 71
1 74
1 76
1 77
1 79
1 82
1 84
1 85
1 87
1 90
1 92
1 93
1 95
1 98
1 100
1 101
1 103
1 106
1 108
1 109
1 111
1 114
1 116
1 117
1 119
1 122
1 124
1 125
1 127
1 130
1 132
1 133
1 135
1 138
1 140
1 141
1 143
1 146
1 148
1 149
1 151
1 154
1 156
1 157
1 159
1 162
1 164
1 165
1 167
1 170
1 172
1 173
1 175
1 178
1 180
1 181
1 1
1 3
1 6
1 8
1 9
1 11
1 14
1 16
1 17
1 19
1 22
1 24
1 25
1 27
1 30
1 32
1 33
1 35
1 38
1 40
1 41
1 43
1 46
1 48
1 49
1 51
1 54
1 56
1 57
1 59
1 62
1 64
1 65
1 67
1 70
1 72
1 73
1 75
1 78
1 80
1 81
1 83
1 86
1 88
1 89
1 91
1 94
1 96
1 97
1 99
1 102
1 104
1 105
1 107
1 110
1 112
1 113
1 115
1 118
1 120
1 121
1 123
1 126
1 128
1 129
1 131
1 134
1 136
1 137
1 139
1 142
1 144
1 145
1 147
1 150
1 152
1 153
1 155
1 158
1 160
1 161
1 163
1 166
1 168
1 169
1 171
1 174
1 176
1 177
1 179
1 182
1 2
1 4
1 5
1 7
1 10
1 12
1 13
1 15
1 18
1 20
1 21
1 23
1 26
1 28
1 29
1 31
1 34
1 36
1 37
1 39
1 42
1 44
1 45
1 47
1 50
1 52
1 53
1 55
1 58
1 60
1 61
1 63
1 66
1 68
1 69
1 71
1 74
1 76
1 77
1 79
1 82
1 84
1 85
1 87
1 90
1 92
1 93
1 95
1 98
1 100
1 101
1 103
1 106
1 108
1 109
1 111
1 114
1 116
1 117
1 119
1 122
1 124
1 125
1 127
1 130
1 132
1 133
1 135
1 138
1 140
1 141
1 143
1 146
1 148
1 149
1 151
1 154
1 156
1 157
1 159
1 162
1 164
1 165
1 167
1 170
1 172
1 173
1 175
1 178
1 180
1 181
1 183
1 1
1 3
1 6
1 8
1 9
1 11
1 14
1 16
1 17
1 19
1 22
1 24
1 25
1 27
1 30
1 32
1 33
1 35
1 38
1 40
1 41
1 43
1 46
1 48
1 49
1 51
1 54
1 56
1 57
1 59
1 62
1 64
1 65
1 67
1 70
1 72
1 73
1 75
1 78
1 80
1 81
1 83
1 86
1 88
1 89
1 91
1 94
1 96
1 97
1 99
1 102
1 104
1 105
1 107
1 110
1 112
1 113
1 115
1 118
1 120
1 121
1 123
1 126
1 128
1 129
1 131
1 134
1 136
1 137
1 139
1 142
1 144
1 145
1 147
1 150
1 152
1 153
1 155
1 158
1 160
1 161
1 163
1 166
1 168
1 169
1 171
1 174
1 176
1 177
1 179
1 182
1 184
1 185
1 2
1 4
1 5
1 7
1 10
1 12
1 13
1 15
1 18
1 20
1 21
1 23
1 26
1 28
1 29
1 31
1 34
1 36
1 37
1 39
1 42
1 44
1 45
1 47
1 50
1 52
1 53
1 55
1 58
1 60
1 61
1 63
1 66
1 68
1 69
1 71
1 74
1 76
1 77
1 79
1 82
1 84
1 85
1 87
1 90
1 92
1 93
1 95
1 98
1 100
1 101
1 103
1 106
1 108
1 109
1 111
1 114
1 116
1 117
1 119
1 122
1 124
1 125
1 127
1 130
1 132
1 133
1 135
1 138
1 140
1 141
1 143
1 146
1 148
1 149
1 151
1 154
1 156
1 157
1 159
1 162
1 164
1 165
1 167
1 170
1 172
1 173
1 175
1 178
1 180
1 181
1 183
1 186
1 1
1 3
1 6
1 8
1 9
1 11
1 14
1 16
1 17
1 19
1 22
1 24
1 25
1 27
1 30
1 32
1 33
1 35
1 38
1 40
1 41
1 43
1 46
1 48
1 49
1 51
1 54
1 56
1 57
1 59
1 62
1 64
1 65
1 67
1 70
1 72
1 73
1 75
1 78
1 80
1 81
1 83
1 86
1 88
1 89
1 91
1 94
1 96
1 97
1 99
1 102
1 104
1 105
1 107
1 110
1 112
1 113
1 115
1 118
1 120
1 121
1 123
1 126
1 128
1 129
1 131
1 134
1 136
1 137
1 139
1 142
1 144
1 145
1 147
1 150
1 152
1 153
1 155
1 158
1 160
1 161
1 163
1 166
1 168
1 169
1 171
1 174
1 176
1 177
1 179
1 182
1 184
1 185
1 187
1 2
1 4
1 5
1 7
1 10
1 12
1 13
1 15
1 18
1 20
1 21
1 23
1 26
1 28
1 29
1 31
1 34
1 36
1 37
1 39
1 42
1 44
1 45
1 47
1 50
1 52
1 53
1 55
1 58
1 60
1 61
1 63
1 66
1 68
1 69
1 71
1 74
1 76
1 77
1 79
1 82
1 84
1 85
1 87
1 90
1 92
1 93
1 95
1 98
1 100
1 101
1 103
1 106
1 108
1 109
1 111
1 114
1 116
1 117
1 119
1 122
1 124
1 125
1 127
1 130
1 132
1 133
1 135
1 138
1 140
1 141
1 143
1 146
1 148
1 149
1 151
1 154
1 156
1 157
1 159
1 162
1 164
1 165
1 167
1 170
1 172
1 173
1 175
1 178
1 180
1 181
1 183
1 186
1 188
1 189
1 1
1 3
1 6
1 8
1 9
1 11
1 14
1 16
1 17
1 19
1 22
1 24
1 25
1 27
1 30
1 32
1 33
1 35
1 38
1 40
1 41
1 43
1 46
1 48
1 49
1 51
1 54
1 56
1 57
1 59
1 62
1 64
1 65
1 67
1 70
1 72
1 73
1 75
1 78
1 80
1 81
1 83
1 86
1 88
1 89
1 91
1 94
1 96
1 97
1 99
1 102
1 104
1 105
1 107
1 110
1 112
1 113
1 115
1 118
1 120
1 121
1 123
1 126
1 128
1 129
1 131
1 134
1 136
1 137
1 139
1 142
1 144
1 145
1 147
1 150
1 152
1 153
1 155
1 158
1 160
1 161
1 163
1 166
1 168
1 169
1 171
1 174
1 176
1 177
1 179
1 182
1 184
1 185
1 187
1 190
1 2
1 4
1 5
1 7
1 10
1 12
1 13
1 15
1 18
1 20
1 21
1 23
1 26
1 28
1 29
1 31
1 34
1 36
1 37
1 39
1 42
1 44
1 45
1 47
1 50
1 52
1 53
1 55
1 58
1 60
1 61
1 63
1 66
1 68
1 69
1 71
1 74
1 76
1 77
1 79
1 82
1 84
1 85
1 87
1 90
1 92
1 93
1 95
1 98
1 100
1 101
1 103
1 106
1 108
1 109
1 111
1 114
1 116
1 117
1 119
1 122
1 124
1 125
1 127
1 130
1 132
1 133
1 135
1 138
1 140
1 141
1 143
1 146
1 148
1 149
1 151
1 154
1 156
1 157
1 159
1 162
1 164
1 165
1 167
1 170
1 172
1 173
1 175
1 178
1 180
1 181
1 183
1 186
1 188
1 189
1 191
1 1
1 3
1 6
1 8
1 9
1 11
1 14
1 16
1 17
1 19
1 22
1 24
1 25
1 27
1 30
1 32
1 33
1 35
1 38
1 40
1 41
1 43
1 46
1 48
1 49
1 51
1 54
1 56
1 57
1 59
1 62
1 64
1 65
1 67
1 70
1 72
1 73
1 75
1 78
1 80
1 81
1 83
1 86
1 88
1 89
1 91
1 94
1 96
1 97
1 99
1 102
1 104
1 105
1 107
1 110
1 112
1 113
1 115
1 118
1 120
1 121
1 123
1 126
1 128
1 129
1 131
1 134
1 136
1 137
1 139
1 142
1 144
1 145
1 147
1 150
1 152
1 153
1 155
1 158
1 160
1 161
1 163
1 166
1 168
1 169
1 171
1 174
1 176
1 177
1 179
1 182
1 184
1 185
1 187
1 190
1 192
1 193
1 2
1 4
1 5
1 7
1 10
1 12
1 13
1 15
1 18
1 20
1 21
1 23
1 26
1 28
1 29
1 31
1 34
1 36
1 37
1 39
1 42
1 44
1 45
1 47
1 50
1 52
1 53
1 55
1 58
1 60
1 61
1 63
1 66
1 68
1 69
1 71
1 74
1 76
1 77
1 79
1 82
1 84
1 85
1 87
1 90
1 92
1 93
1 95
1 98
1 100
1 101
1 103
1 106
1 108
1 109
1 111
1 114
1 116
1 117
1 119
1 122
1 124
1 125
1 127
1 130
1 132
1 133
1 135
1 138
1 140
1 141
1 143
1 146
1 148
1 149
1 151
1 154
1 156
1 157
1 159
1 162
1 164
1 165
1 167
1 170
1 172
1 173
1 175
1 178
1 180
1 181
1 183
1 186
1 188
1 189
1 191
1 194
1 1
1 3
1 6
1 8
1 9
1 11
1 14
1 16
1 17
1 19
1 22
1 24
1 25
1 27
1 30
1 32
1 33
1 35
1 38
1 40
1 41
1 43
1 46
1 48
1 49
1 51
1 54
1 56
1 57
1 59
1 62
1 64
1 65
1 67
1 70
1 72
1 73
1 75
1 78
1 80
1 81
1 83
1 86
1 88
1 89
1 91
1 94
1 96
1 97
1 99
1 102
1 104
1 105
1 107
1 110
1 112
1 113
1 115
1 118
1 120
1 121
1 123
1 126
1 128
1 129
1 131
1 134
1 136
1 137
1 139
1 142
1 144
1 145
1 147
1 150
1 152
1 153
1 155
1 158
1 160
1 161
1 163
1 166
1 168
1 169
1 171
1 174
1 176
1 177
1 179
1 182
1 184
1 185
1 187
1 190
1 192
1 193
1 195
1 2
1 4
1 5
1 7
1 10
1 12
1 13
1 15
1 18
1 20
1 21
1 23
1 26
1 28
1 29
1 31
1 34
1 36
1 37
1 39
1 42
1 44
1 45
1 47
1 50
1 52
1 53
1 55
1 58
1 60
1 61
1 63
1 66
1 68
1 69
1 71
1 74
1 76
1 77
1 79
1 82
1 84
1 85
1 87
1 90
1 92
1 93
1 95
1 98
1 100
1 101
1 103
1 106
1 108
1 109
1 111
1 114
1 116
1 117
1 119
1 122
1 124
1 125
1 127
1 130
1 132
1 133
1 135
1 138
1 140
1 141
1 143
1 146
1 148
1 149
1 151
1 154
1 156
1 157
1 159
1 162
1 164
1 165
1 167
1 170
1 172
1 173
1 175
1 178
1 180
1 181
1 183
1 186
1 188
1 189
1 191
1 194
1 196
1 197
1 1
1 3
1 6
1 8
1 9
1 11
1 14
1 16
1 17
1 19
1 22
1 24
1 25
1 27
1 30
1 32
1 33
1 35
1 38
1 40
1 41
1 43
1 46
1 48
1 49
1 51
1 54
1 56
1 57
1 59
1 62
1 64
1 65
1 67
1 70
1 72
1 73
1 75
1 78
1 80
1 81
1 83
1 86
1 88
1 89
1 91
1 94
1 96
1 97
1 99
1 102
1 104
1 105
1 107
1 110
1 112
1 113
1 115
1 118
1 120
1 121
1 123
1 126
1 128
1 129
1 131
1 134
1 136
1 137
1 139
1 142
1 144
1 145
1 147
1 150
1 152
1 153
1 155
1 158
1 160
1 161
1 163
1 166
1 168
1 169
1 171
1 174
1 176
1 177
1 179
1 182
1 184
1 185
1 187
1 190
1 192
1 193
1 195
1 198
17 1
17 3
16 5
16 7
17 9
17 11
16 13
16 15
17 17
17 19
16 21
16 23
17 25
17 27
16 29
16 31
17 33
17 35
16 37
16 39
17 41
17 43
16 45
16 47
17 49
17 51
16 53
16 55
17 57
17 59
16 61
16 63
17 65
17 67
16 69
16 71
17 73
17 75
16 77
16 79
17 81
17 83
16 85
16 87
17 89
17 91
16 93
16 95
17 97
17 99
16 101
16 103
17 105
17 107
16 109
16 111
17 113
17 115
16 117
16 119
17 121
17 123
16 125
16 127
17 129
17 131
16 133
16 135
17 137
17 139
16 141
16 143
17 145
17 147
16 149
16 151
17 153
17 155
16 157
16 159
17 161
17 163
16 165
16 167
17 169
17 171
16 173
16 175
17 177
17 179
16 181
16 183
17 185
17 187
16 189
16 191
17 193
17 195
16 197
16 199
