1 1
1 3
1 5
1 11
1 18
1 20
1 21
1 25
1 27
1 28
1 36
1 45
1 50
1 58
1 64
1 67
1 69
1 74
1 76
1 78
1 85
1 86
1 88
1 89
1 93
1 96
1 105
1 106
1 109
1 110
1 114
1 116
1 119
1 122
1 124
1 125
1 127
1 128
1 143
1 150
1 157
1 160
1 171
1 173
1 179
1 201
1 208
1 218
1 220
1 224
1 229
1 233
1 236
1 245
1 10
1 16
1 22
1 24
1 26
1 32
1 38
1 43
1 46
1 55
1 61
1 65
1 70
1 72
1 87
1 90
1 97
1 98
1 99
1 101
1 104
1 123
1 133
1 139
1 145
1 170
1 172
1 174
1 175
1 180
1 181
1 182
1 184
1 190
1 203
1 211
1 212
1 213
1 214
1 217
1 227
1 239
1 1
1 3
1 4
1 5
1 11
1 18
1 20
1 21
1 25
1 27
1 28
1 33
1 34
1 35
1 36
1 37
1 39
1 40
1 42
1 45
1 47
1 49
1 50
1 52
1 54
1 58
1 60
1 64
1 67
1 68
1 69
1 71
1 73
1 74
1 76
1 78
1 81
1 84
1 85
1 86
1 88
1 89
1 93
1 95
1 96
1 100
1 105
1 106
1 109
1 110
1 114
1 116
1 117
1 119
1 120
1 122
1 124
1 125
1 127
1 128
1 129
1 138
1 141
1 143
1 148
1 149
1 150
1 152
1 153
1 154
1 157
1 159
1 160
1 163
1 164
1 165
1 166
1 168
1 171
1 173
1 176
1 179
1 183
1 193
1 197
1 200
1 201
1 202
1 205
1 207
1 208
1 209
1 216
1 218
1 220
1 221
1 222
1 224
1 229
1 230
1 232
1 233
1 236
1 237
1 240
1 241
1 245
17 5
17 7
17 9
17 11
3 13
3 16
17 21
17 23
16 26
12 25
17 28
19 28
1 31
1 32
1 30
1 33
3 31
1 34
1 35
1 36
1 37
1 37
1 38
1 41
1 39
1 40
1 38
1 41
1 39
1 40
16 38
12 37
17 40
19 40
1 43
1 42
1 44
1 45
1 43
1 42
1 44
1 45
1 43
1 42
1 44
1 45
1 43
3 41
3 44
1 46
1 47
1 48
1 49
1 46
1 47
1 48
1 49
1 46
1 47
1 48
1 49
1 46
3 47
1 51
1 50
1 52
1 53
1 51
1 50
1 52
1 53
1 51
1 50
1 52
1 53
1 51
3 49
3 52
1 55
1 56
1 57
1 54
1 55
1 56
1 57
1 54
1 55
1 56
1 57
1 54
1 55
1 56
1 57
15 55
17 53
1 59
1 61
1 58
1 60
1 59
1 61
1 58
1 60
1 59
1 61
1 58
1 60
1 59
1 61
1 58
1 60
1 59
3 57
17 60
19 60
1 63
1 65
1 62
1 64
1 63
1 65
1 62
1 64
1 63
1 65
1 62
1 64
1 63
1 65
1 62
1 64
1 63
1 65
1 62
1 64
1 63
3 61
17 64
19 64
1 66
1 67
1 68
1 69
1 66
1 67
1 68
1 69
1 66
1 67
1 68
1 69
1 66
1 67
1 68
1 69
1 66
1 67
1 68
1 69
1 66
1 67
1 68
1 69
15 67
17 65
1 70
1 72
1 71
1 73
1 70
1 72
1 71
1 73
1 70
1 72
1 71
1 73
1 70
1 72
1 71
1 73
1 70
1 72
1 71
1 73
1 70
1 72
1 71
1 73
1 70
1 72
1 71
3 69
17 72
19 72
1 77
1 74
1 75
1 76
1 77
1 74
1 75
1 76
1 77
1 74
1 75
1 76
1 77
1 74
1 75
1 76
1 77
1 74
1 75
1 76
1 77
1 74
1 75
1 76
1 77
1 74
1 75
1 76
1 77
3 75
15 75
17 73
1 78
1 79
1 80
1 81
1 78
1 79
1 80
1 81
1 78
1 79
1 80
1 81
1 78
1 79
1 80
1 81
1 78
1 79
1 80
1 81
1 78
1 79
1 80
1 81
1 78
1 79
1 80
1 81
1 78
1 79
1 80
1 81
1 81
1 82
1 83
1 84
1 85
1 82
1 83
1 84
1 85
1 82
1 83
1 84
1 85
1 82
1 83
1 84
1 85
1 82
1 83
1 84
1 85
1 82
1 83
1 84
1 85
1 82
1 83
1 84
1 85
1 82
1 83
1 84
1 85
1 82
1 83
1 84
1 85
1 85
1 87
1 86
1 88
1 89
1 87
1 86
1 88
1 89
1 87
1 86
1 88
1 89
1 87
1 86
1 88
1 89
1 87
1 86
1 88
1 89
1 87
1 86
1 88
1 89
1 87
1 86
1 88
1 89
1 87
1 86
1 88
1 89
1 87
1 86
1 88
1 89
1 87
1 86
1 88
1 89
1 87
3 85
3 88
1 90
1 91
1 92
1 93
1 90
1 91
1 92
1 93
1 90
1 91
1 92
1 93
1 90
1 91
1 92
1 93
1 90
1 91
1 92
1 93
1 90
1 91
1 92
1 93
1 90
1 91
1 92
1 93
1 90
1 91
1 92
1 93
1 90
1 91
1 92
1 93
1 90
1 91
1 92
1 93
1 90
1 91
1 92
1 93
1 97
1 94
1 95
1 96
1 97
1 94
1 95
1 96
1 97
1 94
1 95
1 96
1 97
1 94
1 95
1 96
1 97
1 94
1 95
1 96
1 97
1 94
1 95
1 96
1 97
1 94
1 95
1 96
1 97
1 94
1 95
1 96
1 97
1 94
1 95
1 96
1 97
1 94
1 95
1 96
1 97
1 94
1 95
1 96
1 97
1 98
1 99
1 101
1 100
1 98
1 99
1 101
1 100
1 98
1 99
1 101
1 100
1 98
1 99
1 101
1 100
1 98
1 99
1 101
1 100
1 98
1 99
1 101
1 100
1 98
1 99
1 101
1 100
1 98
1 99
1 101
1 100
1 98
1 99
1 101
1 100
1 98
1 99
1 101
1 100
1 98
1 99
1 101
1 100
1 98
1 99
1 101
3 97
16 100
12 99
1 102
1 104
1 103
1 105
1 102
1 104
1 103
1 105
1 102
1 104
1 103
1 105
1 102
1 104
1 103
1 105
1 102
1 104
1 103
1 105
1 102
1 104
1 103
1 105
1 102
1 104
1 103
1 105
1 102
1 104
1 103
1 105
1 102
1 104
1 103
1 105
1 102
1 104
1 103
1 105
1 102
1 104
1 103
1 105
1 102
1 104
1 103
1 105
17 101
17 103
1 107
1 106
1 108
1 109
1 107
1 106
1 108
1 109
1 107
1 106
1 108
1 109
1 107
1 106
1 108
1 109
1 107
1 106
1 108
1 109
1 107
1 106
1 108
1 109
1 107
1 106
1 108
1 109
1 107
1 106
1 108
1 109
1 107
1 106
1 108
1 109
1 107
1 106
1 108
1 109
1 107
1 106
1 108
1 109
1 107
1 106
1 108
1 109
1 107
3 105
3 108
1 112
1 110
1 111
1 113
1 112
1 110
1 111
1 113
1 112
1 110
1 111
1 113
1 112
1 110
1 111
1 113
1 112
1 110
1 111
1 113
1 112
1 110
1 111
1 113
1 112
1 110
1 111
1 113
1 112
1 110
1 111
1 113
1 112
1 110
1 111
1 113
1 112
1 110
1 111
1 113
1 112
1 110
1 111
1 113
1 112
1 110
1 111
1 113
1 112
3 110
1 114
1 115
1 116
1 117
1 114
1 115
1 116
1 117
1 114
1 115
1 116
1 117
1 114
1 115
1 116
1 117
1 114
1 115
1 116
1 117
1 114
1 115
1 116
1 117
1 114
1 115
1 116
1 117
1 114
1 115
1 116
1 117
1 114
1 115
1 116
1 117
1 114
1 115
1 116
1 117
1 114
1 115
1 116
1 117
1 114
1 115
1 116
1 117
1 117
1 118
1 119
1 120
1 121
1 118
1 119
1 120
1 121
1 118
1 119
1 120
1 121
1 118
1 119
1 120
1 121
1 118
1 119
1 120
1 121
1 118
1 119
1 120
1 121
1 118
1 119
1 120
1 121
1 118
1 119
1 120
1 121
1 118
1 119
1 120
1 121
1 118
1 119
1 120
1 121
1 118
1 119
1 120
1 121
1 118
1 119
1 120
1 121
1 118
1 119
1 120
1 121
15 119
17 117
1 123
1 122
1 124
1 125
1 123
1 122
1 124
1 125
1 123
1 122
1 124
1 125
1 123
1 122
1 124
1 125
1 123
1 122
1 124
1 125
1 123
1 122
1 124
1 125
1 123
1 122
1 124
1 125
1 123
1 122
1 124
1 125
1 123
1 122
1 124
1 125
1 123
1 122
1 124
1 125
1 123
1 122
1 124
1 125
1 123
1 122
1 124
1 125
1 123
1 122
1 124
1 125
1 123
17 121
17 123
1 126
1 127
1 128
1 129
1 126
1 127
1 128
1 129
1 126
1 127
1 128
1 129
1 126
1 127
1 128
1 129
1 126
1 127
1 128
1 129
1 126
1 127
1 128
1 129
1 126
1 127
1 128
1 129
1 126
1 127
1 128
1 129
1 126
1 127
1 128
1 129
1 126
1 127
1 128
1 129
1 126
1 127
1 128
1 129
1 126
1 127
1 128
1 129
1 126
1 127
1 128
1 129
1 129
1 130
1 131
1 133
1 132
1 130
1 131
1 133
1 132
1 130
1 131
1 133
1 132
1 130
1 131
1 133
1 132
1 130
1 131
1 133
1 132
1 130
1 131
1 133
1 132
1 130
1 131
1 133
1 132
1 130
1 131
1 133
1 132
1 130
1 131
1 133
1 132
1 130
1 131
1 133
1 132
1 130
1 131
1 133
1 132
1 130
1 131
1 133
1 132
1 130
1 131
1 133
1 132
1 130
1 131
1 133
1 132
3 130
1 134
1 135
1 136
1 137
1 134
1 135
1 136
1 137
1 134
1 135
1 136
1 137
1 134
1 135
1 136
1 137
1 134
1 135
1 136
1 137
1 134
1 135
1 136
1 137
1 134
1 135
1 136
1 137
1 134
1 135
1 136
1 137
1 134
1 135
1 136
1 137
1 134
1 135
1 136
1 137
1 134
1 135
1 136
1 137
1 134
1 135
1 136
1 137
1 134
1 135
1 136
1 137
1 134
3 135
1 139
1 138
1 140
1 141
1 139
1 138
1 140
1 141
1 139
1 138
1 140
1 141
1 139
1 138
1 140
1 141
1 139
1 138
1 140
1 141
1 139
1 138
1 140
1 141
1 139
1 138
1 140
1 141
1 139
1 138
1 140
1 141
1 139
1 138
1 140
1 141
1 139
1 138
1 140
1 141
1 139
1 138
1 140
1 141
1 139
1 138
1 140
1 141
1 139
1 138
1 140
1 141
1 139
3 137
3 140
1 142
1 145
1 143
1 144
1 142
1 145
1 143
1 144
1 142
1 145
1 143
1 144
1 142
1 145
1 143
1 144
1 142
1 145
1 143
1 144
1 142
1 145
1 143
1 144
1 142
1 145
1 143
1 144
1 142
1 145
1 143
1 144
1 142
1 145
1 143
1 144
1 142
1 145
1 143
1 144
1 142
1 145
1 143
1 144
1 142
1 145
1 143
1 144
1 142
1 145
1 143
1 144
1 142
1 145
3 143
1 147
1 146
1 148
1 149
1 147
1 146
1 148
1 149
1 147
1 146
1 148
1 149
1 147
1 146
1 148
1 149
1 147
1 146
1 148
1 149
1 147
1 146
1 148
1 149
1 147
1 146
1 148
1 149
1 147
1 146
1 148
1 149
1 147
1 146
1 148
1 149
1 147
1 146
1 148
1 149
1 147
1 146
1 148
1 149
1 147
1 146
1 148
1 149
1 147
1 146
1 148
1 149
1 147
17 145
17 147
1 151
1 150
1 152
1 153
1 151
1 150
1 152
1 153
1 151
1 150
1 152
1 153
1 151
1 150
1 152
1 153
1 151
1 150
1 152
1 153
1 151
1 150
1 152
1 153
1 151
1 150
1 152
1 153
1 151
1 150
1 152
1 153
1 151
1 150
1 152
1 153
1 151
1 150
1 152
1 153
1 151
1 150
1 152
1 153
1 151
1 150
1 152
1 153
1 151
1 150
1 152
1 153
1 151
3 149
3 152
1 154
1 155
1 156
1 157
1 154
1 155
1 156
1 157
1 154
1 155
1 156
1 157
1 154
1 155
1 156
1 157
1 154
1 155
1 156
1 157
1 154
1 155
1 156
1 157
1 154
1 155
1 156
1 157
1 154
1 155
1 156
1 157
1 154
1 155
1 156
1 157
1 154
1 155
1 156
1 157
1 154
1 155
1 156
1 157
1 154
1 155
1 156
1 157
1 154
1 155
1 156
1 157
2 154
2 154
1 161
1 158
1 159
1 160
1 161
1 158
1 159
1 160
1 161
1 158
1 159
1 160
1 161
1 158
1 159
1 160
1 161
1 158
1 159
1 160
1 161
1 158
1 159
1 160
1 161
1 158
1 159
1 160
1 161
1 158
1 159
1 160
1 161
1 158
1 159
1 160
1 161
1 158
1 159
1 160
1 161
1 158
1 159
1 160
1 161
1 158
1 159
1 160
1 161
1 158
1 159
1 160
1 161
3 159
15 159
17 157
1 162
1 163
1 164
1 165
1 162
1 163
1 164
1 165
1 162
1 163
1 164
1 165
1 162
1 163
1 164
1 165
1 162
1 163
1 164
1 165
1 162
1 163
1 164
1 165
1 162
1 163
1 164
1 165
1 162
1 163
1 164
1 165
1 162
1 163
1 164
1 165
1 162
1 163
1 164
1 165
1 162
1 163
1 164
1 165
1 162
1 163
1 164
1 165
1 162
1 163
1 164
1 165
1 162
1 163
1 164
1 165
15 163
17 161
1 167
1 166
1 168
1 169
1 167
1 166
1 168
1 169
1 167
1 166
1 168
1 169
1 167
1 166
1 168
1 169
1 167
1 166
1 168
1 169
1 167
1 166
1 168
1 169
1 167
1 166
1 168
1 169
1 167
1 166
1 168
1 169
1 167
1 166
1 168
1 169
1 167
1 166
1 168
1 169
1 167
1 166
1 168
1 169
1 167
1 166
1 168
1 169
1 167
1 166
1 168
1 169
1 167
1 166
1 168
1 169
1 167
17 165
17 167
1 170
1 172
1 171
1 173
1 170
1 172
1 171
1 173
1 170
1 172
1 171
1 173
1 170
1 172
1 171
1 173
1 170
1 172
1 171
1 173
1 170
1 172
1 171
1 173
1 170
1 172
1 171
1 173
1 170
1 172
1 171
1 173
1 170
1 172
1 171
1 173
1 170
1 172
1 171
1 173
1 170
1 172
1 171
1 173
1 170
1 172
1 171
1 173
1 170
1 172
1 171
1 173
1 170
1 172
1 171
1 173
17 169
17 171
1 174
1 175
1 177
1 176
1 174
1 175
1 177
1 176
1 174
1 175
1 177
1 176
1 174
1 175
1 177
1 176
1 174
1 175
1 177
1 176
1 174
1 175
1 177
1 176
1 174
1 175
1 177
1 176
1 174
1 175
1 177
1 176
1 174
1 175
1 177
1 176
1 174
1 175
1 177
1 176
1 174
1 175
1 177
1 176
1 174
1 175
1 177
1 176
1 174
1 175
1 177
1 176
1 174
1 175
1 177
1 176
3 174
1 180
1 181
1 178
1 179
1 180
1 181
1 178
1 179
1 180
1 181
1 178
1 179
1 180
1 181
1 178
1 179
1 180
1 181
1 178
1 179
1 180
1 181
1 178
1 179
1 180
1 181
1 178
1 179
1 180
1 181
1 178
1 179
1 180
1 181
1 178
1 179
1 180
1 181
1 178
1 179
1 180
1 181
1 178
1 179
1 180
1 181
1 178
1 179
1 180
1 181
1 178
1 179
1 180
1 181
3 178
1 182
1 184
1 183
1 185
1 182
1 184
1 183
1 185
1 182
1 184
1 183
1 185
1 182
1 184
1 183
1 185
1 182
1 184
1 183
1 185
1 182
1 184
1 183
1 185
1 182
1 184
1 183
1 185
1 182
1 184
1 183
1 185
1 182
1 184
1 183
1 185
1 182
1 184
1 183
1 185
1 182
1 184
1 183
1 185
1 182
1 184
1 183
1 185
1 182
1 184
1 183
1 185
1 182
1 184
1 183
3 181
17 184
19 184
1 186
1 188
1 187
1 189
1 186
1 188
1 187
1 189
1 186
1 188
1 187
1 189
1 186
1 188
1 187
1 189
1 186
1 188
1 187
1 189
1 186
1 188
1 187
1 189
1 186
1 188
1 187
1 189
1 186
1 188
1 187
1 189
1 186
1 188
1 187
1 189
1 186
1 188
1 187
1 189
1 186
1 188
1 187
1 189
1 186
1 188
1 187
1 189
1 186
1 188
1 187
1 189
1 186
1 188
1 187
1 189
1 186
1 188
1 187
3 185
17 188
19 188
1 190
1 191
1 192
1 193
1 190
1 191
1 192
1 193
1 190
1 191
1 192
1 193
1 190
1 191
1 192
1 193
1 190
1 191
1 192
1 193
1 190
1 191
1 192
1 193
1 190
1 191
1 192
1 193
1 190
1 191
1 192
1 193
1 190
1 191
1 192
1 193
1 190
1 191
1 192
1 193
1 190
1 191
1 192
1 193
1 190
1 191
1 192
1 193
1 190
1 191
1 192
1 193
1 190
1 191
1 192
1 193
1 190
1 191
1 192
1 193
1 190
1 191
3 192
1 194
1 196
1 195
1 197
1 194
1 196
1 195
1 197
1 194
1 196
1 195
1 197
1 194
1 196
1 195
1 197
1 194
1 196
1 195
1 197
1 194
1 196
1 195
1 197
1 194
1 196
1 195
1 197
1 194
1 196
1 195
1 197
1 194
1 196
1 195
1 197
1 194
1 196
1 195
1 197
1 194
1 196
1 195
1 197
1 194
1 196
1 195
1 197
1 194
1 196
1 195
1 197
1 194
1 196
1 195
1 197
1 194
1 196
1 195
1 197
1 194
1 196
1 195
3 193
17 196
19 196
1 199
1 198
1 200
1 201
1 199
1 198
1 200
1 201
1 199
1 198
1 200
1 201
1 199
1 198
1 200
1 201
1 199
1 198
1 200
1 201
1 199
1 198
1 200
1 201
1 199
1 198
1 200
1 201
1 199
1 198
1 200
1 201
1 199
1 198
1 200
1 201
1 199
1 198
1 200
1 201
1 199
1 198
1 200
1 201
1 199
1 198
1 200
1 201
1 199
1 198
1 200
1 201
1 199
1 198
1 200
1 201
1 199
1 198
1 200
1 201
1 199
1 198
1 200
1 201
1 199
17 197
17 199
1 203
1 202
1 204
1 205
1 203
1 202
1 204
1 205
1 203
1 202
1 204
1 205
1 203
1 202
1 204
1 205
1 203
1 202
1 204
1 205
1 203
1 202
1 204
1 205
1 203
1 202
1 204
1 205
1 203
1 202
1 204
1 205
1 203
1 202
1 204
1 205
1 203
1 202
1 204
1 205
1 203
1 202
1 204
1 205
1 203
1 202
1 204
1 205
1 203
1 202
1 204
1 205
1 203
1 202
1 204
1 205
1 203
1 202
1 204
1 205
1 203
1 202
1 204
1 205
1 203
3 201
3 204
1 206
1 207
1 208
1 209
1 206
1 207
1 208
1 209
1 206
1 207
1 208
1 209
1 206
1 207
1 208
1 209
1 206
1 207
1 208
1 209
1 206
1 207
1 208
1 209
1 206
1 207
1 208
1 209
1 206
1 207
1 208
1 209
1 206
1 207
1 208
1 209
1 206
1 207
1 208
1 209
1 206
1 207
1 208
1 209
1 206
1 207
1 208
1 209
1 206
1 207
1 208
1 209
1 206
1 207
1 208
1 209
1 206
1 207
1 208
1 209
1 206
1 207
1 208
1 209
1 206
3 207
1 211
1 212
1 213
1 210
1 211
1 212
1 213
1 210
1 211
1 212
1 213
1 210
1 211
1 212
1 213
1 210
1 211
1 212
1 213
1 210
1 211
1 212
1 213
1 210
1 211
1 212
1 213
1 210
1 211
1 212
1 213
1 210
1 211
1 212
1 213
1 210
1 211
1 212
1 213
1 210
1 211
1 212
1 213
1 210
1 211
1 212
1 213
1 210
1 211
1 212
1 213
1 210
1 211
1 212
1 213
1 210
1 211
1 212
1 213
1 210
1 211
1 212
1 213
1 210
3 211
1 214
1 215
1 217
1 216
1 214
1 215
1 217
1 216
1 214
1 215
1 217
1 216
1 214
1 215
1 217
1 216
1 214
1 215
1 217
1 216
1 214
1 215
1 217
1 216
1 214
1 215
1 217
1 216
1 214
1 215
1 217
1 216
1 214
1 215
1 217
1 216
1 214
1 215
1 217
1 216
1 214
1 215
1 217
1 216
1 214
1 215
1 217
1 216
1 214
1 215
1 217
1 216
1 214
1 215
1 217
1 216
1 214
1 215
1 217
1 216
1 214
1 215
1 217
3 213
16 216
12 215
1 218
1 219
1 220
1 221
1 218
1 219
1 220
1 221
1 218
1 219
1 220
1 221
1 218
1 219
1 220
1 221
1 218
1 219
1 220
1 221
1 218
1 219
1 220
1 221
1 218
1 219
1 220
1 221
1 218
1 219
1 220
1 221
1 218
1 219
1 220
1 221
1 218
1 219
1 220
1 221
1 218
1 219
1 220
1 221
1 218
1 219
1 220
1 221
1 218
1 219
1 220
1 221
1 218
1 219
1 220
1 221
1 218
1 219
1 220
1 221
1 218
1 219
1 220
1 221
1 221
1 223
1 225
1 222
1 224
1 223
1 225
1 222
1 224
1 223
1 225
1 222
1 224
1 223
1 225
1 222
1 224
1 223
1 225
1 222
1 224
1 223
1 225
1 222
1 224
1 223
1 225
1 222
1 224
1 223
1 225
1 222
1 224
1 223
1 225
1 222
1 224
1 223
1 225
1 222
1 224
1 223
1 225
1 222
1 224
1 223
1 225
1 222
1 224
1 223
1 225
1 222
1 224
1 223
1 225
1 222
1 224
1 223
1 225
1 222
1 224
1 223
1 225
1 222
1 224
1 223
1 225
1 222
1 224
1 223
3 221
17 224
19 224
1 227
1 228
1 226
1 229
1 227
1 228
1 226
1 229
1 227
1 228
1 226
1 229
1 227
1 228
1 226
1 229
1 227
1 228
1 226
1 229
1 227
1 228
1 226
1 229
1 227
1 228
1 226
1 229
1 227
1 228
1 226
1 229
1 227
1 228
1 226
1 229
1 227
1 228
1 226
1 229
1 227
1 228
1 226
1 229
1 227
1 228
1 226
1 229
1 227
1 228
1 226
1 229
1 227
1 228
1 226
1 229
1 227
1 228
1 226
1 229
1 227
1 228
1 226
1 229
1 227
1 228
1 226
1 229
1 227
1 228
1 226
1 229
3 227
1 231
1 230
1 232
1 233
1 231
1 230
1 232
1 233
1 231
1 230
1 232
1 233
1 231
1 230
1 232
1 233
1 231
1 230
1 232
1 233
1 231
1 230
1 232
1 233
1 231
1 230
1 232
1 233
1 231
1 230
1 232
1 233
1 231
1 230
1 232
1 233
1 231
1 230
1 232
1 233
1 231
1 230
1 232
1 233
1 231
1 230
1 232
1 233
1 231
1 230
1 232
1 233
1 231
1 230
1 232
1 233
1 231
1 230
1 232
1 233
1 231
1 230
1 232
1 233
1 231
1 230
1 232
1 233
1 231
1 230
1 232
1 233
1 231
3 229
3 232
1 235
1 234
1 236
1 237
1 235
1 234
1 236
1 237
1 235
1 234
1 236
1 237
1 235
1 234
1 236
1 237
1 235
1 234
1 236
1 237
1 235
1 234
1 236
1 237
1 235
1 234
1 236
1 237
1 235
1 234
1 236
1 237
1 235
1 234
1 236
1 237
1 235
1 234
1 236
1 237
1 235
1 234
1 236
1 237
1 235
1 234
1 236
1 237
1 235
1 234
1 236
1 237
1 235
1 234
1 236
1 237
1 235
1 234
1 236
1 237
1 235
1 234
1 236
1 237
1 235
1 234
1 236
1 237
1 235
1 234
1 236
1 237
1 235
17 233
17 235
1 238
1 239
1 240
1 241
1 238
1 239
1 240
1 241
1 238
1 239
1 240
1 241
1 238
1 239
1 240
1 241
1 238
1 239
1 240
1 241
1 238
1 239
1 240
1 241
1 238
1 239
1 240
1 241
1 238
1 239
1 240
1 241
1 238
1 239
1 240
1 241
1 238
1 239
1 240
1 241
1 238
1 239
1 240
1 241
1 238
1 239
1 240
1 241
1 238
1 239
1 240
1 241
1 238
1 239
1 240
1 241
1 238
1 239
1 240
1 241
1 238
1 239
1 240
1 241
1 238
1 239
1 240
1 241
1 238
1 239
1 240
1 241
3 238
1 242
1 243
1 244
1 245
1 242
1 243
1 244
1 245
1 242
1 243
1 244
1 245
1 242
1 243
1 244
1 245
1 242
1 243
1 244
1 245
1 242
1 243
1 244
1 245
1 242
1 243
1 244
1 245
1 242
1 243
1 244
1 245
1 242
1 243
1 244
1 245
1 242
1 243
1 244
1 245
1 242
1 243
1 244
1 245
1 242
1 243
1 244
1 245
1 242
1 243
1 244
1 245
1 242
1 243
1 244
1 245
1 242
1 243
1 244
1 245
1 242
1 243
1 244
1 245
1 242
1 243
1 244
1 245
1 242
1 243
1 244
1 245
3 242
1 246
1 246
1 246
1 246
1 246
1 246
1 246
1 246
1 246
1 246
1 246
1 246
1 246
1 246
1 246
1 246
1 246
1 246
17 245
1 246
1 245
2 1
2 1
2 1
2 1
2 1
2 1
2 1
2 1
2 1
2 1
2 1
2 1
2 1
2 1
2 1
2 1
2 1
2 1
2 1
2 1
2 1
2 1
2 1
2 1
2 1
2 1
2 1
2 1
2 1
2 1
2 1
2 1
2 1
2 1
2 1
2 1
2 1
2 1
2 1
2 1
2 1
2 1
2 1
2 1
2 1
2 1
2 1
2 1
2 1
2 1
2 1
2 1
2 1
2 1
2 1
2 1
2 1
2 1
2 1
2 1
2 1
2 1
2 1
2 1
2 1
2 1
2 1
2 1
2 1
2 1
2 1
2 1
2 1
2 1
2 1
2 1
2 1
2 5
2 5
2 5
2 5
2 5
2 5
2 5
2 5
2 5
2 5
2 5
2 5
2 5
2 5
2 5
2 5
2 5
2 5
2 5
2 5
2 5
2 5
2 5
2 5
2 5
2 5
2 5
2 5
2 5
2 5
2 5
2 5
2 5
2 5
2 5
2 5
2 5
2 5
2 5
2 5
2 5
2 5
2 5
2 5
2 5
2 5
2 5
2 5
2 5
2 5
2 5
2 5
2 5
2 5
2 5
2 5
2 5
2 5
2 5
2 5
2 5
2 5
2 5
2 5
2 5
2 5
2 5
2 5
2 5
2 5
2 5
2 5
2 5
2 5
2 5
2 5
2 9
2 9
2 9
2 9
2 9
2 9
2 9
2 9
2 9
2 9
2 9
2 9
2 9
2 9
2 9
2 9
2 9
2 9
2 9
2 9
2 9
2 9
2 9
2 9
2 9
2 9
2 9
2 9
2 9
2 9
2 9
2 9
2 9
2 9
2 9
2 9
2 9
2 9
2 9
2 9
2 9
2 9
2 9
2 9
2 9
2 9
2 9
2 9
2 9
2 9
2 9
2 9
2 9
2 9
2 9
2 9
2 9
2 9
2 9
2 9
2 9
2 9
2 9
2 9
2 9
2 9
2 9
2 9
2 9
2 9
2 9
2 9
2 9
2 9
2 9
2 9
2 13
2 13
2 13
2 13
2 13
2 13
2 13
2 13
2 13
2 13
2 13
2 13
2 13
2 13
2 13
2 13
2 13
2 13
2 13
2 13
2 13
2 13
2 13
2 13
2 13
2 13
2 13
2 13
2 13
2 13
2 13
2 13
2 13
2 13
2 13
2 13
2 13
2 13
2 13
2 13
2 13
2 13
2 13
2 13
2 13
2 13
2 13
2 13
2 13
2 13
2 13
2 13
2 13
2 13
2 13
2 13
2 13
2 13
2 13
2 13
2 13
2 13
2 13
2 13
2 13
2 13
2 13
2 13
2 13
2 13
2 13
2 13
2 13
2 13
2 13
2 13
2 13
2 17
2 17
2 17
2 17
2 17
2 17
2 17
2 17
2 17
2 17
2 17
2 17
2 17
2 17
2 17
2 17
2 17
2 17
2 17
2 17
2 17
2 17
2 17
2 17
2 17
2 17
2 17
2 17
2 17
2 17
2 17
2 17
2 17
2 17
2 17
2 17
2 17
2 17
2 17
2 17
2 17
2 17
2 17
2 17
2 17
2 17
2 17
2 17
2 17
2 17
2 17
2 17
2 17
2 17
2 17
2 17
2 17
2 17
2 17
2 17
2 17
2 17
2 17
2 17
2 17
2 17
2 17
2 17
2 17
2 17
2 17
2 17
2 17
2 17
2 17
2 17
2 17
2 21
2 21
2 21
2 21
2 21
2 21
2 21
2 21
2 21
2 21
2 21
2 21
2 21
2 21
2 21
2 21
2 21
2 21
2 21
2 21
2 21
2 21
2 21
2 21
2 21
2 21
2 21
2 21
2 21
2 21
2 21
2 21
2 21
2 21
2 21
2 21
2 21
2 21
2 21
2 21
2 21
2 21
2 21
2 21
2 21
2 21
2 21
2 21
2 21
2 21
2 21
2 21
2 21
2 21
2 21
2 21
2 21
2 21
2 21
2 21
2 21
2 21
2 21
2 21
2 21
2 21
2 21
2 21
2 21
2 21
2 21
2 21
2 21
2 21
2 21
2 21
2 25
2 25
2 25
2 25
2 25
2 25
2 25
2 25
2 25
2 25
2 25
2 25
2 25
2 25
2 25
2 25
2 25
2 25
2 25
2 25
2 25
2 25
2 25
2 25
2 25
2 25
2 25
2 25
2 25
2 25
2 25
2 25
2 25
2 25
2 25
2 25
2 25
2 25
2 25
2 25
2 25
2 25
2 25
2 25
2 25
2 25
2 25
2 25
2 25
2 25
2 25
2 25
2 25
2 25
2 25
2 25
2 25
2 25
2 25
2 25
2 25
2 25
2 25
2 25
2 25
2 25
2 25
2 25
2 25
2 25
2 25
2 25
2 25
2 25
2 25
2 29
2 29
2 29
2 29
2 29
2 29
2 29
2 29
2 29
2 29
2 29
2 29
2 29
2 29
2 29
2 29
2 29
2 29
2 29
2 29
2 29
2 29
2 29
2 29
2 29
2 29
2 29
2 29
2 29
2 29
2 29
2 29
2 29
2 29
2 29
2 29
2 29
2 29
2 29
2 29
2 29
2 29
2 29
2 29
2 29
2 29
2 29
2 29
2 29
2 29
2 29
2 29
2 29
2 29
2 29
2 29
2 29
2 29
2 29
2 29
2 29
2 29
2 29
2 29
2 29
2 29
2 29
2 29
2 29
2 29
2 29
2 29
2 29
2 33
2 33
2 33
2 33
2 33
2 33
2 33
2 33
2 33
2 33
2 33
2 33
2 33
2 33
2 33
2 33
2 33
2 33
2 33
2 33
2 33
2 33
2 33
2 33
2 33
2 33
2 33
2 33
2 33
2 33
2 33
2 33
2 33
2 33
2 33
2 33
2 33
2 33
2 33
2 33
2 33
2 33
2 33
2 33
2 33
2 33
2 33
2 33
2 33
2 33
2 33
2 33
2 33
2 33
2 33
2 33
2 33
2 33
2 33
2 33
2 33
2 33
2 33
2 33
2 33
2 33
2 33
2 33
2 33
2 33
2 33
2 33
2 33
2 37
2 37
2 37
2 37
2 37
2 37
2 37
2 37
2 37
2 37
2 37
2 37
2 37
2 37
2 37
2 37
2 37
2 37
2 37
2 37
2 37
2 37
2 37
2 37
2 37
2 37
2 37
2 37
2 37
2 37
2 37
2 37
2 37
2 37
2 37
2 37
2 37
2 37
2 37
2 37
2 37
2 37
2 37
2 37
2 37
2 37
2 37
2 37
2 37
2 37
2 37
2 37
2 37
2 37
2 37
2 37
2 37
2 37
2 37
2 37
2 37
2 37
2 37
2 37
2 37
2 37
2 37
2 41
2 41
2 41
2 41
2 41
2 41
2 41
2 41
2 41
2 41
2 41
2 41
2 41
2 41
2 41
2 41
2 41
2 41
2 41
2 41
2 41
2 41
2 41
2 41
2 41
2 41
2 41
2 41
2 41
2 41
2 41
2 41
2 41
2 41
2 41
2 41
2 41
2 41
2 41
2 41
2 41
2 41
2 41
2 41
2 41
2 41
2 41
2 41
2 41
2 41
2 41
2 41
2 41
2 41
2 41
2 41
2 41
2 41
2 41
2 41
2 41
2 41
2 41
2 45
2 45
2 45
2 45
2 45
2 45
2 45
2 45
2 45
2 45
2 45
2 45
2 45
2 45
2 45
2 45
2 45
2 45
2 45
2 45
2 45
2 45
2 45
2 45
2 45
2 45
2 45
2 45
2 45
2 45
2 45
2 45
2 45
2 45
2 45
2 45
2 45
2 45
2 45
2 45
2 45
2 45
2 45
2 45
2 45
2 45
2 45
2 45
2 45
2 45
2 45
2 45
2 45
2 45
2 45
2 45
2 45
2 45
2 45
2 45
2 45
2 45
2 45
2 49
2 49
2 49
2 49
2 49
2 49
2 49
2 49
2 49
2 49
2 49
2 49
2 49
2 49
2 49
2 49
2 49
2 49
2 49
2 49
2 49
2 49
2 49
2 49
2 49
2 49
2 49
2 49
2 49
2 49
2 49
2 49
2 49
2 49
2 49
2 49
2 49
2 49
2 49
2 49
2 49
2 49
2 49
2 49
2 49
2 49
2 49
2 49
2 49
2 49
2 49
2 49
2 49
2 49
2 49
2 49
2 49
2 49
2 49
2 49
2 49
2 49
2 49
2 53
2 53
2 53
2 53
2 53
2 53
2 53
2 53
2 53
2 53
2 53
2 53
2 53
2 53
2 53
2 53
2 53
2 53
2 53
2 53
2 53
2 53
2 53
2 53
2 53
2 53
2 53
2 53
2 53
2 53
2 53
2 53
2 53
2 53
2 53
2 53
2 53
2 53
2 53
2 53
2 53
2 53
2 53
2 53
2 53
2 53
2 53
2 53
2 53
2 53
2 53
2 53
2 53
2 53
2 53
2 53
2 53
2 53
2 53
2 53
2 53
2 53
2 57
2 57
2 57
2 57
2 57
2 57
2 57
2 57
2 57
2 57
2 57
2 57
2 57
2 57
2 57
2 57
2 57
2 57
2 57
2 57
2 57
2 57
2 57
2 57
2 57
2 57
2 57
2 57
2 57
2 57
2 57
2 57
2 57
2 57
2 57
2 57
2 57
2 57
2 57
2 57
2 57
2 57
2 57
2 57
2 57
2 57
2 57
2 57
2 57
2 57
2 57
2 57
2 57
2 57
2 57
2 57
2 57
2 57
2 57
2 61
2 61
2 61
2 61
2 61
2 61
2 61
2 61
2 61
2 61
2 61
2 61
2 61
2 61
2 61
2 61
2 61
2 61
2 61
2 61
2 61
2 61
2 61
2 61
2 61
2 61
2 61
2 61
2 61
2 61
2 61
2 61
2 61
2 61
2 61
2 61
2 61
2 61
2 61
2 61
2 61
2 61
2 61
2 61
2 61
2 61
2 61
2 61
2 61
2 61
2 61
2 61
2 61
2 61
2 61
2 65
2 65
2 65
2 65
2 65
2 65
2 65
2 65
2 65
2 65
2 65
2 65
2 65
2 65
2 65
2 65
2 65
2 65
2 65
2 65
2 65
2 65
2 65
2 65
2 65
2 65
2 65
2 65
2 65
2 65
2 65
2 65
2 65
2 65
2 65
2 65
2 65
2 65
2 65
2 65
2 65
2 65
2 65
2 65
2 65
2 65
2 65
2 65
2 65
2 65
2 65
2 65
2 69
2 69
2 69
2 69
2 69
2 69
2 69
2 69
2 69
2 69
2 69
2 69
2 69
2 69
2 69
2 69
2 69
2 69
2 69
2 69
2 69
2 69
2 69
2 69
2 69
2 69
2 69
2 69
2 69
2 69
2 69
2 69
2 69
2 69
2 69
2 69
2 69
2 69
2 69
2 69
2 69
2 69
2 69
2 69
2 69
2 69
2 69
2 69
2 69
2 73
2 73
2 73
2 73
2 73
2 73
2 73
2 73
2 73
2 73
2 73
2 73
2 73
2 73
2 73
2 73
2 73
2 73
2 73
2 73
2 73
2 73
2 73
2 73
2 73
2 73
2 73
2 73
2 73
2 73
2 73
2 73
2 73
2 73
2 73
2 73
2 73
2 73
2 73
2 73
2 73
2 73
2 73
2 73
2 73
2 73
2 77
2 77
2 77
2 77
2 77
2 77
2 77
2 77
2 77
2 77
2 77
2 77
2 77
2 77
2 77
2 77
2 77
2 77
2 77
2 77
2 77
2 77
2 77
2 77
2 77
2 77
2 77
2 77
2 77
2 77
2 77
2 77
2 77
2 77
2 77
2 77
2 77
2 77
2 77
2 77
2 77
2 77
2 77
2 77
2 77
2 81
2 81
2 81
2 81
2 81
2 81
2 81
2 81
2 81
2 81
2 81
2 81
2 81
2 81
2 81
2 81
2 81
2 81
2 81
2 81
2 81
2 81
2 81
2 81
2 81
2 81
2 81
2 81
2 81
2 81
2 81
2 81
2 81
2 81
2 81
2 81
2 81
2 81
2 81
2 81
2 81
2 85
2 85
2 85
2 85
2 85
2 85
2 85
2 85
2 85
2 85
2 85
2 85
2 85
2 85
2 85
2 85
2 85
2 85
2 85
2 85
2 85
2 85
2 85
2 85
2 85
2 85
2 85
2 85
2 85
2 85
2 85
2 85
2 85
2 85
2 85
2 89
2 89
2 89
2 89
2 89
2 89
2 89
2 89
2 89
2 89
2 89
2 89
2 89
2 89
2 89
2 89
2 89
2 89
2 89
2 89
2 89
2 89
2 89
2 89
2 89
2 89
2 89
2 89
2 89
2 89
2 89
2 89
2 89
2 89
2 89
2 93
2 93
2 93
2 93
2 93
2 93
2 93
2 93
2 93
2 93
2 93
2 93
2 93
2 93
2 93
2 93
2 93
2 93
2 93
2 93
2 93
2 93
2 93
2 93
2 93
2 93
2 93
2 93
2 93
2 93
2 93
2 93
2 93
2 97
2 97
2 97
2 97
2 97
2 97
2 97
2 97
2 97
2 97
2 97
2 97
2 97
2 97
2 97
2 97
2 97
2 97
2 97
2 97
2 97
2 97
2 97
2 97
2 97
2 97
2 97
2 97
2 97
2 101
2 101
2 101
2 101
2 101
2 101
2 101
2 101
2 101
2 101
2 101
2 101
2 101
2 101
2 101
2 101
2 101
2 101
2 101
2 101
2 101
2 101
2 101
2 101
2 101
2 101
2 101
2 101
2 105
2 105
2 105
2 105
2 105
2 105
2 105
2 105
2 105
2 105
2 105
2 105
2 105
2 105
2 105
2 105
2 105
2 105
2 105
2 105
2 105
2 105
2 105
2 105
2 105
2 105
2 105
2 109
2 109
2 109
2 109
2 109
2 109
2 109
2 109
2 109
2 109
2 109
2 109
2 109
2 109
2 109
2 109
2 109
2 109
2 109
2 109
2 109
2 109
2 109
2 109
2 109
2 109
2 109
2 113
2 113
2 113
2 113
2 113
2 113
2 113
2 113
2 113
2 113
2 113
2 113
2 113
2 113
2 113
2 113
2 113
2 113
2 113
2 113
2 113
2 113
2 113
2 113
2 113
2 113
2 113
2 113
2 113
2 117
2 117
2 117
2 117
2 117
2 117
2 117
2 117
2 117
2 117
2 117
2 117
2 117
2 117
2 117
2 117
2 117
2 117
2 117
2 117
2 117
2 117
2 117
2 117
2 121
2 121
2 121
2 121
2 121
2 121
2 121
2 121
2 121
2 121
2 121
2 121
2 121
2 121
2 121
2 121
2 121
2 121
2 121
2 121
2 121
2 121
2 125
2 125
2 125
2 125
2 125
2 125
2 125
2 125
2 125
2 125
2 125
2 125
2 125
2 125
2 125
2 125
2 125
2 125
2 125
2 125
2 125
2 125
2 125
2 125
2 125
2 129
2 129
2 129
2 129
2 129
2 129
2 129
2 129
2 129
2 129
2 129
2 129
2 129
2 129
2 129
2 129
2 129
2 129
2 129
2 129
2 129
2 133
2 133
2 133
2 133
2 133
2 133
2 133
2 133
2 133
2 133
2 133
2 133
2 133
2 133
2 133
2 133
2 133
2 133
2 133
2 133
2 133
2 133
2 133
2 137
2 137
2 137
2 137
2 137
2 137
2 137
2 137
2 137
2 137
2 137
2 137
2 137
2 137
2 137
2 137
2 137
2 137
2 137
2 137
2 137
2 137
2 137
2 141
2 141
2 141
2 141
2 141
2 141
2 141
2 141
2 141
2 141
2 141
2 141
2 141
2 141
2 141
2 141
2 141
2 141
2 141
2 141
2 141
2 141
2 141
2 145
2 145
2 145
2 145
2 145
2 145
2 145
2 145
2 145
2 145
2 145
2 145
2 145
2 145
2 145
2 145
2 145
2 145
2 145
2 145
2 145
2 145
2 149
2 149
2 149
2 149
2 149
2 149
2 149
2 149
2 149
2 149
2 149
2 149
2 149
2 149
2 149
2 149
2 149
2 149
2 149
2 149
2 149
2 149
2 149
2 153
2 153
2 153
2 153
2 153
2 153
2 153
2 153
2 153
2 153
2 153
2 153
2 153
2 153
2 153
2 153
2 153
2 153
2 153
2 153
2 153
2 153
2 153
2 157
2 157
2 157
2 157
2 157
2 157
2 157
2 157
2 157
2 157
2 157
2 157
2 157
2 157
2 157
2 157
2 157
2 157
2 157
2 157
2 157
2 157
2 161
2 161
2 161
2 161
2 161
2 161
2 161
2 161
2 161
2 161
2 161
2 161
2 161
2 161
2 161
2 161
2 161
2 161
2 161
2 161
2 165
2 165
2 165
2 165
2 165
2 165
2 165
2 165
2 165
2 165
2 165
2 165
2 165
2 165
2 165
2 165
2 165
2 165
2 169
2 169
2 169
2 169
2 169
2 169
2 169
2 169
2 169
2 169
2 169
2 169
2 169
2 169
2 169
2 169
2 169
2 169
2 169
2 169
2 173
2 173
2 173
2 173
2 173
2 173
2 173
2 173
2 173
2 173
2 173
2 173
2 173
2 173
2 173
2 173
2 173
2 173
2 173
2 173
2 173
2 177
2 177
2 177
2 177
2 177
2 177
2 177
2 177
2 177
2 177
2 177
2 177
2 177
2 177
2 177
2 177
2 177
2 177
2 177
2 177
2 177
2 177
2 177
2 181
2 181
2 181
2 181
2 181
2 181
2 181
2 181
2 181
2 181
2 181
2 181
2 181
2 181
2 181
2 181
2 181
2 181
2 181
2 181
2 181
2 185
2 185
2 185
2 185
2 185
2 185
2 185
2 185
2 185
2 185
2 185
2 185
2 185
2 185
2 185
2 185
2 185
2 189
2 189
2 189
2 189
2 189
2 189
2 189
2 189
2 189
2 189
2 189
2 189
2 189
2 189
2 189
2 193
2 193
2 193
2 193
2 193
2 193
2 193
2 193
2 193
2 193
2 193
2 193
2 193
2 197
2 197
2 197
2 197
2 197
2 197
2 197
2 197
2 197
2 197
2 201
2 201
2 201
2 201
2 201
2 201
2 201
2 201
2 201
2 201
2 201
2 205
2 205
2 205
2 205
2 205
2 205
2 205
2 205
2 205
2 205
2 205
2 209
2 209
2 209
2 209
2 209
2 209
2 209
2 209
2 209
2 209
2 209
2 209
2 209
2 213
2 213
2 213
2 213
2 213
2 213
2 213
2 213
2 213
2 213
2 213
2 213
2 213
2 217
2 217
2 217
2 217
2 217
2 217
2 217
2 217
2 217
2 217
2 217
2 217
2 217
2 221
2 221
2 221
2 221
2 221
2 221
2 221
2 225
2 225
2 225
2 225
2 225
2 229
2 229
2 229
2 233
2 233
2 237
2 237
2 237
2 237
2 237
2 241
2 241
2 241
2 241
2 241
