1 5
1 6
1 12
1 16
1 19
1 24
1 36
1 47
1 48
1 79
1 82
1 86
1 90
1 91
1 97
1 26
1 31
1 38
1 39
1 42
1 54
1 58
1 65
1 68
1 85
1 87
1 18
1 21
1 57
1 59
1 76
1 3
1 15
1 22
1 23
1 27
1 28
1 30
1 49
1 52
1 64
1 78
1 80
1 89
1 93
1 96
1 5
1 6
1 12
1 14
1 16
1 19
1 24
1 34
1 36
1 41
1 47
1 48
1 56
1 69
1 79
1 82
1 83
1 86
1 90
1 91
1 97
1 7
1 11
1 26
1 31
1 38
1 39
1 42
1 54
1 58
1 65
1 68
1 85
1 87
1 94
6 3
3 4
12 1
7 8
12 6
7 12
16 10
1 15
1 14
3 16
10 15
12 13
1 18
1 21
10 19
13 17
19 20
1 22
1 23
1 24
1 25
5 22
9 21
19 24
1 27
1 28
1 26
1 29
1 27
1 28
16 26
17 28
1 32
1 30
1 33
1 31
1 32
1 30
1 33
7 31
4 29
15 31
1 34
1 36
1 37
1 35
1 34
1 36
1 37
1 35
19 36
12 34
1 41
1 38
1 39
1 40
1 41
1 38
1 39
1 40
3 38
6 40
1 43
1 44
1 45
1 42
1 43
1 44
1 45
1 42
1 43
9 41
18 44
1 49
1 47
1 48
1 46
1 49
1 47
1 48
1 46
13 47
1 52
1 53
1 50
1 51
1 52
1 53
1 50
1 51
9 49
18 52
1 57
1 55
1 56
1 54
1 57
1 55
1 56
16 54
1 59
1 61
1 60
1 58
1 59
6 60
9 57
10 60
1 64
1 62
1 63
1 65
1 64
1 62
16 63
1 66
1 67
1 69
1 68
7 66
9 65
10 68
1 72
1 70
1 71
1 73
1 72
7 70
9 69
17 72
1 74
1 76
1 77
1 75
1 74
1 76
1 77
6 74
4 75
1 78
1 80
1 79
1 81
1 78
1 80
1 79
1 81
3 77
9 79
1 84
1 82
1 83
1 85
1 84
1 82
1 83
1 85
17 83
9 81
19 84
1 88
1 89
1 86
1 87
1 88
1 89
1 86
1 87
1 88
1 89
1 86
11 87
19 88
1 92
1 93
1 90
1 91
1 92
1 93
1 90
1 91
1 92
1 93
1 90
1 91
1 92
3 90
1 95
1 96
1 97
1 94
1 95
1 96
1 97
1 94
1 95
1 96
1 97
16 94
7 96
12 93
2 1
2 1
2 1
2 1
2 1
2 1
2 1
2 1
2 1
2 1
2 1
2 1
2 5
2 5
2 5
2 5
2 5
2 5
2 5
2 5
2 5
2 5
2 5
2 5
2 9
2 9
2 9
2 9
2 9
2 9
2 9
2 9
2 9
2 9
2 9
2 9
2 13
2 13
2 13
2 13
2 13
2 13
2 13
2 13
2 13
2 17
2 17
2 17
2 17
2 17
2 17
2 17
2 17
2 17
2 17
2 17
2 21
2 21
2 21
2 21
2 21
2 21
2 21
2 21
2 25
2 25
2 25
2 25
2 25
2 25
2 29
2 29
2 29
2 29
2 29
2 33
2 33
2 33
2 33
2 37
2 37
2 37
2 41
2 41
2 41
2 45
2 45
2 45
2 45
2 45
2 49
2 49
2 49
2 49
2 53
2 53
2 53
2 53
2 53
2 53
2 57
2 57
2 57
2 57
2 57
2 57
2 57
2 61
2 61
2 61
2 61
2 61
2 61
2 65
2 65
2 65
2 65
2 65
2 65
2 65
2 65
2 69
2 69
2 69
2 69
2 69
2 69
2 73
2 73
2 73
2 73
2 73
2 73
2 77
2 77
2 77
2 77
2 77
2 81
2 81
2 81
2 81
2 85
2 85
2 93
