100 113
49 19
86 17
89 34
53 69
29 83
42 73
62 68
21 23
83 100
79 23
38 10
38 80
94 51
34 92
70 74
82 16
70 58
85 8
17 76
54 30
67 31
65 70
63 73
74 98
20 42
50 7
12 34
14 5
93 53
18 53
3 4
73 27
96 42
48 75
100 6
97 29
43 57
99 33
53 67
89 19
59 72
37 47
16 12
72 62
56 100
7 48
76 44
27 86
31 1
32 37
42 40
2 67
28 99
62 81
61 71
81 28
64 31
72 37
18 43
40 27
29 78
75 85
13 54
4 50
41 97
90 25
31 88
25 38
14 94
88 29
39 56
82 9
69 31
95 3
94 87
37 81
78 100
71 97
87 52
21 38
30 59
22 81
11 20
35 94
46 96
52 18
33 91
63 45
86 84
24 63
98 12
15 53
76 3
5 51
80 65
91 46
34 13
29 56
47 28
10 65
81 60
74 16
77 10
8 14
36 60
46 20
17 95
43 26
16 55
53 66
51 52
6 25
31 97
