10000 1997
1369 6234
59 6940
2627 5688
283 2622
9931 6872
3972 3971
7676 1659
6563 2278
4132 840
6566 8174
4423 433
2285 5255
2490 9148
9827 870
8527 1593
6746 3431
1855 5412
2395 6096
8638 5628
2711 7014
8880 5280
699 1083
4109 1505
6872 292
7592 5775
3497 7775
7879 8468
2160 6947
8169 8778
5113 8476
4717 8774
1858 4905
5967 4305
704 3037
773 9948
9097 738
8665 9472
5478 2273
6458 6200
9196 1297
9850 2281
8584 5448
3610 7202
1748 9696
547 5044
8026 9432
9274 4788
7279 3899
2755 6657
2278 9861
5299 7086
1444 9293
3851 4722
289 2411
382 4170
4616 3803
5368 4471
3658 7204
3632 3013
6855 3162
7476 7763
967 6270
8571 551
1309 5928
2059 7583
9516 704
3551 3256
5907 6746
2096 8599
5350 5291
9133 9353
2161 27
5875 3536
5917 6377
203 5139
8607 6505
1858 7357
1869 2159
2849 1708
5877 7010
9898 2622
7202 5620
9494 8948
9943 5234
487 5498
1368 4384
7129 5947
7476 5310
7139 1685
4986 9097
6293 3744
7933 9619
472 2222
2447 8302
1500 8351
6415 3443
6812 9006
9620 4414
8568 5791
8621 3380
5280 8903
3211 5597
7651 185
329 4092
9771 3760
3265 9072
5618 7721
1231 6855
5457 833
3782 2647
7943 150
7651 1052
9704 8756
2403 4825
8139 5300
4783 3779
5907 2622
7806 3129
2273 4598
3756 4785
9205 9274
382 4326
6658 3698
3536 1144
2155 7871
3240 2867
3256 9722
872 8286
923 2607
1828 7213
712 759
3861 5587
1754 850
3114 203
9339 3014
872 7725
8948 7967
7287 4051
423 8191
3160 6252
27 5756
2631 3795
9696 4756
7521 5457
2608 4321
8077 5120
1924 6581
5291 5575
8440 7986
6291 4372
192 7225
7615 826
1312 5098
8566 2271
6269 6815
8223 8631
5989 8633
542 7788
8716 7231
8529 4238
4982 6455
6782 1618
2353 8075
5614 1999
2628 5989
3999 2541
7906 3457
9086 4464
9894 8397
3960 9431
4259 7519
7559 9003
1396 39
110 6200
1748 2292
2443 5361
9587 2774
7912 7353
6735 8726
2627 8952
402 7664
5410 7499
5987 9648
773 5098
1041 3013
7349 7225
9516 7872
5349 1735
2113 5531
6775 6820
9771 9124
1752 3419
5125 8366
5182 3761
3874 8809
4825 8281
9073 7305
9106 4305
1748 1810
2390 5756
5182 2639
5511 4375
2403 9649
2911 28
192 3200
7832 6118
1036 2208
604 4897
3285 4098
3129 4124
5934 5523
4729 8942
5166 2585
4961 7834
4641 2110
2222 8629
5806 7389
9930 167
6009 2963
5947 7636
9501 3803
860 7543
9500 3960
9521 7671
6833 6116
627 3035
275 8002
684 7540
4504 6362
9861 296
6903 221
2711 4098
8817 8903
5308 7469
3775 8248
560 6651
933 6072
2165 9308
6200 7478
9085 2110
9868 4333
5246 9555
6345 1775
5179 9909
1955 8731
7015 1048
8120 1083
6188 4150
3118 2148
9555 4905
9558 8000
835 9152
6934 3402
9263 1418
8346 1955
8937 7468
2295 94
9516 4504
6397 5129
7305 3600
6739 5097
6250 9074
4967 4828
1646 6737
2177 2084
5919 4866
9293 3684
5989 2962
1305 8467
4653 3096
6553 8726
7353 5106
657 3044
231 9704
9036 835
1620 6209
2709 7362
4835 6377
5900 9109
7612 599
5833 4303
3200 2596
958 7788
3639 3458
4927 7277
3152 1957
9941 7414
9238 6150
6833 1227
192 6528
5684 3742
6922 4166
2283 1289
3208 3129
4822 2273
5252 2117
7664 8976
202 3510
4175 1900
3650 8709
356 3482
5791 4222
3468 4445
5241 2711
4507 3742
603 9976
1183 6740
1289 738
835 6305
8845 1450
4861 3956
6817 4887
5730 1917
5294 7527
7042 8937
6060 1526
9148 2867
7145 1217
7799 171
5791 5036
1809 2849
3625 8165
2657 2571
6733 3972
2292 1310
8006 5349
3930 5952
1510 1493
4406 5307
9274 5519
9061 9835
198 8878
356 2886
2259 3616
83 7642
4321 9424
1767 7243
8339 4205
4564 6345
4072 3948
8574 1917
7350 8002
7735 3313
1615 5351
6293 3653
2119 7892
4989 3956
6676 2191
9759 8457
826 9830
3644 7262
6746 607
6962 3002
8165 4170
1761 7671
951 4394
9921 5635
1761 6553
3176 8275
2344 6519
2571 7619
3492 9504
710 8392
9926 4471
542 2292
4749 3340
2747 8621
2649 7026
2905 5178
2236 826
5698 9073
7095 4504
161 9055
2133 1810
7706 9722
4119 9619
1310 1518
8449 5628
5762 7406
8865 7884
740 5881
2424 5130
8638 7793
3412 197
6788 9831
9967 7564
9587 4885
7277 1160
7287 4109
2591 1586
6397 751
7213 155
436 967
9449 9188
54 5475
8951 5665
4228 1738
7575 7775
9091 4414
7109 9898
6559 7737
8006 9359
9759 9434
866 9145
3646 1685
6892 1863
5833 4082
7410 2378
835 8665
9826 8409
5125 5503
2400 6581
2856 2972
4259 9024
5370 6806
2612 5439
7010 826
7349 5645
6808 296
1988 82
6728 7764
3775 7658
3610 124
4716 2842
8119 8726
5118 5410
860 9527
5035 5518
8090 9449
5570 3301
9293 8139
1284 6029
1227 2380
2403 2087
7951 6238
82 3553
8139 7737
492 3851
6843 6553
2275 2150
703 8300
3300 4394
7882 9526
8351 198
2585 8709
2884 6792
590 2342
4132 9318
2188 5523
5439 3610
8339 6244
6274 4785
8695 2150
9294 3141
5182 3199
7476 4689
4678 6244
9100 3348
7072 5858
6782 192
1948 8937
8275 866
2127 6188
6971 9073
9860 920
9666 4678
7797 9558
2261 4158
3510 4140
7298 1089
1048 7844
9501 5944
3502 4516
9890 9411
3459 950
433 27
8307 6194
9899 5454
6133 8141
5900 1712
6548 4727
6267 5097
2541 7967
8534 1447
6806 9166
3121 4694
8566 7024
5408 5412
4504 6096
8440 7226
852 5113
2885 5036
8302 2093
8391 8572
7885 2884
5944 3742
3861 2907
8476 833
63 3818
9497 5454
4504 2340
8829 2844
593 5439
6060 4598
893 6921
1493 9052
716 1660
4777 5806
1679 9747
3536 3777
7305 8671
3761 162
186 2273
1129 8672
2150 7279
1784 6083
8120 3463
7279 6872
1948 2006
6804 4806
7908 6895
1559 7137
1987 5541
1999 7242
8138 5300
1444 4177
2184 5838
1326 6773
869 9314
4126 3256
8269 542
6332 1905
4321 3735
6642 54
5756 7338
3650 8244
8756 5213
7725 9300
537 1457
5944 1568
604 3737
7676 1948
2442 6639
4725 1323
8165 4780
1078 8817
2222 7840
7676 2808
9986 3646
6026 5014
2340 7210
5885 6062
9097 5875
401 2659
6471 6665
7884 877
8477 1877
6291 28
7504 8223
7832 7773
8345 8723
2361 8046
9930 4379
3208 4596
6274 1275
5051 3457
7844 9169
1829 2888
7727 5351
3265 9248
8692 6627
8013 7119
1695 4989
2151 3625
4820 4887
950 6060
8191 9024
5031 6188
5998 6315
7354 7200
8580 833
6921 171
2199 9261
5989 9850
2037 5234
6260 2795
377 6658
8755 356
8752 9501
3265 4355
8143 8895
8191 3986
604 6519
1771 1351
8141 7897
1418 7946
5239 9243
7869 2261
3989 1006
6505 9298
7353 1663
4044 7274
4939 5501
4303 3680
2774 1426
8760 1236
5238 1250
6841 8817
914 5858
7537 5139
2996 668
3795 7075
2659 3782
5627 1917
8104 6551
4729 2772
5523 6551
7029 6358
655 8152
771 949
7096 4780
3851 8482
9759 4148
9863 9373
1052 8424
4500 1012
814 7409
4364 2571
7062 8968
5987 7084
6136 7743
785 9587
5179 3609
9145 9639
1289 7421
2667 1659
2966 6338
5310 7480
5885 9074
3097 8348
3775 904
3434 9501
6829 7305
9673 5936
7950 1842
3609 5802
6471 1869
5350 2374
7150 9449
7005 5518
9850 6166
4359 8865
7553 9019
3810 8139
6434 7020
9496 9298
3012 7021
2380 2271
3221 7366
9353 8706
5974 3434
5467 7081
4414 9797
6150 816
627 8509
6587 682
7956 4108
9024 5060
5500 4303
1855 6167
720 1618
8629 5125
5267 6519
1814 7013
8682 5986
1624 7775
3986 4967
3609 5064
202 3333
2920 5440
9747 9572
6872 8798
73 2399
7095 6443
359 6597
6804 1527
3196 4182
2517 9028
3510 9244
2271 61
5580 4825
7350 4653
6528 6471
6593 9165
5638 4373
906 2619
3737 5315
1312 4231
2571 6046
9097 6862
5244 6553
1003 6397
3382 2517
2495 8059
2948 6821
5587 1784
7305 8465
6997 5378
6829 7130
9501 5448
5660 6134
3007 6250
1891 8674
3147 842
5762 3286
104 7242
6285 8979
2542 603
6466 3240
2709 2278
8724 9806
9298 992
164 1620
2006 5533
3510 9281
2087 1166
3986 2292
9860 2259
8130 4311
8878 1486
5575 7631
9861 4789
1153 6835
9318 5838
3200 826
3874 9019
3912 870
1445 9188
2893 6200
4236 2278
6291 4373
8139 4504
9941 5998
2486 3199
8139 7072
4701 5125
6777 3149
8116 8672
1848 9373
3121 3356
5503 7834
215 6238
4939 7915
5264 3271
3207 8387
3639 2312
7389 7775
6209 4989
2273 5178
4325 8741
1014 2828
8921 2589
4504 3122
2745 7338
1738 5503
7221 9835
487 7956
8903 192
8063 8527
3294 5310
3011 1041
4292 7100
2261 6701
5581 1090
5936 2485
5234 9293
1416 6455
6553 7522
759 9722
5663 7034
7406 2316
4927 1741
2527 866
9192 6194
2653 6694
5501 7275
9446 9967
7676 923
2115 1012
6667 3935
5410 3240
3240 4529
9784 5095
9833 6269
4462 3651
2064 2283
2727 3419
4130 7449
7559 7243
5374 5791
3803 655
4745 9801
9314 2221
6888 9582
2089 2049
8674 4681
2746 1424
8723 3474
9457 2446
280 3152
2849 8465
4098 1394
4406 8917
4839 1343
9967 6291
4021 4902
800 3152
3256 6528
7832 6783
2828 4449
1904 5439
9864 2005
3861 4744
5234 373
4420 3038
2309 1416
4911 5255
3698 7338
6792 1326
1084 7131
6472 8542
8302 3775
4643 7727
7717 3023
82 967
5426 9376
4307 8706
8804 4437
5498 3740
9263 7797
8497 3795
8065 3646
8439 1624
3696 5194
6701 8155
9721 6156
9392 2612
2281 4681
2847 5350
4777 1762
3379 1416
7195 2381
945 8199
9850 1828
157 4825
8911 6963
8287 9926
4653 8807
8872 7658
1305 3384
2948 9264
7801 401
7355 7948
6404 3443
2107 7210
2432 7879
6293 1442
1994 8801
6528 740
7262 8473
5550 7279
8424 6328
6146 9861
2084 547
5097 7338
9850 188
5438 8574
6962 1052
9572 7389
1318 4897
6173 8990
9521 4146
6358 4742
5418 3413
4564 3311
3510 4616
5762 9293
3050 9028
3986 7496
342 6377
3698 6233
9457 1351
904 6535
7813 4130
2571 3356
192 1090
1052 984
3402 6234
4209 743
4701 1052
6187 6255
603 1011
9514 2678
8281 4505
7095 4333
6488 5031
3286 1063
4325 1185
3273 4848
3026 826
8145 8599
9113 6710
7029 2418
175 9988
9244 7100
7967 4098
5768 3896
1406 6587
2795 5924
8822 494
356 323
2022 3265
7284 1848
8778 4619
1297 9163
7450 8638
5164 7320
1424 4681
5834 835
7623 8006
2221 7410
192 6173
2788 8607
4228 4882
7041 7671
3691 7100
9943 6304
4563 7366
9282 492
5498 6841
3639 2622
2208 8851
6377 2649
9889 8187
9097 3658
3968 5518
9128 8669
8704 3300
6711 7275
8671 6460
4719 9986
4217 6278
2259 5454
725 8731
5875 3809
9055 6527
7683 1988
7194 2497
4420 7323
94 27
471 5550
1858 9148
2723 202
9577 9432
1450 4044
933 4504
394 9722
8905 6238
2390 7877
5475 8062
7072 3162
4401 933
9213 2884
1720 8173
8529 9988
3875 684
7832 1015
7095 5031
6305 6001
8921 8467
3017 7906
6326 9782
8829 1368
7338 6291
7393 2290
1386 9424
8554 6657
5774 4108
627 7001
1041 2755
4402 9373
3775 7200
1447 4913
4739 4507
5934 463
8469 6060
5682 6191
8614 1614
9938 8198
5518 5439
59 6244
7885 9922
334 1624
3836 712
2627 5858
4217 3340
9769 1486
3149 6829
329 2361
7342 8584
826 6935
6862 7043
7195 7229
7086 1372
7622 764
8409 5182
2701 6284
5478 9331
5518 8529
9806 4823
7225 2119
906 6234
5300 3021
4692 7644
8139 3851
3539 2907
7522 8092
5712 738
9061 6167
2886 4810
6430 4515
8692 8222
8631 8079
5726 2678
8804 5511
9405 2639
4415 5454
8990 8467
2772 7243
8671 8391
5265 4304
6333 2795
334 9965
3277 5575
3832 6602
2755 7226
8573 2278
2292 1507
7796 6338
1456 5920
4170 4634
5998 9985
2290 7027
3468 9898
6305 203
8387 1160
970 2486
2992 9721
3832 4238
8709 9186
3675 3510
8187 1012
9128 8192
8945 2727
2485 5998
2810 63
54 3348
6460 4787
1273 6244
866 9581
9831 4848
8572 8190
8804 3184
1685 3755
6146 7824
4701 7384
8445 9806
6940 5739
2917 2292
4702 9898
2606 5300
6146 2188
5294 9577
8632 7269
4305 627
1386 7735
3589 7877
5501 5635
202 4364
7145 27
8845 6486
3014 6913
9294 728
8287 740
6497 5755
5247 2659
5393 2447
6571 1904
6622 513
8003 5603
2991 7951
893 2930
9639 3443
8141 8203
2966 8392
2795 5280
6594 1227
1605 7015
5722 6048
2292 9504
684 1660
8077 3121
1416 2025
1284 1353
8981 3698
4595 7350
8987 8287
5294 6982
4364 9250
3379 8256
9018 7202
7086 3896
6934 6496
7389 9081
339 3160
9181 7024
8717 4225
73 9186
7561 5097
7988 9985
4458 2312
6173 9261
7335 2344
9460 5097
1507 5804
4148 7185
6421 1497
5326 9024
9930 6836
1749 7958
8979 2107
6345 2849
8996 824
9938 6293
5180 4939
3064 8403
2349 1754
5367 5984
8170 5300
5043 2948
356 8343
8497 7937
6553 5811
6136 9995
774 6345
6496 2149
5367 9516
3356 9505
4098 6895
2884 4729
6146 771
5172 5875
537 9643
7782 6806
1132 4719
991 740
2535 3830
4516 3930
6199 3149
9930 4225
3940 3184
3340 547
283 8051
9986 9762
3986 6921
192 5358
2223 826
1144 580
7262 9097
9577 4562
7036 2653
8345 4504
4420 9797
6783 5439
5135 5947
8681 3035
9281 3328
6194 8945
4381 82
2408 9577
4785 9967
4904 4515
4504 222
4386 9516
683 8717
7009 599
1905 5458
4067 4384
6971 6390
7446 4059
7888 2911
4098 3412
7062 8895
5619 8621
9722 785
4189 860
1775 4427
3810 6712
8951 733
9850 2701
7425 7882
5628 6694
5349 345
806 192
8497 872
4394 2834
6654 5454
2709 7737
1765 4221
506 5241
2260 4236
7109 5682
5296 1564
1295 4598
8048 6328
129 4982
4749 2085
9500 4126
1765 6486
4380 7810
6597 9055
6694 4474
139 6472
9361 6009
5051 4634
4051 4932
3698 4866
7642 3124
8497 7002
517 9941
1586 950
7697 4932
1994 6812
5435 9019
8765 9196
4564 6293
1775 5662
9722 4676
546 4420
8631 842
6999 4712
4021 7421
3162 1333
2602 2920
2885 5858
3913 1077
4982 2910
6274 4738
9124 5590
3012 991
3536 2130
4420 7757
7797 7967
9926 7452
5838 9040
3404 2957
210 9033
2442 9797
9028 1015
399 6134
9901 6996
4927 7092
9003 9457
6528 7813
6209 2005
7266 3803
7788 1749
1828 4716
6642 4115
6096 7153
8397 7879
283 6229
3779 326
1003 4140
2127 8348
6001 8822
7226 9293
35 657
5461 7644
734 1891
3305 683
6642 8223
926 8717
6056 7204
4505 755
9294 8621
3044 2715
1574 2349
9981 5350
1413 4952
5182 2050
5361 2795
7397 6505
1801 1048
8391 5457
9432 6200
8835 4098
8077 4727
202 3792
8848 2972
2972 6984
9310 9376
7043 5900
1829 5234
8755 9830
9916 7131
4473 5533
155 6566
3898 818
3176 6200
3208 5367
8529 7437
8865 9504
280 4780
5513 7153
6565 6378
8531 5036
5663 9941
5225 2585
8457 5586
3463 39
9855 8028
581 8439
1220 433
6242 9935
8139 9074
2948 8822
1386 740
2711 2828
3463 6048
5907 3200
8778 8704
3698 474
686 6829
2856 4945
9460 6280
6134 6378
5756 2796
1502 1796
5640 2659
824 4500
8287 2177
764 7001
7242 6922
2430 4839
1610 4932
9618 6400
5428 2966
8631 3502
7904 9166
7305 6775
7948 3152
373 1840
1387 1828
826 1447
8172 27
8629 1718
8951 2273
9308 7797
785 272
7350 9432
9353 9168
5097 4306
926 3951
7801 2820
7425 7226
7527 9274
2622 7302
4375 2980
2041 5091
5775 7772
6244 2150
3476 7415
3221 470
6134 9186
5035 3700
9855 7559
2566 3875
1583 185
5255 967
8090 7195
8632 2888
9116 2867
7527 4915
4858 726
3625 7287
4692 3314
9758 7213
7713 4244
4866 770
839 6465
1575 4303
6872 5999
5457 7054
7868 5095
5928 5367
8090 3112
6697 5179
5859 73
9381 7414
8743 9619
5991 9806
826 1566
9294 3779
8003 5581
8335 2380
3033 9722
4897 9432
5310 9941
6565 3267
6790 8599
4420 9772
5099 8449
3851 1488
9361 3240
203 884
5439 9449
8141 3124
5682 2810
9133 3609
4209 1289
7398 2591
819 5448
7131 4678
537 1855
4387 8760
2281 7334
7023 2948
870 8723
865 4820
9293 1994
9759 7488
3545 8033
1067 6835
2177 210
8182 2221
7027 8921
7721 1620
6534 6829
9577 6026
2184 3875
6672 4745
6565 2601
1444 5639
4678 8614
756 492
8015 9059
2160 738
4769 8262
8441 8903
2316 1129
7642 1646
9248 7215
9108 7948
1829 7711
746 2659
4423 6957
1932 6804
9610 4305
6234 7414
8948 7298
5928 1388
8119 8497
2844 1796
5663 2349
2383 4789
3686 3742
2709 7951
4820 5255
9310 1406
7871 3311
7275 2361
774 2807
3698 9110
2555 3609
904 5755
4462 2993
3320 6553
2249 4007
4303 6806
8511 4725
7161 9181
6367 2622
2849 8501
5179 4982
203 4616
4678 5740
6782 4531
2966 7713
2374 2188
7576 4515
3658 5896
6007 4858
8671 9759
3650 9165
2918 1987
8477 8013
6476 4119
3581 2380
8467 71
3124 5986
4839 1510
9555 551
8281 2651
1305 8917
6099 7636
5106 3779
3379 6707
8165 4305
7001 7472
1442 8245
3320 3271
8037 9114
4082 5628
7717 211
192 1748
4632 6724
8709 3309
3172 5922
2223 3920
7670 8468
9375 746
7320 538
9186 5481
2316 7644
7985 7496
9860 2798
5098 933
2607 2813
5223 9535
4825 2148
1593 2772
8284 7010
6775 9003
3199 2292
6001 9990
8891 603
8363 162
8182 7664
8366 9128
9820 914
4836 4236
5064 6251
4769 6326
9704 5155
5760 8755
860 5498
2261 7225
6133 508
648 5436
2957 7583
4708 6350
6804 7130
4504 1510
4708 800
8716 6971
2948 7960
6699 5501
9618 682
4551 8809
8387 8055
8063 3948
7311 5791
8765 5740
7243 3646
6427 3610
1900 8817
5435 9107
8876 423
7015 1168
2923 8155
668 5106
7632 8584
816 4973
2634 7516
3600 4027
9248 3200
3427 9073
3651 1160
7091 6345
8165 2276
6947 9860
7564 6901
9112 2886
2226 8287
286 4839
8119 4622
4725 4508
877 4105
210 3972
3176 4989
6098 5682
454 39
6937 4109
4504 3200
2555 3931
5197 6167
1153 9094
1660 8372
7612 8951
3013 7913
2659 1890
2604 655
5999 1268
6255 7719
3014 683
6622 538
9850 5807
7195 9370
5913 6775
2113 8018
6888 3026
5439 7084
2972 3176
1077 7202
9501 945
5097 6587
3200 3650
3026 1241
9492 5987
6903 8119
7737 2943
4283 8614
8760 7651
9501 1864
5872 6642
2087 6150
4057 2113
9931 3800
4364 2649
1041 7702
1493 9243
1132 1814
5984 3476
3256 9097
5387 7150
4926 1510
4769 3096
6832 6737
4745 9701
9186 5467
1924 296
5367 6516
7446 9855
8773 9124
6922 703
8397 5098
3742 2535
1530 1418
7338 2110
4618 9472
5498 198
6528 8391
6755 2798
7029 3536
5533 8635
4712 3609
6843 3546
3230 4982
5130 4119
1208 7349
5628 5279
6528 3510
5130 7858
2223 2894
2102 6715
3463 8108
6657 2186
4691 9722
3609 4616
1067 3810
9133 2273
7480 1456
3671 9059
2276 9807
7888 9699
3810 5279
9861 7943
3526 2093
749 850
661 684
3744 4197
6400 6170
9003 3973
4420 1748
7414 359
5300 9976
9931 8301
7429 2893
6782 9415
2273 4152
1798 6199
3223 7277
9006 839
8022 9831
4927 9059
40 2647
3869 3124
8775 8145
2292 684
3200 3064
8486 5296
6572 9097
9696 7366
6434 1144
5035 7778
4178 1586
8599 5881
3427 7847
3930 6138
538 6829
5238 6200
1601 9860
1217 2140
4780 933
4817 2701
6505 8936
3609 2041
2113 4952
1677 800
8903 3775
6516 7764
9819 2993
8139 6872
3023 9318
339 5467
5861 2130
7054 7015
7576 2221
5518 4893
121 8013
1024 4926
2049 1486
7891 775
2382 3869
3044 5917
222 3124
7338 3413
8302 8066
7801 2209
2130 8774
4192 9704
3311 5775
222 4304
6698 3273
1659 5300
7551 6665
8595 6046
3206 6096
7054 9060
5351 9555
5125 7086
2873 5587
1905 9353
3294 2941
4126 4098
7389 7194
6427 7492
8486 6710
4559 3911
6291 4929
2087 7719
7166 1575
8089 3832
6284 6574
9593 3240
2685 9948
7163 1369
1424 9798
775 593
3425 6167
8741 3794
3794 3463
1707 1100
6080 4861
7844 3213
8850 8529
1036 2849
2271 1183
6255 6528
8829 7775
9424 8130
2140 590
1100 9086
1062 3384
9935 6146
5788 1444
5279 6412
5523 8394
5255 8711
2772 3041
1863 163
2087 7275
9052 1720
746 3541
9492 616
5223 8631
2659 7109
6433 3425
9806 1659
8743 3211
5765 866
9931 560
4192 6231
2834 527
2727 9976
6473 5586
7109 8936
4866 1634
9771 3200
7539 4458
3463 8529
6255 5310
4720 3671
3312 3510
3779 2340
8757 7021
8958 2199
9244 7950
7215 8486
818 9057
8467 4995
4839 1872
7097 8351
2177 2246
2972 9701
3817 1250
4701 9967
7242 542
6096 2307
3038 6421
289 7021
8037 6841
2702 6269
1856 5098
801 8704
4653 4843
3434 7409
872 6625
5035 5724
1289 5570
5440 2340
7559 5726
9436 9243
6232 3650
9373 7425
5280 9721
9339 4497
6676 7636
9771 201
5349 6963
1637 870
231 5361
6566 4481
3223 5349
9059 3545
9168 4846
746 13
3379 8123
8671 2271
5367 5806
4070 8343
7915 3529
4082 5308
2701 3532
3510 7516
8269 1162
7139 2082
5144 6651
1250 3223
7634 7719
7313 4197
9620 9134
661 3404
991 3935
7302 1516
5503 8149
5457 2867
873 2292
7137 9995
1955 5913
2450 6804
834 296
2612 7414
6234 8222
7677 9587
2584 551
6486 7225
104 5026
9040 5867
9248 6306
4394 2264
7737 8075
5541 222
3650 8804
3696 4177
2087 57
5590 8525
5097 8631
8638 3797
4744 6560
5922 893
3196 7737
5012 7204
9004 9248
6571 6190
8187 2709
7137 9449
4394 7561
4977 4209
3927 7029
2622 2966
73 8968
3861 9504
842 3911
860 4007
8077 3614
8614 4858
2133 2482
3463 9423
9577 8119
8566 2448
2283 9890
8967 7702
9346 7266
818 9820
9860 114
4817 2292
663 272
1006 9759
8139 7338
8805 6701
8013 8120
1829 5730
7810 8752
6284 2117
2709 7552
6698 9238
7043 9528
774 7044
4356 2667
5394 2403
6719 8709
8717 2273
2499 9898
648 5448
3122 9432
6724 627
9902 3160
2113 8119
9003 6866
2424 9901
6587 6302
6528 4820
3459 6125
5989 2076
8382 6377
9619 9516
2223 640
2917 6892
5804 317
5457 5412
8059 5640
3874 9148
4719 2146
5367 807
4898 6056
6269 9516
3782 6265
2102 3609
9516 6678
5913 2221
6564 6458
4736 3777
9086 9771
5858 5947
4929 3387
5378 7215
9396 7393
6649 2796
1323 7576
8018 9784
5894 2424
139 202
3926 4939
1353 8996
7298 3079
