80 140
35 58
52 78
24 19
29 5
30 13
63 70
21 45
35 2
46 61
20 48
11 13
69 9
47 5
79 64
33 23
54 73
77 64
1 73
35 38
11 72
69 37
4 39
62 39
62 48
17 57
67 8
62 73
21 78
36 48
46 76
67 66
53 64
35 71
77 71
21 66
18 28
52 28
30 72
68 73
50 9
6 7
12 73
59 19
15 64
33 28
63 25
65 76
33 34
35 19
55 32
51 56
62 13
60 61
17 23
52 56
36 73
27 9
51 28
33 45
1 48
21 34
75 73
33 31
4 13
15 32
3 71
12 48
52 5
41 37
41 9
41 80
6 25
11 39
33 78
63 61
21 28
67 45
24 44
16 44
4 73
26 72
15 71
74 80
18 56
67 57
69 76
67 23
74 76
42 61
65 61
26 13
69 80
16 58
42 7
14 76
68 48
33 66
69 61
55 71
49 48
21 31
3 32
4 48
79 10
35 32
53 10
30 39
16 2
6 61
14 7
74 61
24 58
59 71
17 8
22 48
49 73
55 64
20 73
22 73
59 32
14 61
46 7
43 73
24 38
60 76
74 37
33 57
75 48
18 5
24 32
54 48
79 71
53 71
6 70
63 7
51 78
40 10
43 48
40 64
24 2
