3000 3782
76 2766
809 1156
169 2948
1656 1568
1124 2339
1071 2507
269 2150
2376 1710
540 778
2348 969
1815 1878
1085 607
1459 1054
1787 883
2720 1968
1379 2654
1780 2769
2075 2248
2322 2630
2226 1253
164 297
1343 1756
287 2148
989 1584
1253 426
2311 903
677 2857
1322 200
884 873
2375 2596
1425 2014
1955 2394
2546 2658
1930 142
1924 674
1710 187
222 1836
99 1426
2128 2667
2070 1950
2840 1721
878 971
1123 680
660 365
2670 2912
70 1163
1249 334
1491 1322
1341 1098
1363 1233
705 2358
45 2790
1350 2387
2385 1930
1830 203
2607 1133
2578 2819
2530 2281
2407 1526
647 981
209 2664
48 1402
1920 1598
2441 1902
642 326
1646 1793
556 1438
1593 2957
2850 456
863 1108
1104 2487
1791 2662
1365 1731
1742 164
1348 541
367 2093
1214 2544
2063 1333
1468 2259
2227 2884
1608 376
1183 1130
869 2051
1081 2228
1816 2996
2231 1610
2448 1879
1016 2966
49 1781
2294 1530
277 1082
464 602
2818 1851
374 123
787 187
867 591
886 740
413 2240
442 1292
2488 2947
609 2346
2485 900
42 1467
2196 350
974 30
2610 1528
1913 1970
2823 2630
2833 675
2811 2251
2374 2987
1386 1788
737 1932
163 356
2224 643
2357 10
1172 1379
189 1864
1263 2665
1831 2449
1633 2673
275 1819
1311 753
2449 1249
1026 931
895 657
925 2504
2301 2446
2387 956
1408 235
2710 1552
1707 2682
2623 2840
171 2680
2559 1027
2332 143
394 2232
11 696
225 2853
628 936
674 101
636 2493
1591 337
1841 343
574 2301
2773 169
1217 1039
1677 221
2885 93
2562 1990
2324 920
2389 2118
2281 191
1798 847
1300 721
2849 4
739 2659
671 262
779 1490
15 1915
1938 2405
2458 6
2796 2265
560 1812
2686 1376
2392 954
161 1872
1996 2624
1665 78
1309 1244
456 1825
849 1394
1770 2305
1381 2352
975 1575
912 1534
965 2110
2343 1104
2641 2114
519 1345
1582 2131
19 831
1264 1917
80 1823
298 599
428 2484
1824 1297
1521 2264
2816 1433
946 2808
2008 586
1510 340
672 2340
1246 634
353 1762
2648 987
1080 2615
1082 2523
946 744
2150 805
1887 2646
1299 498
1311 73
2736 2222
2259 321
2332 2774
2037 1242
969 2425
180 1818
1000 2832
1873 1083
2544 2565
2271 7
2339 1356
289 2464
2096 1434
2498 1811
2076 2743
2489 556
20 466
808 2571
2388 2420
1580 497
954 2799
415 1443
441 592
140 2951
1829 1276
2220 666
2468 1834
1560 1593
731 2316
2130 1000
16 2371
1000 1226
1456 2495
2387 2462
1305 268
1804 1782
745 2730
1165 182
1214 514
2531 3
1716 1848
530 636
2212 925
2898 2565
310 2954
213 1794
1414 153
240 2496
1106 843
1329 118
2214 2801
399 1516
290 2680
62 319
354 741
958 2179
997 807
2650 457
1699 27
2318 1707
2552 724
129 1821
2766 2000
1333 858
2299 87
1014 574
2471 1053
331 33
488 2196
1265 1708
1569 161
2567 57
2560 1115
1143 529
1862 1523
1538 272
1162 2885
2467 1000
2491 2870
2012 2340
263 902
1879 2843
2059 1100
2885 2758
1788 2982
1270 697
2038 2106
2558 2943
1474 772
1912 1299
995 395
1914 2367
1147 242
2566 917
2819 880
498 2685
1777 2494
1981 594
431 1106
158 2758
220 826
2962 483
2376 787
964 1939
1483 2622
134 1888
2199 1273
52 1797
1072 2693
2712 901
1626 2943
1433 67
259 598
2213 2960
1808 559
1455 2816
1897 705
1396 2640
285 255
2442 2156
376 964
659 2451
113 2357
2602 2936
1519 1974
2493 1160
1639 2037
2287 1358
382 413
267 220
311 1367
1386 2798
1771 1597
371 2025
1674 15
752 2853
2261 2895
2675 2144
2752 1045
1645 2431
553 2497
792 1722
2015 1379
2708 1263
657 2740
1431 2710
794 2889
2338 2851
2720 2355
231 538
173 61
1439 661
1023 2817
1222 1586
108 2737
678 216
892 2941
2460 279
768 2787
2431 718
2634 2062
2020 1634
1251 116
405 897
553 1207
2154 1926
472 2145
2748 2628
2910 2739
2154 951
2524 2677
2565 2213
412 214
1200 11
103 1706
1139 652
236 1121
1482 245
616 71
1477 2560
723 2911
187 2457
1701 2677
2284 2804
793 1386
1032 575
2606 1890
1834 1832
1416 2871
688 1855
653 2872
1292 1874
1977 914
2595 1793
950 239
2717 971
1247 2460
1908 2194
216 135
1790 1667
2878 867
1640 1677
2971 215
2991 1307
718 2719
345 782
1230 560
2404 709
2221 2066
2192 2059
749 653
1342 492
1971 2
1174 1757
2213 2838
2162 2888
2525 55
823 8
537 2132
220 693
1644 141
598 2021
1817 809
273 1604
2058 267
2459 2147
2732 2928
2672 503
420 300
1983 2089
1350 1147
1214 2898
1498 945
763 625
2379 153
2556 731
2786 1958
341 1624
1622 1394
2095 2328
2751 951
2981 2266
312 1141
1605 2825
2435 728
2697 915
1482 547
351 1514
2642 2870
282 1429
67 303
1514 1241
2194 2172
2694 1821
2349 1080
2914 14
991 1705
107 192
35 1389
666 1256
2629 2724
2224 133
1887 2518
476 545
189 7
441 1724
176 920
1048 15
800 1995
2628 2115
1372 2915
389 2194
2891 2498
716 1475
1813 784
2598 2236
2457 816
608 1951
1334 2830
2253 1582
2798 264
1312 2451
460 1134
1998 1550
2773 1496
2650 1108
2006 2458
1317 1706
627 403
907 355
607 672
2073 412
371 2622
2711 1412
335 714
2905 2417
1052 1308
1540 275
2206 1520
2766 2721
835 626
32 1078
1488 1752
1552 373
1652 1537
2654 722
1056 2376
1975 1456
2915 1553
1134 2057
1650 2358
89 2826
2687 2577
2967 890
2031 1341
1839 1745
1488 2140
1122 2827
2789 668
145 305
2539 2384
1270 2517
1948 166
2363 224
849 1973
195 2712
241 2977
2293 1391
2235 2880
2648 2815
1096 265
2573 309
2048 958
1271 528
1377 995
1850 2451
2032 1335
2590 1713
951 351
2767 716
153 323
1141 1733
1250 2993
2232 484
1598 517
1834 1088
336 779
621 2975
1693 2812
138 2925
1992 2735
2853 330
2109 1620
2264 917
1427 1606
2871 1726
2122 775
264 1396
1801 1140
596 2262
319 480
2901 586
961 2956
436 843
903 392
2101 2708
255 732
2215 869
1334 2926
2201 2141
2309 1929
412 441
253 1402
799 463
2806 1921
1321 1411
235 1689
2968 820
2292 1285
2440 380
1645 1686
893 2036
82 9
2503 2434
1764 2940
1655 512
992 1434
2315 493
1614 2718
248 720
1777 1838
1216 521
2441 492
2331 421
2942 1902
2703 268
2835 237
2306 1299
1126 2007
1583 690
1856 199
2495 489
2864 593
2834 527
1011 2027
2965 1734
2009 125
1602 281
1465 974
2689 2613
969 2332
2105 2070
569 2087
2099 2701
117 1232
862 2813
2788 1449
555 2420
2596 2794
2547 2545
727 348
2477 527
815 1561
2634 128
2684 2525
896 284
2688 140
50 2393
55 2623
1951 2119
2359 2990
783 443
1849 2269
1562 418
1343 2200
897 1672
1135 869
1585 1701
1112 908
2154 165
2153 2089
1013 1688
2000 2252
2707 2479
470 2322
479 509
1928 1179
335 2956
1116 863
142 551
1034 774
1638 2540
1865 2499
291 2951
881 1628
650 189
1116 2650
2161 127
2976 2325
864 2362
564 1396
472 2666
1527 2537
615 1092
2238 1830
546 1339
1048 1927
2646 484
1589 1192
1321 25
719 1255
409 1468
1824 1001
2011 339
54 53
1390 1659
1429 2396
1448 1541
1457 2883
1478 962
587 940
9 1059
142 144
1497 424
873 596
2908 2345
2931 1707
225 1504
615 1700
916 1538
1326 1503
1517 2170
1771 444
2186 13
800 372
410 2696
1490 2820
2803 1116
1679 1362
156 2330
2652 115
2927 1529
1039 117
71 1294
1185 1858
672 1740
1826 2154
13 419
1318 116
125 1300
463 422
406 608
2217 824
1427 403
2828 197
813 1319
1058 1618
1668 2407
862 1328
2158 1219
1935 2907
1199 2285
1268 1891
2844 1461
2887 1512
2707 980
1212 1384
953 2475
1493 289
2 3
787 1331
197 1524
1130 361
2952 1040
311 2807
1570 2919
2222 903
863 885
195 2573
2396 2914
368 2793
1515 2095
1010 324
1101 985
124 2700
1910 865
2371 2958
1027 1525
953 584
2741 1574
900 609
2512 2146
1483 2025
1308 2714
985 1029
1468 2016
2756 1655
1297 493
575 1840
1133 1560
1261 1073
381 2283
308 1839
2460 776
2013 1703
353 540
692 1962
2159 1343
2079 717
248 2237
2436 1470
1979 1124
1401 1015
346 1471
385 1391
2 427
2692 1449
1017 162
184 991
1886 2863
207 298
2367 1981
98 1844
1649 2892
1107 2581
530 1833
1895 2421
1408 2768
2764 2940
1370 1089
847 520
2894 2962
778 1345
2036 1410
2944 2827
1017 481
2246 1747
952 1634
2558 650
1495 35
2881 1383
1905 393
2900 696
727 1356
2293 2914
2713 1107
2791 1464
1812 369
1629 2665
2340 423
2859 2810
2456 590
1823 184
1558 1922
327 2378
2947 1867
2858 978
2495 532
1113 2100
537 2788
1049 2547
709 1000
774 1589
197 2115
1255 1181
906 2634
940 616
2236 2335
2313 2013
820 2477
1839 2207
867 2645
1023 1360
1484 1820
2647 1027
2494 43
2631 2306
2572 971
2722 2448
1040 2468
827 36
1069 2864
380 463
1598 1655
722 1005
919 1057
2320 2580
2604 570
1173 631
1656 1492
1226 26
1678 2294
358 1610
753 617
2170 1069
858 2626
2005 2419
1685 2848
502 2272
2977 786
1103 1531
2355 1870
2700 260
742 2612
474 2250
432 1291
1574 2707
635 1846
1434 1168
840 1901
2447 1868
1568 1169
806 658
1537 1704
1274 1066
2545 2863
1960 1635
712 501
2412 2426
1163 2073
2603 631
288 2755
2897 557
325 2179
2165 604
2609 2188
1070 1375
1634 282
1720 2389
2346 2424
2312 2153
420 1166
2807 1743
2504 535
2774 1850
1005 391
2934 2728
1448 2244
2776 1580
761 1127
2370 780
1765 1727
2660 281
1152 958
807 1627
14 2248
548 1792
484 1536
1642 703
502 384
625 706
2655 602
480 2516
445 719
1618 2947
451 1722
2915 2663
1417 2999
2980 2696
1292 312
1 1741
1251 2908
1947 5
68 641
534 949
2157 2399
2269 403
2757 2077
908 1673
1892 1762
2958 232
2783 2372
2737 1794
2142 2340
831 2064
2211 215
2517 1921
595 2992
1737 287
2368 2160
2902 2477
1506 2966
240 1642
1818 455
1632 2623
1051 1469
2156 1122
2353 1096
492 2217
1513 1508
1460 1746
664 1658
2838 845
543 516
1575 2860
2988 1759
249 2277
458 621
1003 225
144 1184
1526 1425
2597 2295
2931 1188
1358 2858
2557 125
1262 2366
1985 2410
802 2803
2673 273
2378 1770
2391 280
550 1275
2016 321
607 2012
721 2965
581 1726
2842 713
1088 1284
2502 767
340 2449
2436 2669
2843 357
1396 2324
2841 1696
90 32
1785 557
1551 2693
1435 352
2927 1489
27 2716
1172 176
1367 31
557 2024
2760 1178
2534 1846
179 1807
1606 1529
100 1413
1463 2259
2944 1313
1891 2067
271 2603
1899 167
1376 2881
2549 799
403 713
1688 1488
1384 2136
2095 1221
522 2079
2321 2279
1925 1335
1267 2688
2093 918
1534 2042
1990 34
1316 1849
2915 163
2133 3000
1167 1967
2390 2190
44 1038
677 2196
979 1189
1725 2454
984 2955
2830 1965
206 1589
2454 1336
1961 642
1315 2386
668 1977
1990 539
1028 531
545 1128
2469 1948
1435 2594
541 2019
466 76
1457 1125
1519 172
1219 1201
1490 1683
1674 1927
2118 113
2210 2549
2215 1146
280 528
1974 1961
1559 1665
1747 660
1412 1209
2912 1130
1688 2223
194 1075
1893 2105
1286 2251
619 1123
2470 2104
2251 2482
2322 2643
1462 494
1034 1282
1034 2173
2895 2946
299 64
1358 362
2987 169
355 138
1613 905
531 2739
1740 423
307 340
2787 2609
2462 2205
2957 2775
2330 2390
2231 2467
586 630
1542 2492
360 947
1254 2280
2019 2440
2948 838
1206 2775
1978 2187
2935 2067
692 1652
2657 2125
2225 2634
941 2975
1023 1238
2245 878
1792 2401
121 2690
1812 2216
2727 554
43 1491
52 1240
1964 311
2586 1512
656 1482
1700 1091
897 544
2214 413
2991 2588
2656 2527
538 2738
150 2232
1508 2500
2171 2019
212 1351
1235 2640
1770 2958
1086 832
1749 1327
372 288
362 223
1172 506
2806 1857
410 378
270 1824
2891 597
2363 2529
437 1165
2883 1693
350 2944
2441 2461
844 1060
978 390
147 793
689 2925
973 2742
716 283
592 337
1795 2044
1557 354
1711 2254
1649 2502
2034 245
1186 1647
598 2418
1354 2757
1697 2883
1097 2060
1133 2480
2939 2195
1098 2005
1494 1630
2837 40
146 35
332 1166
2903 1760
561 73
326 2741
589 538
2374 2773
1794 88
2607 83
604 1224
2027 2355
174 2456
2413 2495
1963 2541
1757 448
1182 1887
2893 2671
880 187
1282 2193
2574 1192
563 1198
2239 1313
2733 2043
1875 1892
1957 1811
489 588
2652 906
1432 2725
2768 1689
2848 2957
1253 1231
528 2392
2027 928
2405 2017
445 2693
1046 2184
695 825
294 354
2841 2383
2599 1346
1134 685
1076 1048
1889 1710
1122 1313
1496 2948
702 640
2108 2171
148 2338
2642 2268
2145 1012
339 983
1489 776
1732 2620
1071 981
29 32
1025 744
1635 2643
95 2109
1984 1827
2929 2126
598 522
1886 680
2734 2658
1339 983
2520 1790
1676 1058
1177 534
1529 776
749 663
2522 1949
1107 1817
212 1006
850 2009
74 2483
1038 1765
2719 1366
1282 1589
2427 2429
126 2458
2406 2828
690 1497
159 2377
2319 1441
1909 1539
422 2719
1767 406
588 2412
1472 798
2329 204
369 95
235 2610
2569 794
694 1292
2905 2111
1679 1873
2155 1424
2940 1031
803 1377
1969 1830
2577 542
362 978
2614 759
2376 2018
434 1180
623 2000
1696 1191
734 1200
1500 1162
804 2323
778 1629
1561 2961
2582 539
6 1625
1423 1933
2920 1979
1770 2443
1800 1264
2629 1986
1568 683
576 2878
603 1462
161 114
1989 68
2414 1586
658 567
1963 474
1002 1365
1396 1379
851 2805
300 2976
45 775
1609 1282
85 425
2227 2386
1564 1154
1938 1467
1252 1476
1860 499
2662 2143
2057 1960
2297 1135
101 1452
2276 698
953 1259
1029 681
223 401
655 1023
2808 2780
2561 1467
1706 1532
37 427
1347 2844
118 1869
2700 2689
1402 341
2464 828
487 2757
1371 87
2514 80
2759 557
1119 2846
1854 278
2382 848
2738 2791
911 965
2402 2408
1398 881
2209 676
30 2425
261 1644
2819 1710
2716 65
1197 243
1760 1852
2501 2648
1503 550
611 1495
2527 1153
331 1787
2077 2455
1297 2269
1653 523
1809 338
1055 2611
697 1857
2691 1919
1799 2785
1156 1310
1042 304
519 2444
553 110
963 2065
27 1790
2966 1908
2829 2364
1516 2057
2896 612
1430 764
2309 2545
2111 1042
1146 2490
194 2260
555 1382
2208 2285
754 2790
2172 2310
2352 945
145 2760
2672 2228
1290 2932
1756 792
2260 724
2139 2652
35 1557
530 1755
2173 2193
915 802
1783 1488
676 1143
2950 1158
2730 2357
2907 656
2709 1631
1960 2322
2202 2239
2013 2786
2342 866
1884 263
2729 2435
1023 75
2526 2854
2012 1740
2636 1466
309 1637
108 2413
1221 1889
1425 1573
2873 1331
643 2543
2703 1266
1592 1539
2621 784
1277 1459
1553 891
425 507
1978 1478
355 689
2882 2847
1507 2141
59 1002
1858 830
1568 2055
2142 1740
904 244
2350 296
2062 558
687 785
729 1856
2262 678
2345 1014
2433 2306
1958 1583
2562 2582
1084 1036
2283 2990
743 1029
2486 2176
570 818
2990 2158
388 2811
2999 1911
918 1397
929 2299
2018 1969
2206 1480
1861 2533
1164 1074
1949 254
520 1034
1988 979
2164 497
1054 2076
2612 2642
15 590
2770 2849
778 352
2084 2824
2415 1834
2838 2327
1960 1570
2849 409
1735 1174
726 1690
184 2592
170 24
1466 586
1946 1699
771 361
2700 328
211 2695
674 322
2275 1926
2042 1418
2584 747
429 134
9 1493
1218 2879
1423 1380
2646 250
826 1614
2140 2603
2366 1227
240 1664
1758 2050
1181 2040
1834 1248
1486 2397
963 1616
1208 1644
2384 1585
2310 1309
2779 984
2066 2437
1060 2550
139 2
1129 927
38 2528
1099 2427
2535 603
427 2349
519 1263
999 2029
1753 1237
2537 1795
1094 132
117 1015
1888 893
835 1766
2373 2067
1354 2662
720 1216
2867 997
20 1363
359 1048
1887 2232
2123 730
2819 2018
196 1987
1728 432
2771 1293
2928 747
246 564
2350 2809
2126 1028
1090 950
1891 467
2753 236
1841 497
1227 975
2386 2512
221 154
2335 2068
2355 2535
1717 2804
1121 1033
883 491
204 2700
2195 1547
2239 1316
1179 504
185 841
722 2189
1397 2841
1763 1738
381 2081
1518 2564
526 1755
730 1946
401 2427
2742 1517
2250 2715
2677 1630
1589 2095
2959 619
632 2464
2982 1235
2054 669
1297 627
2166 1431
2124 2611
1710 2238
2286 1013
774 1647
2336 2919
2998 2490
827 342
2924 792
753 613
2150 1020
2793 1839
1987 1086
816 651
2164 411
2634 2762
383 1861
106 1478
1034 206
2348 30
796 1111
214 592
2252 445
2200 451
1761 177
1122 1436
2664 1218
2188 2112
28 754
2189 391
2491 2268
1966 1367
2339 348
2045 2605
2671 193
227 2895
2014 569
178 716
719 262
74 2783
1231 875
1465 2348
1758 723
639 148
2516 1301
1208 935
236 578
2754 2933
1577 343
242 2205
2653 1780
2468 58
1897 92
1190 2441
1275 1679
314 209
2661 349
2152 2635
1464 2678
1280 2920
2151 1778
1191 1167
748 745
667 1152
792 1076
2461 2380
716 2028
2683 879
1755 2386
1012 749
2346 1276
1277 2835
1625 1026
1145 83
69 1103
1221 2376
1220 1790
2205 1416
1438 1353
1385 2147
1712 2703
1220 2716
2465 2974
2699 1695
281 84
1647 1192
916 2911
347 1046
276 2438
1166 192
394 2518
2102 2982
2968 543
1583 21
1544 311
1874 1141
2954 2604
1880 42
905 1065
590 1380
1204 2760
2245 1686
2529 2007
1996 1756
21 1636
2430 1159
511 2859
2335 2766
105 2632
1682 2053
1020 1695
2417 2695
1945 2107
860 1264
299 1946
818 2274
1068 2968
562 1027
1155 308
1498 229
473 1484
1995 249
2148 1355
50 1262
2097 846
1765 277
1097 1972
543 2477
1144 2354
2297 2215
572 1939
1682 1644
428 1575
711 2402
258 111
2437 1579
2523 2470
2816 1077
1663 1672
559 937
2884 1160
1083 2459
1400 2477
366 1090
2050 2911
1889 1675
978 401
2625 275
524 2590
1721 257
1054 2822
541 18
1356 1442
2244 2088
2994 1270
880 1969
2051 2737
529 2622
419 2536
1258 2653
2726 1212
2815 1253
2417 1042
2496 703
1701 1494
1589 2483
1428 226
2769 1511
36 332
2184 1815
2921 1376
1666 306
1384 667
1346 1989
939 1520
2178 1997
1624 2166
2960 2327
1803 415
1779 1087
619 1886
1994 204
1021 171
1653 1548
199 2228
1698 2482
2979 1198
2966 266
932 1318
2659 952
293 798
853 2713
2580 665
2428 2618
698 252
205 261
1287 1961
1810 2798
2551 2860
2876 611
2790 2489
1603 924
44 909
273 790
1196 402
2946 2127
2585 684
1334 1549
1186 2574
924 1207
361 481
921 1638
257 406
107 2959
829 208
2404 2467
2718 62
780 2061
1486 1944
2085 2221
794 1110
2342 542
122 2969
1399 270
2104 844
1303 2834
2722 122
2956 1329
306 1703
1626 650
1240 1381
2345 1572
669 1543
393 1377
2189 735
597 1608
176 1643
2277 1176
1687 1439
1042 2101
2402 2549
2168 506
1607 1022
1166 1049
2399 1196
1690 1903
1005 1118
109 2464
2509 1211
1699 1220
2188 1571
423 1638
1536 1158
1092 854
1820 555
2555 1693
2880 2681
1022 1257
2606 2772
326 1370
2553 886
1922 1250
2267 203
548 2206
2740 1554
1523 2038
891 1146
933 909
1291 2629
832 2053
765 2591
781 2876
1419 2587
1700 1474
988 1472
2270 746
1474 1931
2551 1884
1702 1683
1108 742
2092 2647
2021 1333
1801 2872
846 2133
852 1573
2868 2079
654 2838
2751 1926
975 2484
606 1011
1471 1506
1014 1502
1675 2238
1713 1853
1216 1387
2388 2905
2120 1119
1328 2371
1596 2770
2886 993
665 2862
2565 1692
133 976
2818 1401
1337 2085
2669 1281
1241 658
558 850
2266 1533
1814 1350
649 1680
1305 1266
2408 1645
2008 2042
1456 1794
2199 2811
398 1871
2127 2211
1542 1004
539 1477
712 1130
702 1571
647 2507
2309 1123
747 813
1466 1212
770 414
983 2469
2113 1432
533 857
75 1455
176 2654
1118 2052
386 296
431 1965
2895 1894
2855 509
965 243
2398 611
888 2476
2291 1255
1199 2049
2035 1357
2240 1941
584 396
30 2332
2141 2655
1209 526
463 971
1571 285
1362 1083
1036 1742
1243 572
2532 757
1832 2663
1871 1422
1833 2203
1671 1602
1021 1373
530 1315
1665 2149
2440 1645
297 302
2357 1485
1610 1000
1721 1767
573 1348
1047 1799
2548 1068
167 2694
1447 2429
1965 462
1857 2855
673 1443
1406 2639
2823 1043
2182 2882
1964 1966
1099 1447
54 241
58 2915
1921 2103
799 878
1319 1519
2716 1667
773 2498
955 2320
780 188
1416 581
2932 2698
911 2564
1627 1603
372 249
698 2921
1211 1880
2175 988
1050 1917
776 2208
18 2408
1058 2488
2446 734
2081 2990
166 2276
230 2546
2403 692
2545 367
1819 1187
1301 2050
323 1808
1573 288
1258 2508
411 2996
488 2442
571 1041
2305 1841
2995 480
2138 1314
334 2652
1755 2493
52 968
2229 2453
2586 2538
2376 880
970 2967
1076 1674
2439 1083
1478 1337
2078 1122
2065 1960
1137 2199
1425 372
1160 1415
1927 1484
1095 101
278 2829
322 1966
830 2910
2256 1875
1285 1024
1041 450
165 351
1078 1592
467 934
1073 1234
1213 650
118 1079
81 1358
473 1915
414 336
421 618
2274 2351
373 442
2439 942
2483 2578
1509 595
1021 290
350 270
2055 1905
2317 417
725 1668
763 46
1067 1600
894 691
2993 2313
1535 1776
2316 2530
2884 2234
256 2954
699 2220
498 1720
523 1190
452 1820
218 2191
2221 513
1609 774
159 2034
1797 1381
2973 1390
2510 1992
771 1017
1233 623
2571 2702
2583 955
648 1284
2638 2967
2255 2888
1248 1553
1678 2423
214 1349
342 1545
885 742
696 358
2117 1010
1351 1854
2094 1870
1689 52
1142 2167
1534 2601
510 881
744 872
2978 443
1199 505
2068 1729
1796 516
701 1851
2233 1055
1170 2287
1225 2505
2900 1866
2088 1332
1723 726
2866 1965
2247 364
2693 1255
1843 2614
2322 1043
505 2108
929 813
486 2273
1110 1002
2157 2797
2839 1681
1920 2756
2659 2020
2561 606
2726 2042
2143 1810
2887 2538
2674 781
58 1088
2146 1759
148 1328
1580 1816
1374 2906
2739 2096
2986 2731
2820 2930
696 2404
942 1385
936 2929
2863 94
1439 2814
685 1960
1849 986
1257 2288
754 679
876 2182
2360 530
1398 1906
1585 2524
2131 2091
2658 1716
2096 196
469 44
1876 161
1954 987
1128 797
182 566
477 1714
2453 1145
1461 1486
2598 1363
459 741
986 1606
785 1615
465 2493
798 2529
439 91
591 2991
1902 2217
1460 1246
603 912
2567 2577
2400 837
1617 738
2602 2513
2624 1454
28 45
102 2891
1919 711
2448 2969
1328 1770
397 2668
824 1518
2429 2326
1026 2128
2493 2512
2937 84
1986 2261
1363 2335
1952 2288
104 177
12 134
2999 2986
186 780
416 1913
2394 537
1774 554
941 2641
1840 589
2575 473
1545 1392
1390 1151
1419 587
1684 2963
2263 1928
265 2370
179 594
1453 1865
2706 1052
1102 1654
1580 411
2965 2559
2951 973
91 835
1268 2373
2823 990
1541 2088
449 2886
2282 612
2450 505
1314 2117
938 545
2181 2081
1867 502
1338 2809
784 688
963 2057
92 2358
2080 2928
2503 1934
2058 365
2022 1669
2176 490
1704 1512
1509 408
2701 117
1547 1588
202 2613
2034 547
1108 363
1366 175
1516 131
1458 948
1216 1393
1013 1783
1630 2113
2043 2786
144 256
871 2628
397 281
1413 673
2506 1199
322 311
1136 2374
34 1477
73 617
485 1332
79 2698
2744 1885
1420 2258
1512 145
2993 1953
1800 1050
1324 2221
1955 1619
2671 2452
2528 591
2071 1162
197 1025
1658 2624
948 2687
2450 573
1499 1367
1074 2576
1802 437
2064 2099
2100 331
3000 434
520 2003
1001 1427
1817 989
912 2726
825 2298
1335 524
914 171
889 2133
2715 219
1259 396
1189 2252
2949 1267
2482 482
1837 2600
527 2922
2667 399
869 2490
2895 582
2763 922
386 1409
1178 2985
200 66
972 2192
675 1900
2933 2931
1399 1122
261 677
2663 356
2745 532
2052 1252
1355 2430
327 2813
623 1729
847 2497
2296 2270
1925 24
2325 1929
2463 614
1953 2013
377 731
1150 1276
266 2194
1437 2515
545 2923
499 1717
648 2663
1978 1388
2861 2561
2344 1656
2364 1020
974 755
1224 2784
141 2202
349 2090
2390 999
1826 2411
2053 141
2666 1012
2364 2699
14 2235
1798 553
2968 1303
330 1607
638 1268
80 1605
1939 345
2223 1752
203 651
211 1042
1903 382
2565 1272
2228 259
1454 359
971 2764
268 2514
433 2392
2016 1649
1033 2353
2084 347
483 1860
101 1966
773 597
521 1450
2285 2108
981 1013
1111 274
2591 2165
2726 586
1541 1587
1477 1404
1210 373
443 222
1395 754
2835 2735
1943 1053
2208 2691
917 194
569 1177
1870 2771
1839 136
283 804
2857 350
814 119
417 405
1313 1849
2933 2318
625 2789
1600 1440
2397 576
332 1392
2372 1889
1255 1585
2386 198
2352 229
418 1971
1821 823
2243 805
1545 300
1446 2359
438 2765
1266 2514
2776 232
1829 2424
1484 1380
752 1504
2870 2754
801 2155
2613 2599
591 1782
2783 1056
810 355
2496 1963
620 935
2072 1084
127 1904
2702 454
1705 1753
2121 1796
1422 525
2015 2324
651 1834
2961 1771
757 2181
1100 1677
2537 1051
408 2992
1430 214
1524 744
2622 2219
982 2752
1892 304
1932 2289
2241 2260
1430 441
546 2997
1274 2810
1518 965
1776 1479
1746 1230
1986 227
1475 804
2216 95
286 2481
2130 2821
85 2445
2018 1331
439 2041
1387 2684
2017 2720
494 2042
2185 2034
2774 1312
1027 2157
1075 724
2406 871
553 520
1072 2539
2204 166
914 1373
1710 2918
718 2542
2275 951
373 2333
336 2984
1712 1305
2553 1576
1971 1556
1198 953
1655 1261
1060 1925
1492 1169
1612 167
1540 2589
1691 1737
2180 499
2196 2078
1727 1082
2766 1729
1999 1876
713 518
2866 436
2131 2805
2497 1034
1357 2246
845 2400
333 2035
116 2345
1522 2697
2829 2150
848 2826
1098 994
2974 657
497 1265
1588 1521
1234 1098
544 2981
1393 1450
1808 137
2755 534
715 2209
1844 1023
1195 1101
2045 593
482 2856
1436 2315
2567 1330
436 462
2213 2478
239 1988
511 1621
724 316
284 919
1415 1277
837 913
1701 1185
2525 1632
942 2459
2804 1641
2986 1744
2725 1937
2304 2813
1149 1488
128 558
1407 2463
2022 736
2943 2271
2414 984
1898 1451
2913 616
990 1008
2996 1278
2451 2501
741 1945
1763 151
1531 2152
651 1372
1327 1154
1588 2432
1140 435
1686 422
838 1600
2181 2283
1715 221
1810 246
229 1451
2030 2301
2719 456
601 2195
260 2613
2500 2732
839 2802
78 1497
2896 2563
101 1499
2171 2402
1239 1321
2587 1138
219 1225
1435 2444
1410 1567
532 437
2807 31
1643 2447
424 1750
1584 1310
2117 861
210 2188
652 1728
976 2129
2 1754
857 1666
2267 1040
1883 2994
1751 54
353 304
2846 1155
1682 677
150 2518
648 1553
2507 1013
2193 1192
658 82
1008 2874
2588 2290
1567 510
1926 351
856 758
1402 1102
215 947
1692 2838
766 334
2168 176
2056 286
1667 2569
1532 1660
943 439
1401 1232
2739 992
262 628
1918 301
2455 2102
668 2875
509 2657
304 778
1602 2937
587 2913
1242 151
861 2898
1004 1239
1549 436
644 13
680 94
1729 1877
1825 446
1673 2711
2324 2654
1672 2981
2568 831
84 2704
1708 1354
1018 655
2442 2078
1158 155
2300 230
2728 1368
2618 1671
1342 2461
2163 2111
2218 1558
2923 797
1105 314
1512 1204
2922 48
2280 692
1038 1535
226 2893
1089 2707
1286 1698
2457 704
1143 371
1381 1498
1170 81
754 775
313 2869
2804 2537
934 2253
84 1254
2976 2309
1967 2319
937 1513
1062 1735
920 868
2678 535
2086 2436
1422 370
2464 1044
1718 376
2708 1629
2749 2291
2791 925
1467 2017
1651 323
1443 2722
2093 1105
2860 475
926 2593
1391 1784
122 1879
2354 2260
2315 627
1620 13
1856 1081
272 2683
1476 2733
390 1447
1232 85
954 2837
1157 2420
994 2419
2985 1071
867 120
617 1656
2262 2458
1176 2526
1383 2632
2173 74
234 1928
26 2839
2249 1687
2167 2967
852 372
2926 1965
2159 552
368 2183
629 1438
565 2758
1900 852
110 1609
2173 2574
2295 800
746 2787
183 907
1157 2256
2910 1893
1417 926
1786 1549
2223 2140
2310 2307
1997 2616
1006 1854
917 2354
2328 1889
2278 474
461 648
2847 2867
1207 1034
388 1286
1694 2745
392 107
911 1197
403 1489
1143 2705
2724 72
2211 360
2116 1104
1272 2478
1445 1170
2577 866
151 932
380 2717
2941 156
87 1519
704 2415
2787 210
692 579
2269 1247
2034 1505
735 1922
253 1736
1257 814
1542 1063
877 2631
1221 2819
1804 2991
1441 126
461 1248
597 1718
2656 1094
1367 1743
1551 719
2340 921
440 1577
1171 630
2843 1290
2635 2779
2422 2538
228 366
2786 908
1440 2098
518 2450
190 284
2970 1337
2179 876
547 1032
1851 1232
1836 982
1462 2008
1182 394
2013 1112
1853 2391
2588 1507
2980 1439
61 2656
2505 700
1918 2011
1638 1596
2681 737
2023 943
1095 1544
2901 2601
2577 2968
2890 325
605 878
1894 2127
777 2229
280 433
1847 1912
363 2612
2498 1718
681 862
2377 245
2984 1490
1577 497
2747 894
1565 2890
302 1978
2406 2748
1941 2317
1298 1374
1756 1454
2256 211
2992 2254
656 2034
1372 648
730 64
313 1626
170 1335
910 533
380 2572
30 2177
1717 1527
501 1017
40 777
532 588
2033 1958
2273 1599
799 2572
376 572
2874 2861
732 801
1315 2884
927 1912
2006 678
2193 2483
201 454
321 2502
772 511
2698 1298
214 1591
2416 1150
2245 2572
197 946
223 1099
1061 780
928 2535
2782 1117
1689 1528
2945 335
1942 377
470 1635
2379 1651
2680 1280
1737 1938
1511 49
1901 1269
2784 1985
1154 1408
661 2670
1684 2134
1201 1460
2576 2084
409 1463
2999 1405
1224 2006
1169 1905
2745 1802
2487 349
191 486
2988 2510
1950 205
652 1421
736 864
2409 1542
2365 2742
2160 2192
618 577
893 1302
2476 2350
2057 344
329 1712
2584 929
51 1928
258 853
542 543
2764 456
2318 1188
1956 2618
758 173
1648 103
2424 959
1695 1896
2779 1586
2860 263
2819 2873
643 976
1243 964
322 1499
701 117
440 2164
1970 2023
325 286
2626 1481
22 1751
2438 1653
2415 461
1467 1011
2478 2327
524 1359
2951 2365
1768 737
1859 2249
2481 2903
1024 2553
1140 63
2799 40
2923 729
2890 2056
904 152
143 1312
2135 458
1114 299
1278 487
1285 2511
2437 1419
2875 1021
2288 119
902 2831
2735 438
1270 2806
2888 649
966 2948
2728 2485
270 2827
2808 1453
135 1437
1207 811
239 1233
378 610
2904 905
1330 2121
2106 2175
738 56
400 1340
1845 635
2944 1316
890 2022
855 1601
1153 2736
543 2834
127 483
422 2764
1189 130
1479 2523
175 2159
1418 1565
1592 2385
1193 2389
2119 993
505 1348
1537 2586
2006 1985
751 1314
1896 1500
1295 1512
328 1611
2061 1369
1293 1534
2146 796
786 1882
1548 1190
179 1739
2279 963
1604 1428
759 2675
1529 2506
1069 2045
155 1777
1660 2896
836 1381
1786 431
914 290
1750 2227
900 2416
1362 942
2611 781
1015 85
542 1400
7 1279
1094 1153
2203 2234
1719 2697
1485 2753
2244 1587
2917 1278
2094 99
927 2306
254 1910
1916 1118
237 2822
1359 1713
243 2138
1134 2065
2772 2949
2548 2577
2796 1035
1855 28
1418 2136
2322 990
2907 159
1838 43
881 855
2269 1606
356 2998
326 60
2682 1814
1520 1999
1929 2522
1159 1870
2773 966
1200 2900
1882 618
277 1479
1100 1715
1789 737
1601 643
757 1446
935 2857
1338 1409
618 23
163 1135
1473 641
2168 1379
2384 834
1145 1133
2467 2821
2615 2379
526 636
243 751
764 1724
764 592
322 1452
2110 751
2310 1595
965 1563
2001 2849
445 671
2873 1969
2476 386
106 2970
1861 2941
1380 2388
1823 2825
549 1448
535 2255
3 2349
448 2877
1372 1832
1937 196
391 910
1572 2030
971 1764
2452 1139
1391 14
2179 665
1233 2766
2134 234
980 2035
2918 2267
2063 2079
2304 16
2600 2120
925 2678
955 325
2289 2116
1575 1884
1087 770
1494 2126
370 840
552 2200
450 1633
434 207
526 465
402 1725
723 1538
1766 1288
2230 258
2889 1002
2938 1940
1035 2856
250 2950
578 1033
993 549
1059 289
686 2716
2258 1845
1010 514
1451 1998
1795 1469
1377 2750
2948 1067
1885 2637
2743 1806
1014 2030
2420 2111
1708 874
2371 2776
1331 1830
1954 2815
1977 1021
324 2565
763 2254
379 607
1284 1135
46 2789
1890 2949
1272 2960
912 494
2147 96
1353 607
1539 1930
1752 2603
2925 102
2721 1877
2212 1464
799 2431
2744 1709
1554 2358
504 2054
251 1019
2169 620
430 1442
1415 1759
511 181
1916 112
1310 546
2478 845
2862 2097
874 147
2410 2486
594 646
2144 447
1171 1384
762 2633
1549 1106
2480 2848
2383 1218
1662 2360
2696 661
879 758
602 1956
2576 1623
924 110
2232 250
446 1996
22 86
696 2231
168 474
1102 1624
30 1959
2625 1778
2780 1148
2434 329
1543 739
747 1371
1903 2214
2098 695
1743 2934
1442 708
303 1883
2955 251
1127 1826
2303 1343
1244 276
1155 2793
1237 416
576 38
1662 1209
1070 660
2289 2343
913 1899
31 2934
302 106
2425 2774
2826 22
1088 163
1376 1030
2380 824
2748 197
451 2781
1642 1963
364 2595
2531 1754
1662 424
819 338
1222 984
1227 428
974 969
1621 1066
1261 2031
93 1129
1148 888
11 1866
996 666
2675 1283
2781 2575
2473 1691
2267 816
2992 625
1057 1127
373 694
2510 2835
454 1
2571 201
1702 2820
404 972
1578 1617
2528 2645
2377 547
1794 489
2821 2832
2024 2199
1744 1818
2984 1702
1736 1102
1933 1157
1975 1694
2695 540
139 1556
1051 2044
2046 1669
2832 26
1332 70
690 1412
1321 750
387 10
88 1101
882 2763
1826 2275
886 849
618 2465
832 488
1664 703
1878 2939
1469 1862
257 1980
1228 1182
394 2646
112 2052
1747 1375
1637 1406
2174 647
566 2304
418 139
1605 184
2082 2770
455 90
357 2932
691 2548
2873 2918
646 839
114 195
422 2850
2714 340
2331 1882
640 285
2002 1276
1190 2989
1947 1100
2408 2245
1463 2016
1215 344
210 702
1718 1243
1762 1435
1123 2863
2975 815
2356 418
1848 1095
1631 458
1449 69
1175 1793
198 2988
776 2450
1648 760
2032 1120
2051 213
1683 2930
867 1804
2930 329
1282 1647
2877 2979
2040 1185
859 1984
493 1247
699 996
2645 2991
866 820
2181 2359
899 1528
789 2782
2533 156
2323 726
2831 472
1533 1844
2685 2389
2242 734
1653 1320
188 789
1628 2224
5 1677
1387 1450
2745 1195
1744 2899
359 174
631 645
1144 2241
862 16
947 715
2004 2150
2311 36
2029 2709
2061 789
66 178
599 1207
1197 1563
1557 459
1729 2252
119 561
2358 2562
1147 956
922 1540
2802 808
1294 183
1530 2962
206 1515
181 2810
2197 17
122 788
1793 248
192 2547
17 1735
2700 202
1388 962
2053 2442
495 264
1205 2363
2639 1125
686 1790
593 2329
1003 752
143 659
159 1991
2919 2509
1615 2220
2127 2971
205 1208
1722 1048
94 918
1863 1109
825 2312
605 2572
1629 2747
2495 1195
689 2608
1204 305
1952 814
26 315
1424 904
898 1865
1671 2660
325 2580
1064 454
1570 2630
2099 2818
860 1050
177 1779
386 2809
2426 639
2594 2747
23 895
515 1684
443 2198
2752 469
2643 2473
708 2600
2856 19
1235 1835
1881 2244
666 1935
2003 1186
2068 2721
609 1829
2109 644
1331 2952
1411 2602
626 100
468 1317
2879 884
2090 1562
1426 912
2884 2512
130 2749
343 121
1771 2826
2852 280
870 186
507 2406
1749 1564
2099 701
396 1258
1091 1931
2207 557
2420 2417
251 1843
463 718
960 1912
364 1646
2982 1396
542 820
1884 475
1896 2071
1669 864
232 1816
519 352
244 1617
1389 354
2943 189
866 2902
581 2729
2141 464
1530 127
1793 2964
583 2375
2665 1458
1547 580
935 2196
264 2168
1546 867
1975 2737
1846 2072
2163 211
1168 2169
2687 57
2121 2902
277 2381
2125 2474
2909 460
1438 1085
1162 565
4 1468
654 2960
344 2823
1079 860
1446 2283
2637 2999
1148 2499
854 1931
245 1032
561 753
1645 2717
2089 1327
1839 2897
1702 2503
1996 2924
47 784
1889 880
1001 627
2936 1170
1195 437
2183 1839
1160 2988
499 2284
2129 212
2362 2744
755 2177
2021 2079
2541 2250
1550 882
919 761
2388 2163
612 2368
506 1643
35 294
2828 2628
1590 417
2977 2331
541 2402
1426 2636
2906 2296
1117 1700
337 515
408 1711
865 2800
700 1503
2566 1144
1615 996
2274 687
1687 378
2304 1328
1296 2715
767 1863
1048 473
279 2208
1865 888
2830 436
1762 519
670 1584
1065 2374
1268 2935
805 1695
462 2247
131 470
1636 2360
2031 1234
1524 2808
408 763
2912 501
1769 2458
1827 2606
773 1957
877 927
1378 2135
1848 674
1868 1558
64 1699
1699 686
1182 150
791 1936
2636 2008
2812 2532
1109 313
494 586
1481 1732
2011 2997
2091 1914
404 1245
15 452
491 784
598 2063
1336 1942
1587 1332
2882 889
1095 322
2633 2973
1732 1871
2082 2001
2758 1129
843 2247
2137 190
1769 1985
1383 1347
15 1423
782 476
850 41
875 1955
1269 429
2998 108
382 2801
1037 2567
1141 2616
889 477
2355 99
834 2524
162 1920
1281 1678
1915 1933
1217 701
1788 264
2782 615
2549 1645
1066 468
1073 1341
2983 409
1187 583
1130 1017
2766 1189
1459 237
1741 1522
1386 495
913 1612
949 20
1429 385
1799 859
23 2974
1375 267
551 310
2049 2108
1881 1541
1782 1307
304 519
630 2583
566 862
407 1465
988 1205
2935 467
8 2945
2780 1865
2720 2094
357 79
791 1062
478 95
1278 1354
1142 970
1514 806
2294 2161
2515 2909
2472 767
288 2087
1310 301
2774 659
1101 743
1288 1803
1279 1055
564 2015
1873 942
2007 1164
774 2574
2419 2206
660 267
411 1265
2851 440
2794 783
1233 2068
2363 1126
2616 1114
1680 1113
2239 1824
909 1765
1132 2626
2136 1152
1927 452
922 2625
2050 1538
1841 411
645 1420
1709 1417
62 2995
2765 2833
2104 1364
986 2927
717 2626
96 2292
1184 2954
1738 932
2218 735
2151 275
1806 2597
2538 145
2463 186
420 1392
1146 1975
490 2321
2814 2670
223 390
2945 961
681 327
2149 1497
2043 2033
435 2409
2822 725
42 2405
2272 2197
2775 1047
2794 2978
2990 1501
1333 717
870 1061
1399 2944
1307 2201
1345 218
158 93
587 1138
2524 1494
569 228
1518 821
1292 2178
1839 1785
2327 2400
2144 2585
521 2684
2494 2777
2914 2075
2484 2860
400 1306
1698 2796
1821 185
2809 2230
170 1120
2727 1131
994 548
868 1916
740 1973
78 1412
555 2905
755 2425
1877 1072
1382 2417
929 1371
2107 346
2444 2747
535 2162
968 1381
1471 1016
2500 2080
1115 50
2690 1791
2582 34
745 113
653 1140
1293 2901
1845 2534
551 256
1563 2138
1774 1676
2026 2849
2542 1366
2519 900
1962 1537
469 933
274 2076
2404 1610
2708 2444
1714 400
2326 2727
862 2378
74 1192
1436 1297
2353 1407
1504 330
123 2904
1968 1870
2099 1039
2781 1048
316 383
160 35
1781 1052
2533 1772
728 2496
221 638
1703 1559
2581 809
1736 341
2997 983
868 1005
468 103
2281 2554
1760 889
1063 1239
2724 1923
614 780
2464 1594
2241 2552
56 571
953 2795
2499 2476
2899 455
2577 2121
2923 2723
2447 2218
2630 1008
1407 870
1927 1423
1917 1003
2254 2789
2574 2783
1340 1798
2122 2790
2805 1914
2687 2342
2219 762
1649 2472
641 1786
1494 1858
2700 2314
76 623
1944 576
1031 664
1307 2290
1183 771
175 2303
2518 484
586 1384
1333 1132
157 1776
1731 1639
795 1853
1406 1697
2181 756
1712 1775
1852 477
2389 745
2512 2988
1188 2682
1645 463
711 2210
840 2627
612 404
2640 920
380 878
1681 2086
1659 374
1331 2267
33 883
1594 1509
664 552
611 160
122 508
37 3
963 1215
1120 524
2864 2605
1973 1142
2907 2185
684 2300
1816 2917
1711 46
1849 627
470 2336
72 2895
959 896
1131 1058
2800 765
1010 2544
1482 1505
1832 163
2536 177
1293 2726
2091 39
1710 1969
2191 1037
262 1585
600 383
395 1228
57 2968
1855 1395
811 206
1904 1860
1567 1398
2635 2414
2004 2243
1596 2026
1957 1718
2234 2146
2025 2219
2601 630
2526 2598
2474 2249
2540 2770
1269 12
890 2046
2087 534
2273 1465
