300 300
30 284
222 290
63 216
98 180
100 295
105 5
50 226
288 210
64 3
264 212
92 79
170 14
248 26
164 140
82 24
180 86
3 83
294 67
172 113
249 175
91 38
18 13
299 294
203 76
272 205
269 184
102 60
291 182
286 51
103 300
250 190
298 31
225 197
287 158
47 173
223 200
96 39
268 42
58 224
162 9
30 262
289 95
69 123
214 150
128 48
55 52
176 147
77 164
30 71
83 169
156 197
59 213
193 196
65 293
70 103
163 64
252 157
262 239
24 260
231 132
113 213
20 264
197 174
240 106
240 136
143 68
89 132
169 37
51 297
74 241
148 229
266 269
194 142
299 114
133 159
127 95
281 42
156 177
37 206
34 261
110 129
75 248
239 251
7 201
151 230
192 142
227 215
4 12
221 254
211 294
206 134
253 89
94 33
57 268
233 76
52 79
295 35
293 108
224 294
32 256
90 20
122 168
218 136
96 91
26 87
207 125
77 225
103 2
13 158
25 146
124 199
9 194
204 226
275 219
217 220
170 135
48 141
44 237
15 273
85 137
100 165
132 137
147 25
153 288
199 286
141 199
173 139
201 141
155 20
106 195
283 207
45 113
261 170
68 134
148 232
67 279
219 77
98 8
39 104
241 266
184 276
25 100
122 152
2 281
214 294
269 161
142 202
254 54
62 145
116 193
23 261
17 104
207 117
246 179
209 201
265 109
123 122
91 73
212 45
132 230
138 111
12 252
33 131
120 273
258 41
232 287
297 296
176 236
16 216
154 280
101 12
200 138
133 255
66 166
79 29
299 198
279 74
6 196
267 242
28 53
234 19
161 43
181 49
118 186
182 247
76 70
226 160
20 258
216 257
126 285
173 28
235 299
248 228
28 181
296 115
189 298
278 4
23 292
136 126
271 115
136 60
88 79
207 98
54 80
210 182
80 19
5 254
294 121
61 276
131 219
251 243
230 209
112 297
282 9
249 50
187 264
46 299
82 119
268 107
238 116
11 180
115 93
205 30
263 200
196 185
217 123
92 246
109 62
144 188
48 244
144 271
157 58
129 212
81 268
191 278
273 162
86 3
28 249
228 203
135 109
130 102
242 208
269 267
133 108
206 288
196 5
174 82
145 75
138 40
93 190
72 235
215 25
27 141
118 149
111 55
285 176
166 171
187 277
142 127
183 50
193 167
243 4
285 36
290 22
22 96
295 238
146 21
107 132
270 138
169 97
126 99
251 78
95 217
260 283
220 232
247 154
181 274
56 182
178 190
119 10
226 133
262 259
280 261
108 200
256 172
29 118
19 20
158 66
190 94
38 15
12 216
44 251
213 222
166 272
84 251
189 112
186 240
1 242
242 47
268 245
