800 100
16 43 43 8 65 2 40 17 83 23 87 2 99 54 24 7 77 82 13 50 55 10 68 78 54 98 34 42 6 66 9 98 71 50 94 90 20 42 43 40 47 82 21 67 73 48 57 1 55 48 56 80 37 53 55 16 10 2 36 4 80 12 87 48 86 22 48 5 55 53 37 87 89 1 30 39 13 99 7 64 9 64 26 96 91 82 98 14 16 82 75 90 53 86 46 42 64 40 51 36 27 90 10 86 48 52 91 20 76 35 86 28 37 87 49 46 98 87 51 27 23 3 49 88 16 34 82 59 70 69 73 65 34 11 53 20 92 23 96 54 93 16 5 47 5 19 2 88 13 22 75 72 15 43 82 95 9 98 91 61 30 19 36 52 58 4 92 69 18 50 61 21 9 66 13 66 1 14 85 83 4 77 97 52 100 31 80 79 81 52 73 40 34 20 12 34 55 87 25 98 17 54 17 43 47 45 30 20 43 42 82 38 52 70 51 96 19 11 38 51 95 70 99 77 97 14 99 83 28 81 53 31 74 69 22 87 7 73 44 2 81 53 65 94 80 55 71 92 35 76 35 96 55 26 43 44 96 95 44 46 89 70 43 51 35 45 14 23 33 42 47 95 87 82 57 6 56 15 62 15 12 32 4 69 82 91 47 68 70 2 14 16 62 6 73 63 10 48 86 28 18 73 99 41 31 9 3 100 29 34 100 66 71 5 1 3 3 1 24 70 87 27 62 52 52 6 81 63 35 28 18 21 29 16 99 36 47 1 99 40 57 60 61 4 31 33 29 5 58 28 57 25 76 42 64 59 38 48 85 70 8 79 77 62 10 61 48 69 90 4 65 3 11 9 61 9 68 74 50 88 67 72 100 34 24 3 11 48 48 50 63 28 55 19 49 53 90 90 50 88 85 49 68 1 4 61 83 91 91 63 42 40 27 1 39 89 19 78 53 72 51 90 35 74 31 39 72 32 36 21 45 60 11 80 66 57 98 28 80 76 35 20 38 52 13 15 3 5 73 55 20 86 30 14 91 32 53 19 39 15 28 36 44 14 80 89 69 100 96 22 44 20 96 13 90 29 46 46 52 86 27 70 1 60 77 33 89 17 96 50 30 23 59 85 29 33 96 57 6 66 46 87 35 100 66 61 38 46 20 26 86 97 16 71 100 31 33 90 91 70 32 42 8 19 100 15 46 26 60 38 93 97 45 31 17 52 30 98 38 52 49 84 37 58 73 94 45 81 45 27 95 86 98 54 59 9 99 70 52 93 99 41 66 48 64 99 21 35 3 71 69 70 85 50 12 80 20 19 80 98 9 87 2 90 84 59 89 66 48 62 35 89 37 22 48 41 20 29 17 97 62 81 96 65 94 49 52 64 79 11 4 9 65 74 83 58 16 43 87 44 88 71 86 95 59 22 12 9 7 95 79 48 42 70 71 9 86 46 1 1 34 16 2 19 30 96 80 93 78 47 33 35 66 5 71 14 8 59 91 23 99 67 48 49 75 71 30 81 85 63 39 44 91 64 14 4 31 57 35 87 17 91 23 3 11 72 52 74 60 39 95 100 15 19 3 59 89 60 33 65 21 26 50 97 24 65 64 79 45 61 97 57 73 43 8 54 62 48 34 29 16 12 60 91 84 53 62 88 73 66 87 91 76 94 89 91 97 81 96 36 23 76 82 79 14 56 26 71 3 5 21 21 75 48 44 25 45 71 39 4 74 63 25 56 70 86 78 83 72 19 41 9 93 7 10 16 5 96 99 40 94 15 21 82 25 30 17 37 86 40 59 36 4 76 63 71 5 60 11 48
800
P 585 652 31
CS 725 104
P 504 594 44
F
P 255 276 8
R 207
F
P 704 786 37
CS 535 527
F
CS 776 13
CS 658 525
CS 517 526
CS 405 505
CS 483 304
P 12 19 33
R 475
C
P 573 641 71
CS 599 659
CS 507 571
CS 200 268
C
P 597 666 54
F
CS 544 138
C
P 83 139 42
F
F
R 478
R 546
P 6 42 83
CS 458 528
R 213
CS 33 194
CS 655 225
P 119 190 64
P 661 726 100
CS 200 522
CS 15 463
P 79 109 51
R 290
P 696 760 16
P 170 221 10
P 31 62 52
CS 367 637
CS 198 653
S 659 446
R 515
S 565 470
P 15 79 4
CS 404 800
C
F
CS 654 308
R 694
P 343 427 55
CS 412 189
R 769
P 515 571 12
CS 739 57
CS 760 138
P 660 684 27
C
F
S 111 406
CS 449 577
CS 607 446
CS 472 252
F
R 562
P 493 564 99
F
P 460 474 62
F
S 297 99
P 228 81 18
P 332 406 79
C
F
R 792
P 413 443 15
R 250
CS 329 297
CS 743 766
CS 117 85
P 524 584 71
P 417 448 75
P 666 693 48
CS 139 133
R 710
CS 53 301
CS 465 772
P 545 588 75
P 350 407 40
F
CS 323 797
P 354 452 36
P 484 504 87
CS 107 260
P 216 305 83
CS 765 719
P 280 294 5
S 457 493
S 688 144
F
R 473
F
C
P 33 36 55
P 489 511 93
P 309 337 34
CS 206 660
CS 286 693
CS 519 687
F
S 769 175
F
C
P 155 165 18
P 307 390 39
R 738
R 551
R 439
P 653 713 76
CS 253 722
CS 61 368
P 609 620 75
F
CS 540 212
P 474 717 21
P 760 14 12
CS 179 381
S 436 472
P 778 50 80
F
C
CS 507 709
F
C
R 31
CS 176 8
R 307
P 340 433 10
S 496 49
CS 355 744
CS 417 542
CS 755 652
P 734 757 11
CS 211 346
CS 527 347
P 511 558 81
C
CS 205 236
R 430
P 259 674 76
F
R 272
P 790 10 52
C
F
F
CS 148 113
P 444 485 13
P 536 625 7
S 242 197
CS 16 407
P 747 11 89
R 330
CS 590 173
S 588 246
P 379 397 82
F
P 428 474 57
F
CS 168 228
R 787
S 670 596
CS 8 765
S 720 738
R 269
F
CS 762 203
C
CS 453 124
C
CS 602 610
F
CS 446 351
P 593 655 42
P 10 31 50
P 421 345 19
R 628
P 264 285 54
CS 43 490
R 356
CS 86 505
C
P 381 437 16
R 38
CS 751 769
R 756
P 682 748 86
R 175
CS 381 512
P 525 614 100
C
F
CS 699 329
CS 507 85
CS 468 431
CS 618 601
P 633 726 2
CS 684 496
P 286 456 32
P 470 530 30
P 640 724 28
S 633 451
S 86 343
C
P 496 520 73
C
R 424
P 725 10 46
P 120 149 85
S 505 759
F
CS 748 675
F
CS 277 128
CS 241 657
P 227 527 63
CS 25 288
C
P 651 686 97
C
P 346 443 58
F
F
P 616 664 51
C
CS 76 151
P 674 702 93
CS 459 495
P 514 588 61
S 445 88
R 187
P 404 482 37
R 422
F
CS 135 317
P 49 118 19
S 101 183
R 290
P 470 502 55
CS 501 127
F
R 81
CS 480 404
F
P 383 384 62
S 226 119
F
R 378
CS 7 798
CS 220 368
P 323 397 51
S 747 38
C
P 406 475 79
F
P 96 138 29
C
P 36 73 67
P 434 435 71
R 171
P 196 283 88
CS 592 2
CS 428 771
CS 342 733
CS 372 346
P 468 474 48
C
CS 438 203
CS 25 446
P 521 30 41
R 517
CS 610 220
C
P 479 510 81
CS 533 761
R 663
F
R 108
CS 764 190
P 477 561 19
CS 22 136
P 780 23 66
C
P 697 204 67
R 428
CS 783 543
F
CS 78 643
C
P 260 322 33
P 368 384 50
R 209
R 313
R 155
F
P 175 241 64
P 208 791 29
P 2 56 46
P 518 540 71
R 221
CS 211 280
CS 663 291
CS 543 714
CS 518 169
P 318 332 61
R 34
CS 524 521
R 143
CS 575 159
CS 177 480
P 402 450 24
P 324 372 77
CS 733 196
R 630
CS 478 474
F
P 133 156 72
C
R 129
CS 243 303
P 503 553 23
P 679 716 82
F
CS 156 721
CS 349 238
S 155 731
P 164 242 69
S 126 736
R 635
R 391
CS 675 202
P 237 270 51
P 13 88 82
F
CS 336 558
P 494 538 30
CS 198 726
CS 98 336
F
F
CS 542 164
CS 454 529
R 458
C
C
R 500
CS 790 589
P 618 674 55
P 502 561 65
P 733 737 25
F
CS 569 477
F
P 673 757 20
R 382
S 614 148
P 433 478 39
R 452
R 345
C
P 290 381 98
P 768 30 37
CS 526 483
P 639 728 55
P 711 780 30
P 130 175 61
CS 378 511
P 26 104 59
R 660
F
F
R 693
S 116 614
CS 149 796
F
CS 352 544
P 588 592 61
R 17
P 279 375 8
R 72
CS 114 14
C
C
R 752
F
CS 217 95
F
F
P 731 5 97
C
F
P 499 543 55
CS 5 641
R 30
C
P 221 240 31
CS 700 536
P 341 426 81
CS 560 799
R 524
CS 265 472
CS 67 318
C
CS 388 480
C
F
CS 455 420
P 162 189 92
R 116
R 300
P 623 660 29
C
P 400 493 36
R 36
F
CS 605 304
CS 565 484
P 33 64 82
P 599 669 95
R 702
CS 780 467
C
P 219 254 79
P 794 603 90
S 636 470
R 159
P 116 118 77
R 789
CS 364 249
P 261 249 83
C
R 195
P 295 388 74
CS 608 491
CS 696 98
C
CS 182 666
CS 55 667
F
R 133
P 235 770 82
P 478 480 28
P 422 497 63
R 397
R 117
R 634
CS 480 159
P 610 246 36
CS 674 389
CS 617 405
CS 72 551
P 45 88 15
CS 233 762
C
P 253 448 33
F
P 756 17 74
F
CS 521 57
CS 64 28
P 125 713 23
R 540
CS 477 463
CS 602 365
CS 664 487
F
CS 656 163
CS 706 744
CS 698 535
P 310 316 27
F
P 53 149 56
P 600 618 34
R 572
CS 671 355
CS 563 166
CS 707 268
P 625 699 67
P 83 108 35
CS 398 721
S 603 571
R 242
CS 465 623
S 741 272
F
R 194
C
C
CS 622 210
C
CS 746 269
F
P 742 798 48
R 676
P 444 487 67
C
R 415
CS 113 185
P 532 607 30
F
CS 485 168
F
P 196 241 22
R 685
C
CS 579 514
P 386 410 72
CS 533 24
F
P 731 793 20
P 709 714 95
F
R 488
CS 677 788
R 542
CS 211 317
P 143 227 65
F
CS 615 701
C
CS 278 117
P 302 384 21
CS 680 378
P 157 217 74
CS 329 396
R 526
CS 20 339
P 285 321 17
P 706 709 36
C
F
CS 538 37
P 200 737 86
F
S 22 77
R 654
R 694
P 684 720 50
F
P 47 135 79
CS 434 459
C
P 13 18 80
CS 620 396
C
P 760 15 30
CS 276 284
S 196 70
CS 587 614
P 107 113 76
R 238
P 105 196 79
CS 135 307
P 147 166 39
R 730
P 222 294 61
P 788 7 64
P 701 753 23
P 112 127 83
P 737 3 51
F
F
P 187 239 7
CS 603 428
R 185
CS 148 374
P 367 426 92
CS 403 105
CS 217 356
F
F
P 420 519 44
S 275 464
CS 670 429
CS 636 234
CS 162 117
F
R 423
R 327
R 3
P 460 528 12
C
CS 795 74
CS 416 723
P 110 175 42
R 749
P 572 573 31
P 131 167 63
P 739 36 21
C
CS 617 540
R 48
CS 677 557
CS 153 189
S 132 353
F
P 453 546 32
P 25 87 99
C
P 136 232 74
F
P 200 297 77
CS 675 41
P 146 171 19
S 98 217
C
R 36
P 477 531 81
CS 339 621
S 23 432
CS 286 737
CS 689 22
R 547
P 788 551 51
CS 259 534
R 544
CS 283 624
R 241
P 728 7 87
R 66
C
P 593 676 75
P 743 33 46
CS 623 786
F
P 715 1 52
P 419 490 36
C
CS 27 191
F
C
R 375
P 179 277 100
R 793
CS 22 586
P 538 585 21
P 572 473 72
CS 621 542
P 718 731 92
F
F
CS 733 657
R 289
CS 171 342
R 186
P 722 741 79
R 134
P 436 473 10
F
CS 626 311
P 427 469 28
F
C
P 732 800 51
C
P 416 419 83
C
P 54 69 66
S 582 625
CS 524 572
F
F
C
CS 717 449
R 716
F
S 624 772
CS 442 162
S 509 134
CS 752 383
CS 510 568
CS 14 693
CS 377 637
R 759
CS 404 309
P 499 584 96
P 454 472 33
S 422 361
P 728 784 41
P 350 359 62
F
CS 299 714
F
C
CS 293 484
P 611 653 4
C
F
F
C
CS 352 79
S 5 132
S 349 349
CS 576 491
CS 755 680
CS 643 117
R 405
P 91 165 26
F
CS 312 109
P 584 668 2
P 187 191 66
P 78 169 90
C
CS 597 194
C
P 334 398 33
CS 776 768
CS 259 717
P 531 148 49
CS 34 167
P 4 66 22
P 326 328 37
S 324 417
CS 206 394
S 375 743
S 693 749
R 609
P 344 374 19
P 415 504 34
CS 618 555
CS 282 35
CS 35 572
F
C
P 353 444 17
F
CS 662 378
P 443 533 51
F
P 431 493 84
R 277
CS 479 230
P 788 4 21
CS 293 426
CS 279 271
CS 109 617
CS 281 616
P 466 487 44
R 11
P 659 122 11
CS 504 405
C
P 662 667 69
CS 289 22
F
R 658
P 683 738 3
R 675
R 41
F
P 505 544 52
R 714
P 510 551 55
P 370 404 72
R 534
F
CS 592 722
CS 287 96
C
P 187 222 58
CS 234 470
F
F
P 183 195 89
F
C
CS 717 310
P 707 764 96
P 331 430 40
CS 394 142
CS 91 76
CS 522 24
S 682 696
F
CS 171 116
CS 81 433
R 87
CS 93 680
CS 343 534
CS 492 733
P 55 122 7
C
