1000 100
3 38
68 16
24 29
80 47
76 22
9 25
24 17
2 49
46 15
75 15
56 75
41 11
95 56
46 99
23 51
34 92
64 59
76 37
6 13
48 98
25 61
73 50
87 32
67 17
58 44
7 79
93 41
66 53
55 45
75 29
38 62
27 64
53 2
6 23
100 31
36 45
26 57
17 68
53 57
88 26
21 51
9 26
34 86
90 83
32 94
47 20
4 98
6 24
57 91
50 89
30 1
25 63
41 21
24 46
12 74
74 56
92 64
17 72
32 58
96 8
35 74
76 24
52 27
93 35
64 94
55 49
1 65
70 21
26 16
35 25
2 1
97 45
82 63
22 4
41 37
37 25
63 39
28 68
90 49
13 11
18 31
55 95
28 5
58 79
59 20
74 21
71 52
32 50
71 8
66 19
4 67
5 21
48 24
52 89
70 28
62 88
28 38
36 96
39 64
48 84
