1000 100
75 27
64 21
68 14
18 82
83 36
55 94
60 88
10 71
18 86
83 69
53 75
87 60
80 74
14 16
92 38
18 49
67 24
22 68
64 87
15 85
80 32
33 70
79 37
81 36
43 65
93 29
74 91
48 6
74 54
72 13
70 78
94 70
98 95
57 2
75 38
98 84
4 30
46 44
9 85
80 75
18 39
96 24
78 42
96 76
24 15
14 53
37 68
50 78
52 75
66 24
63 53
27 84
30 34
50 99
88 32
63 22
100 5
68 80
50 39
61 92
55 34
63 59
47 17
95 41
52 17
40 19
65 28
43 57
69 31
34 1
46 21
26 44
45 47
18 71
94 28
93 9
67 15
3 71
34 36
79 24
60 36
67 81
48 33
65 40
4 69
9 65
28 68
10 73
49 4
77 19
98 1
47 11
56 50
11 13
23 78
4 93
70 34
28 60
95 41
21 35
