1000 100
42 15
30 64
27 82
93 87
8 81
34 54
47 65
64 98
82 42
76 99
70 6
79 50
23 90
5 99
67 96
9 57
97 76
29 12
7 47
61 18
73 46
3 73
44 99
85 60
7 40
51 60
49 15
90 5
59 65
38 69
55 19
39 72
62 51
85 33
54 11
81 72
38 69
42 64
90 97
90 95
26 32
50 59
22 34
71 3
52 27
41 99
77 82
32 44
49 66
2 83
96 72
84 28
20 64
48 90
17 15
62 38
87 65
94 91
84 68
26 28
73 17
52 80
12 1
70 29
42 54
47 8
94 11
13 11
47 70
89 40
90 93
7 65
51 51
39 49
24 75
6 35
74 41
69 60
5 72
47 57
78 76
65 6
67 28
35 12
89 59
69 58
96 55
15 30
20 66
8 13
28 24
25 24
16 9
33 17
22 43
16 67
64 90
64 37
63 36
67 36
