938
571
710
210
130
514
514
417
40
1
153
79
150
122
108
25
127
124
129
135
4
74
115
97
1
18
3
95
91
86
73
1
91
92
3
9
6
10
5
11
12
12
4
1
1
7
9
4
11
4
7
10
9
14
1
1
1
7
11
12
17
1
4
4
6
17
16
1
17
17
17
18
17
23
6
25
4
25
10
21
25
19
27
18
35
17
12
34
4
35
29
39
31
16
39
26
38
10
14
3
6
31
31
18
12
12
22
30
16
25
25
21
12
8
23
15
8
29
21
29
29
2
31
32
36
10
18
8
16
35
16
36
36
10
36
36
17
33
39
12
23
7
39
39
36
35
1
11
12
38
13
39
21
39
30
27
24
49
45
49
49
49
12
24
19
53
3
27
52
44
40
18
51
5
36
38
15
36
38
38
5
9
1
9
10
1
12
12
12
12
8
21
12
1
13
21
8
23
16
17
10
6
32
32
16
32
24
6
1
34
30
29
14
5
30
30
19
27
27
10
17
9
27
15
32
13
32
2
39
40
43
47
46
40
40
44
38
22
40
32
7
34
36
21
15
36
33
28
6
5
31
16
31
19
1
26
1
1
2
8
6
8
9
6
6
6
7
1
1
1
6
1
10
6
10
12
11
3
10
10
14
7
9
14
14
16
4
11
18
20
19
20
12
13
1
6
21
20
7
13
6
17
8
28
3
32
3
29
26
34
30
40
40
40
24
40
22
6
4
13
1
5
17
1
18
17
3
1
19
2
4
10
4
7
17
5
16
17
18
3
10
17
9
14
17
17
2
33
34
6
31
17
1
1
15
1
4
2
3
1
6
3
1
5
5
3
6
8
14
19
2
4
3
3
2
1
2
6
11
1
2
15
21
23
23
3
18
4
13
16
