1000 999
2 1 1000
2 2 1000
2 3 1000
2 4 1000
2 5 1000
2 6 1000
2 7 1000
2 8 1000
2 9 1000
2 10 1000
2 11 1000
2 12 1000
2 13 1000
2 14 1000
2 15 1000
2 16 1000
2 17 1000
2 18 1000
2 19 1000
2 20 1000
2 21 1000
2 22 1000
2 23 1000
2 24 1000
2 25 1000
2 26 1000
2 27 1000
2 28 1000
2 29 1000
2 30 1000
2 31 1000
2 32 1000
2 33 1000
2 34 1000
2 35 1000
2 36 1000
2 37 1000
2 38 1000
2 39 1000
2 40 1000
2 41 1000
2 42 1000
2 43 1000
2 44 1000
2 45 1000
2 46 1000
2 47 1000
2 48 1000
2 49 1000
2 50 1000
2 51 1000
2 52 1000
2 53 1000
2 54 1000
2 55 1000
2 56 1000
2 57 1000
2 58 1000
2 59 1000
2 60 1000
2 61 1000
2 62 1000
2 63 1000
2 64 1000
2 65 1000
2 66 1000
2 67 1000
2 68 1000
2 69 1000
2 70 1000
2 71 1000
2 72 1000
2 73 1000
2 74 1000
2 75 1000
2 76 1000
2 77 1000
2 78 1000
2 79 1000
2 80 1000
2 81 1000
2 82 1000
2 83 1000
2 84 1000
2 85 1000
2 86 1000
2 87 1000
2 88 1000
2 89 1000
2 90 1000
2 91 1000
2 92 1000
2 93 1000
2 94 1000
2 95 1000
2 96 1000
2 97 1000
2 98 1000
2 99 1000
2 100 1000
2 101 1000
2 102 1000
2 103 1000
2 104 1000
2 105 1000
2 106 1000
2 107 1000
2 108 1000
2 109 1000
2 110 1000
2 111 1000
2 112 1000
2 113 1000
2 114 1000
2 115 1000
2 116 1000
2 117 1000
2 118 1000
2 119 1000
2 120 1000
2 121 1000
2 122 1000
2 123 1000
2 124 1000
2 125 1000
2 126 1000
2 127 1000
2 128 1000
2 129 1000
2 130 1000
2 131 1000
2 132 1000
2 133 1000
2 134 1000
2 135 1000
2 136 1000
2 137 1000
2 138 1000
2 139 1000
2 140 1000
2 141 1000
2 142 1000
2 143 1000
2 144 1000
2 145 1000
2 146 1000
2 147 1000
2 148 1000
2 149 1000
2 150 1000
2 151 1000
2 152 1000
2 153 1000
2 154 1000
2 155 1000
2 156 1000
2 157 1000
2 158 1000
2 159 1000
2 160 1000
2 161 1000
2 162 1000
2 163 1000
2 164 1000
2 165 1000
2 166 1000
2 167 1000
2 168 1000
2 169 1000
2 170 1000
2 171 1000
2 172 1000
2 173 1000
2 174 1000
2 175 1000
2 176 1000
2 177 1000
2 178 1000
2 179 1000
2 180 1000
2 181 1000
2 182 1000
2 183 1000
2 184 1000
2 185 1000
2 186 1000
2 187 1000
2 188 1000
2 189 1000
2 190 1000
2 191 1000
2 192 1000
2 193 1000
2 194 1000
2 195 1000
2 196 1000
2 197 1000
2 198 1000
2 199 1000
2 200 1000
2 201 1000
2 202 1000
2 203 1000
2 204 1000
2 205 1000
2 206 1000
2 207 1000
2 208 1000
2 209 1000
2 210 1000
2 211 1000
2 212 1000
2 213 1000
2 214 1000
2 215 1000
2 216 1000
2 217 1000
2 218 1000
2 219 1000
2 220 1000
2 221 1000
2 222 1000
2 223 1000
2 224 1000
2 225 1000
2 226 1000
2 227 1000
2 228 1000
2 229 1000
2 230 1000
2 231 1000
2 232 1000
2 233 1000
2 234 1000
2 235 1000
2 236 1000
2 237 1000
2 238 1000
2 239 1000
2 240 1000
2 241 1000
2 242 1000
2 243 1000
2 244 1000
2 245 1000
2 246 1000
2 247 1000
2 248 1000
2 249 1000
2 250 1000
2 251 1000
2 252 1000
2 253 1000
2 254 1000
2 255 1000
2 256 1000
2 257 1000
2 258 1000
2 259 1000
2 260 1000
2 261 1000
2 262 1000
2 263 1000
2 264 1000
2 265 1000
2 266 1000
2 267 1000
2 268 1000
2 269 1000
2 270 1000
2 271 1000
2 272 1000
2 273 1000
2 274 1000
2 275 1000
2 276 1000
2 277 1000
2 278 1000
2 279 1000
2 280 1000
2 281 1000
2 282 1000
2 283 1000
2 284 1000
2 285 1000
2 286 1000
2 287 1000
2 288 1000
2 289 1000
2 290 1000
2 291 1000
2 292 1000
2 293 1000
2 294 1000
2 295 1000
2 296 1000
2 297 1000
2 298 1000
2 299 1000
2 300 1000
2 301 1000
2 302 1000
2 303 1000
2 304 1000
2 305 1000
2 306 1000
2 307 1000
2 308 1000
2 309 1000
2 310 1000
2 311 1000
2 312 1000
2 313 1000
2 314 1000
2 315 1000
2 316 1000
2 317 1000
2 318 1000
2 319 1000
2 320 1000
2 321 1000
2 322 1000
2 323 1000
2 324 1000
2 325 1000
2 326 1000
2 327 1000
2 328 1000
2 329 1000
2 330 1000
2 331 1000
2 332 1000
2 333 1000
2 334 1000
2 335 1000
2 336 1000
2 337 1000
2 338 1000
2 339 1000
2 340 1000
2 341 1000
2 342 1000
2 343 1000
2 344 1000
2 345 1000
2 346 1000
2 347 1000
2 348 1000
2 349 1000
2 350 1000
2 351 1000
2 352 1000
2 353 1000
2 354 1000
2 355 1000
2 356 1000
2 357 1000
2 358 1000
2 359 1000
2 360 1000
2 361 1000
2 362 1000
2 363 1000
2 364 1000
2 365 1000
2 366 1000
2 367 1000
2 368 1000
2 369 1000
2 370 1000
2 371 1000
2 372 1000
2 373 1000
2 374 1000
2 375 1000
2 376 1000
2 377 1000
2 378 1000
2 379 1000
2 380 1000
2 381 1000
2 382 1000
2 383 1000
2 384 1000
2 385 1000
2 386 1000
2 387 1000
2 388 1000
2 389 1000
2 390 1000
2 391 1000
2 392 1000
2 393 1000
2 394 1000
2 395 1000
2 396 1000
2 397 1000
2 398 1000
2 399 1000
2 400 1000
2 401 1000
2 402 1000
2 403 1000
2 404 1000
2 405 1000
2 406 1000
2 407 1000
2 408 1000
2 409 1000
2 410 1000
2 411 1000
2 412 1000
2 413 1000
2 414 1000
2 415 1000
2 416 1000
2 417 1000
2 418 1000
2 419 1000
2 420 1000
2 421 1000
2 422 1000
2 423 1000
2 424 1000
2 425 1000
2 426 1000
2 427 1000
2 428 1000
2 429 1000
2 430 1000
2 431 1000
2 432 1000
2 433 1000
2 434 1000
2 435 1000
2 436 1000
2 437 1000
2 438 1000
2 439 1000
2 440 1000
2 441 1000
2 442 1000
2 443 1000
2 444 1000
2 445 1000
2 446 1000
2 447 1000
2 448 1000
2 449 1000
2 450 1000
2 451 1000
2 452 1000
2 453 1000
2 454 1000
2 455 1000
2 456 1000
2 457 1000
2 458 1000
2 459 1000
2 460 1000
2 461 1000
2 462 1000
2 463 1000
2 464 1000
2 465 1000
2 466 1000
2 467 1000
2 468 1000
2 469 1000
2 470 1000
2 471 1000
2 472 1000
2 473 1000
2 474 1000
2 475 1000
2 476 1000
2 477 1000
2 478 1000
2 479 1000
2 480 1000
2 481 1000
2 482 1000
2 483 1000
2 484 1000
2 485 1000
2 486 1000
2 487 1000
2 488 1000
2 489 1000
2 490 1000
2 491 1000
2 492 1000
2 493 1000
2 494 1000
2 495 1000
2 496 1000
2 497 1000
2 498 1000
2 499 1000
2 500 1000
2 501 1000
2 502 1000
2 503 1000
2 504 1000
2 505 1000
2 506 1000
2 507 1000
2 508 1000
2 509 1000
2 510 1000
2 511 1000
2 512 1000
2 513 1000
2 514 1000
2 515 1000
2 516 1000
2 517 1000
2 518 1000
2 519 1000
2 520 1000
2 521 1000
2 522 1000
2 523 1000
2 524 1000
2 525 1000
2 526 1000
2 527 1000
2 528 1000
2 529 1000
2 530 1000
2 531 1000
2 532 1000
2 533 1000
2 534 1000
2 535 1000
2 536 1000
2 537 1000
2 538 1000
2 539 1000
2 540 1000
2 541 1000
2 542 1000
2 543 1000
2 544 1000
2 545 1000
2 546 1000
2 547 1000
2 548 1000
2 549 1000
2 550 1000
2 551 1000
2 552 1000
2 553 1000
2 554 1000
2 555 1000
2 556 1000
2 557 1000
2 558 1000
2 559 1000
2 560 1000
2 561 1000
2 562 1000
2 563 1000
2 564 1000
2 565 1000
2 566 1000
2 567 1000
2 568 1000
2 569 1000
2 570 1000
2 571 1000
2 572 1000
2 573 1000
2 574 1000
2 575 1000
2 576 1000
2 577 1000
2 578 1000
2 579 1000
2 580 1000
2 581 1000
2 582 1000
2 583 1000
2 584 1000
2 585 1000
2 586 1000
2 587 1000
2 588 1000
2 589 1000
2 590 1000
2 591 1000
2 592 1000
2 593 1000
2 594 1000
2 595 1000
2 596 1000
2 597 1000
2 598 1000
2 599 1000
2 600 1000
2 601 1000
2 602 1000
2 603 1000
2 604 1000
2 605 1000
2 606 1000
2 607 1000
2 608 1000
2 609 1000
2 610 1000
2 611 1000
2 612 1000
2 613 1000
2 614 1000
2 615 1000
2 616 1000
2 617 1000
2 618 1000
2 619 1000
2 620 1000
2 621 1000
2 622 1000
2 623 1000
2 624 1000
2 625 1000
2 626 1000
2 627 1000
2 628 1000
2 629 1000
2 630 1000
2 631 1000
2 632 1000
2 633 1000
2 634 1000
2 635 1000
2 636 1000
2 637 1000
2 638 1000
2 639 1000
2 640 1000
2 641 1000
2 642 1000
2 643 1000
2 644 1000
2 645 1000
2 646 1000
2 647 1000
2 648 1000
2 649 1000
2 650 1000
2 651 1000
2 652 1000
2 653 1000
2 654 1000
2 655 1000
2 656 1000
2 657 1000
2 658 1000
2 659 1000
2 660 1000
2 661 1000
2 662 1000
2 663 1000
2 664 1000
2 665 1000
2 666 1000
2 667 1000
2 668 1000
2 669 1000
2 670 1000
2 671 1000
2 672 1000
2 673 1000
2 674 1000
2 675 1000
2 676 1000
2 677 1000
2 678 1000
2 679 1000
2 680 1000
2 681 1000
2 682 1000
2 683 1000
2 684 1000
2 685 1000
2 686 1000
2 687 1000
2 688 1000
2 689 1000
2 690 1000
2 691 1000
2 692 1000
2 693 1000
2 694 1000
2 695 1000
2 696 1000
2 697 1000
2 698 1000
2 699 1000
2 700 1000
2 701 1000
2 702 1000
2 703 1000
2 704 1000
2 705 1000
2 706 1000
2 707 1000
2 708 1000
2 709 1000
2 710 1000
2 711 1000
2 712 1000
2 713 1000
2 714 1000
2 715 1000
2 716 1000
2 717 1000
2 718 1000
2 719 1000
2 720 1000
2 721 1000
2 722 1000
2 723 1000
2 724 1000
2 725 1000
2 726 1000
2 727 1000
2 728 1000
2 729 1000
2 730 1000
2 731 1000
2 732 1000
2 733 1000
2 734 1000
2 735 1000
2 736 1000
2 737 1000
2 738 1000
2 739 1000
2 740 1000
2 741 1000
2 742 1000
2 743 1000
2 744 1000
2 745 1000
2 746 1000
2 747 1000
2 748 1000
2 749 1000
2 750 1000
2 751 1000
2 752 1000
2 753 1000
2 754 1000
2 755 1000
2 756 1000
2 757 1000
2 758 1000
2 759 1000
2 760 1000
2 761 1000
2 762 1000
2 763 1000
2 764 1000
2 765 1000
2 766 1000
2 767 1000
2 768 1000
2 769 1000
2 770 1000
2 771 1000
2 772 1000
2 773 1000
2 774 1000
2 775 1000
2 776 1000
2 777 1000
2 778 1000
2 779 1000
2 780 1000
2 781 1000
2 782 1000
2 783 1000
2 784 1000
2 785 1000
2 786 1000
2 787 1000
2 788 1000
2 789 1000
2 790 1000
2 791 1000
2 792 1000
2 793 1000
2 794 1000
2 795 1000
2 796 1000
2 797 1000
2 798 1000
2 799 1000
2 800 1000
2 801 1000
2 802 1000
2 803 1000
2 804 1000
2 805 1000
2 806 1000
2 807 1000
2 808 1000
2 809 1000
2 810 1000
2 811 1000
2 812 1000
2 813 1000
2 814 1000
2 815 1000
2 816 1000
2 817 1000
2 818 1000
2 819 1000
2 820 1000
2 821 1000
2 822 1000
2 823 1000
2 824 1000
2 825 1000
2 826 1000
2 827 1000
2 828 1000
2 829 1000
2 830 1000
2 831 1000
2 832 1000
2 833 1000
2 834 1000
2 835 1000
2 836 1000
2 837 1000
2 838 1000
2 839 1000
2 840 1000
2 841 1000
2 842 1000
2 843 1000
2 844 1000
2 845 1000
2 846 1000
2 847 1000
2 848 1000
2 849 1000
2 850 1000
2 851 1000
2 852 1000
2 853 1000
2 854 1000
2 855 1000
2 856 1000
2 857 1000
2 858 1000
2 859 1000
2 860 1000
2 861 1000
2 862 1000
2 863 1000
2 864 1000
2 865 1000
2 866 1000
2 867 1000
2 868 1000
2 869 1000
2 870 1000
2 871 1000
2 872 1000
2 873 1000
2 874 1000
2 875 1000
2 876 1000
2 877 1000
2 878 1000
2 879 1000
2 880 1000
2 881 1000
2 882 1000
2 883 1000
2 884 1000
2 885 1000
2 886 1000
2 887 1000
2 888 1000
2 889 1000
2 890 1000
2 891 1000
2 892 1000
2 893 1000
2 894 1000
2 895 1000
2 896 1000
2 897 1000
2 898 1000
2 899 1000
2 900 1000
2 901 1000
2 902 1000
2 903 1000
2 904 1000
2 905 1000
2 906 1000
2 907 1000
2 908 1000
2 909 1000
2 910 1000
2 911 1000
2 912 1000
2 913 1000
2 914 1000
2 915 1000
2 916 1000
2 917 1000
2 918 1000
2 919 1000
2 920 1000
2 921 1000
2 922 1000
2 923 1000
2 924 1000
2 925 1000
2 926 1000
2 927 1000
2 928 1000
2 929 1000
2 930 1000
2 931 1000
2 932 1000
2 933 1000
2 934 1000
2 935 1000
2 936 1000
2 937 1000
2 938 1000
2 939 1000
2 940 1000
2 941 1000
2 942 1000
2 943 1000
2 944 1000
2 945 1000
2 946 1000
2 947 1000
2 948 1000
2 949 1000
2 950 1000
2 951 1000
2 952 1000
2 953 1000
2 954 1000
2 955 1000
2 956 1000
2 957 1000
2 958 1000
2 959 1000
2 960 1000
2 961 1000
2 962 1000
2 963 1000
2 964 1000
2 965 1000
2 966 1000
2 967 1000
2 968 1000
2 969 1000
2 970 1000
2 971 1000
2 972 1000
2 973 1000
2 974 1000
2 975 1000
2 976 1000
2 977 1000
2 978 1000
2 979 1000
2 980 1000
2 981 1000
2 982 1000
2 983 1000
2 984 1000
2 985 1000
2 986 1000
2 987 1000
2 988 1000
2 989 1000
2 990 1000
2 991 1000
2 992 1000
2 993 1000
7 994 995 996 997 998 999 1000
6 995 996 997 998 999 1000
5 996 997 998 999 1000
4 997 998 999 1000
3 998 999 1000
2 999 1000
