16
0.00 0.06 0.78 0.72 0.43 0.95 0.10 0.07 0.42 0.13 0.66 0.07 0.88 0.97 0.02 0.47 
0.94 0.00 0.72 0.11 0.22 0.83 0.75 0.50 0.49 0.34 0.96 0.84 0.31 0.97 0.18 0.78 
0.22 0.28 0.00 0.12 0.79 0.24 0.42 0.65 0.85 0.56 0.77 0.66 0.14 0.29 0.60 0.68 
0.28 0.89 0.88 0.00 0.61 0.35 0.73 0.75 0.62 0.41 0.79 0.68 0.18 0.29 0.63 0.33 
0.57 0.78 0.21 0.39 0.00 0.99 0.28 0.80 0.57 0.47 0.30 0.38 0.22 0.12 0.52 0.37 
0.05 0.17 0.76 0.65 0.01 0.00 0.64 0.72 0.47 0.55 0.20 0.22 0.72 0.43 0.52 0.93 
0.90 0.25 0.58 0.27 0.72 0.36 0.00 0.15 0.47 0.77 0.31 0.92 0.34 0.54 0.04 0.09 
0.93 0.50 0.35 0.25 0.20 0.28 0.85 0.00 0.51 0.87 0.08 0.28 0.41 0.65 0.07 0.23 
0.58 0.51 0.15 0.38 0.43 0.53 0.53 0.49 0.00 0.47 0.52 0.55 0.37 0.22 0.35 0.11 
0.87 0.66 0.44 0.59 0.53 0.45 0.23 0.13 0.53 0.00 0.42 0.76 0.15 0.22 0.15 0.83 
0.34 0.04 0.23 0.21 0.70 0.80 0.69 0.92 0.48 0.58 0.00 0.78 0.14 0.39 0.35 0.13 
0.93 0.16 0.34 0.32 0.62 0.78 0.08 0.72 0.45 0.24 0.22 0.00 0.30 0.89 0.12 0.64 
0.12 0.69 0.86 0.82 0.78 0.28 0.66 0.59 0.63 0.85 0.86 0.70 0.00 0.18 0.44 0.91 
0.03 0.03 0.71 0.71 0.88 0.57 0.46 0.35 0.78 0.78 0.61 0.11 0.82 0.00 0.01 0.45 
0.98 0.82 0.40 0.37 0.48 0.48 0.96 0.93 0.65 0.85 0.65 0.88 0.56 0.99 0.00 0.99 
0.53 0.22 0.32 0.67 0.63 0.07 0.91 0.77 0.89 0.17 0.87 0.36 0.09 0.55 0.01 0.00 
1
10
100
1000
100000
