16
0.00 0.42 0.25 0.66 0.94 0.15 0.25 0.42 0.75 0.62 0.39 0.19 0.20 0.88 0.37 0.22 
0.58 0.00 0.10 0.42 0.07 0.67 0.89 0.98 0.45 0.49 0.37 0.91 0.06 0.41 0.07 0.80 
0.75 0.90 0.00 0.89 0.47 0.84 0.08 0.69 0.40 0.29 0.70 0.00 0.62 0.36 0.99 0.08 
0.34 0.58 0.11 0.00 0.20 0.45 0.76 0.86 0.13 0.00 0.90 0.02 0.32 0.43 0.83 0.55 
0.06 0.93 0.53 0.80 0.00 0.81 0.19 0.67 0.46 0.34 0.96 0.19 0.89 0.78 0.69 0.12 
0.85 0.33 0.16 0.55 0.19 0.00 0.70 0.26 0.76 0.07 0.29 0.11 0.21 0.12 0.70 0.15 
0.75 0.11 0.92 0.24 0.81 0.30 0.00 0.33 0.00 0.78 0.87 0.74 0.40 0.25 0.77 0.69 
0.58 0.02 0.31 0.14 0.33 0.74 0.67 0.00 0.55 0.73 0.89 0.07 0.91 0.89 0.45 0.44 
0.25 0.55 0.60 0.87 0.54 0.24 1.00 0.45 0.00 0.54 0.11 0.65 0.93 0.66 0.22 0.32 
0.38 0.51 0.71 1.00 0.66 0.93 0.22 0.27 0.46 0.00 0.72 0.79 0.19 0.53 0.21 0.56 
0.61 0.63 0.30 0.10 0.04 0.71 0.13 0.11 0.89 0.28 0.00 0.87 0.80 0.19 0.85 0.97 
0.81 0.09 1.00 0.98 0.81 0.89 0.26 0.93 0.35 0.21 0.13 0.00 0.45 0.99 0.83 0.29 
0.80 0.94 0.38 0.68 0.11 0.79 0.60 0.09 0.07 0.81 0.20 0.55 0.00 0.01 0.56 0.68 
0.12 0.59 0.64 0.57 0.22 0.88 0.75 0.11 0.34 0.47 0.81 0.01 0.99 0.00 0.88 0.26 
0.63 0.93 0.01 0.17 0.31 0.30 0.23 0.55 0.78 0.79 0.15 0.17 0.44 0.12 0.00 0.32 
0.78 0.20 0.92 0.45 0.88 0.85 0.31 0.56 0.68 0.44 0.03 0.71 0.32 0.74 0.68 0.00 
1
10
100
1000
100000
