1
52
51
42
120
73
10
97
15
70
90
104
108
121
65
78
20
25
106
81
83
89
13
74
69
102
40
24
110
16
63
4
46
123
60
66
117
11
6
91
43
98
21
113
95
9
93
100
12
47
84
55
62
68
37
64
115
57
111
126
75
44
3
67
14
99
122
77
80
27
18
30
72
92
86
54
26
49
48
31
53
32
87
36
17
118
96
23
38
8
56
116
109
5
50
45
19
114
105
128
61
59
41
29
2
119
103
124
85
71
35
33
76
22
28
112
39
125
107
94
34
127
88
101
79
82
58
7
134170.95731212
0.9
