128
0.00 0.50 0.50 0.50 0.51 0.51 0.51 0.51 0.52 0.52 0.52 0.52 0.53 0.53 0.53 0.53 0.54 0.54 0.54 0.54 0.55 0.55 0.55 0.55 0.56 0.56 0.56 0.56 0.57 0.57 0.57 0.57 0.58 0.58 0.58 0.58 0.59 0.59 0.59 0.59 0.60 0.60 0.60 0.60 0.61 0.61 0.61 0.61 0.62 0.62 0.62 0.62 0.63 0.63 0.63 0.63 0.64 0.64 0.64 0.64 0.65 0.65 0.65 0.65 0.66 0.66 0.66 0.66 0.67 0.67 0.67 0.67 0.68 0.68 0.68 0.68 0.69 0.69 0.69 0.69 0.70 0.70 0.70 0.70 0.71 0.71 0.71 0.71 0.72 0.72 0.72 0.72 0.73 0.73 0.73 0.73 0.74 0.74 0.74 0.74 0.75 0.75 0.75 0.75 0.76 0.76 0.76 0.76 0.77 0.77 0.77 0.77 0.78 0.78 0.78 0.78 0.79 0.79 0.79 0.79 0.80 0.80 0.80 0.80 0.81 0.81 0.81 0.81 
0.50 0.00 0.50 0.50 0.51 0.51 0.51 0.51 0.52 0.52 0.52 0.52 0.53 0.53 0.53 0.53 0.54 0.54 0.54 0.54 0.55 0.55 0.55 0.55 0.56 0.56 0.56 0.56 0.57 0.57 0.57 0.57 0.58 0.58 0.58 0.58 0.59 0.59 0.59 0.59 0.60 0.60 0.60 0.60 0.61 0.61 0.61 0.61 0.62 0.62 0.62 0.62 0.63 0.63 0.63 0.63 0.64 0.64 0.64 0.64 0.65 0.65 0.65 0.65 0.66 0.66 0.66 0.66 0.67 0.67 0.67 0.67 0.68 0.68 0.68 0.68 0.69 0.69 0.69 0.69 0.70 0.70 0.70 0.70 0.71 0.71 0.71 0.71 0.72 0.72 0.72 0.72 0.73 0.73 0.73 0.73 0.74 0.74 0.74 0.74 0.75 0.75 0.75 0.75 0.76 0.76 0.76 0.76 0.77 0.77 0.77 0.77 0.78 0.78 0.78 0.78 0.79 0.79 0.79 0.79 0.80 0.80 0.80 0.80 0.81 0.81 0.81 0.81 
0.50 0.50 0.00 0.50 0.51 0.51 0.51 0.51 0.52 0.52 0.52 0.52 0.53 0.53 0.53 0.53 0.54 0.54 0.54 0.54 0.55 0.55 0.55 0.55 0.56 0.56 0.56 0.56 0.57 0.57 0.57 0.57 0.58 0.58 0.58 0.58 0.59 0.59 0.59 0.59 0.60 0.60 0.60 0.60 0.61 0.61 0.61 0.61 0.62 0.62 0.62 0.62 0.63 0.63 0.63 0.63 0.64 0.64 0.64 0.64 0.65 0.65 0.65 0.65 0.66 0.66 0.66 0.66 0.67 0.67 0.67 0.67 0.68 0.68 0.68 0.68 0.69 0.69 0.69 0.69 0.70 0.70 0.70 0.70 0.71 0.71 0.71 0.71 0.72 0.72 0.72 0.72 0.73 0.73 0.73 0.73 0.74 0.74 0.74 0.74 0.75 0.75 0.75 0.75 0.76 0.76 0.76 0.76 0.77 0.77 0.77 0.77 0.78 0.78 0.78 0.78 0.79 0.79 0.79 0.79 0.80 0.80 0.80 0.80 0.81 0.81 0.81 0.81 
0.50 0.50 0.50 0.00 0.51 0.51 0.51 0.51 0.52 0.52 0.52 0.52 0.53 0.53 0.53 0.53 0.54 0.54 0.54 0.54 0.55 0.55 0.55 0.55 0.56 0.56 0.56 0.56 0.57 0.57 0.57 0.57 0.58 0.58 0.58 0.58 0.59 0.59 0.59 0.59 0.60 0.60 0.60 0.60 0.61 0.61 0.61 0.61 0.62 0.62 0.62 0.62 0.63 0.63 0.63 0.63 0.64 0.64 0.64 0.64 0.65 0.65 0.65 0.65 0.66 0.66 0.66 0.66 0.67 0.67 0.67 0.67 0.68 0.68 0.68 0.68 0.69 0.69 0.69 0.69 0.70 0.70 0.70 0.70 0.71 0.71 0.71 0.71 0.72 0.72 0.72 0.72 0.73 0.73 0.73 0.73 0.74 0.74 0.74 0.74 0.75 0.75 0.75 0.75 0.76 0.76 0.76 0.76 0.77 0.77 0.77 0.77 0.78 0.78 0.78 0.78 0.79 0.79 0.79 0.79 0.80 0.80 0.80 0.80 0.81 0.81 0.81 0.81 
0.49 0.49 0.49 0.49 0.00 0.50 0.50 0.50 0.51 0.51 0.51 0.51 0.52 0.52 0.52 0.52 0.53 0.53 0.53 0.53 0.54 0.54 0.54 0.54 0.55 0.55 0.55 0.55 0.56 0.56 0.56 0.56 0.57 0.57 0.57 0.57 0.58 0.58 0.58 0.58 0.59 0.59 0.59 0.59 0.60 0.60 0.60 0.60 0.61 0.61 0.61 0.61 0.62 0.62 0.62 0.62 0.63 0.63 0.63 0.63 0.64 0.64 0.64 0.64 0.65 0.65 0.65 0.65 0.66 0.66 0.66 0.66 0.67 0.67 0.67 0.67 0.68 0.68 0.68 0.68 0.69 0.69 0.69 0.69 0.70 0.70 0.70 0.70 0.71 0.71 0.71 0.71 0.72 0.72 0.72 0.72 0.73 0.73 0.73 0.73 0.74 0.74 0.74 0.74 0.75 0.75 0.75 0.75 0.76 0.76 0.76 0.76 0.77 0.77 0.77 0.77 0.78 0.78 0.78 0.78 0.79 0.79 0.79 0.79 0.80 0.80 0.80 0.80 
0.49 0.49 0.49 0.49 0.50 0.00 0.50 0.50 0.51 0.51 0.51 0.51 0.52 0.52 0.52 0.52 0.53 0.53 0.53 0.53 0.54 0.54 0.54 0.54 0.55 0.55 0.55 0.55 0.56 0.56 0.56 0.56 0.57 0.57 0.57 0.57 0.58 0.58 0.58 0.58 0.59 0.59 0.59 0.59 0.60 0.60 0.60 0.60 0.61 0.61 0.61 0.61 0.62 0.62 0.62 0.62 0.63 0.63 0.63 0.63 0.64 0.64 0.64 0.64 0.65 0.65 0.65 0.65 0.66 0.66 0.66 0.66 0.67 0.67 0.67 0.67 0.68 0.68 0.68 0.68 0.69 0.69 0.69 0.69 0.70 0.70 0.70 0.70 0.71 0.71 0.71 0.71 0.72 0.72 0.72 0.72 0.73 0.73 0.73 0.73 0.74 0.74 0.74 0.74 0.75 0.75 0.75 0.75 0.76 0.76 0.76 0.76 0.77 0.77 0.77 0.77 0.78 0.78 0.78 0.78 0.79 0.79 0.79 0.79 0.80 0.80 0.80 0.80 
0.49 0.49 0.49 0.49 0.50 0.50 0.00 0.50 0.51 0.51 0.51 0.51 0.52 0.52 0.52 0.52 0.53 0.53 0.53 0.53 0.54 0.54 0.54 0.54 0.55 0.55 0.55 0.55 0.56 0.56 0.56 0.56 0.57 0.57 0.57 0.57 0.58 0.58 0.58 0.58 0.59 0.59 0.59 0.59 0.60 0.60 0.60 0.60 0.61 0.61 0.61 0.61 0.62 0.62 0.62 0.62 0.63 0.63 0.63 0.63 0.64 0.64 0.64 0.64 0.65 0.65 0.65 0.65 0.66 0.66 0.66 0.66 0.67 0.67 0.67 0.67 0.68 0.68 0.68 0.68 0.69 0.69 0.69 0.69 0.70 0.70 0.70 0.70 0.71 0.71 0.71 0.71 0.72 0.72 0.72 0.72 0.73 0.73 0.73 0.73 0.74 0.74 0.74 0.74 0.75 0.75 0.75 0.75 0.76 0.76 0.76 0.76 0.77 0.77 0.77 0.77 0.78 0.78 0.78 0.78 0.79 0.79 0.79 0.79 0.80 0.80 0.80 0.80 
0.49 0.49 0.49 0.49 0.50 0.50 0.50 0.00 0.51 0.51 0.51 0.51 0.52 0.52 0.52 0.52 0.53 0.53 0.53 0.53 0.54 0.54 0.54 0.54 0.55 0.55 0.55 0.55 0.56 0.56 0.56 0.56 0.57 0.57 0.57 0.57 0.58 0.58 0.58 0.58 0.59 0.59 0.59 0.59 0.60 0.60 0.60 0.60 0.61 0.61 0.61 0.61 0.62 0.62 0.62 0.62 0.63 0.63 0.63 0.63 0.64 0.64 0.64 0.64 0.65 0.65 0.65 0.65 0.66 0.66 0.66 0.66 0.67 0.67 0.67 0.67 0.68 0.68 0.68 0.68 0.69 0.69 0.69 0.69 0.70 0.70 0.70 0.70 0.71 0.71 0.71 0.71 0.72 0.72 0.72 0.72 0.73 0.73 0.73 0.73 0.74 0.74 0.74 0.74 0.75 0.75 0.75 0.75 0.76 0.76 0.76 0.76 0.77 0.77 0.77 0.77 0.78 0.78 0.78 0.78 0.79 0.79 0.79 0.79 0.80 0.80 0.80 0.80 
0.48 0.48 0.48 0.48 0.49 0.49 0.49 0.49 0.00 0.50 0.50 0.50 0.51 0.51 0.51 0.51 0.52 0.52 0.52 0.52 0.53 0.53 0.53 0.53 0.54 0.54 0.54 0.54 0.55 0.55 0.55 0.55 0.56 0.56 0.56 0.56 0.57 0.57 0.57 0.57 0.58 0.58 0.58 0.58 0.59 0.59 0.59 0.59 0.60 0.60 0.60 0.60 0.61 0.61 0.61 0.61 0.62 0.62 0.62 0.62 0.63 0.63 0.63 0.63 0.64 0.64 0.64 0.64 0.65 0.65 0.65 0.65 0.66 0.66 0.66 0.66 0.67 0.67 0.67 0.67 0.68 0.68 0.68 0.68 0.69 0.69 0.69 0.69 0.70 0.70 0.70 0.70 0.71 0.71 0.71 0.71 0.72 0.72 0.72 0.72 0.73 0.73 0.73 0.73 0.74 0.74 0.74 0.74 0.75 0.75 0.75 0.75 0.76 0.76 0.76 0.76 0.77 0.77 0.77 0.77 0.78 0.78 0.78 0.78 0.79 0.79 0.79 0.79 
0.48 0.48 0.48 0.48 0.49 0.49 0.49 0.49 0.50 0.00 0.50 0.50 0.51 0.51 0.51 0.51 0.52 0.52 0.52 0.52 0.53 0.53 0.53 0.53 0.54 0.54 0.54 0.54 0.55 0.55 0.55 0.55 0.56 0.56 0.56 0.56 0.57 0.57 0.57 0.57 0.58 0.58 0.58 0.58 0.59 0.59 0.59 0.59 0.60 0.60 0.60 0.60 0.61 0.61 0.61 0.61 0.62 0.62 0.62 0.62 0.63 0.63 0.63 0.63 0.64 0.64 0.64 0.64 0.65 0.65 0.65 0.65 0.66 0.66 0.66 0.66 0.67 0.67 0.67 0.67 0.68 0.68 0.68 0.68 0.69 0.69 0.69 0.69 0.70 0.70 0.70 0.70 0.71 0.71 0.71 0.71 0.72 0.72 0.72 0.72 0.73 0.73 0.73 0.73 0.74 0.74 0.74 0.74 0.75 0.75 0.75 0.75 0.76 0.76 0.76 0.76 0.77 0.77 0.77 0.77 0.78 0.78 0.78 0.78 0.79 0.79 0.79 0.79 
0.48 0.48 0.48 0.48 0.49 0.49 0.49 0.49 0.50 0.50 0.00 0.50 0.51 0.51 0.51 0.51 0.52 0.52 0.52 0.52 0.53 0.53 0.53 0.53 0.54 0.54 0.54 0.54 0.55 0.55 0.55 0.55 0.56 0.56 0.56 0.56 0.57 0.57 0.57 0.57 0.58 0.58 0.58 0.58 0.59 0.59 0.59 0.59 0.60 0.60 0.60 0.60 0.61 0.61 0.61 0.61 0.62 0.62 0.62 0.62 0.63 0.63 0.63 0.63 0.64 0.64 0.64 0.64 0.65 0.65 0.65 0.65 0.66 0.66 0.66 0.66 0.67 0.67 0.67 0.67 0.68 0.68 0.68 0.68 0.69 0.69 0.69 0.69 0.70 0.70 0.70 0.70 0.71 0.71 0.71 0.71 0.72 0.72 0.72 0.72 0.73 0.73 0.73 0.73 0.74 0.74 0.74 0.74 0.75 0.75 0.75 0.75 0.76 0.76 0.76 0.76 0.77 0.77 0.77 0.77 0.78 0.78 0.78 0.78 0.79 0.79 0.79 0.79 
0.48 0.48 0.48 0.48 0.49 0.49 0.49 0.49 0.50 0.50 0.50 0.00 0.51 0.51 0.51 0.51 0.52 0.52 0.52 0.52 0.53 0.53 0.53 0.53 0.54 0.54 0.54 0.54 0.55 0.55 0.55 0.55 0.56 0.56 0.56 0.56 0.57 0.57 0.57 0.57 0.58 0.58 0.58 0.58 0.59 0.59 0.59 0.59 0.60 0.60 0.60 0.60 0.61 0.61 0.61 0.61 0.62 0.62 0.62 0.62 0.63 0.63 0.63 0.63 0.64 0.64 0.64 0.64 0.65 0.65 0.65 0.65 0.66 0.66 0.66 0.66 0.67 0.67 0.67 0.67 0.68 0.68 0.68 0.68 0.69 0.69 0.69 0.69 0.70 0.70 0.70 0.70 0.71 0.71 0.71 0.71 0.72 0.72 0.72 0.72 0.73 0.73 0.73 0.73 0.74 0.74 0.74 0.74 0.75 0.75 0.75 0.75 0.76 0.76 0.76 0.76 0.77 0.77 0.77 0.77 0.78 0.78 0.78 0.78 0.79 0.79 0.79 0.79 
0.47 0.47 0.47 0.47 0.48 0.48 0.48 0.48 0.49 0.49 0.49 0.49 0.00 0.50 0.50 0.50 0.51 0.51 0.51 0.51 0.52 0.52 0.52 0.52 0.53 0.53 0.53 0.53 0.54 0.54 0.54 0.54 0.55 0.55 0.55 0.55 0.56 0.56 0.56 0.56 0.57 0.57 0.57 0.57 0.58 0.58 0.58 0.58 0.59 0.59 0.59 0.59 0.60 0.60 0.60 0.60 0.61 0.61 0.61 0.61 0.62 0.62 0.62 0.62 0.63 0.63 0.63 0.63 0.64 0.64 0.64 0.64 0.65 0.65 0.65 0.65 0.66 0.66 0.66 0.66 0.67 0.67 0.67 0.67 0.68 0.68 0.68 0.68 0.69 0.69 0.69 0.69 0.70 0.70 0.70 0.70 0.71 0.71 0.71 0.71 0.72 0.72 0.72 0.72 0.73 0.73 0.73 0.73 0.74 0.74 0.74 0.74 0.75 0.75 0.75 0.75 0.76 0.76 0.76 0.76 0.77 0.77 0.77 0.77 0.78 0.78 0.78 0.78 
0.47 0.47 0.47 0.47 0.48 0.48 0.48 0.48 0.49 0.49 0.49 0.49 0.50 0.00 0.50 0.50 0.51 0.51 0.51 0.51 0.52 0.52 0.52 0.52 0.53 0.53 0.53 0.53 0.54 0.54 0.54 0.54 0.55 0.55 0.55 0.55 0.56 0.56 0.56 0.56 0.57 0.57 0.57 0.57 0.58 0.58 0.58 0.58 0.59 0.59 0.59 0.59 0.60 0.60 0.60 0.60 0.61 0.61 0.61 0.61 0.62 0.62 0.62 0.62 0.63 0.63 0.63 0.63 0.64 0.64 0.64 0.64 0.65 0.65 0.65 0.65 0.66 0.66 0.66 0.66 0.67 0.67 0.67 0.67 0.68 0.68 0.68 0.68 0.69 0.69 0.69 0.69 0.70 0.70 0.70 0.70 0.71 0.71 0.71 0.71 0.72 0.72 0.72 0.72 0.73 0.73 0.73 0.73 0.74 0.74 0.74 0.74 0.75 0.75 0.75 0.75 0.76 0.76 0.76 0.76 0.77 0.77 0.77 0.77 0.78 0.78 0.78 0.78 
0.47 0.47 0.47 0.47 0.48 0.48 0.48 0.48 0.49 0.49 0.49 0.49 0.50 0.50 0.00 0.50 0.51 0.51 0.51 0.51 0.52 0.52 0.52 0.52 0.53 0.53 0.53 0.53 0.54 0.54 0.54 0.54 0.55 0.55 0.55 0.55 0.56 0.56 0.56 0.56 0.57 0.57 0.57 0.57 0.58 0.58 0.58 0.58 0.59 0.59 0.59 0.59 0.60 0.60 0.60 0.60 0.61 0.61 0.61 0.61 0.62 0.62 0.62 0.62 0.63 0.63 0.63 0.63 0.64 0.64 0.64 0.64 0.65 0.65 0.65 0.65 0.66 0.66 0.66 0.66 0.67 0.67 0.67 0.67 0.68 0.68 0.68 0.68 0.69 0.69 0.69 0.69 0.70 0.70 0.70 0.70 0.71 0.71 0.71 0.71 0.72 0.72 0.72 0.72 0.73 0.73 0.73 0.73 0.74 0.74 0.74 0.74 0.75 0.75 0.75 0.75 0.76 0.76 0.76 0.76 0.77 0.77 0.77 0.77 0.78 0.78 0.78 0.78 
0.47 0.47 0.47 0.47 0.48 0.48 0.48 0.48 0.49 0.49 0.49 0.49 0.50 0.50 0.50 0.00 0.51 0.51 0.51 0.51 0.52 0.52 0.52 0.52 0.53 0.53 0.53 0.53 0.54 0.54 0.54 0.54 0.55 0.55 0.55 0.55 0.56 0.56 0.56 0.56 0.57 0.57 0.57 0.57 0.58 0.58 0.58 0.58 0.59 0.59 0.59 0.59 0.60 0.60 0.60 0.60 0.61 0.61 0.61 0.61 0.62 0.62 0.62 0.62 0.63 0.63 0.63 0.63 0.64 0.64 0.64 0.64 0.65 0.65 0.65 0.65 0.66 0.66 0.66 0.66 0.67 0.67 0.67 0.67 0.68 0.68 0.68 0.68 0.69 0.69 0.69 0.69 0.70 0.70 0.70 0.70 0.71 0.71 0.71 0.71 0.72 0.72 0.72 0.72 0.73 0.73 0.73 0.73 0.74 0.74 0.74 0.74 0.75 0.75 0.75 0.75 0.76 0.76 0.76 0.76 0.77 0.77 0.77 0.77 0.78 0.78 0.78 0.78 
0.46 0.46 0.46 0.46 0.47 0.47 0.47 0.47 0.48 0.48 0.48 0.48 0.49 0.49 0.49 0.49 0.00 0.50 0.50 0.50 0.51 0.51 0.51 0.51 0.52 0.52 0.52 0.52 0.53 0.53 0.53 0.53 0.54 0.54 0.54 0.54 0.55 0.55 0.55 0.55 0.56 0.56 0.56 0.56 0.57 0.57 0.57 0.57 0.58 0.58 0.58 0.58 0.59 0.59 0.59 0.59 0.60 0.60 0.60 0.60 0.61 0.61 0.61 0.61 0.62 0.62 0.62 0.62 0.63 0.63 0.63 0.63 0.64 0.64 0.64 0.64 0.65 0.65 0.65 0.65 0.66 0.66 0.66 0.66 0.67 0.67 0.67 0.67 0.68 0.68 0.68 0.68 0.69 0.69 0.69 0.69 0.70 0.70 0.70 0.70 0.71 0.71 0.71 0.71 0.72 0.72 0.72 0.72 0.73 0.73 0.73 0.73 0.74 0.74 0.74 0.74 0.75 0.75 0.75 0.75 0.76 0.76 0.76 0.76 0.77 0.77 0.77 0.77 
0.46 0.46 0.46 0.46 0.47 0.47 0.47 0.47 0.48 0.48 0.48 0.48 0.49 0.49 0.49 0.49 0.50 0.00 0.50 0.50 0.51 0.51 0.51 0.51 0.52 0.52 0.52 0.52 0.53 0.53 0.53 0.53 0.54 0.54 0.54 0.54 0.55 0.55 0.55 0.55 0.56 0.56 0.56 0.56 0.57 0.57 0.57 0.57 0.58 0.58 0.58 0.58 0.59 0.59 0.59 0.59 0.60 0.60 0.60 0.60 0.61 0.61 0.61 0.61 0.62 0.62 0.62 0.62 0.63 0.63 0.63 0.63 0.64 0.64 0.64 0.64 0.65 0.65 0.65 0.65 0.66 0.66 0.66 0.66 0.67 0.67 0.67 0.67 0.68 0.68 0.68 0.68 0.69 0.69 0.69 0.69 0.70 0.70 0.70 0.70 0.71 0.71 0.71 0.71 0.72 0.72 0.72 0.72 0.73 0.73 0.73 0.73 0.74 0.74 0.74 0.74 0.75 0.75 0.75 0.75 0.76 0.76 0.76 0.76 0.77 0.77 0.77 0.77 
0.46 0.46 0.46 0.46 0.47 0.47 0.47 0.47 0.48 0.48 0.48 0.48 0.49 0.49 0.49 0.49 0.50 0.50 0.00 0.50 0.51 0.51 0.51 0.51 0.52 0.52 0.52 0.52 0.53 0.53 0.53 0.53 0.54 0.54 0.54 0.54 0.55 0.55 0.55 0.55 0.56 0.56 0.56 0.56 0.57 0.57 0.57 0.57 0.58 0.58 0.58 0.58 0.59 0.59 0.59 0.59 0.60 0.60 0.60 0.60 0.61 0.61 0.61 0.61 0.62 0.62 0.62 0.62 0.63 0.63 0.63 0.63 0.64 0.64 0.64 0.64 0.65 0.65 0.65 0.65 0.66 0.66 0.66 0.66 0.67 0.67 0.67 0.67 0.68 0.68 0.68 0.68 0.69 0.69 0.69 0.69 0.70 0.70 0.70 0.70 0.71 0.71 0.71 0.71 0.72 0.72 0.72 0.72 0.73 0.73 0.73 0.73 0.74 0.74 0.74 0.74 0.75 0.75 0.75 0.75 0.76 0.76 0.76 0.76 0.77 0.77 0.77 0.77 
0.46 0.46 0.46 0.46 0.47 0.47 0.47 0.47 0.48 0.48 0.48 0.48 0.49 0.49 0.49 0.49 0.50 0.50 0.50 0.00 0.51 0.51 0.51 0.51 0.52 0.52 0.52 0.52 0.53 0.53 0.53 0.53 0.54 0.54 0.54 0.54 0.55 0.55 0.55 0.55 0.56 0.56 0.56 0.56 0.57 0.57 0.57 0.57 0.58 0.58 0.58 0.58 0.59 0.59 0.59 0.59 0.60 0.60 0.60 0.60 0.61 0.61 0.61 0.61 0.62 0.62 0.62 0.62 0.63 0.63 0.63 0.63 0.64 0.64 0.64 0.64 0.65 0.65 0.65 0.65 0.66 0.66 0.66 0.66 0.67 0.67 0.67 0.67 0.68 0.68 0.68 0.68 0.69 0.69 0.69 0.69 0.70 0.70 0.70 0.70 0.71 0.71 0.71 0.71 0.72 0.72 0.72 0.72 0.73 0.73 0.73 0.73 0.74 0.74 0.74 0.74 0.75 0.75 0.75 0.75 0.76 0.76 0.76 0.76 0.77 0.77 0.77 0.77 
0.45 0.45 0.45 0.45 0.46 0.46 0.46 0.46 0.47 0.47 0.47 0.47 0.48 0.48 0.48 0.48 0.49 0.49 0.49 0.49 0.00 0.50 0.50 0.50 0.51 0.51 0.51 0.51 0.52 0.52 0.52 0.52 0.53 0.53 0.53 0.53 0.54 0.54 0.54 0.54 0.55 0.55 0.55 0.55 0.56 0.56 0.56 0.56 0.57 0.57 0.57 0.57 0.58 0.58 0.58 0.58 0.59 0.59 0.59 0.59 0.60 0.60 0.60 0.60 0.61 0.61 0.61 0.61 0.62 0.62 0.62 0.62 0.63 0.63 0.63 0.63 0.64 0.64 0.64 0.64 0.65 0.65 0.65 0.65 0.66 0.66 0.66 0.66 0.67 0.67 0.67 0.67 0.68 0.68 0.68 0.68 0.69 0.69 0.69 0.69 0.70 0.70 0.70 0.70 0.71 0.71 0.71 0.71 0.72 0.72 0.72 0.72 0.73 0.73 0.73 0.73 0.74 0.74 0.74 0.74 0.75 0.75 0.75 0.75 0.76 0.76 0.76 0.76 
0.45 0.45 0.45 0.45 0.46 0.46 0.46 0.46 0.47 0.47 0.47 0.47 0.48 0.48 0.48 0.48 0.49 0.49 0.49 0.49 0.50 0.00 0.50 0.50 0.51 0.51 0.51 0.51 0.52 0.52 0.52 0.52 0.53 0.53 0.53 0.53 0.54 0.54 0.54 0.54 0.55 0.55 0.55 0.55 0.56 0.56 0.56 0.56 0.57 0.57 0.57 0.57 0.58 0.58 0.58 0.58 0.59 0.59 0.59 0.59 0.60 0.60 0.60 0.60 0.61 0.61 0.61 0.61 0.62 0.62 0.62 0.62 0.63 0.63 0.63 0.63 0.64 0.64 0.64 0.64 0.65 0.65 0.65 0.65 0.66 0.66 0.66 0.66 0.67 0.67 0.67 0.67 0.68 0.68 0.68 0.68 0.69 0.69 0.69 0.69 0.70 0.70 0.70 0.70 0.71 0.71 0.71 0.71 0.72 0.72 0.72 0.72 0.73 0.73 0.73 0.73 0.74 0.74 0.74 0.74 0.75 0.75 0.75 0.75 0.76 0.76 0.76 0.76 
0.45 0.45 0.45 0.45 0.46 0.46 0.46 0.46 0.47 0.47 0.47 0.47 0.48 0.48 0.48 0.48 0.49 0.49 0.49 0.49 0.50 0.50 0.00 0.50 0.51 0.51 0.51 0.51 0.52 0.52 0.52 0.52 0.53 0.53 0.53 0.53 0.54 0.54 0.54 0.54 0.55 0.55 0.55 0.55 0.56 0.56 0.56 0.56 0.57 0.57 0.57 0.57 0.58 0.58 0.58 0.58 0.59 0.59 0.59 0.59 0.60 0.60 0.60 0.60 0.61 0.61 0.61 0.61 0.62 0.62 0.62 0.62 0.63 0.63 0.63 0.63 0.64 0.64 0.64 0.64 0.65 0.65 0.65 0.65 0.66 0.66 0.66 0.66 0.67 0.67 0.67 0.67 0.68 0.68 0.68 0.68 0.69 0.69 0.69 0.69 0.70 0.70 0.70 0.70 0.71 0.71 0.71 0.71 0.72 0.72 0.72 0.72 0.73 0.73 0.73 0.73 0.74 0.74 0.74 0.74 0.75 0.75 0.75 0.75 0.76 0.76 0.76 0.76 
0.45 0.45 0.45 0.45 0.46 0.46 0.46 0.46 0.47 0.47 0.47 0.47 0.48 0.48 0.48 0.48 0.49 0.49 0.49 0.49 0.50 0.50 0.50 0.00 0.51 0.51 0.51 0.51 0.52 0.52 0.52 0.52 0.53 0.53 0.53 0.53 0.54 0.54 0.54 0.54 0.55 0.55 0.55 0.55 0.56 0.56 0.56 0.56 0.57 0.57 0.57 0.57 0.58 0.58 0.58 0.58 0.59 0.59 0.59 0.59 0.60 0.60 0.60 0.60 0.61 0.61 0.61 0.61 0.62 0.62 0.62 0.62 0.63 0.63 0.63 0.63 0.64 0.64 0.64 0.64 0.65 0.65 0.65 0.65 0.66 0.66 0.66 0.66 0.67 0.67 0.67 0.67 0.68 0.68 0.68 0.68 0.69 0.69 0.69 0.69 0.70 0.70 0.70 0.70 0.71 0.71 0.71 0.71 0.72 0.72 0.72 0.72 0.73 0.73 0.73 0.73 0.74 0.74 0.74 0.74 0.75 0.75 0.75 0.75 0.76 0.76 0.76 0.76 
0.44 0.44 0.44 0.44 0.45 0.45 0.45 0.45 0.46 0.46 0.46 0.46 0.47 0.47 0.47 0.47 0.48 0.48 0.48 0.48 0.49 0.49 0.49 0.49 0.00 0.50 0.50 0.50 0.51 0.51 0.51 0.51 0.52 0.52 0.52 0.52 0.53 0.53 0.53 0.53 0.54 0.54 0.54 0.54 0.55 0.55 0.55 0.55 0.56 0.56 0.56 0.56 0.57 0.57 0.57 0.57 0.58 0.58 0.58 0.58 0.59 0.59 0.59 0.59 0.60 0.60 0.60 0.60 0.61 0.61 0.61 0.61 0.62 0.62 0.62 0.62 0.63 0.63 0.63 0.63 0.64 0.64 0.64 0.64 0.65 0.65 0.65 0.65 0.66 0.66 0.66 0.66 0.67 0.67 0.67 0.67 0.68 0.68 0.68 0.68 0.69 0.69 0.69 0.69 0.70 0.70 0.70 0.70 0.71 0.71 0.71 0.71 0.72 0.72 0.72 0.72 0.73 0.73 0.73 0.73 0.74 0.74 0.74 0.74 0.75 0.75 0.75 0.75 
0.44 0.44 0.44 0.44 0.45 0.45 0.45 0.45 0.46 0.46 0.46 0.46 0.47 0.47 0.47 0.47 0.48 0.48 0.48 0.48 0.49 0.49 0.49 0.49 0.50 0.00 0.50 0.50 0.51 0.51 0.51 0.51 0.52 0.52 0.52 0.52 0.53 0.53 0.53 0.53 0.54 0.54 0.54 0.54 0.55 0.55 0.55 0.55 0.56 0.56 0.56 0.56 0.57 0.57 0.57 0.57 0.58 0.58 0.58 0.58 0.59 0.59 0.59 0.59 0.60 0.60 0.60 0.60 0.61 0.61 0.61 0.61 0.62 0.62 0.62 0.62 0.63 0.63 0.63 0.63 0.64 0.64 0.64 0.64 0.65 0.65 0.65 0.65 0.66 0.66 0.66 0.66 0.67 0.67 0.67 0.67 0.68 0.68 0.68 0.68 0.69 0.69 0.69 0.69 0.70 0.70 0.70 0.70 0.71 0.71 0.71 0.71 0.72 0.72 0.72 0.72 0.73 0.73 0.73 0.73 0.74 0.74 0.74 0.74 0.75 0.75 0.75 0.75 
0.44 0.44 0.44 0.44 0.45 0.45 0.45 0.45 0.46 0.46 0.46 0.46 0.47 0.47 0.47 0.47 0.48 0.48 0.48 0.48 0.49 0.49 0.49 0.49 0.50 0.50 0.00 0.50 0.51 0.51 0.51 0.51 0.52 0.52 0.52 0.52 0.53 0.53 0.53 0.53 0.54 0.54 0.54 0.54 0.55 0.55 0.55 0.55 0.56 0.56 0.56 0.56 0.57 0.57 0.57 0.57 0.58 0.58 0.58 0.58 0.59 0.59 0.59 0.59 0.60 0.60 0.60 0.60 0.61 0.61 0.61 0.61 0.62 0.62 0.62 0.62 0.63 0.63 0.63 0.63 0.64 0.64 0.64 0.64 0.65 0.65 0.65 0.65 0.66 0.66 0.66 0.66 0.67 0.67 0.67 0.67 0.68 0.68 0.68 0.68 0.69 0.69 0.69 0.69 0.70 0.70 0.70 0.70 0.71 0.71 0.71 0.71 0.72 0.72 0.72 0.72 0.73 0.73 0.73 0.73 0.74 0.74 0.74 0.74 0.75 0.75 0.75 0.75 
0.44 0.44 0.44 0.44 0.45 0.45 0.45 0.45 0.46 0.46 0.46 0.46 0.47 0.47 0.47 0.47 0.48 0.48 0.48 0.48 0.49 0.49 0.49 0.49 0.50 0.50 0.50 0.00 0.51 0.51 0.51 0.51 0.52 0.52 0.52 0.52 0.53 0.53 0.53 0.53 0.54 0.54 0.54 0.54 0.55 0.55 0.55 0.55 0.56 0.56 0.56 0.56 0.57 0.57 0.57 0.57 0.58 0.58 0.58 0.58 0.59 0.59 0.59 0.59 0.60 0.60 0.60 0.60 0.61 0.61 0.61 0.61 0.62 0.62 0.62 0.62 0.63 0.63 0.63 0.63 0.64 0.64 0.64 0.64 0.65 0.65 0.65 0.65 0.66 0.66 0.66 0.66 0.67 0.67 0.67 0.67 0.68 0.68 0.68 0.68 0.69 0.69 0.69 0.69 0.70 0.70 0.70 0.70 0.71 0.71 0.71 0.71 0.72 0.72 0.72 0.72 0.73 0.73 0.73 0.73 0.74 0.74 0.74 0.74 0.75 0.75 0.75 0.75 
0.43 0.43 0.43 0.43 0.44 0.44 0.44 0.44 0.45 0.45 0.45 0.45 0.46 0.46 0.46 0.46 0.47 0.47 0.47 0.47 0.48 0.48 0.48 0.48 0.49 0.49 0.49 0.49 0.00 0.50 0.50 0.50 0.51 0.51 0.51 0.51 0.52 0.52 0.52 0.52 0.53 0.53 0.53 0.53 0.54 0.54 0.54 0.54 0.55 0.55 0.55 0.55 0.56 0.56 0.56 0.56 0.57 0.57 0.57 0.57 0.58 0.58 0.58 0.58 0.59 0.59 0.59 0.59 0.60 0.60 0.60 0.60 0.61 0.61 0.61 0.61 0.62 0.62 0.62 0.62 0.63 0.63 0.63 0.63 0.64 0.64 0.64 0.64 0.65 0.65 0.65 0.65 0.66 0.66 0.66 0.66 0.67 0.67 0.67 0.67 0.68 0.68 0.68 0.68 0.69 0.69 0.69 0.69 0.70 0.70 0.70 0.70 0.71 0.71 0.71 0.71 0.72 0.72 0.72 0.72 0.73 0.73 0.73 0.73 0.74 0.74 0.74 0.74 
0.43 0.43 0.43 0.43 0.44 0.44 0.44 0.44 0.45 0.45 0.45 0.45 0.46 0.46 0.46 0.46 0.47 0.47 0.47 0.47 0.48 0.48 0.48 0.48 0.49 0.49 0.49 0.49 0.50 0.00 0.50 0.50 0.51 0.51 0.51 0.51 0.52 0.52 0.52 0.52 0.53 0.53 0.53 0.53 0.54 0.54 0.54 0.54 0.55 0.55 0.55 0.55 0.56 0.56 0.56 0.56 0.57 0.57 0.57 0.57 0.58 0.58 0.58 0.58 0.59 0.59 0.59 0.59 0.60 0.60 0.60 0.60 0.61 0.61 0.61 0.61 0.62 0.62 0.62 0.62 0.63 0.63 0.63 0.63 0.64 0.64 0.64 0.64 0.65 0.65 0.65 0.65 0.66 0.66 0.66 0.66 0.67 0.67 0.67 0.67 0.68 0.68 0.68 0.68 0.69 0.69 0.69 0.69 0.70 0.70 0.70 0.70 0.71 0.71 0.71 0.71 0.72 0.72 0.72 0.72 0.73 0.73 0.73 0.73 0.74 0.74 0.74 0.74 
0.43 0.43 0.43 0.43 0.44 0.44 0.44 0.44 0.45 0.45 0.45 0.45 0.46 0.46 0.46 0.46 0.47 0.47 0.47 0.47 0.48 0.48 0.48 0.48 0.49 0.49 0.49 0.49 0.50 0.50 0.00 0.50 0.51 0.51 0.51 0.51 0.52 0.52 0.52 0.52 0.53 0.53 0.53 0.53 0.54 0.54 0.54 0.54 0.55 0.55 0.55 0.55 0.56 0.56 0.56 0.56 0.57 0.57 0.57 0.57 0.58 0.58 0.58 0.58 0.59 0.59 0.59 0.59 0.60 0.60 0.60 0.60 0.61 0.61 0.61 0.61 0.62 0.62 0.62 0.62 0.63 0.63 0.63 0.63 0.64 0.64 0.64 0.64 0.65 0.65 0.65 0.65 0.66 0.66 0.66 0.66 0.67 0.67 0.67 0.67 0.68 0.68 0.68 0.68 0.69 0.69 0.69 0.69 0.70 0.70 0.70 0.70 0.71 0.71 0.71 0.71 0.72 0.72 0.72 0.72 0.73 0.73 0.73 0.73 0.74 0.74 0.74 0.74 
0.43 0.43 0.43 0.43 0.44 0.44 0.44 0.44 0.45 0.45 0.45 0.45 0.46 0.46 0.46 0.46 0.47 0.47 0.47 0.47 0.48 0.48 0.48 0.48 0.49 0.49 0.49 0.49 0.50 0.50 0.50 0.00 0.51 0.51 0.51 0.51 0.52 0.52 0.52 0.52 0.53 0.53 0.53 0.53 0.54 0.54 0.54 0.54 0.55 0.55 0.55 0.55 0.56 0.56 0.56 0.56 0.57 0.57 0.57 0.57 0.58 0.58 0.58 0.58 0.59 0.59 0.59 0.59 0.60 0.60 0.60 0.60 0.61 0.61 0.61 0.61 0.62 0.62 0.62 0.62 0.63 0.63 0.63 0.63 0.64 0.64 0.64 0.64 0.65 0.65 0.65 0.65 0.66 0.66 0.66 0.66 0.67 0.67 0.67 0.67 0.68 0.68 0.68 0.68 0.69 0.69 0.69 0.69 0.70 0.70 0.70 0.70 0.71 0.71 0.71 0.71 0.72 0.72 0.72 0.72 0.73 0.73 0.73 0.73 0.74 0.74 0.74 0.74 
0.42 0.42 0.42 0.42 0.43 0.43 0.43 0.43 0.44 0.44 0.44 0.44 0.45 0.45 0.45 0.45 0.46 0.46 0.46 0.46 0.47 0.47 0.47 0.47 0.48 0.48 0.48 0.48 0.49 0.49 0.49 0.49 0.00 0.50 0.50 0.50 0.51 0.51 0.51 0.51 0.52 0.52 0.52 0.52 0.53 0.53 0.53 0.53 0.54 0.54 0.54 0.54 0.55 0.55 0.55 0.55 0.56 0.56 0.56 0.56 0.57 0.57 0.57 0.57 0.58 0.58 0.58 0.58 0.59 0.59 0.59 0.59 0.60 0.60 0.60 0.60 0.61 0.61 0.61 0.61 0.62 0.62 0.62 0.62 0.63 0.63 0.63 0.63 0.64 0.64 0.64 0.64 0.65 0.65 0.65 0.65 0.66 0.66 0.66 0.66 0.67 0.67 0.67 0.67 0.68 0.68 0.68 0.68 0.69 0.69 0.69 0.69 0.70 0.70 0.70 0.70 0.71 0.71 0.71 0.71 0.72 0.72 0.72 0.72 0.73 0.73 0.73 0.73 
0.42 0.42 0.42 0.42 0.43 0.43 0.43 0.43 0.44 0.44 0.44 0.44 0.45 0.45 0.45 0.45 0.46 0.46 0.46 0.46 0.47 0.47 0.47 0.47 0.48 0.48 0.48 0.48 0.49 0.49 0.49 0.49 0.50 0.00 0.50 0.50 0.51 0.51 0.51 0.51 0.52 0.52 0.52 0.52 0.53 0.53 0.53 0.53 0.54 0.54 0.54 0.54 0.55 0.55 0.55 0.55 0.56 0.56 0.56 0.56 0.57 0.57 0.57 0.57 0.58 0.58 0.58 0.58 0.59 0.59 0.59 0.59 0.60 0.60 0.60 0.60 0.61 0.61 0.61 0.61 0.62 0.62 0.62 0.62 0.63 0.63 0.63 0.63 0.64 0.64 0.64 0.64 0.65 0.65 0.65 0.65 0.66 0.66 0.66 0.66 0.67 0.67 0.67 0.67 0.68 0.68 0.68 0.68 0.69 0.69 0.69 0.69 0.70 0.70 0.70 0.70 0.71 0.71 0.71 0.71 0.72 0.72 0.72 0.72 0.73 0.73 0.73 0.73 
0.42 0.42 0.42 0.42 0.43 0.43 0.43 0.43 0.44 0.44 0.44 0.44 0.45 0.45 0.45 0.45 0.46 0.46 0.46 0.46 0.47 0.47 0.47 0.47 0.48 0.48 0.48 0.48 0.49 0.49 0.49 0.49 0.50 0.50 0.00 0.50 0.51 0.51 0.51 0.51 0.52 0.52 0.52 0.52 0.53 0.53 0.53 0.53 0.54 0.54 0.54 0.54 0.55 0.55 0.55 0.55 0.56 0.56 0.56 0.56 0.57 0.57 0.57 0.57 0.58 0.58 0.58 0.58 0.59 0.59 0.59 0.59 0.60 0.60 0.60 0.60 0.61 0.61 0.61 0.61 0.62 0.62 0.62 0.62 0.63 0.63 0.63 0.63 0.64 0.64 0.64 0.64 0.65 0.65 0.65 0.65 0.66 0.66 0.66 0.66 0.67 0.67 0.67 0.67 0.68 0.68 0.68 0.68 0.69 0.69 0.69 0.69 0.70 0.70 0.70 0.70 0.71 0.71 0.71 0.71 0.72 0.72 0.72 0.72 0.73 0.73 0.73 0.73 
0.42 0.42 0.42 0.42 0.43 0.43 0.43 0.43 0.44 0.44 0.44 0.44 0.45 0.45 0.45 0.45 0.46 0.46 0.46 0.46 0.47 0.47 0.47 0.47 0.48 0.48 0.48 0.48 0.49 0.49 0.49 0.49 0.50 0.50 0.50 0.00 0.51 0.51 0.51 0.51 0.52 0.52 0.52 0.52 0.53 0.53 0.53 0.53 0.54 0.54 0.54 0.54 0.55 0.55 0.55 0.55 0.56 0.56 0.56 0.56 0.57 0.57 0.57 0.57 0.58 0.58 0.58 0.58 0.59 0.59 0.59 0.59 0.60 0.60 0.60 0.60 0.61 0.61 0.61 0.61 0.62 0.62 0.62 0.62 0.63 0.63 0.63 0.63 0.64 0.64 0.64 0.64 0.65 0.65 0.65 0.65 0.66 0.66 0.66 0.66 0.67 0.67 0.67 0.67 0.68 0.68 0.68 0.68 0.69 0.69 0.69 0.69 0.70 0.70 0.70 0.70 0.71 0.71 0.71 0.71 0.72 0.72 0.72 0.72 0.73 0.73 0.73 0.73 
0.41 0.41 0.41 0.41 0.42 0.42 0.42 0.42 0.43 0.43 0.43 0.43 0.44 0.44 0.44 0.44 0.45 0.45 0.45 0.45 0.46 0.46 0.46 0.46 0.47 0.47 0.47 0.47 0.48 0.48 0.48 0.48 0.49 0.49 0.49 0.49 0.00 0.50 0.50 0.50 0.51 0.51 0.51 0.51 0.52 0.52 0.52 0.52 0.53 0.53 0.53 0.53 0.54 0.54 0.54 0.54 0.55 0.55 0.55 0.55 0.56 0.56 0.56 0.56 0.57 0.57 0.57 0.57 0.58 0.58 0.58 0.58 0.59 0.59 0.59 0.59 0.60 0.60 0.60 0.60 0.61 0.61 0.61 0.61 0.62 0.62 0.62 0.62 0.63 0.63 0.63 0.63 0.64 0.64 0.64 0.64 0.65 0.65 0.65 0.65 0.66 0.66 0.66 0.66 0.67 0.67 0.67 0.67 0.68 0.68 0.68 0.68 0.69 0.69 0.69 0.69 0.70 0.70 0.70 0.70 0.71 0.71 0.71 0.71 0.72 0.72 0.72 0.72 
0.41 0.41 0.41 0.41 0.42 0.42 0.42 0.42 0.43 0.43 0.43 0.43 0.44 0.44 0.44 0.44 0.45 0.45 0.45 0.45 0.46 0.46 0.46 0.46 0.47 0.47 0.47 0.47 0.48 0.48 0.48 0.48 0.49 0.49 0.49 0.49 0.50 0.00 0.50 0.50 0.51 0.51 0.51 0.51 0.52 0.52 0.52 0.52 0.53 0.53 0.53 0.53 0.54 0.54 0.54 0.54 0.55 0.55 0.55 0.55 0.56 0.56 0.56 0.56 0.57 0.57 0.57 0.57 0.58 0.58 0.58 0.58 0.59 0.59 0.59 0.59 0.60 0.60 0.60 0.60 0.61 0.61 0.61 0.61 0.62 0.62 0.62 0.62 0.63 0.63 0.63 0.63 0.64 0.64 0.64 0.64 0.65 0.65 0.65 0.65 0.66 0.66 0.66 0.66 0.67 0.67 0.67 0.67 0.68 0.68 0.68 0.68 0.69 0.69 0.69 0.69 0.70 0.70 0.70 0.70 0.71 0.71 0.71 0.71 0.72 0.72 0.72 0.72 
0.41 0.41 0.41 0.41 0.42 0.42 0.42 0.42 0.43 0.43 0.43 0.43 0.44 0.44 0.44 0.44 0.45 0.45 0.45 0.45 0.46 0.46 0.46 0.46 0.47 0.47 0.47 0.47 0.48 0.48 0.48 0.48 0.49 0.49 0.49 0.49 0.50 0.50 0.00 0.50 0.51 0.51 0.51 0.51 0.52 0.52 0.52 0.52 0.53 0.53 0.53 0.53 0.54 0.54 0.54 0.54 0.55 0.55 0.55 0.55 0.56 0.56 0.56 0.56 0.57 0.57 0.57 0.57 0.58 0.58 0.58 0.58 0.59 0.59 0.59 0.59 0.60 0.60 0.60 0.60 0.61 0.61 0.61 0.61 0.62 0.62 0.62 0.62 0.63 0.63 0.63 0.63 0.64 0.64 0.64 0.64 0.65 0.65 0.65 0.65 0.66 0.66 0.66 0.66 0.67 0.67 0.67 0.67 0.68 0.68 0.68 0.68 0.69 0.69 0.69 0.69 0.70 0.70 0.70 0.70 0.71 0.71 0.71 0.71 0.72 0.72 0.72 0.72 
0.41 0.41 0.41 0.41 0.42 0.42 0.42 0.42 0.43 0.43 0.43 0.43 0.44 0.44 0.44 0.44 0.45 0.45 0.45 0.45 0.46 0.46 0.46 0.46 0.47 0.47 0.47 0.47 0.48 0.48 0.48 0.48 0.49 0.49 0.49 0.49 0.50 0.50 0.50 0.00 0.51 0.51 0.51 0.51 0.52 0.52 0.52 0.52 0.53 0.53 0.53 0.53 0.54 0.54 0.54 0.54 0.55 0.55 0.55 0.55 0.56 0.56 0.56 0.56 0.57 0.57 0.57 0.57 0.58 0.58 0.58 0.58 0.59 0.59 0.59 0.59 0.60 0.60 0.60 0.60 0.61 0.61 0.61 0.61 0.62 0.62 0.62 0.62 0.63 0.63 0.63 0.63 0.64 0.64 0.64 0.64 0.65 0.65 0.65 0.65 0.66 0.66 0.66 0.66 0.67 0.67 0.67 0.67 0.68 0.68 0.68 0.68 0.69 0.69 0.69 0.69 0.70 0.70 0.70 0.70 0.71 0.71 0.71 0.71 0.72 0.72 0.72 0.72 
0.40 0.40 0.40 0.40 0.41 0.41 0.41 0.41 0.42 0.42 0.42 0.42 0.43 0.43 0.43 0.43 0.44 0.44 0.44 0.44 0.45 0.45 0.45 0.45 0.46 0.46 0.46 0.46 0.47 0.47 0.47 0.47 0.48 0.48 0.48 0.48 0.49 0.49 0.49 0.49 0.00 0.50 0.50 0.50 0.51 0.51 0.51 0.51 0.52 0.52 0.52 0.52 0.53 0.53 0.53 0.53 0.54 0.54 0.54 0.54 0.55 0.55 0.55 0.55 0.56 0.56 0.56 0.56 0.57 0.57 0.57 0.57 0.58 0.58 0.58 0.58 0.59 0.59 0.59 0.59 0.60 0.60 0.60 0.60 0.61 0.61 0.61 0.61 0.62 0.62 0.62 0.62 0.63 0.63 0.63 0.63 0.64 0.64 0.64 0.64 0.65 0.65 0.65 0.65 0.66 0.66 0.66 0.66 0.67 0.67 0.67 0.67 0.68 0.68 0.68 0.68 0.69 0.69 0.69 0.69 0.70 0.70 0.70 0.70 0.71 0.71 0.71 0.71 
0.40 0.40 0.40 0.40 0.41 0.41 0.41 0.41 0.42 0.42 0.42 0.42 0.43 0.43 0.43 0.43 0.44 0.44 0.44 0.44 0.45 0.45 0.45 0.45 0.46 0.46 0.46 0.46 0.47 0.47 0.47 0.47 0.48 0.48 0.48 0.48 0.49 0.49 0.49 0.49 0.50 0.00 0.50 0.50 0.51 0.51 0.51 0.51 0.52 0.52 0.52 0.52 0.53 0.53 0.53 0.53 0.54 0.54 0.54 0.54 0.55 0.55 0.55 0.55 0.56 0.56 0.56 0.56 0.57 0.57 0.57 0.57 0.58 0.58 0.58 0.58 0.59 0.59 0.59 0.59 0.60 0.60 0.60 0.60 0.61 0.61 0.61 0.61 0.62 0.62 0.62 0.62 0.63 0.63 0.63 0.63 0.64 0.64 0.64 0.64 0.65 0.65 0.65 0.65 0.66 0.66 0.66 0.66 0.67 0.67 0.67 0.67 0.68 0.68 0.68 0.68 0.69 0.69 0.69 0.69 0.70 0.70 0.70 0.70 0.71 0.71 0.71 0.71 
0.40 0.40 0.40 0.40 0.41 0.41 0.41 0.41 0.42 0.42 0.42 0.42 0.43 0.43 0.43 0.43 0.44 0.44 0.44 0.44 0.45 0.45 0.45 0.45 0.46 0.46 0.46 0.46 0.47 0.47 0.47 0.47 0.48 0.48 0.48 0.48 0.49 0.49 0.49 0.49 0.50 0.50 0.00 0.50 0.51 0.51 0.51 0.51 0.52 0.52 0.52 0.52 0.53 0.53 0.53 0.53 0.54 0.54 0.54 0.54 0.55 0.55 0.55 0.55 0.56 0.56 0.56 0.56 0.57 0.57 0.57 0.57 0.58 0.58 0.58 0.58 0.59 0.59 0.59 0.59 0.60 0.60 0.60 0.60 0.61 0.61 0.61 0.61 0.62 0.62 0.62 0.62 0.63 0.63 0.63 0.63 0.64 0.64 0.64 0.64 0.65 0.65 0.65 0.65 0.66 0.66 0.66 0.66 0.67 0.67 0.67 0.67 0.68 0.68 0.68 0.68 0.69 0.69 0.69 0.69 0.70 0.70 0.70 0.70 0.71 0.71 0.71 0.71 
0.40 0.40 0.40 0.40 0.41 0.41 0.41 0.41 0.42 0.42 0.42 0.42 0.43 0.43 0.43 0.43 0.44 0.44 0.44 0.44 0.45 0.45 0.45 0.45 0.46 0.46 0.46 0.46 0.47 0.47 0.47 0.47 0.48 0.48 0.48 0.48 0.49 0.49 0.49 0.49 0.50 0.50 0.50 0.00 0.51 0.51 0.51 0.51 0.52 0.52 0.52 0.52 0.53 0.53 0.53 0.53 0.54 0.54 0.54 0.54 0.55 0.55 0.55 0.55 0.56 0.56 0.56 0.56 0.57 0.57 0.57 0.57 0.58 0.58 0.58 0.58 0.59 0.59 0.59 0.59 0.60 0.60 0.60 0.60 0.61 0.61 0.61 0.61 0.62 0.62 0.62 0.62 0.63 0.63 0.63 0.63 0.64 0.64 0.64 0.64 0.65 0.65 0.65 0.65 0.66 0.66 0.66 0.66 0.67 0.67 0.67 0.67 0.68 0.68 0.68 0.68 0.69 0.69 0.69 0.69 0.70 0.70 0.70 0.70 0.71 0.71 0.71 0.71 
0.39 0.39 0.39 0.39 0.40 0.40 0.40 0.40 0.41 0.41 0.41 0.41 0.42 0.42 0.42 0.42 0.43 0.43 0.43 0.43 0.44 0.44 0.44 0.44 0.45 0.45 0.45 0.45 0.46 0.46 0.46 0.46 0.47 0.47 0.47 0.47 0.48 0.48 0.48 0.48 0.49 0.49 0.49 0.49 0.00 0.50 0.50 0.50 0.51 0.51 0.51 0.51 0.52 0.52 0.52 0.52 0.53 0.53 0.53 0.53 0.54 0.54 0.54 0.54 0.55 0.55 0.55 0.55 0.56 0.56 0.56 0.56 0.57 0.57 0.57 0.57 0.58 0.58 0.58 0.58 0.59 0.59 0.59 0.59 0.60 0.60 0.60 0.60 0.61 0.61 0.61 0.61 0.62 0.62 0.62 0.62 0.63 0.63 0.63 0.63 0.64 0.64 0.64 0.64 0.65 0.65 0.65 0.65 0.66 0.66 0.66 0.66 0.67 0.67 0.67 0.67 0.68 0.68 0.68 0.68 0.69 0.69 0.69 0.69 0.70 0.70 0.70 0.70 
0.39 0.39 0.39 0.39 0.40 0.40 0.40 0.40 0.41 0.41 0.41 0.41 0.42 0.42 0.42 0.42 0.43 0.43 0.43 0.43 0.44 0.44 0.44 0.44 0.45 0.45 0.45 0.45 0.46 0.46 0.46 0.46 0.47 0.47 0.47 0.47 0.48 0.48 0.48 0.48 0.49 0.49 0.49 0.49 0.50 0.00 0.50 0.50 0.51 0.51 0.51 0.51 0.52 0.52 0.52 0.52 0.53 0.53 0.53 0.53 0.54 0.54 0.54 0.54 0.55 0.55 0.55 0.55 0.56 0.56 0.56 0.56 0.57 0.57 0.57 0.57 0.58 0.58 0.58 0.58 0.59 0.59 0.59 0.59 0.60 0.60 0.60 0.60 0.61 0.61 0.61 0.61 0.62 0.62 0.62 0.62 0.63 0.63 0.63 0.63 0.64 0.64 0.64 0.64 0.65 0.65 0.65 0.65 0.66 0.66 0.66 0.66 0.67 0.67 0.67 0.67 0.68 0.68 0.68 0.68 0.69 0.69 0.69 0.69 0.70 0.70 0.70 0.70 
0.39 0.39 0.39 0.39 0.40 0.40 0.40 0.40 0.41 0.41 0.41 0.41 0.42 0.42 0.42 0.42 0.43 0.43 0.43 0.43 0.44 0.44 0.44 0.44 0.45 0.45 0.45 0.45 0.46 0.46 0.46 0.46 0.47 0.47 0.47 0.47 0.48 0.48 0.48 0.48 0.49 0.49 0.49 0.49 0.50 0.50 0.00 0.50 0.51 0.51 0.51 0.51 0.52 0.52 0.52 0.52 0.53 0.53 0.53 0.53 0.54 0.54 0.54 0.54 0.55 0.55 0.55 0.55 0.56 0.56 0.56 0.56 0.57 0.57 0.57 0.57 0.58 0.58 0.58 0.58 0.59 0.59 0.59 0.59 0.60 0.60 0.60 0.60 0.61 0.61 0.61 0.61 0.62 0.62 0.62 0.62 0.63 0.63 0.63 0.63 0.64 0.64 0.64 0.64 0.65 0.65 0.65 0.65 0.66 0.66 0.66 0.66 0.67 0.67 0.67 0.67 0.68 0.68 0.68 0.68 0.69 0.69 0.69 0.69 0.70 0.70 0.70 0.70 
0.39 0.39 0.39 0.39 0.40 0.40 0.40 0.40 0.41 0.41 0.41 0.41 0.42 0.42 0.42 0.42 0.43 0.43 0.43 0.43 0.44 0.44 0.44 0.44 0.45 0.45 0.45 0.45 0.46 0.46 0.46 0.46 0.47 0.47 0.47 0.47 0.48 0.48 0.48 0.48 0.49 0.49 0.49 0.49 0.50 0.50 0.50 0.00 0.51 0.51 0.51 0.51 0.52 0.52 0.52 0.52 0.53 0.53 0.53 0.53 0.54 0.54 0.54 0.54 0.55 0.55 0.55 0.55 0.56 0.56 0.56 0.56 0.57 0.57 0.57 0.57 0.58 0.58 0.58 0.58 0.59 0.59 0.59 0.59 0.60 0.60 0.60 0.60 0.61 0.61 0.61 0.61 0.62 0.62 0.62 0.62 0.63 0.63 0.63 0.63 0.64 0.64 0.64 0.64 0.65 0.65 0.65 0.65 0.66 0.66 0.66 0.66 0.67 0.67 0.67 0.67 0.68 0.68 0.68 0.68 0.69 0.69 0.69 0.69 0.70 0.70 0.70 0.70 
0.38 0.38 0.38 0.38 0.39 0.39 0.39 0.39 0.40 0.40 0.40 0.40 0.41 0.41 0.41 0.41 0.42 0.42 0.42 0.42 0.43 0.43 0.43 0.43 0.44 0.44 0.44 0.44 0.45 0.45 0.45 0.45 0.46 0.46 0.46 0.46 0.47 0.47 0.47 0.47 0.48 0.48 0.48 0.48 0.49 0.49 0.49 0.49 0.00 0.50 0.50 0.50 0.51 0.51 0.51 0.51 0.52 0.52 0.52 0.52 0.53 0.53 0.53 0.53 0.54 0.54 0.54 0.54 0.55 0.55 0.55 0.55 0.56 0.56 0.56 0.56 0.57 0.57 0.57 0.57 0.58 0.58 0.58 0.58 0.59 0.59 0.59 0.59 0.60 0.60 0.60 0.60 0.61 0.61 0.61 0.61 0.62 0.62 0.62 0.62 0.63 0.63 0.63 0.63 0.64 0.64 0.64 0.64 0.65 0.65 0.65 0.65 0.66 0.66 0.66 0.66 0.67 0.67 0.67 0.67 0.68 0.68 0.68 0.68 0.69 0.69 0.69 0.69 
0.38 0.38 0.38 0.38 0.39 0.39 0.39 0.39 0.40 0.40 0.40 0.40 0.41 0.41 0.41 0.41 0.42 0.42 0.42 0.42 0.43 0.43 0.43 0.43 0.44 0.44 0.44 0.44 0.45 0.45 0.45 0.45 0.46 0.46 0.46 0.46 0.47 0.47 0.47 0.47 0.48 0.48 0.48 0.48 0.49 0.49 0.49 0.49 0.50 0.00 0.50 0.50 0.51 0.51 0.51 0.51 0.52 0.52 0.52 0.52 0.53 0.53 0.53 0.53 0.54 0.54 0.54 0.54 0.55 0.55 0.55 0.55 0.56 0.56 0.56 0.56 0.57 0.57 0.57 0.57 0.58 0.58 0.58 0.58 0.59 0.59 0.59 0.59 0.60 0.60 0.60 0.60 0.61 0.61 0.61 0.61 0.62 0.62 0.62 0.62 0.63 0.63 0.63 0.63 0.64 0.64 0.64 0.64 0.65 0.65 0.65 0.65 0.66 0.66 0.66 0.66 0.67 0.67 0.67 0.67 0.68 0.68 0.68 0.68 0.69 0.69 0.69 0.69 
0.38 0.38 0.38 0.38 0.39 0.39 0.39 0.39 0.40 0.40 0.40 0.40 0.41 0.41 0.41 0.41 0.42 0.42 0.42 0.42 0.43 0.43 0.43 0.43 0.44 0.44 0.44 0.44 0.45 0.45 0.45 0.45 0.46 0.46 0.46 0.46 0.47 0.47 0.47 0.47 0.48 0.48 0.48 0.48 0.49 0.49 0.49 0.49 0.50 0.50 0.00 0.50 0.51 0.51 0.51 0.51 0.52 0.52 0.52 0.52 0.53 0.53 0.53 0.53 0.54 0.54 0.54 0.54 0.55 0.55 0.55 0.55 0.56 0.56 0.56 0.56 0.57 0.57 0.57 0.57 0.58 0.58 0.58 0.58 0.59 0.59 0.59 0.59 0.60 0.60 0.60 0.60 0.61 0.61 0.61 0.61 0.62 0.62 0.62 0.62 0.63 0.63 0.63 0.63 0.64 0.64 0.64 0.64 0.65 0.65 0.65 0.65 0.66 0.66 0.66 0.66 0.67 0.67 0.67 0.67 0.68 0.68 0.68 0.68 0.69 0.69 0.69 0.69 
0.38 0.38 0.38 0.38 0.39 0.39 0.39 0.39 0.40 0.40 0.40 0.40 0.41 0.41 0.41 0.41 0.42 0.42 0.42 0.42 0.43 0.43 0.43 0.43 0.44 0.44 0.44 0.44 0.45 0.45 0.45 0.45 0.46 0.46 0.46 0.46 0.47 0.47 0.47 0.47 0.48 0.48 0.48 0.48 0.49 0.49 0.49 0.49 0.50 0.50 0.50 0.00 0.51 0.51 0.51 0.51 0.52 0.52 0.52 0.52 0.53 0.53 0.53 0.53 0.54 0.54 0.54 0.54 0.55 0.55 0.55 0.55 0.56 0.56 0.56 0.56 0.57 0.57 0.57 0.57 0.58 0.58 0.58 0.58 0.59 0.59 0.59 0.59 0.60 0.60 0.60 0.60 0.61 0.61 0.61 0.61 0.62 0.62 0.62 0.62 0.63 0.63 0.63 0.63 0.64 0.64 0.64 0.64 0.65 0.65 0.65 0.65 0.66 0.66 0.66 0.66 0.67 0.67 0.67 0.67 0.68 0.68 0.68 0.68 0.69 0.69 0.69 0.69 
0.37 0.37 0.37 0.37 0.38 0.38 0.38 0.38 0.39 0.39 0.39 0.39 0.40 0.40 0.40 0.40 0.41 0.41 0.41 0.41 0.42 0.42 0.42 0.42 0.43 0.43 0.43 0.43 0.44 0.44 0.44 0.44 0.45 0.45 0.45 0.45 0.46 0.46 0.46 0.46 0.47 0.47 0.47 0.47 0.48 0.48 0.48 0.48 0.49 0.49 0.49 0.49 0.00 0.50 0.50 0.50 0.51 0.51 0.51 0.51 0.52 0.52 0.52 0.52 0.53 0.53 0.53 0.53 0.54 0.54 0.54 0.54 0.55 0.55 0.55 0.55 0.56 0.56 0.56 0.56 0.57 0.57 0.57 0.57 0.58 0.58 0.58 0.58 0.59 0.59 0.59 0.59 0.60 0.60 0.60 0.60 0.61 0.61 0.61 0.61 0.62 0.62 0.62 0.62 0.63 0.63 0.63 0.63 0.64 0.64 0.64 0.64 0.65 0.65 0.65 0.65 0.66 0.66 0.66 0.66 0.67 0.67 0.67 0.67 0.68 0.68 0.68 0.68 
0.37 0.37 0.37 0.37 0.38 0.38 0.38 0.38 0.39 0.39 0.39 0.39 0.40 0.40 0.40 0.40 0.41 0.41 0.41 0.41 0.42 0.42 0.42 0.42 0.43 0.43 0.43 0.43 0.44 0.44 0.44 0.44 0.45 0.45 0.45 0.45 0.46 0.46 0.46 0.46 0.47 0.47 0.47 0.47 0.48 0.48 0.48 0.48 0.49 0.49 0.49 0.49 0.50 0.00 0.50 0.50 0.51 0.51 0.51 0.51 0.52 0.52 0.52 0.52 0.53 0.53 0.53 0.53 0.54 0.54 0.54 0.54 0.55 0.55 0.55 0.55 0.56 0.56 0.56 0.56 0.57 0.57 0.57 0.57 0.58 0.58 0.58 0.58 0.59 0.59 0.59 0.59 0.60 0.60 0.60 0.60 0.61 0.61 0.61 0.61 0.62 0.62 0.62 0.62 0.63 0.63 0.63 0.63 0.64 0.64 0.64 0.64 0.65 0.65 0.65 0.65 0.66 0.66 0.66 0.66 0.67 0.67 0.67 0.67 0.68 0.68 0.68 0.68 
0.37 0.37 0.37 0.37 0.38 0.38 0.38 0.38 0.39 0.39 0.39 0.39 0.40 0.40 0.40 0.40 0.41 0.41 0.41 0.41 0.42 0.42 0.42 0.42 0.43 0.43 0.43 0.43 0.44 0.44 0.44 0.44 0.45 0.45 0.45 0.45 0.46 0.46 0.46 0.46 0.47 0.47 0.47 0.47 0.48 0.48 0.48 0.48 0.49 0.49 0.49 0.49 0.50 0.50 0.00 0.50 0.51 0.51 0.51 0.51 0.52 0.52 0.52 0.52 0.53 0.53 0.53 0.53 0.54 0.54 0.54 0.54 0.55 0.55 0.55 0.55 0.56 0.56 0.56 0.56 0.57 0.57 0.57 0.57 0.58 0.58 0.58 0.58 0.59 0.59 0.59 0.59 0.60 0.60 0.60 0.60 0.61 0.61 0.61 0.61 0.62 0.62 0.62 0.62 0.63 0.63 0.63 0.63 0.64 0.64 0.64 0.64 0.65 0.65 0.65 0.65 0.66 0.66 0.66 0.66 0.67 0.67 0.67 0.67 0.68 0.68 0.68 0.68 
0.37 0.37 0.37 0.37 0.38 0.38 0.38 0.38 0.39 0.39 0.39 0.39 0.40 0.40 0.40 0.40 0.41 0.41 0.41 0.41 0.42 0.42 0.42 0.42 0.43 0.43 0.43 0.43 0.44 0.44 0.44 0.44 0.45 0.45 0.45 0.45 0.46 0.46 0.46 0.46 0.47 0.47 0.47 0.47 0.48 0.48 0.48 0.48 0.49 0.49 0.49 0.49 0.50 0.50 0.50 0.00 0.51 0.51 0.51 0.51 0.52 0.52 0.52 0.52 0.53 0.53 0.53 0.53 0.54 0.54 0.54 0.54 0.55 0.55 0.55 0.55 0.56 0.56 0.56 0.56 0.57 0.57 0.57 0.57 0.58 0.58 0.58 0.58 0.59 0.59 0.59 0.59 0.60 0.60 0.60 0.60 0.61 0.61 0.61 0.61 0.62 0.62 0.62 0.62 0.63 0.63 0.63 0.63 0.64 0.64 0.64 0.64 0.65 0.65 0.65 0.65 0.66 0.66 0.66 0.66 0.67 0.67 0.67 0.67 0.68 0.68 0.68 0.68 
0.36 0.36 0.36 0.36 0.37 0.37 0.37 0.37 0.38 0.38 0.38 0.38 0.39 0.39 0.39 0.39 0.40 0.40 0.40 0.40 0.41 0.41 0.41 0.41 0.42 0.42 0.42 0.42 0.43 0.43 0.43 0.43 0.44 0.44 0.44 0.44 0.45 0.45 0.45 0.45 0.46 0.46 0.46 0.46 0.47 0.47 0.47 0.47 0.48 0.48 0.48 0.48 0.49 0.49 0.49 0.49 0.00 0.50 0.50 0.50 0.51 0.51 0.51 0.51 0.52 0.52 0.52 0.52 0.53 0.53 0.53 0.53 0.54 0.54 0.54 0.54 0.55 0.55 0.55 0.55 0.56 0.56 0.56 0.56 0.57 0.57 0.57 0.57 0.58 0.58 0.58 0.58 0.59 0.59 0.59 0.59 0.60 0.60 0.60 0.60 0.61 0.61 0.61 0.61 0.62 0.62 0.62 0.62 0.63 0.63 0.63 0.63 0.64 0.64 0.64 0.64 0.65 0.65 0.65 0.65 0.66 0.66 0.66 0.66 0.67 0.67 0.67 0.67 
0.36 0.36 0.36 0.36 0.37 0.37 0.37 0.37 0.38 0.38 0.38 0.38 0.39 0.39 0.39 0.39 0.40 0.40 0.40 0.40 0.41 0.41 0.41 0.41 0.42 0.42 0.42 0.42 0.43 0.43 0.43 0.43 0.44 0.44 0.44 0.44 0.45 0.45 0.45 0.45 0.46 0.46 0.46 0.46 0.47 0.47 0.47 0.47 0.48 0.48 0.48 0.48 0.49 0.49 0.49 0.49 0.50 0.00 0.50 0.50 0.51 0.51 0.51 0.51 0.52 0.52 0.52 0.52 0.53 0.53 0.53 0.53 0.54 0.54 0.54 0.54 0.55 0.55 0.55 0.55 0.56 0.56 0.56 0.56 0.57 0.57 0.57 0.57 0.58 0.58 0.58 0.58 0.59 0.59 0.59 0.59 0.60 0.60 0.60 0.60 0.61 0.61 0.61 0.61 0.62 0.62 0.62 0.62 0.63 0.63 0.63 0.63 0.64 0.64 0.64 0.64 0.65 0.65 0.65 0.65 0.66 0.66 0.66 0.66 0.67 0.67 0.67 0.67 
0.36 0.36 0.36 0.36 0.37 0.37 0.37 0.37 0.38 0.38 0.38 0.38 0.39 0.39 0.39 0.39 0.40 0.40 0.40 0.40 0.41 0.41 0.41 0.41 0.42 0.42 0.42 0.42 0.43 0.43 0.43 0.43 0.44 0.44 0.44 0.44 0.45 0.45 0.45 0.45 0.46 0.46 0.46 0.46 0.47 0.47 0.47 0.47 0.48 0.48 0.48 0.48 0.49 0.49 0.49 0.49 0.50 0.50 0.00 0.50 0.51 0.51 0.51 0.51 0.52 0.52 0.52 0.52 0.53 0.53 0.53 0.53 0.54 0.54 0.54 0.54 0.55 0.55 0.55 0.55 0.56 0.56 0.56 0.56 0.57 0.57 0.57 0.57 0.58 0.58 0.58 0.58 0.59 0.59 0.59 0.59 0.60 0.60 0.60 0.60 0.61 0.61 0.61 0.61 0.62 0.62 0.62 0.62 0.63 0.63 0.63 0.63 0.64 0.64 0.64 0.64 0.65 0.65 0.65 0.65 0.66 0.66 0.66 0.66 0.67 0.67 0.67 0.67 
0.36 0.36 0.36 0.36 0.37 0.37 0.37 0.37 0.38 0.38 0.38 0.38 0.39 0.39 0.39 0.39 0.40 0.40 0.40 0.40 0.41 0.41 0.41 0.41 0.42 0.42 0.42 0.42 0.43 0.43 0.43 0.43 0.44 0.44 0.44 0.44 0.45 0.45 0.45 0.45 0.46 0.46 0.46 0.46 0.47 0.47 0.47 0.47 0.48 0.48 0.48 0.48 0.49 0.49 0.49 0.49 0.50 0.50 0.50 0.00 0.51 0.51 0.51 0.51 0.52 0.52 0.52 0.52 0.53 0.53 0.53 0.53 0.54 0.54 0.54 0.54 0.55 0.55 0.55 0.55 0.56 0.56 0.56 0.56 0.57 0.57 0.57 0.57 0.58 0.58 0.58 0.58 0.59 0.59 0.59 0.59 0.60 0.60 0.60 0.60 0.61 0.61 0.61 0.61 0.62 0.62 0.62 0.62 0.63 0.63 0.63 0.63 0.64 0.64 0.64 0.64 0.65 0.65 0.65 0.65 0.66 0.66 0.66 0.66 0.67 0.67 0.67 0.67 
0.35 0.35 0.35 0.35 0.36 0.36 0.36 0.36 0.37 0.37 0.37 0.37 0.38 0.38 0.38 0.38 0.39 0.39 0.39 0.39 0.40 0.40 0.40 0.40 0.41 0.41 0.41 0.41 0.42 0.42 0.42 0.42 0.43 0.43 0.43 0.43 0.44 0.44 0.44 0.44 0.45 0.45 0.45 0.45 0.46 0.46 0.46 0.46 0.47 0.47 0.47 0.47 0.48 0.48 0.48 0.48 0.49 0.49 0.49 0.49 0.00 0.50 0.50 0.50 0.51 0.51 0.51 0.51 0.52 0.52 0.52 0.52 0.53 0.53 0.53 0.53 0.54 0.54 0.54 0.54 0.55 0.55 0.55 0.55 0.56 0.56 0.56 0.56 0.57 0.57 0.57 0.57 0.58 0.58 0.58 0.58 0.59 0.59 0.59 0.59 0.60 0.60 0.60 0.60 0.61 0.61 0.61 0.61 0.62 0.62 0.62 0.62 0.63 0.63 0.63 0.63 0.64 0.64 0.64 0.64 0.65 0.65 0.65 0.65 0.66 0.66 0.66 0.66 
0.35 0.35 0.35 0.35 0.36 0.36 0.36 0.36 0.37 0.37 0.37 0.37 0.38 0.38 0.38 0.38 0.39 0.39 0.39 0.39 0.40 0.40 0.40 0.40 0.41 0.41 0.41 0.41 0.42 0.42 0.42 0.42 0.43 0.43 0.43 0.43 0.44 0.44 0.44 0.44 0.45 0.45 0.45 0.45 0.46 0.46 0.46 0.46 0.47 0.47 0.47 0.47 0.48 0.48 0.48 0.48 0.49 0.49 0.49 0.49 0.50 0.00 0.50 0.50 0.51 0.51 0.51 0.51 0.52 0.52 0.52 0.52 0.53 0.53 0.53 0.53 0.54 0.54 0.54 0.54 0.55 0.55 0.55 0.55 0.56 0.56 0.56 0.56 0.57 0.57 0.57 0.57 0.58 0.58 0.58 0.58 0.59 0.59 0.59 0.59 0.60 0.60 0.60 0.60 0.61 0.61 0.61 0.61 0.62 0.62 0.62 0.62 0.63 0.63 0.63 0.63 0.64 0.64 0.64 0.64 0.65 0.65 0.65 0.65 0.66 0.66 0.66 0.66 
0.35 0.35 0.35 0.35 0.36 0.36 0.36 0.36 0.37 0.37 0.37 0.37 0.38 0.38 0.38 0.38 0.39 0.39 0.39 0.39 0.40 0.40 0.40 0.40 0.41 0.41 0.41 0.41 0.42 0.42 0.42 0.42 0.43 0.43 0.43 0.43 0.44 0.44 0.44 0.44 0.45 0.45 0.45 0.45 0.46 0.46 0.46 0.46 0.47 0.47 0.47 0.47 0.48 0.48 0.48 0.48 0.49 0.49 0.49 0.49 0.50 0.50 0.00 0.50 0.51 0.51 0.51 0.51 0.52 0.52 0.52 0.52 0.53 0.53 0.53 0.53 0.54 0.54 0.54 0.54 0.55 0.55 0.55 0.55 0.56 0.56 0.56 0.56 0.57 0.57 0.57 0.57 0.58 0.58 0.58 0.58 0.59 0.59 0.59 0.59 0.60 0.60 0.60 0.60 0.61 0.61 0.61 0.61 0.62 0.62 0.62 0.62 0.63 0.63 0.63 0.63 0.64 0.64 0.64 0.64 0.65 0.65 0.65 0.65 0.66 0.66 0.66 0.66 
0.35 0.35 0.35 0.35 0.36 0.36 0.36 0.36 0.37 0.37 0.37 0.37 0.38 0.38 0.38 0.38 0.39 0.39 0.39 0.39 0.40 0.40 0.40 0.40 0.41 0.41 0.41 0.41 0.42 0.42 0.42 0.42 0.43 0.43 0.43 0.43 0.44 0.44 0.44 0.44 0.45 0.45 0.45 0.45 0.46 0.46 0.46 0.46 0.47 0.47 0.47 0.47 0.48 0.48 0.48 0.48 0.49 0.49 0.49 0.49 0.50 0.50 0.50 0.00 0.51 0.51 0.51 0.51 0.52 0.52 0.52 0.52 0.53 0.53 0.53 0.53 0.54 0.54 0.54 0.54 0.55 0.55 0.55 0.55 0.56 0.56 0.56 0.56 0.57 0.57 0.57 0.57 0.58 0.58 0.58 0.58 0.59 0.59 0.59 0.59 0.60 0.60 0.60 0.60 0.61 0.61 0.61 0.61 0.62 0.62 0.62 0.62 0.63 0.63 0.63 0.63 0.64 0.64 0.64 0.64 0.65 0.65 0.65 0.65 0.66 0.66 0.66 0.66 
0.34 0.34 0.34 0.34 0.35 0.35 0.35 0.35 0.36 0.36 0.36 0.36 0.37 0.37 0.37 0.37 0.38 0.38 0.38 0.38 0.39 0.39 0.39 0.39 0.40 0.40 0.40 0.40 0.41 0.41 0.41 0.41 0.42 0.42 0.42 0.42 0.43 0.43 0.43 0.43 0.44 0.44 0.44 0.44 0.45 0.45 0.45 0.45 0.46 0.46 0.46 0.46 0.47 0.47 0.47 0.47 0.48 0.48 0.48 0.48 0.49 0.49 0.49 0.49 0.00 0.50 0.50 0.50 0.51 0.51 0.51 0.51 0.52 0.52 0.52 0.52 0.53 0.53 0.53 0.53 0.54 0.54 0.54 0.54 0.55 0.55 0.55 0.55 0.56 0.56 0.56 0.56 0.57 0.57 0.57 0.57 0.58 0.58 0.58 0.58 0.59 0.59 0.59 0.59 0.60 0.60 0.60 0.60 0.61 0.61 0.61 0.61 0.62 0.62 0.62 0.62 0.63 0.63 0.63 0.63 0.64 0.64 0.64 0.64 0.65 0.65 0.65 0.65 
0.34 0.34 0.34 0.34 0.35 0.35 0.35 0.35 0.36 0.36 0.36 0.36 0.37 0.37 0.37 0.37 0.38 0.38 0.38 0.38 0.39 0.39 0.39 0.39 0.40 0.40 0.40 0.40 0.41 0.41 0.41 0.41 0.42 0.42 0.42 0.42 0.43 0.43 0.43 0.43 0.44 0.44 0.44 0.44 0.45 0.45 0.45 0.45 0.46 0.46 0.46 0.46 0.47 0.47 0.47 0.47 0.48 0.48 0.48 0.48 0.49 0.49 0.49 0.49 0.50 0.00 0.50 0.50 0.51 0.51 0.51 0.51 0.52 0.52 0.52 0.52 0.53 0.53 0.53 0.53 0.54 0.54 0.54 0.54 0.55 0.55 0.55 0.55 0.56 0.56 0.56 0.56 0.57 0.57 0.57 0.57 0.58 0.58 0.58 0.58 0.59 0.59 0.59 0.59 0.60 0.60 0.60 0.60 0.61 0.61 0.61 0.61 0.62 0.62 0.62 0.62 0.63 0.63 0.63 0.63 0.64 0.64 0.64 0.64 0.65 0.65 0.65 0.65 
0.34 0.34 0.34 0.34 0.35 0.35 0.35 0.35 0.36 0.36 0.36 0.36 0.37 0.37 0.37 0.37 0.38 0.38 0.38 0.38 0.39 0.39 0.39 0.39 0.40 0.40 0.40 0.40 0.41 0.41 0.41 0.41 0.42 0.42 0.42 0.42 0.43 0.43 0.43 0.43 0.44 0.44 0.44 0.44 0.45 0.45 0.45 0.45 0.46 0.46 0.46 0.46 0.47 0.47 0.47 0.47 0.48 0.48 0.48 0.48 0.49 0.49 0.49 0.49 0.50 0.50 0.00 0.50 0.51 0.51 0.51 0.51 0.52 0.52 0.52 0.52 0.53 0.53 0.53 0.53 0.54 0.54 0.54 0.54 0.55 0.55 0.55 0.55 0.56 0.56 0.56 0.56 0.57 0.57 0.57 0.57 0.58 0.58 0.58 0.58 0.59 0.59 0.59 0.59 0.60 0.60 0.60 0.60 0.61 0.61 0.61 0.61 0.62 0.62 0.62 0.62 0.63 0.63 0.63 0.63 0.64 0.64 0.64 0.64 0.65 0.65 0.65 0.65 
0.34 0.34 0.34 0.34 0.35 0.35 0.35 0.35 0.36 0.36 0.36 0.36 0.37 0.37 0.37 0.37 0.38 0.38 0.38 0.38 0.39 0.39 0.39 0.39 0.40 0.40 0.40 0.40 0.41 0.41 0.41 0.41 0.42 0.42 0.42 0.42 0.43 0.43 0.43 0.43 0.44 0.44 0.44 0.44 0.45 0.45 0.45 0.45 0.46 0.46 0.46 0.46 0.47 0.47 0.47 0.47 0.48 0.48 0.48 0.48 0.49 0.49 0.49 0.49 0.50 0.50 0.50 0.00 0.51 0.51 0.51 0.51 0.52 0.52 0.52 0.52 0.53 0.53 0.53 0.53 0.54 0.54 0.54 0.54 0.55 0.55 0.55 0.55 0.56 0.56 0.56 0.56 0.57 0.57 0.57 0.57 0.58 0.58 0.58 0.58 0.59 0.59 0.59 0.59 0.60 0.60 0.60 0.60 0.61 0.61 0.61 0.61 0.62 0.62 0.62 0.62 0.63 0.63 0.63 0.63 0.64 0.64 0.64 0.64 0.65 0.65 0.65 0.65 
0.33 0.33 0.33 0.33 0.34 0.34 0.34 0.34 0.35 0.35 0.35 0.35 0.36 0.36 0.36 0.36 0.37 0.37 0.37 0.37 0.38 0.38 0.38 0.38 0.39 0.39 0.39 0.39 0.40 0.40 0.40 0.40 0.41 0.41 0.41 0.41 0.42 0.42 0.42 0.42 0.43 0.43 0.43 0.43 0.44 0.44 0.44 0.44 0.45 0.45 0.45 0.45 0.46 0.46 0.46 0.46 0.47 0.47 0.47 0.47 0.48 0.48 0.48 0.48 0.49 0.49 0.49 0.49 0.00 0.50 0.50 0.50 0.51 0.51 0.51 0.51 0.52 0.52 0.52 0.52 0.53 0.53 0.53 0.53 0.54 0.54 0.54 0.54 0.55 0.55 0.55 0.55 0.56 0.56 0.56 0.56 0.57 0.57 0.57 0.57 0.58 0.58 0.58 0.58 0.59 0.59 0.59 0.59 0.60 0.60 0.60 0.60 0.61 0.61 0.61 0.61 0.62 0.62 0.62 0.62 0.63 0.63 0.63 0.63 0.64 0.64 0.64 0.64 
0.33 0.33 0.33 0.33 0.34 0.34 0.34 0.34 0.35 0.35 0.35 0.35 0.36 0.36 0.36 0.36 0.37 0.37 0.37 0.37 0.38 0.38 0.38 0.38 0.39 0.39 0.39 0.39 0.40 0.40 0.40 0.40 0.41 0.41 0.41 0.41 0.42 0.42 0.42 0.42 0.43 0.43 0.43 0.43 0.44 0.44 0.44 0.44 0.45 0.45 0.45 0.45 0.46 0.46 0.46 0.46 0.47 0.47 0.47 0.47 0.48 0.48 0.48 0.48 0.49 0.49 0.49 0.49 0.50 0.00 0.50 0.50 0.51 0.51 0.51 0.51 0.52 0.52 0.52 0.52 0.53 0.53 0.53 0.53 0.54 0.54 0.54 0.54 0.55 0.55 0.55 0.55 0.56 0.56 0.56 0.56 0.57 0.57 0.57 0.57 0.58 0.58 0.58 0.58 0.59 0.59 0.59 0.59 0.60 0.60 0.60 0.60 0.61 0.61 0.61 0.61 0.62 0.62 0.62 0.62 0.63 0.63 0.63 0.63 0.64 0.64 0.64 0.64 
0.33 0.33 0.33 0.33 0.34 0.34 0.34 0.34 0.35 0.35 0.35 0.35 0.36 0.36 0.36 0.36 0.37 0.37 0.37 0.37 0.38 0.38 0.38 0.38 0.39 0.39 0.39 0.39 0.40 0.40 0.40 0.40 0.41 0.41 0.41 0.41 0.42 0.42 0.42 0.42 0.43 0.43 0.43 0.43 0.44 0.44 0.44 0.44 0.45 0.45 0.45 0.45 0.46 0.46 0.46 0.46 0.47 0.47 0.47 0.47 0.48 0.48 0.48 0.48 0.49 0.49 0.49 0.49 0.50 0.50 0.00 0.50 0.51 0.51 0.51 0.51 0.52 0.52 0.52 0.52 0.53 0.53 0.53 0.53 0.54 0.54 0.54 0.54 0.55 0.55 0.55 0.55 0.56 0.56 0.56 0.56 0.57 0.57 0.57 0.57 0.58 0.58 0.58 0.58 0.59 0.59 0.59 0.59 0.60 0.60 0.60 0.60 0.61 0.61 0.61 0.61 0.62 0.62 0.62 0.62 0.63 0.63 0.63 0.63 0.64 0.64 0.64 0.64 
0.33 0.33 0.33 0.33 0.34 0.34 0.34 0.34 0.35 0.35 0.35 0.35 0.36 0.36 0.36 0.36 0.37 0.37 0.37 0.37 0.38 0.38 0.38 0.38 0.39 0.39 0.39 0.39 0.40 0.40 0.40 0.40 0.41 0.41 0.41 0.41 0.42 0.42 0.42 0.42 0.43 0.43 0.43 0.43 0.44 0.44 0.44 0.44 0.45 0.45 0.45 0.45 0.46 0.46 0.46 0.46 0.47 0.47 0.47 0.47 0.48 0.48 0.48 0.48 0.49 0.49 0.49 0.49 0.50 0.50 0.50 0.00 0.51 0.51 0.51 0.51 0.52 0.52 0.52 0.52 0.53 0.53 0.53 0.53 0.54 0.54 0.54 0.54 0.55 0.55 0.55 0.55 0.56 0.56 0.56 0.56 0.57 0.57 0.57 0.57 0.58 0.58 0.58 0.58 0.59 0.59 0.59 0.59 0.60 0.60 0.60 0.60 0.61 0.61 0.61 0.61 0.62 0.62 0.62 0.62 0.63 0.63 0.63 0.63 0.64 0.64 0.64 0.64 
0.32 0.32 0.32 0.32 0.33 0.33 0.33 0.33 0.34 0.34 0.34 0.34 0.35 0.35 0.35 0.35 0.36 0.36 0.36 0.36 0.37 0.37 0.37 0.37 0.38 0.38 0.38 0.38 0.39 0.39 0.39 0.39 0.40 0.40 0.40 0.40 0.41 0.41 0.41 0.41 0.42 0.42 0.42 0.42 0.43 0.43 0.43 0.43 0.44 0.44 0.44 0.44 0.45 0.45 0.45 0.45 0.46 0.46 0.46 0.46 0.47 0.47 0.47 0.47 0.48 0.48 0.48 0.48 0.49 0.49 0.49 0.49 0.00 0.50 0.50 0.50 0.51 0.51 0.51 0.51 0.52 0.52 0.52 0.52 0.53 0.53 0.53 0.53 0.54 0.54 0.54 0.54 0.55 0.55 0.55 0.55 0.56 0.56 0.56 0.56 0.57 0.57 0.57 0.57 0.58 0.58 0.58 0.58 0.59 0.59 0.59 0.59 0.60 0.60 0.60 0.60 0.61 0.61 0.61 0.61 0.62 0.62 0.62 0.62 0.63 0.63 0.63 0.63 
0.32 0.32 0.32 0.32 0.33 0.33 0.33 0.33 0.34 0.34 0.34 0.34 0.35 0.35 0.35 0.35 0.36 0.36 0.36 0.36 0.37 0.37 0.37 0.37 0.38 0.38 0.38 0.38 0.39 0.39 0.39 0.39 0.40 0.40 0.40 0.40 0.41 0.41 0.41 0.41 0.42 0.42 0.42 0.42 0.43 0.43 0.43 0.43 0.44 0.44 0.44 0.44 0.45 0.45 0.45 0.45 0.46 0.46 0.46 0.46 0.47 0.47 0.47 0.47 0.48 0.48 0.48 0.48 0.49 0.49 0.49 0.49 0.50 0.00 0.50 0.50 0.51 0.51 0.51 0.51 0.52 0.52 0.52 0.52 0.53 0.53 0.53 0.53 0.54 0.54 0.54 0.54 0.55 0.55 0.55 0.55 0.56 0.56 0.56 0.56 0.57 0.57 0.57 0.57 0.58 0.58 0.58 0.58 0.59 0.59 0.59 0.59 0.60 0.60 0.60 0.60 0.61 0.61 0.61 0.61 0.62 0.62 0.62 0.62 0.63 0.63 0.63 0.63 
0.32 0.32 0.32 0.32 0.33 0.33 0.33 0.33 0.34 0.34 0.34 0.34 0.35 0.35 0.35 0.35 0.36 0.36 0.36 0.36 0.37 0.37 0.37 0.37 0.38 0.38 0.38 0.38 0.39 0.39 0.39 0.39 0.40 0.40 0.40 0.40 0.41 0.41 0.41 0.41 0.42 0.42 0.42 0.42 0.43 0.43 0.43 0.43 0.44 0.44 0.44 0.44 0.45 0.45 0.45 0.45 0.46 0.46 0.46 0.46 0.47 0.47 0.47 0.47 0.48 0.48 0.48 0.48 0.49 0.49 0.49 0.49 0.50 0.50 0.00 0.50 0.51 0.51 0.51 0.51 0.52 0.52 0.52 0.52 0.53 0.53 0.53 0.53 0.54 0.54 0.54 0.54 0.55 0.55 0.55 0.55 0.56 0.56 0.56 0.56 0.57 0.57 0.57 0.57 0.58 0.58 0.58 0.58 0.59 0.59 0.59 0.59 0.60 0.60 0.60 0.60 0.61 0.61 0.61 0.61 0.62 0.62 0.62 0.62 0.63 0.63 0.63 0.63 
0.32 0.32 0.32 0.32 0.33 0.33 0.33 0.33 0.34 0.34 0.34 0.34 0.35 0.35 0.35 0.35 0.36 0.36 0.36 0.36 0.37 0.37 0.37 0.37 0.38 0.38 0.38 0.38 0.39 0.39 0.39 0.39 0.40 0.40 0.40 0.40 0.41 0.41 0.41 0.41 0.42 0.42 0.42 0.42 0.43 0.43 0.43 0.43 0.44 0.44 0.44 0.44 0.45 0.45 0.45 0.45 0.46 0.46 0.46 0.46 0.47 0.47 0.47 0.47 0.48 0.48 0.48 0.48 0.49 0.49 0.49 0.49 0.50 0.50 0.50 0.00 0.51 0.51 0.51 0.51 0.52 0.52 0.52 0.52 0.53 0.53 0.53 0.53 0.54 0.54 0.54 0.54 0.55 0.55 0.55 0.55 0.56 0.56 0.56 0.56 0.57 0.57 0.57 0.57 0.58 0.58 0.58 0.58 0.59 0.59 0.59 0.59 0.60 0.60 0.60 0.60 0.61 0.61 0.61 0.61 0.62 0.62 0.62 0.62 0.63 0.63 0.63 0.63 
0.31 0.31 0.31 0.31 0.32 0.32 0.32 0.32 0.33 0.33 0.33 0.33 0.34 0.34 0.34 0.34 0.35 0.35 0.35 0.35 0.36 0.36 0.36 0.36 0.37 0.37 0.37 0.37 0.38 0.38 0.38 0.38 0.39 0.39 0.39 0.39 0.40 0.40 0.40 0.40 0.41 0.41 0.41 0.41 0.42 0.42 0.42 0.42 0.43 0.43 0.43 0.43 0.44 0.44 0.44 0.44 0.45 0.45 0.45 0.45 0.46 0.46 0.46 0.46 0.47 0.47 0.47 0.47 0.48 0.48 0.48 0.48 0.49 0.49 0.49 0.49 0.00 0.50 0.50 0.50 0.51 0.51 0.51 0.51 0.52 0.52 0.52 0.52 0.53 0.53 0.53 0.53 0.54 0.54 0.54 0.54 0.55 0.55 0.55 0.55 0.56 0.56 0.56 0.56 0.57 0.57 0.57 0.57 0.58 0.58 0.58 0.58 0.59 0.59 0.59 0.59 0.60 0.60 0.60 0.60 0.61 0.61 0.61 0.61 0.62 0.62 0.62 0.62 
0.31 0.31 0.31 0.31 0.32 0.32 0.32 0.32 0.33 0.33 0.33 0.33 0.34 0.34 0.34 0.34 0.35 0.35 0.35 0.35 0.36 0.36 0.36 0.36 0.37 0.37 0.37 0.37 0.38 0.38 0.38 0.38 0.39 0.39 0.39 0.39 0.40 0.40 0.40 0.40 0.41 0.41 0.41 0.41 0.42 0.42 0.42 0.42 0.43 0.43 0.43 0.43 0.44 0.44 0.44 0.44 0.45 0.45 0.45 0.45 0.46 0.46 0.46 0.46 0.47 0.47 0.47 0.47 0.48 0.48 0.48 0.48 0.49 0.49 0.49 0.49 0.50 0.00 0.50 0.50 0.51 0.51 0.51 0.51 0.52 0.52 0.52 0.52 0.53 0.53 0.53 0.53 0.54 0.54 0.54 0.54 0.55 0.55 0.55 0.55 0.56 0.56 0.56 0.56 0.57 0.57 0.57 0.57 0.58 0.58 0.58 0.58 0.59 0.59 0.59 0.59 0.60 0.60 0.60 0.60 0.61 0.61 0.61 0.61 0.62 0.62 0.62 0.62 
0.31 0.31 0.31 0.31 0.32 0.32 0.32 0.32 0.33 0.33 0.33 0.33 0.34 0.34 0.34 0.34 0.35 0.35 0.35 0.35 0.36 0.36 0.36 0.36 0.37 0.37 0.37 0.37 0.38 0.38 0.38 0.38 0.39 0.39 0.39 0.39 0.40 0.40 0.40 0.40 0.41 0.41 0.41 0.41 0.42 0.42 0.42 0.42 0.43 0.43 0.43 0.43 0.44 0.44 0.44 0.44 0.45 0.45 0.45 0.45 0.46 0.46 0.46 0.46 0.47 0.47 0.47 0.47 0.48 0.48 0.48 0.48 0.49 0.49 0.49 0.49 0.50 0.50 0.00 0.50 0.51 0.51 0.51 0.51 0.52 0.52 0.52 0.52 0.53 0.53 0.53 0.53 0.54 0.54 0.54 0.54 0.55 0.55 0.55 0.55 0.56 0.56 0.56 0.56 0.57 0.57 0.57 0.57 0.58 0.58 0.58 0.58 0.59 0.59 0.59 0.59 0.60 0.60 0.60 0.60 0.61 0.61 0.61 0.61 0.62 0.62 0.62 0.62 
0.31 0.31 0.31 0.31 0.32 0.32 0.32 0.32 0.33 0.33 0.33 0.33 0.34 0.34 0.34 0.34 0.35 0.35 0.35 0.35 0.36 0.36 0.36 0.36 0.37 0.37 0.37 0.37 0.38 0.38 0.38 0.38 0.39 0.39 0.39 0.39 0.40 0.40 0.40 0.40 0.41 0.41 0.41 0.41 0.42 0.42 0.42 0.42 0.43 0.43 0.43 0.43 0.44 0.44 0.44 0.44 0.45 0.45 0.45 0.45 0.46 0.46 0.46 0.46 0.47 0.47 0.47 0.47 0.48 0.48 0.48 0.48 0.49 0.49 0.49 0.49 0.50 0.50 0.50 0.00 0.51 0.51 0.51 0.51 0.52 0.52 0.52 0.52 0.53 0.53 0.53 0.53 0.54 0.54 0.54 0.54 0.55 0.55 0.55 0.55 0.56 0.56 0.56 0.56 0.57 0.57 0.57 0.57 0.58 0.58 0.58 0.58 0.59 0.59 0.59 0.59 0.60 0.60 0.60 0.60 0.61 0.61 0.61 0.61 0.62 0.62 0.62 0.62 
0.30 0.30 0.30 0.30 0.31 0.31 0.31 0.31 0.32 0.32 0.32 0.32 0.33 0.33 0.33 0.33 0.34 0.34 0.34 0.34 0.35 0.35 0.35 0.35 0.36 0.36 0.36 0.36 0.37 0.37 0.37 0.37 0.38 0.38 0.38 0.38 0.39 0.39 0.39 0.39 0.40 0.40 0.40 0.40 0.41 0.41 0.41 0.41 0.42 0.42 0.42 0.42 0.43 0.43 0.43 0.43 0.44 0.44 0.44 0.44 0.45 0.45 0.45 0.45 0.46 0.46 0.46 0.46 0.47 0.47 0.47 0.47 0.48 0.48 0.48 0.48 0.49 0.49 0.49 0.49 0.00 0.50 0.50 0.50 0.51 0.51 0.51 0.51 0.52 0.52 0.52 0.52 0.53 0.53 0.53 0.53 0.54 0.54 0.54 0.54 0.55 0.55 0.55 0.55 0.56 0.56 0.56 0.56 0.57 0.57 0.57 0.57 0.58 0.58 0.58 0.58 0.59 0.59 0.59 0.59 0.60 0.60 0.60 0.60 0.61 0.61 0.61 0.61 
0.30 0.30 0.30 0.30 0.31 0.31 0.31 0.31 0.32 0.32 0.32 0.32 0.33 0.33 0.33 0.33 0.34 0.34 0.34 0.34 0.35 0.35 0.35 0.35 0.36 0.36 0.36 0.36 0.37 0.37 0.37 0.37 0.38 0.38 0.38 0.38 0.39 0.39 0.39 0.39 0.40 0.40 0.40 0.40 0.41 0.41 0.41 0.41 0.42 0.42 0.42 0.42 0.43 0.43 0.43 0.43 0.44 0.44 0.44 0.44 0.45 0.45 0.45 0.45 0.46 0.46 0.46 0.46 0.47 0.47 0.47 0.47 0.48 0.48 0.48 0.48 0.49 0.49 0.49 0.49 0.50 0.00 0.50 0.50 0.51 0.51 0.51 0.51 0.52 0.52 0.52 0.52 0.53 0.53 0.53 0.53 0.54 0.54 0.54 0.54 0.55 0.55 0.55 0.55 0.56 0.56 0.56 0.56 0.57 0.57 0.57 0.57 0.58 0.58 0.58 0.58 0.59 0.59 0.59 0.59 0.60 0.60 0.60 0.60 0.61 0.61 0.61 0.61 
0.30 0.30 0.30 0.30 0.31 0.31 0.31 0.31 0.32 0.32 0.32 0.32 0.33 0.33 0.33 0.33 0.34 0.34 0.34 0.34 0.35 0.35 0.35 0.35 0.36 0.36 0.36 0.36 0.37 0.37 0.37 0.37 0.38 0.38 0.38 0.38 0.39 0.39 0.39 0.39 0.40 0.40 0.40 0.40 0.41 0.41 0.41 0.41 0.42 0.42 0.42 0.42 0.43 0.43 0.43 0.43 0.44 0.44 0.44 0.44 0.45 0.45 0.45 0.45 0.46 0.46 0.46 0.46 0.47 0.47 0.47 0.47 0.48 0.48 0.48 0.48 0.49 0.49 0.49 0.49 0.50 0.50 0.00 0.50 0.51 0.51 0.51 0.51 0.52 0.52 0.52 0.52 0.53 0.53 0.53 0.53 0.54 0.54 0.54 0.54 0.55 0.55 0.55 0.55 0.56 0.56 0.56 0.56 0.57 0.57 0.57 0.57 0.58 0.58 0.58 0.58 0.59 0.59 0.59 0.59 0.60 0.60 0.60 0.60 0.61 0.61 0.61 0.61 
0.30 0.30 0.30 0.30 0.31 0.31 0.31 0.31 0.32 0.32 0.32 0.32 0.33 0.33 0.33 0.33 0.34 0.34 0.34 0.34 0.35 0.35 0.35 0.35 0.36 0.36 0.36 0.36 0.37 0.37 0.37 0.37 0.38 0.38 0.38 0.38 0.39 0.39 0.39 0.39 0.40 0.40 0.40 0.40 0.41 0.41 0.41 0.41 0.42 0.42 0.42 0.42 0.43 0.43 0.43 0.43 0.44 0.44 0.44 0.44 0.45 0.45 0.45 0.45 0.46 0.46 0.46 0.46 0.47 0.47 0.47 0.47 0.48 0.48 0.48 0.48 0.49 0.49 0.49 0.49 0.50 0.50 0.50 0.00 0.51 0.51 0.51 0.51 0.52 0.52 0.52 0.52 0.53 0.53 0.53 0.53 0.54 0.54 0.54 0.54 0.55 0.55 0.55 0.55 0.56 0.56 0.56 0.56 0.57 0.57 0.57 0.57 0.58 0.58 0.58 0.58 0.59 0.59 0.59 0.59 0.60 0.60 0.60 0.60 0.61 0.61 0.61 0.61 
0.29 0.29 0.29 0.29 0.30 0.30 0.30 0.30 0.31 0.31 0.31 0.31 0.32 0.32 0.32 0.32 0.33 0.33 0.33 0.33 0.34 0.34 0.34 0.34 0.35 0.35 0.35 0.35 0.36 0.36 0.36 0.36 0.37 0.37 0.37 0.37 0.38 0.38 0.38 0.38 0.39 0.39 0.39 0.39 0.40 0.40 0.40 0.40 0.41 0.41 0.41 0.41 0.42 0.42 0.42 0.42 0.43 0.43 0.43 0.43 0.44 0.44 0.44 0.44 0.45 0.45 0.45 0.45 0.46 0.46 0.46 0.46 0.47 0.47 0.47 0.47 0.48 0.48 0.48 0.48 0.49 0.49 0.49 0.49 0.00 0.50 0.50 0.50 0.51 0.51 0.51 0.51 0.52 0.52 0.52 0.52 0.53 0.53 0.53 0.53 0.54 0.54 0.54 0.54 0.55 0.55 0.55 0.55 0.56 0.56 0.56 0.56 0.57 0.57 0.57 0.57 0.58 0.58 0.58 0.58 0.59 0.59 0.59 0.59 0.60 0.60 0.60 0.60 
0.29 0.29 0.29 0.29 0.30 0.30 0.30 0.30 0.31 0.31 0.31 0.31 0.32 0.32 0.32 0.32 0.33 0.33 0.33 0.33 0.34 0.34 0.34 0.34 0.35 0.35 0.35 0.35 0.36 0.36 0.36 0.36 0.37 0.37 0.37 0.37 0.38 0.38 0.38 0.38 0.39 0.39 0.39 0.39 0.40 0.40 0.40 0.40 0.41 0.41 0.41 0.41 0.42 0.42 0.42 0.42 0.43 0.43 0.43 0.43 0.44 0.44 0.44 0.44 0.45 0.45 0.45 0.45 0.46 0.46 0.46 0.46 0.47 0.47 0.47 0.47 0.48 0.48 0.48 0.48 0.49 0.49 0.49 0.49 0.50 0.00 0.50 0.50 0.51 0.51 0.51 0.51 0.52 0.52 0.52 0.52 0.53 0.53 0.53 0.53 0.54 0.54 0.54 0.54 0.55 0.55 0.55 0.55 0.56 0.56 0.56 0.56 0.57 0.57 0.57 0.57 0.58 0.58 0.58 0.58 0.59 0.59 0.59 0.59 0.60 0.60 0.60 0.60 
0.29 0.29 0.29 0.29 0.30 0.30 0.30 0.30 0.31 0.31 0.31 0.31 0.32 0.32 0.32 0.32 0.33 0.33 0.33 0.33 0.34 0.34 0.34 0.34 0.35 0.35 0.35 0.35 0.36 0.36 0.36 0.36 0.37 0.37 0.37 0.37 0.38 0.38 0.38 0.38 0.39 0.39 0.39 0.39 0.40 0.40 0.40 0.40 0.41 0.41 0.41 0.41 0.42 0.42 0.42 0.42 0.43 0.43 0.43 0.43 0.44 0.44 0.44 0.44 0.45 0.45 0.45 0.45 0.46 0.46 0.46 0.46 0.47 0.47 0.47 0.47 0.48 0.48 0.48 0.48 0.49 0.49 0.49 0.49 0.50 0.50 0.00 0.50 0.51 0.51 0.51 0.51 0.52 0.52 0.52 0.52 0.53 0.53 0.53 0.53 0.54 0.54 0.54 0.54 0.55 0.55 0.55 0.55 0.56 0.56 0.56 0.56 0.57 0.57 0.57 0.57 0.58 0.58 0.58 0.58 0.59 0.59 0.59 0.59 0.60 0.60 0.60 0.60 
0.29 0.29 0.29 0.29 0.30 0.30 0.30 0.30 0.31 0.31 0.31 0.31 0.32 0.32 0.32 0.32 0.33 0.33 0.33 0.33 0.34 0.34 0.34 0.34 0.35 0.35 0.35 0.35 0.36 0.36 0.36 0.36 0.37 0.37 0.37 0.37 0.38 0.38 0.38 0.38 0.39 0.39 0.39 0.39 0.40 0.40 0.40 0.40 0.41 0.41 0.41 0.41 0.42 0.42 0.42 0.42 0.43 0.43 0.43 0.43 0.44 0.44 0.44 0.44 0.45 0.45 0.45 0.45 0.46 0.46 0.46 0.46 0.47 0.47 0.47 0.47 0.48 0.48 0.48 0.48 0.49 0.49 0.49 0.49 0.50 0.50 0.50 0.00 0.51 0.51 0.51 0.51 0.52 0.52 0.52 0.52 0.53 0.53 0.53 0.53 0.54 0.54 0.54 0.54 0.55 0.55 0.55 0.55 0.56 0.56 0.56 0.56 0.57 0.57 0.57 0.57 0.58 0.58 0.58 0.58 0.59 0.59 0.59 0.59 0.60 0.60 0.60 0.60 
0.28 0.28 0.28 0.28 0.29 0.29 0.29 0.29 0.30 0.30 0.30 0.30 0.31 0.31 0.31 0.31 0.32 0.32 0.32 0.32 0.33 0.33 0.33 0.33 0.34 0.34 0.34 0.34 0.35 0.35 0.35 0.35 0.36 0.36 0.36 0.36 0.37 0.37 0.37 0.37 0.38 0.38 0.38 0.38 0.39 0.39 0.39 0.39 0.40 0.40 0.40 0.40 0.41 0.41 0.41 0.41 0.42 0.42 0.42 0.42 0.43 0.43 0.43 0.43 0.44 0.44 0.44 0.44 0.45 0.45 0.45 0.45 0.46 0.46 0.46 0.46 0.47 0.47 0.47 0.47 0.48 0.48 0.48 0.48 0.49 0.49 0.49 0.49 0.00 0.50 0.50 0.50 0.51 0.51 0.51 0.51 0.52 0.52 0.52 0.52 0.53 0.53 0.53 0.53 0.54 0.54 0.54 0.54 0.55 0.55 0.55 0.55 0.56 0.56 0.56 0.56 0.57 0.57 0.57 0.57 0.58 0.58 0.58 0.58 0.59 0.59 0.59 0.59 
0.28 0.28 0.28 0.28 0.29 0.29 0.29 0.29 0.30 0.30 0.30 0.30 0.31 0.31 0.31 0.31 0.32 0.32 0.32 0.32 0.33 0.33 0.33 0.33 0.34 0.34 0.34 0.34 0.35 0.35 0.35 0.35 0.36 0.36 0.36 0.36 0.37 0.37 0.37 0.37 0.38 0.38 0.38 0.38 0.39 0.39 0.39 0.39 0.40 0.40 0.40 0.40 0.41 0.41 0.41 0.41 0.42 0.42 0.42 0.42 0.43 0.43 0.43 0.43 0.44 0.44 0.44 0.44 0.45 0.45 0.45 0.45 0.46 0.46 0.46 0.46 0.47 0.47 0.47 0.47 0.48 0.48 0.48 0.48 0.49 0.49 0.49 0.49 0.50 0.00 0.50 0.50 0.51 0.51 0.51 0.51 0.52 0.52 0.52 0.52 0.53 0.53 0.53 0.53 0.54 0.54 0.54 0.54 0.55 0.55 0.55 0.55 0.56 0.56 0.56 0.56 0.57 0.57 0.57 0.57 0.58 0.58 0.58 0.58 0.59 0.59 0.59 0.59 
0.28 0.28 0.28 0.28 0.29 0.29 0.29 0.29 0.30 0.30 0.30 0.30 0.31 0.31 0.31 0.31 0.32 0.32 0.32 0.32 0.33 0.33 0.33 0.33 0.34 0.34 0.34 0.34 0.35 0.35 0.35 0.35 0.36 0.36 0.36 0.36 0.37 0.37 0.37 0.37 0.38 0.38 0.38 0.38 0.39 0.39 0.39 0.39 0.40 0.40 0.40 0.40 0.41 0.41 0.41 0.41 0.42 0.42 0.42 0.42 0.43 0.43 0.43 0.43 0.44 0.44 0.44 0.44 0.45 0.45 0.45 0.45 0.46 0.46 0.46 0.46 0.47 0.47 0.47 0.47 0.48 0.48 0.48 0.48 0.49 0.49 0.49 0.49 0.50 0.50 0.00 0.50 0.51 0.51 0.51 0.51 0.52 0.52 0.52 0.52 0.53 0.53 0.53 0.53 0.54 0.54 0.54 0.54 0.55 0.55 0.55 0.55 0.56 0.56 0.56 0.56 0.57 0.57 0.57 0.57 0.58 0.58 0.58 0.58 0.59 0.59 0.59 0.59 
0.28 0.28 0.28 0.28 0.29 0.29 0.29 0.29 0.30 0.30 0.30 0.30 0.31 0.31 0.31 0.31 0.32 0.32 0.32 0.32 0.33 0.33 0.33 0.33 0.34 0.34 0.34 0.34 0.35 0.35 0.35 0.35 0.36 0.36 0.36 0.36 0.37 0.37 0.37 0.37 0.38 0.38 0.38 0.38 0.39 0.39 0.39 0.39 0.40 0.40 0.40 0.40 0.41 0.41 0.41 0.41 0.42 0.42 0.42 0.42 0.43 0.43 0.43 0.43 0.44 0.44 0.44 0.44 0.45 0.45 0.45 0.45 0.46 0.46 0.46 0.46 0.47 0.47 0.47 0.47 0.48 0.48 0.48 0.48 0.49 0.49 0.49 0.49 0.50 0.50 0.50 0.00 0.51 0.51 0.51 0.51 0.52 0.52 0.52 0.52 0.53 0.53 0.53 0.53 0.54 0.54 0.54 0.54 0.55 0.55 0.55 0.55 0.56 0.56 0.56 0.56 0.57 0.57 0.57 0.57 0.58 0.58 0.58 0.58 0.59 0.59 0.59 0.59 
0.27 0.27 0.27 0.27 0.28 0.28 0.28 0.28 0.29 0.29 0.29 0.29 0.30 0.30 0.30 0.30 0.31 0.31 0.31 0.31 0.32 0.32 0.32 0.32 0.33 0.33 0.33 0.33 0.34 0.34 0.34 0.34 0.35 0.35 0.35 0.35 0.36 0.36 0.36 0.36 0.37 0.37 0.37 0.37 0.38 0.38 0.38 0.38 0.39 0.39 0.39 0.39 0.40 0.40 0.40 0.40 0.41 0.41 0.41 0.41 0.42 0.42 0.42 0.42 0.43 0.43 0.43 0.43 0.44 0.44 0.44 0.44 0.45 0.45 0.45 0.45 0.46 0.46 0.46 0.46 0.47 0.47 0.47 0.47 0.48 0.48 0.48 0.48 0.49 0.49 0.49 0.49 0.00 0.50 0.50 0.50 0.51 0.51 0.51 0.51 0.52 0.52 0.52 0.52 0.53 0.53 0.53 0.53 0.54 0.54 0.54 0.54 0.55 0.55 0.55 0.55 0.56 0.56 0.56 0.56 0.57 0.57 0.57 0.57 0.58 0.58 0.58 0.58 
0.27 0.27 0.27 0.27 0.28 0.28 0.28 0.28 0.29 0.29 0.29 0.29 0.30 0.30 0.30 0.30 0.31 0.31 0.31 0.31 0.32 0.32 0.32 0.32 0.33 0.33 0.33 0.33 0.34 0.34 0.34 0.34 0.35 0.35 0.35 0.35 0.36 0.36 0.36 0.36 0.37 0.37 0.37 0.37 0.38 0.38 0.38 0.38 0.39 0.39 0.39 0.39 0.40 0.40 0.40 0.40 0.41 0.41 0.41 0.41 0.42 0.42 0.42 0.42 0.43 0.43 0.43 0.43 0.44 0.44 0.44 0.44 0.45 0.45 0.45 0.45 0.46 0.46 0.46 0.46 0.47 0.47 0.47 0.47 0.48 0.48 0.48 0.48 0.49 0.49 0.49 0.49 0.50 0.00 0.50 0.50 0.51 0.51 0.51 0.51 0.52 0.52 0.52 0.52 0.53 0.53 0.53 0.53 0.54 0.54 0.54 0.54 0.55 0.55 0.55 0.55 0.56 0.56 0.56 0.56 0.57 0.57 0.57 0.57 0.58 0.58 0.58 0.58 
0.27 0.27 0.27 0.27 0.28 0.28 0.28 0.28 0.29 0.29 0.29 0.29 0.30 0.30 0.30 0.30 0.31 0.31 0.31 0.31 0.32 0.32 0.32 0.32 0.33 0.33 0.33 0.33 0.34 0.34 0.34 0.34 0.35 0.35 0.35 0.35 0.36 0.36 0.36 0.36 0.37 0.37 0.37 0.37 0.38 0.38 0.38 0.38 0.39 0.39 0.39 0.39 0.40 0.40 0.40 0.40 0.41 0.41 0.41 0.41 0.42 0.42 0.42 0.42 0.43 0.43 0.43 0.43 0.44 0.44 0.44 0.44 0.45 0.45 0.45 0.45 0.46 0.46 0.46 0.46 0.47 0.47 0.47 0.47 0.48 0.48 0.48 0.48 0.49 0.49 0.49 0.49 0.50 0.50 0.00 0.50 0.51 0.51 0.51 0.51 0.52 0.52 0.52 0.52 0.53 0.53 0.53 0.53 0.54 0.54 0.54 0.54 0.55 0.55 0.55 0.55 0.56 0.56 0.56 0.56 0.57 0.57 0.57 0.57 0.58 0.58 0.58 0.58 
0.27 0.27 0.27 0.27 0.28 0.28 0.28 0.28 0.29 0.29 0.29 0.29 0.30 0.30 0.30 0.30 0.31 0.31 0.31 0.31 0.32 0.32 0.32 0.32 0.33 0.33 0.33 0.33 0.34 0.34 0.34 0.34 0.35 0.35 0.35 0.35 0.36 0.36 0.36 0.36 0.37 0.37 0.37 0.37 0.38 0.38 0.38 0.38 0.39 0.39 0.39 0.39 0.40 0.40 0.40 0.40 0.41 0.41 0.41 0.41 0.42 0.42 0.42 0.42 0.43 0.43 0.43 0.43 0.44 0.44 0.44 0.44 0.45 0.45 0.45 0.45 0.46 0.46 0.46 0.46 0.47 0.47 0.47 0.47 0.48 0.48 0.48 0.48 0.49 0.49 0.49 0.49 0.50 0.50 0.50 0.00 0.51 0.51 0.51 0.51 0.52 0.52 0.52 0.52 0.53 0.53 0.53 0.53 0.54 0.54 0.54 0.54 0.55 0.55 0.55 0.55 0.56 0.56 0.56 0.56 0.57 0.57 0.57 0.57 0.58 0.58 0.58 0.58 
0.26 0.26 0.26 0.26 0.27 0.27 0.27 0.27 0.28 0.28 0.28 0.28 0.29 0.29 0.29 0.29 0.30 0.30 0.30 0.30 0.31 0.31 0.31 0.31 0.32 0.32 0.32 0.32 0.33 0.33 0.33 0.33 0.34 0.34 0.34 0.34 0.35 0.35 0.35 0.35 0.36 0.36 0.36 0.36 0.37 0.37 0.37 0.37 0.38 0.38 0.38 0.38 0.39 0.39 0.39 0.39 0.40 0.40 0.40 0.40 0.41 0.41 0.41 0.41 0.42 0.42 0.42 0.42 0.43 0.43 0.43 0.43 0.44 0.44 0.44 0.44 0.45 0.45 0.45 0.45 0.46 0.46 0.46 0.46 0.47 0.47 0.47 0.47 0.48 0.48 0.48 0.48 0.49 0.49 0.49 0.49 0.00 0.50 0.50 0.50 0.51 0.51 0.51 0.51 0.52 0.52 0.52 0.52 0.53 0.53 0.53 0.53 0.54 0.54 0.54 0.54 0.55 0.55 0.55 0.55 0.56 0.56 0.56 0.56 0.57 0.57 0.57 0.57 
0.26 0.26 0.26 0.26 0.27 0.27 0.27 0.27 0.28 0.28 0.28 0.28 0.29 0.29 0.29 0.29 0.30 0.30 0.30 0.30 0.31 0.31 0.31 0.31 0.32 0.32 0.32 0.32 0.33 0.33 0.33 0.33 0.34 0.34 0.34 0.34 0.35 0.35 0.35 0.35 0.36 0.36 0.36 0.36 0.37 0.37 0.37 0.37 0.38 0.38 0.38 0.38 0.39 0.39 0.39 0.39 0.40 0.40 0.40 0.40 0.41 0.41 0.41 0.41 0.42 0.42 0.42 0.42 0.43 0.43 0.43 0.43 0.44 0.44 0.44 0.44 0.45 0.45 0.45 0.45 0.46 0.46 0.46 0.46 0.47 0.47 0.47 0.47 0.48 0.48 0.48 0.48 0.49 0.49 0.49 0.49 0.50 0.00 0.50 0.50 0.51 0.51 0.51 0.51 0.52 0.52 0.52 0.52 0.53 0.53 0.53 0.53 0.54 0.54 0.54 0.54 0.55 0.55 0.55 0.55 0.56 0.56 0.56 0.56 0.57 0.57 0.57 0.57 
0.26 0.26 0.26 0.26 0.27 0.27 0.27 0.27 0.28 0.28 0.28 0.28 0.29 0.29 0.29 0.29 0.30 0.30 0.30 0.30 0.31 0.31 0.31 0.31 0.32 0.32 0.32 0.32 0.33 0.33 0.33 0.33 0.34 0.34 0.34 0.34 0.35 0.35 0.35 0.35 0.36 0.36 0.36 0.36 0.37 0.37 0.37 0.37 0.38 0.38 0.38 0.38 0.39 0.39 0.39 0.39 0.40 0.40 0.40 0.40 0.41 0.41 0.41 0.41 0.42 0.42 0.42 0.42 0.43 0.43 0.43 0.43 0.44 0.44 0.44 0.44 0.45 0.45 0.45 0.45 0.46 0.46 0.46 0.46 0.47 0.47 0.47 0.47 0.48 0.48 0.48 0.48 0.49 0.49 0.49 0.49 0.50 0.50 0.00 0.50 0.51 0.51 0.51 0.51 0.52 0.52 0.52 0.52 0.53 0.53 0.53 0.53 0.54 0.54 0.54 0.54 0.55 0.55 0.55 0.55 0.56 0.56 0.56 0.56 0.57 0.57 0.57 0.57 
0.26 0.26 0.26 0.26 0.27 0.27 0.27 0.27 0.28 0.28 0.28 0.28 0.29 0.29 0.29 0.29 0.30 0.30 0.30 0.30 0.31 0.31 0.31 0.31 0.32 0.32 0.32 0.32 0.33 0.33 0.33 0.33 0.34 0.34 0.34 0.34 0.35 0.35 0.35 0.35 0.36 0.36 0.36 0.36 0.37 0.37 0.37 0.37 0.38 0.38 0.38 0.38 0.39 0.39 0.39 0.39 0.40 0.40 0.40 0.40 0.41 0.41 0.41 0.41 0.42 0.42 0.42 0.42 0.43 0.43 0.43 0.43 0.44 0.44 0.44 0.44 0.45 0.45 0.45 0.45 0.46 0.46 0.46 0.46 0.47 0.47 0.47 0.47 0.48 0.48 0.48 0.48 0.49 0.49 0.49 0.49 0.50 0.50 0.50 0.00 0.51 0.51 0.51 0.51 0.52 0.52 0.52 0.52 0.53 0.53 0.53 0.53 0.54 0.54 0.54 0.54 0.55 0.55 0.55 0.55 0.56 0.56 0.56 0.56 0.57 0.57 0.57 0.57 
0.25 0.25 0.25 0.25 0.26 0.26 0.26 0.26 0.27 0.27 0.27 0.27 0.28 0.28 0.28 0.28 0.29 0.29 0.29 0.29 0.30 0.30 0.30 0.30 0.31 0.31 0.31 0.31 0.32 0.32 0.32 0.32 0.33 0.33 0.33 0.33 0.34 0.34 0.34 0.34 0.35 0.35 0.35 0.35 0.36 0.36 0.36 0.36 0.37 0.37 0.37 0.37 0.38 0.38 0.38 0.38 0.39 0.39 0.39 0.39 0.40 0.40 0.40 0.40 0.41 0.41 0.41 0.41 0.42 0.42 0.42 0.42 0.43 0.43 0.43 0.43 0.44 0.44 0.44 0.44 0.45 0.45 0.45 0.45 0.46 0.46 0.46 0.46 0.47 0.47 0.47 0.47 0.48 0.48 0.48 0.48 0.49 0.49 0.49 0.49 0.00 0.50 0.50 0.50 0.51 0.51 0.51 0.51 0.52 0.52 0.52 0.52 0.53 0.53 0.53 0.53 0.54 0.54 0.54 0.54 0.55 0.55 0.55 0.55 0.56 0.56 0.56 0.56 
0.25 0.25 0.25 0.25 0.26 0.26 0.26 0.26 0.27 0.27 0.27 0.27 0.28 0.28 0.28 0.28 0.29 0.29 0.29 0.29 0.30 0.30 0.30 0.30 0.31 0.31 0.31 0.31 0.32 0.32 0.32 0.32 0.33 0.33 0.33 0.33 0.34 0.34 0.34 0.34 0.35 0.35 0.35 0.35 0.36 0.36 0.36 0.36 0.37 0.37 0.37 0.37 0.38 0.38 0.38 0.38 0.39 0.39 0.39 0.39 0.40 0.40 0.40 0.40 0.41 0.41 0.41 0.41 0.42 0.42 0.42 0.42 0.43 0.43 0.43 0.43 0.44 0.44 0.44 0.44 0.45 0.45 0.45 0.45 0.46 0.46 0.46 0.46 0.47 0.47 0.47 0.47 0.48 0.48 0.48 0.48 0.49 0.49 0.49 0.49 0.50 0.00 0.50 0.50 0.51 0.51 0.51 0.51 0.52 0.52 0.52 0.52 0.53 0.53 0.53 0.53 0.54 0.54 0.54 0.54 0.55 0.55 0.55 0.55 0.56 0.56 0.56 0.56 
0.25 0.25 0.25 0.25 0.26 0.26 0.26 0.26 0.27 0.27 0.27 0.27 0.28 0.28 0.28 0.28 0.29 0.29 0.29 0.29 0.30 0.30 0.30 0.30 0.31 0.31 0.31 0.31 0.32 0.32 0.32 0.32 0.33 0.33 0.33 0.33 0.34 0.34 0.34 0.34 0.35 0.35 0.35 0.35 0.36 0.36 0.36 0.36 0.37 0.37 0.37 0.37 0.38 0.38 0.38 0.38 0.39 0.39 0.39 0.39 0.40 0.40 0.40 0.40 0.41 0.41 0.41 0.41 0.42 0.42 0.42 0.42 0.43 0.43 0.43 0.43 0.44 0.44 0.44 0.44 0.45 0.45 0.45 0.45 0.46 0.46 0.46 0.46 0.47 0.47 0.47 0.47 0.48 0.48 0.48 0.48 0.49 0.49 0.49 0.49 0.50 0.50 0.00 0.50 0.51 0.51 0.51 0.51 0.52 0.52 0.52 0.52 0.53 0.53 0.53 0.53 0.54 0.54 0.54 0.54 0.55 0.55 0.55 0.55 0.56 0.56 0.56 0.56 
0.25 0.25 0.25 0.25 0.26 0.26 0.26 0.26 0.27 0.27 0.27 0.27 0.28 0.28 0.28 0.28 0.29 0.29 0.29 0.29 0.30 0.30 0.30 0.30 0.31 0.31 0.31 0.31 0.32 0.32 0.32 0.32 0.33 0.33 0.33 0.33 0.34 0.34 0.34 0.34 0.35 0.35 0.35 0.35 0.36 0.36 0.36 0.36 0.37 0.37 0.37 0.37 0.38 0.38 0.38 0.38 0.39 0.39 0.39 0.39 0.40 0.40 0.40 0.40 0.41 0.41 0.41 0.41 0.42 0.42 0.42 0.42 0.43 0.43 0.43 0.43 0.44 0.44 0.44 0.44 0.45 0.45 0.45 0.45 0.46 0.46 0.46 0.46 0.47 0.47 0.47 0.47 0.48 0.48 0.48 0.48 0.49 0.49 0.49 0.49 0.50 0.50 0.50 0.00 0.51 0.51 0.51 0.51 0.52 0.52 0.52 0.52 0.53 0.53 0.53 0.53 0.54 0.54 0.54 0.54 0.55 0.55 0.55 0.55 0.56 0.56 0.56 0.56 
0.24 0.24 0.24 0.24 0.25 0.25 0.25 0.25 0.26 0.26 0.26 0.26 0.27 0.27 0.27 0.27 0.28 0.28 0.28 0.28 0.29 0.29 0.29 0.29 0.30 0.30 0.30 0.30 0.31 0.31 0.31 0.31 0.32 0.32 0.32 0.32 0.33 0.33 0.33 0.33 0.34 0.34 0.34 0.34 0.35 0.35 0.35 0.35 0.36 0.36 0.36 0.36 0.37 0.37 0.37 0.37 0.38 0.38 0.38 0.38 0.39 0.39 0.39 0.39 0.40 0.40 0.40 0.40 0.41 0.41 0.41 0.41 0.42 0.42 0.42 0.42 0.43 0.43 0.43 0.43 0.44 0.44 0.44 0.44 0.45 0.45 0.45 0.45 0.46 0.46 0.46 0.46 0.47 0.47 0.47 0.47 0.48 0.48 0.48 0.48 0.49 0.49 0.49 0.49 0.00 0.50 0.50 0.50 0.51 0.51 0.51 0.51 0.52 0.52 0.52 0.52 0.53 0.53 0.53 0.53 0.54 0.54 0.54 0.54 0.55 0.55 0.55 0.55 
0.24 0.24 0.24 0.24 0.25 0.25 0.25 0.25 0.26 0.26 0.26 0.26 0.27 0.27 0.27 0.27 0.28 0.28 0.28 0.28 0.29 0.29 0.29 0.29 0.30 0.30 0.30 0.30 0.31 0.31 0.31 0.31 0.32 0.32 0.32 0.32 0.33 0.33 0.33 0.33 0.34 0.34 0.34 0.34 0.35 0.35 0.35 0.35 0.36 0.36 0.36 0.36 0.37 0.37 0.37 0.37 0.38 0.38 0.38 0.38 0.39 0.39 0.39 0.39 0.40 0.40 0.40 0.40 0.41 0.41 0.41 0.41 0.42 0.42 0.42 0.42 0.43 0.43 0.43 0.43 0.44 0.44 0.44 0.44 0.45 0.45 0.45 0.45 0.46 0.46 0.46 0.46 0.47 0.47 0.47 0.47 0.48 0.48 0.48 0.48 0.49 0.49 0.49 0.49 0.50 0.00 0.50 0.50 0.51 0.51 0.51 0.51 0.52 0.52 0.52 0.52 0.53 0.53 0.53 0.53 0.54 0.54 0.54 0.54 0.55 0.55 0.55 0.55 
0.24 0.24 0.24 0.24 0.25 0.25 0.25 0.25 0.26 0.26 0.26 0.26 0.27 0.27 0.27 0.27 0.28 0.28 0.28 0.28 0.29 0.29 0.29 0.29 0.30 0.30 0.30 0.30 0.31 0.31 0.31 0.31 0.32 0.32 0.32 0.32 0.33 0.33 0.33 0.33 0.34 0.34 0.34 0.34 0.35 0.35 0.35 0.35 0.36 0.36 0.36 0.36 0.37 0.37 0.37 0.37 0.38 0.38 0.38 0.38 0.39 0.39 0.39 0.39 0.40 0.40 0.40 0.40 0.41 0.41 0.41 0.41 0.42 0.42 0.42 0.42 0.43 0.43 0.43 0.43 0.44 0.44 0.44 0.44 0.45 0.45 0.45 0.45 0.46 0.46 0.46 0.46 0.47 0.47 0.47 0.47 0.48 0.48 0.48 0.48 0.49 0.49 0.49 0.49 0.50 0.50 0.00 0.50 0.51 0.51 0.51 0.51 0.52 0.52 0.52 0.52 0.53 0.53 0.53 0.53 0.54 0.54 0.54 0.54 0.55 0.55 0.55 0.55 
0.24 0.24 0.24 0.24 0.25 0.25 0.25 0.25 0.26 0.26 0.26 0.26 0.27 0.27 0.27 0.27 0.28 0.28 0.28 0.28 0.29 0.29 0.29 0.29 0.30 0.30 0.30 0.30 0.31 0.31 0.31 0.31 0.32 0.32 0.32 0.32 0.33 0.33 0.33 0.33 0.34 0.34 0.34 0.34 0.35 0.35 0.35 0.35 0.36 0.36 0.36 0.36 0.37 0.37 0.37 0.37 0.38 0.38 0.38 0.38 0.39 0.39 0.39 0.39 0.40 0.40 0.40 0.40 0.41 0.41 0.41 0.41 0.42 0.42 0.42 0.42 0.43 0.43 0.43 0.43 0.44 0.44 0.44 0.44 0.45 0.45 0.45 0.45 0.46 0.46 0.46 0.46 0.47 0.47 0.47 0.47 0.48 0.48 0.48 0.48 0.49 0.49 0.49 0.49 0.50 0.50 0.50 0.00 0.51 0.51 0.51 0.51 0.52 0.52 0.52 0.52 0.53 0.53 0.53 0.53 0.54 0.54 0.54 0.54 0.55 0.55 0.55 0.55 
0.23 0.23 0.23 0.23 0.24 0.24 0.24 0.24 0.25 0.25 0.25 0.25 0.26 0.26 0.26 0.26 0.27 0.27 0.27 0.27 0.28 0.28 0.28 0.28 0.29 0.29 0.29 0.29 0.30 0.30 0.30 0.30 0.31 0.31 0.31 0.31 0.32 0.32 0.32 0.32 0.33 0.33 0.33 0.33 0.34 0.34 0.34 0.34 0.35 0.35 0.35 0.35 0.36 0.36 0.36 0.36 0.37 0.37 0.37 0.37 0.38 0.38 0.38 0.38 0.39 0.39 0.39 0.39 0.40 0.40 0.40 0.40 0.41 0.41 0.41 0.41 0.42 0.42 0.42 0.42 0.43 0.43 0.43 0.43 0.44 0.44 0.44 0.44 0.45 0.45 0.45 0.45 0.46 0.46 0.46 0.46 0.47 0.47 0.47 0.47 0.48 0.48 0.48 0.48 0.49 0.49 0.49 0.49 0.00 0.50 0.50 0.50 0.51 0.51 0.51 0.51 0.52 0.52 0.52 0.52 0.53 0.53 0.53 0.53 0.54 0.54 0.54 0.54 
0.23 0.23 0.23 0.23 0.24 0.24 0.24 0.24 0.25 0.25 0.25 0.25 0.26 0.26 0.26 0.26 0.27 0.27 0.27 0.27 0.28 0.28 0.28 0.28 0.29 0.29 0.29 0.29 0.30 0.30 0.30 0.30 0.31 0.31 0.31 0.31 0.32 0.32 0.32 0.32 0.33 0.33 0.33 0.33 0.34 0.34 0.34 0.34 0.35 0.35 0.35 0.35 0.36 0.36 0.36 0.36 0.37 0.37 0.37 0.37 0.38 0.38 0.38 0.38 0.39 0.39 0.39 0.39 0.40 0.40 0.40 0.40 0.41 0.41 0.41 0.41 0.42 0.42 0.42 0.42 0.43 0.43 0.43 0.43 0.44 0.44 0.44 0.44 0.45 0.45 0.45 0.45 0.46 0.46 0.46 0.46 0.47 0.47 0.47 0.47 0.48 0.48 0.48 0.48 0.49 0.49 0.49 0.49 0.50 0.00 0.50 0.50 0.51 0.51 0.51 0.51 0.52 0.52 0.52 0.52 0.53 0.53 0.53 0.53 0.54 0.54 0.54 0.54 
0.23 0.23 0.23 0.23 0.24 0.24 0.24 0.24 0.25 0.25 0.25 0.25 0.26 0.26 0.26 0.26 0.27 0.27 0.27 0.27 0.28 0.28 0.28 0.28 0.29 0.29 0.29 0.29 0.30 0.30 0.30 0.30 0.31 0.31 0.31 0.31 0.32 0.32 0.32 0.32 0.33 0.33 0.33 0.33 0.34 0.34 0.34 0.34 0.35 0.35 0.35 0.35 0.36 0.36 0.36 0.36 0.37 0.37 0.37 0.37 0.38 0.38 0.38 0.38 0.39 0.39 0.39 0.39 0.40 0.40 0.40 0.40 0.41 0.41 0.41 0.41 0.42 0.42 0.42 0.42 0.43 0.43 0.43 0.43 0.44 0.44 0.44 0.44 0.45 0.45 0.45 0.45 0.46 0.46 0.46 0.46 0.47 0.47 0.47 0.47 0.48 0.48 0.48 0.48 0.49 0.49 0.49 0.49 0.50 0.50 0.00 0.50 0.51 0.51 0.51 0.51 0.52 0.52 0.52 0.52 0.53 0.53 0.53 0.53 0.54 0.54 0.54 0.54 
0.23 0.23 0.23 0.23 0.24 0.24 0.24 0.24 0.25 0.25 0.25 0.25 0.26 0.26 0.26 0.26 0.27 0.27 0.27 0.27 0.28 0.28 0.28 0.28 0.29 0.29 0.29 0.29 0.30 0.30 0.30 0.30 0.31 0.31 0.31 0.31 0.32 0.32 0.32 0.32 0.33 0.33 0.33 0.33 0.34 0.34 0.34 0.34 0.35 0.35 0.35 0.35 0.36 0.36 0.36 0.36 0.37 0.37 0.37 0.37 0.38 0.38 0.38 0.38 0.39 0.39 0.39 0.39 0.40 0.40 0.40 0.40 0.41 0.41 0.41 0.41 0.42 0.42 0.42 0.42 0.43 0.43 0.43 0.43 0.44 0.44 0.44 0.44 0.45 0.45 0.45 0.45 0.46 0.46 0.46 0.46 0.47 0.47 0.47 0.47 0.48 0.48 0.48 0.48 0.49 0.49 0.49 0.49 0.50 0.50 0.50 0.00 0.51 0.51 0.51 0.51 0.52 0.52 0.52 0.52 0.53 0.53 0.53 0.53 0.54 0.54 0.54 0.54 
0.22 0.22 0.22 0.22 0.23 0.23 0.23 0.23 0.24 0.24 0.24 0.24 0.25 0.25 0.25 0.25 0.26 0.26 0.26 0.26 0.27 0.27 0.27 0.27 0.28 0.28 0.28 0.28 0.29 0.29 0.29 0.29 0.30 0.30 0.30 0.30 0.31 0.31 0.31 0.31 0.32 0.32 0.32 0.32 0.33 0.33 0.33 0.33 0.34 0.34 0.34 0.34 0.35 0.35 0.35 0.35 0.36 0.36 0.36 0.36 0.37 0.37 0.37 0.37 0.38 0.38 0.38 0.38 0.39 0.39 0.39 0.39 0.40 0.40 0.40 0.40 0.41 0.41 0.41 0.41 0.42 0.42 0.42 0.42 0.43 0.43 0.43 0.43 0.44 0.44 0.44 0.44 0.45 0.45 0.45 0.45 0.46 0.46 0.46 0.46 0.47 0.47 0.47 0.47 0.48 0.48 0.48 0.48 0.49 0.49 0.49 0.49 0.00 0.50 0.50 0.50 0.51 0.51 0.51 0.51 0.52 0.52 0.52 0.52 0.53 0.53 0.53 0.53 
0.22 0.22 0.22 0.22 0.23 0.23 0.23 0.23 0.24 0.24 0.24 0.24 0.25 0.25 0.25 0.25 0.26 0.26 0.26 0.26 0.27 0.27 0.27 0.27 0.28 0.28 0.28 0.28 0.29 0.29 0.29 0.29 0.30 0.30 0.30 0.30 0.31 0.31 0.31 0.31 0.32 0.32 0.32 0.32 0.33 0.33 0.33 0.33 0.34 0.34 0.34 0.34 0.35 0.35 0.35 0.35 0.36 0.36 0.36 0.36 0.37 0.37 0.37 0.37 0.38 0.38 0.38 0.38 0.39 0.39 0.39 0.39 0.40 0.40 0.40 0.40 0.41 0.41 0.41 0.41 0.42 0.42 0.42 0.42 0.43 0.43 0.43 0.43 0.44 0.44 0.44 0.44 0.45 0.45 0.45 0.45 0.46 0.46 0.46 0.46 0.47 0.47 0.47 0.47 0.48 0.48 0.48 0.48 0.49 0.49 0.49 0.49 0.50 0.00 0.50 0.50 0.51 0.51 0.51 0.51 0.52 0.52 0.52 0.52 0.53 0.53 0.53 0.53 
0.22 0.22 0.22 0.22 0.23 0.23 0.23 0.23 0.24 0.24 0.24 0.24 0.25 0.25 0.25 0.25 0.26 0.26 0.26 0.26 0.27 0.27 0.27 0.27 0.28 0.28 0.28 0.28 0.29 0.29 0.29 0.29 0.30 0.30 0.30 0.30 0.31 0.31 0.31 0.31 0.32 0.32 0.32 0.32 0.33 0.33 0.33 0.33 0.34 0.34 0.34 0.34 0.35 0.35 0.35 0.35 0.36 0.36 0.36 0.36 0.37 0.37 0.37 0.37 0.38 0.38 0.38 0.38 0.39 0.39 0.39 0.39 0.40 0.40 0.40 0.40 0.41 0.41 0.41 0.41 0.42 0.42 0.42 0.42 0.43 0.43 0.43 0.43 0.44 0.44 0.44 0.44 0.45 0.45 0.45 0.45 0.46 0.46 0.46 0.46 0.47 0.47 0.47 0.47 0.48 0.48 0.48 0.48 0.49 0.49 0.49 0.49 0.50 0.50 0.00 0.50 0.51 0.51 0.51 0.51 0.52 0.52 0.52 0.52 0.53 0.53 0.53 0.53 
0.22 0.22 0.22 0.22 0.23 0.23 0.23 0.23 0.24 0.24 0.24 0.24 0.25 0.25 0.25 0.25 0.26 0.26 0.26 0.26 0.27 0.27 0.27 0.27 0.28 0.28 0.28 0.28 0.29 0.29 0.29 0.29 0.30 0.30 0.30 0.30 0.31 0.31 0.31 0.31 0.32 0.32 0.32 0.32 0.33 0.33 0.33 0.33 0.34 0.34 0.34 0.34 0.35 0.35 0.35 0.35 0.36 0.36 0.36 0.36 0.37 0.37 0.37 0.37 0.38 0.38 0.38 0.38 0.39 0.39 0.39 0.39 0.40 0.40 0.40 0.40 0.41 0.41 0.41 0.41 0.42 0.42 0.42 0.42 0.43 0.43 0.43 0.43 0.44 0.44 0.44 0.44 0.45 0.45 0.45 0.45 0.46 0.46 0.46 0.46 0.47 0.47 0.47 0.47 0.48 0.48 0.48 0.48 0.49 0.49 0.49 0.49 0.50 0.50 0.50 0.00 0.51 0.51 0.51 0.51 0.52 0.52 0.52 0.52 0.53 0.53 0.53 0.53 
0.21 0.21 0.21 0.21 0.22 0.22 0.22 0.22 0.23 0.23 0.23 0.23 0.24 0.24 0.24 0.24 0.25 0.25 0.25 0.25 0.26 0.26 0.26 0.26 0.27 0.27 0.27 0.27 0.28 0.28 0.28 0.28 0.29 0.29 0.29 0.29 0.30 0.30 0.30 0.30 0.31 0.31 0.31 0.31 0.32 0.32 0.32 0.32 0.33 0.33 0.33 0.33 0.34 0.34 0.34 0.34 0.35 0.35 0.35 0.35 0.36 0.36 0.36 0.36 0.37 0.37 0.37 0.37 0.38 0.38 0.38 0.38 0.39 0.39 0.39 0.39 0.40 0.40 0.40 0.40 0.41 0.41 0.41 0.41 0.42 0.42 0.42 0.42 0.43 0.43 0.43 0.43 0.44 0.44 0.44 0.44 0.45 0.45 0.45 0.45 0.46 0.46 0.46 0.46 0.47 0.47 0.47 0.47 0.48 0.48 0.48 0.48 0.49 0.49 0.49 0.49 0.00 0.50 0.50 0.50 0.51 0.51 0.51 0.51 0.52 0.52 0.52 0.52 
0.21 0.21 0.21 0.21 0.22 0.22 0.22 0.22 0.23 0.23 0.23 0.23 0.24 0.24 0.24 0.24 0.25 0.25 0.25 0.25 0.26 0.26 0.26 0.26 0.27 0.27 0.27 0.27 0.28 0.28 0.28 0.28 0.29 0.29 0.29 0.29 0.30 0.30 0.30 0.30 0.31 0.31 0.31 0.31 0.32 0.32 0.32 0.32 0.33 0.33 0.33 0.33 0.34 0.34 0.34 0.34 0.35 0.35 0.35 0.35 0.36 0.36 0.36 0.36 0.37 0.37 0.37 0.37 0.38 0.38 0.38 0.38 0.39 0.39 0.39 0.39 0.40 0.40 0.40 0.40 0.41 0.41 0.41 0.41 0.42 0.42 0.42 0.42 0.43 0.43 0.43 0.43 0.44 0.44 0.44 0.44 0.45 0.45 0.45 0.45 0.46 0.46 0.46 0.46 0.47 0.47 0.47 0.47 0.48 0.48 0.48 0.48 0.49 0.49 0.49 0.49 0.50 0.00 0.50 0.50 0.51 0.51 0.51 0.51 0.52 0.52 0.52 0.52 
0.21 0.21 0.21 0.21 0.22 0.22 0.22 0.22 0.23 0.23 0.23 0.23 0.24 0.24 0.24 0.24 0.25 0.25 0.25 0.25 0.26 0.26 0.26 0.26 0.27 0.27 0.27 0.27 0.28 0.28 0.28 0.28 0.29 0.29 0.29 0.29 0.30 0.30 0.30 0.30 0.31 0.31 0.31 0.31 0.32 0.32 0.32 0.32 0.33 0.33 0.33 0.33 0.34 0.34 0.34 0.34 0.35 0.35 0.35 0.35 0.36 0.36 0.36 0.36 0.37 0.37 0.37 0.37 0.38 0.38 0.38 0.38 0.39 0.39 0.39 0.39 0.40 0.40 0.40 0.40 0.41 0.41 0.41 0.41 0.42 0.42 0.42 0.42 0.43 0.43 0.43 0.43 0.44 0.44 0.44 0.44 0.45 0.45 0.45 0.45 0.46 0.46 0.46 0.46 0.47 0.47 0.47 0.47 0.48 0.48 0.48 0.48 0.49 0.49 0.49 0.49 0.50 0.50 0.00 0.50 0.51 0.51 0.51 0.51 0.52 0.52 0.52 0.52 
0.21 0.21 0.21 0.21 0.22 0.22 0.22 0.22 0.23 0.23 0.23 0.23 0.24 0.24 0.24 0.24 0.25 0.25 0.25 0.25 0.26 0.26 0.26 0.26 0.27 0.27 0.27 0.27 0.28 0.28 0.28 0.28 0.29 0.29 0.29 0.29 0.30 0.30 0.30 0.30 0.31 0.31 0.31 0.31 0.32 0.32 0.32 0.32 0.33 0.33 0.33 0.33 0.34 0.34 0.34 0.34 0.35 0.35 0.35 0.35 0.36 0.36 0.36 0.36 0.37 0.37 0.37 0.37 0.38 0.38 0.38 0.38 0.39 0.39 0.39 0.39 0.40 0.40 0.40 0.40 0.41 0.41 0.41 0.41 0.42 0.42 0.42 0.42 0.43 0.43 0.43 0.43 0.44 0.44 0.44 0.44 0.45 0.45 0.45 0.45 0.46 0.46 0.46 0.46 0.47 0.47 0.47 0.47 0.48 0.48 0.48 0.48 0.49 0.49 0.49 0.49 0.50 0.50 0.50 0.00 0.51 0.51 0.51 0.51 0.52 0.52 0.52 0.52 
0.20 0.20 0.20 0.20 0.21 0.21 0.21 0.21 0.22 0.22 0.22 0.22 0.23 0.23 0.23 0.23 0.24 0.24 0.24 0.24 0.25 0.25 0.25 0.25 0.26 0.26 0.26 0.26 0.27 0.27 0.27 0.27 0.28 0.28 0.28 0.28 0.29 0.29 0.29 0.29 0.30 0.30 0.30 0.30 0.31 0.31 0.31 0.31 0.32 0.32 0.32 0.32 0.33 0.33 0.33 0.33 0.34 0.34 0.34 0.34 0.35 0.35 0.35 0.35 0.36 0.36 0.36 0.36 0.37 0.37 0.37 0.37 0.38 0.38 0.38 0.38 0.39 0.39 0.39 0.39 0.40 0.40 0.40 0.40 0.41 0.41 0.41 0.41 0.42 0.42 0.42 0.42 0.43 0.43 0.43 0.43 0.44 0.44 0.44 0.44 0.45 0.45 0.45 0.45 0.46 0.46 0.46 0.46 0.47 0.47 0.47 0.47 0.48 0.48 0.48 0.48 0.49 0.49 0.49 0.49 0.00 0.50 0.50 0.50 0.51 0.51 0.51 0.51 
0.20 0.20 0.20 0.20 0.21 0.21 0.21 0.21 0.22 0.22 0.22 0.22 0.23 0.23 0.23 0.23 0.24 0.24 0.24 0.24 0.25 0.25 0.25 0.25 0.26 0.26 0.26 0.26 0.27 0.27 0.27 0.27 0.28 0.28 0.28 0.28 0.29 0.29 0.29 0.29 0.30 0.30 0.30 0.30 0.31 0.31 0.31 0.31 0.32 0.32 0.32 0.32 0.33 0.33 0.33 0.33 0.34 0.34 0.34 0.34 0.35 0.35 0.35 0.35 0.36 0.36 0.36 0.36 0.37 0.37 0.37 0.37 0.38 0.38 0.38 0.38 0.39 0.39 0.39 0.39 0.40 0.40 0.40 0.40 0.41 0.41 0.41 0.41 0.42 0.42 0.42 0.42 0.43 0.43 0.43 0.43 0.44 0.44 0.44 0.44 0.45 0.45 0.45 0.45 0.46 0.46 0.46 0.46 0.47 0.47 0.47 0.47 0.48 0.48 0.48 0.48 0.49 0.49 0.49 0.49 0.50 0.00 0.50 0.50 0.51 0.51 0.51 0.51 
0.20 0.20 0.20 0.20 0.21 0.21 0.21 0.21 0.22 0.22 0.22 0.22 0.23 0.23 0.23 0.23 0.24 0.24 0.24 0.24 0.25 0.25 0.25 0.25 0.26 0.26 0.26 0.26 0.27 0.27 0.27 0.27 0.28 0.28 0.28 0.28 0.29 0.29 0.29 0.29 0.30 0.30 0.30 0.30 0.31 0.31 0.31 0.31 0.32 0.32 0.32 0.32 0.33 0.33 0.33 0.33 0.34 0.34 0.34 0.34 0.35 0.35 0.35 0.35 0.36 0.36 0.36 0.36 0.37 0.37 0.37 0.37 0.38 0.38 0.38 0.38 0.39 0.39 0.39 0.39 0.40 0.40 0.40 0.40 0.41 0.41 0.41 0.41 0.42 0.42 0.42 0.42 0.43 0.43 0.43 0.43 0.44 0.44 0.44 0.44 0.45 0.45 0.45 0.45 0.46 0.46 0.46 0.46 0.47 0.47 0.47 0.47 0.48 0.48 0.48 0.48 0.49 0.49 0.49 0.49 0.50 0.50 0.00 0.50 0.51 0.51 0.51 0.51 
0.20 0.20 0.20 0.20 0.21 0.21 0.21 0.21 0.22 0.22 0.22 0.22 0.23 0.23 0.23 0.23 0.24 0.24 0.24 0.24 0.25 0.25 0.25 0.25 0.26 0.26 0.26 0.26 0.27 0.27 0.27 0.27 0.28 0.28 0.28 0.28 0.29 0.29 0.29 0.29 0.30 0.30 0.30 0.30 0.31 0.31 0.31 0.31 0.32 0.32 0.32 0.32 0.33 0.33 0.33 0.33 0.34 0.34 0.34 0.34 0.35 0.35 0.35 0.35 0.36 0.36 0.36 0.36 0.37 0.37 0.37 0.37 0.38 0.38 0.38 0.38 0.39 0.39 0.39 0.39 0.40 0.40 0.40 0.40 0.41 0.41 0.41 0.41 0.42 0.42 0.42 0.42 0.43 0.43 0.43 0.43 0.44 0.44 0.44 0.44 0.45 0.45 0.45 0.45 0.46 0.46 0.46 0.46 0.47 0.47 0.47 0.47 0.48 0.48 0.48 0.48 0.49 0.49 0.49 0.49 0.50 0.50 0.50 0.00 0.51 0.51 0.51 0.51 
0.19 0.19 0.19 0.19 0.20 0.20 0.20 0.20 0.21 0.21 0.21 0.21 0.22 0.22 0.22 0.22 0.23 0.23 0.23 0.23 0.24 0.24 0.24 0.24 0.25 0.25 0.25 0.25 0.26 0.26 0.26 0.26 0.27 0.27 0.27 0.27 0.28 0.28 0.28 0.28 0.29 0.29 0.29 0.29 0.30 0.30 0.30 0.30 0.31 0.31 0.31 0.31 0.32 0.32 0.32 0.32 0.33 0.33 0.33 0.33 0.34 0.34 0.34 0.34 0.35 0.35 0.35 0.35 0.36 0.36 0.36 0.36 0.37 0.37 0.37 0.37 0.38 0.38 0.38 0.38 0.39 0.39 0.39 0.39 0.40 0.40 0.40 0.40 0.41 0.41 0.41 0.41 0.42 0.42 0.42 0.42 0.43 0.43 0.43 0.43 0.44 0.44 0.44 0.44 0.45 0.45 0.45 0.45 0.46 0.46 0.46 0.46 0.47 0.47 0.47 0.47 0.48 0.48 0.48 0.48 0.49 0.49 0.49 0.49 0.00 0.50 0.50 0.50 
0.19 0.19 0.19 0.19 0.20 0.20 0.20 0.20 0.21 0.21 0.21 0.21 0.22 0.22 0.22 0.22 0.23 0.23 0.23 0.23 0.24 0.24 0.24 0.24 0.25 0.25 0.25 0.25 0.26 0.26 0.26 0.26 0.27 0.27 0.27 0.27 0.28 0.28 0.28 0.28 0.29 0.29 0.29 0.29 0.30 0.30 0.30 0.30 0.31 0.31 0.31 0.31 0.32 0.32 0.32 0.32 0.33 0.33 0.33 0.33 0.34 0.34 0.34 0.34 0.35 0.35 0.35 0.35 0.36 0.36 0.36 0.36 0.37 0.37 0.37 0.37 0.38 0.38 0.38 0.38 0.39 0.39 0.39 0.39 0.40 0.40 0.40 0.40 0.41 0.41 0.41 0.41 0.42 0.42 0.42 0.42 0.43 0.43 0.43 0.43 0.44 0.44 0.44 0.44 0.45 0.45 0.45 0.45 0.46 0.46 0.46 0.46 0.47 0.47 0.47 0.47 0.48 0.48 0.48 0.48 0.49 0.49 0.49 0.49 0.50 0.00 0.50 0.50 
0.19 0.19 0.19 0.19 0.20 0.20 0.20 0.20 0.21 0.21 0.21 0.21 0.22 0.22 0.22 0.22 0.23 0.23 0.23 0.23 0.24 0.24 0.24 0.24 0.25 0.25 0.25 0.25 0.26 0.26 0.26 0.26 0.27 0.27 0.27 0.27 0.28 0.28 0.28 0.28 0.29 0.29 0.29 0.29 0.30 0.30 0.30 0.30 0.31 0.31 0.31 0.31 0.32 0.32 0.32 0.32 0.33 0.33 0.33 0.33 0.34 0.34 0.34 0.34 0.35 0.35 0.35 0.35 0.36 0.36 0.36 0.36 0.37 0.37 0.37 0.37 0.38 0.38 0.38 0.38 0.39 0.39 0.39 0.39 0.40 0.40 0.40 0.40 0.41 0.41 0.41 0.41 0.42 0.42 0.42 0.42 0.43 0.43 0.43 0.43 0.44 0.44 0.44 0.44 0.45 0.45 0.45 0.45 0.46 0.46 0.46 0.46 0.47 0.47 0.47 0.47 0.48 0.48 0.48 0.48 0.49 0.49 0.49 0.49 0.50 0.50 0.00 0.50 
0.19 0.19 0.19 0.19 0.20 0.20 0.20 0.20 0.21 0.21 0.21 0.21 0.22 0.22 0.22 0.22 0.23 0.23 0.23 0.23 0.24 0.24 0.24 0.24 0.25 0.25 0.25 0.25 0.26 0.26 0.26 0.26 0.27 0.27 0.27 0.27 0.28 0.28 0.28 0.28 0.29 0.29 0.29 0.29 0.30 0.30 0.30 0.30 0.31 0.31 0.31 0.31 0.32 0.32 0.32 0.32 0.33 0.33 0.33 0.33 0.34 0.34 0.34 0.34 0.35 0.35 0.35 0.35 0.36 0.36 0.36 0.36 0.37 0.37 0.37 0.37 0.38 0.38 0.38 0.38 0.39 0.39 0.39 0.39 0.40 0.40 0.40 0.40 0.41 0.41 0.41 0.41 0.42 0.42 0.42 0.42 0.43 0.43 0.43 0.43 0.44 0.44 0.44 0.44 0.45 0.45 0.45 0.45 0.46 0.46 0.46 0.46 0.47 0.47 0.47 0.47 0.48 0.48 0.48 0.48 0.49 0.49 0.49 0.49 0.50 0.50 0.50 0.00 
1
2
10
100
1000
10000
100000
1000000
