16
0.00 0.40 0.05 0.33 0.96 0.43 0.68 0.60 0.17 0.91 0.21 0.04 0.55 0.11 0.89 0.93 
0.60 0.00 0.86 0.52 0.81 0.51 0.20 0.65 0.88 0.10 0.93 0.51 0.63 0.36 0.49 0.78 
0.95 0.14 0.00 0.44 0.21 0.05 0.30 0.09 0.64 0.18 0.09 0.67 0.53 0.10 0.41 0.82 
0.67 0.48 0.56 0.00 0.30 0.40 0.57 0.90 0.33 0.06 0.76 0.58 0.22 0.33 0.93 0.81 
0.04 0.19 0.79 0.70 0.00 0.89 0.76 0.60 0.14 0.31 0.17 0.73 0.80 0.86 0.05 0.35 
0.57 0.49 0.95 0.60 0.11 0.00 0.66 0.74 0.83 0.40 0.39 0.13 0.62 0.43 0.61 0.93 
0.32 0.80 0.70 0.43 0.24 0.34 0.00 0.86 0.16 0.87 0.28 0.24 0.39 0.33 0.08 0.24 
0.40 0.35 0.91 0.10 0.40 0.26 0.14 0.00 0.04 0.62 0.89 0.48 0.02 0.52 0.48 0.70 
0.83 0.12 0.36 0.67 0.86 0.17 0.84 0.96 0.00 0.98 0.03 0.25 0.83 0.62 0.47 0.11 
0.09 0.90 0.82 0.94 0.69 0.60 0.13 0.38 0.02 0.00 0.06 0.13 0.96 0.66 0.35 0.42 
0.79 0.07 0.91 0.24 0.83 0.61 0.72 0.11 0.97 0.94 0.00 0.75 0.61 0.08 0.89 0.35 
0.96 0.49 0.33 0.42 0.27 0.87 0.76 0.52 0.75 0.87 0.25 0.00 0.97 0.31 0.52 0.27 
0.45 0.37 0.47 0.78 0.20 0.38 0.61 0.98 0.17 0.04 0.39 0.03 0.00 0.26 0.10 0.10 
0.89 0.64 0.90 0.67 0.14 0.57 0.67 0.48 0.38 0.34 0.92 0.69 0.74 0.00 0.25 0.89 
0.11 0.51 0.59 0.07 0.95 0.39 0.92 0.52 0.53 0.65 0.11 0.48 0.90 0.75 0.00 0.59 
0.07 0.22 0.18 0.19 0.65 0.07 0.76 0.30 0.89 0.58 0.65 0.73 0.90 0.11 0.41 0.00 
1
10
100
1000
100000
