20 20 18 13 50
20 12 20 11
4 19 3 19
12 16 12 17
16 10 17 10
2 18 1 18
14 11 15 11
9 19 10 19
20 1 19 1
17 12 17 13
20 10 19 10
17 7 17 6
6 14 7 14
4 10 5 10
10 13 10 12
8 11 9 11
8 16 9 16
1 12 1 13
16 11 17 11
11 17 11 16
13 16 13 15
5 19 5 20
11 12 12 12
13 3 12 3
19 6 20 6
6 20 6 19
3 3 3 2
7 12 6 12
3 2 4 2
16 10 16 9
17 13 18 13
19 13 19 12
7 19 8 19
13 19 13 20
12 20 12 19
10 7 11 7
15 19 16 19
2 4 2 3
14 19 13 19
12 12 12 11
10 3 10 2
11 19 11 18
2 7 2 8
19 10 19 9
6 15 5 15
16 13 17 13
6 18 6 19
18 4 19 4
12 13 13 13
17 10 17 11
11 4 11 5
