3 0.60
25 100 5
511.8556 22.9945
197.6985 -45.7732
-181.3579 1059.0382
342.5071 160.0714
352.1200 774.0172
509.6221 24.6275
145.8897 586.9736
74.2321 348.7480
-116.6693 45.5208
475.0218 -138.1918
-333.0424 451.8104
-332.4047 448.9247
655.8092 1159.5646
330.3705 155.8549
882.4923 468.5038
500.4238 31.4715
-348.4834 548.5984
480.2031 -136.6327
168.7484 136.6120
-108.4282 37.0202
-344.6542 516.7061
-350.8124 576.1190
-229.2141 880.1316
-336.1297 466.5151
451.0683 762.7476
317.2758 844.6907 438.3972 859.3655
224.6914 306.2638 131.5552 86.1204
574.5459 369.9518 648.2925 550.1688
593.9694 527.7232 743.3527 680.3710
330.6034 661.9483 403.6261 490.6290
491.2070 253.7553 426.6448 51.4859
840.0110 356.7635 851.5881 114.0228
46.7251 85.9357 262.0122 52.1295
645.5903 540.7031 760.0796 328.1342
685.2624 130.3472 578.0245 4.3758
743.7377 124.6592 686.2123 360.3757
282.0624 803.9035 151.4424 628.0478
362.5530 800.2160 391.6580 627.3625
684.7002 906.3582 933.1798 910.3092
728.1857 73.7519 612.2003 26.4294
352.5128 148.5874 435.1547 326.1489
296.9244 676.9920 305.1326 868.7807
68.0109 714.9711 164.7950 717.7013
475.9530 286.4983 333.2970 461.0339
280.4990 27.1542 290.8316 221.2014
747.7868 785.5069 604.0651 841.5721
749.1842 670.4610 531.4681 749.6083
795.0745 387.4450 701.9416 227.3972
980.5551 784.1122 903.2973 795.5673
923.8876 965.6336 917.5926 774.2090
702.3044 811.5964 562.2357 775.6275
909.4139 215.5728 936.6365 146.8040
486.7455 339.1029 484.4777 308.5331
837.5929 272.6504 725.5618 309.4533
882.9250 159.6684 897.0253 45.3221
912.8039 698.2050 754.4999 852.8619
818.9818 54.1780 916.5046 141.4279
568.6534 95.6645 671.1916 126.3533
707.1400 780.3064 768.8313 864.5531
143.3358 150.1667 57.2230 175.8655
859.5182 836.4948 976.6347 632.6252
575.6650 973.7701 533.9506 813.6885
764.4674 780.4949 662.7287 897.3469
355.6330 83.3028 303.4442 169.6316
252.5910 994.2223 104.9360 907.2812
926.5807 223.9592 901.2681 447.9042
512.7754 226.2955 553.4803 161.1215
593.0270 307.3308 412.7902 418.7227
820.9394 62.2739 742.6054 281.3629
857.5152 611.3408 958.0402 543.2751
76.6765 417.9194 135.8826 522.4670
724.2625 559.9641 827.3680 746.5730
951.5370 393.7907 871.4412 352.2419
18.1760 410.0713 100.3921 513.5574
76.0925 90.6333 217.1102 288.6197
538.6132 920.6431 677.9429 817.9223
7.7833 509.3507 32.3742 368.7685
856.9376 465.9894 960.5762 474.7725
762.9707 531.6550 916.7561 492.4974
524.6161 425.1513 550.1102 426.0064
766.6375 572.8053 831.0543 514.8738
471.0143 773.9642 419.7284 921.6394
901.5516 606.0961 890.9695 506.3011
983.7526 511.0100 909.7577 279.9709
403.6221 852.6889 597.1812 794.7336
644.2183 226.8590 460.2392 315.3151
705.3895 273.5002 614.9612 121.0370
934.6776 55.8337 817.8846 22.7040
480.3226 29.1350 517.0854 196.8445
993.1161 504.4000 883.9063 455.3708
533.4918 667.9228 582.9935 724.2193
221.8812 862.0204 268.2422 874.3682
500.5181 652.0708 584.0630 542.2146
412.6029 994.1630 216.1282 888.0776
604.0125 548.7548 437.0474 681.6864
187.6393 420.6826 170.7517 376.5663
385.9874 845.3330 430.0436 798.9226
663.5739 584.1744 739.2174 611.0104
351.9196 847.7745 537.0103 806.6840
859.9837 510.3658 918.6104 557.0150
560.4816 684.8427 474.0541 731.3114
813.5776 46.8929 707.4981 152.7349
951.9980 807.7170 994.4631 964.1864
357.7900 923.4509 300.7679 974.3516
709.7543 920.6235 722.5033 920.1604
685.9826 661.3887 498.0300 696.4481
817.2933 587.0209 794.8053 653.7951
367.8587 111.7606 334.2454 150.6027
826.4422 757.0618 736.5467 783.9709
119.7933 55.0048 174.4870 64.1459
733.7399 527.1062 889.5089 378.6182
136.5001 819.6060 12.6272 796.6489
996.5246 991.3184 959.5614 813.7327
139.1611 355.0353 134.3456 432.7647
800.5694 934.2868 658.6912 912.0689
204.3280 762.9415 246.9524 808.2128
503.8991 744.2078 467.5136 789.2000
945.4562 716.8107 994.5697 712.3830
615.8389 178.8337 533.1968 73.3274
461.7646 710.8880 479.1653 804.4653
813.2516 986.9294 624.0690 933.7937
990.5829 473.3762 960.5025 412.2028
621.3818 566.7882 611.8354 708.7573
53.6263 337.2840 82.5925 347.5494
639.6409 579.7317 692.9864 682.4868
