125 1000
1 3 1 1 4 5 2
1 2 2 2 4 3 5
1 1 2 5 2 4
1 0 2 1 3
1 2 1 3 5 1
1 2 2 2 3 1 5
2 3 0 2 4 6
2 2 0 2 4
2 2 1 5 6 4
2 1 2 4 3 6
2 3 2 2 3 6 4 5
2 2 1 3 6 4
2 1 2 2 5 6
2 0 4 2 4 5 6
3 1 1 3 5
3 0 3 5 6 7
3 2 2 3 7 4 6
3 1 1 5 7
3 2 3 3 4 5 6 7
3 1 2 3 5 7
4 2 2 5 8 6 7
4 2 1 4 6 8
4 1 2 5 4 7
4 1 4 8 4 5 6 7
4 3 0 4 5 6
4 1 0 7
4 3 2 6 7 8 4 5
4 0 4 4 5 7 8
5 2 3 5 6 7 8 9
5 1 1 5 9
5 1 2 6 5 8
5 0 1 7
5 0 2 6 7
5 0 2 6 7
5 1 2 7 6 8
5 2 2 6 9 5 8
5 1 2 7 5 8
5 0 3 6 8 9
5 1 4 7 5 6 8 9
5 3 1 5 6 9 8
5 0 2 7 9
5 1 4 8 5 6 7 9
6 1 1 7 8
6 3 0 6 8 9
6 2 1 8 9 10
6 1 2 10 7 8
6 1 2 8 6 9
6 0 4 6 8 9 10
6 1 4 6 7 8 9 10
6 3 2 6 7 10 8 9
6 2 1 8 9 6
7 1 2 10 7 9
7 1 2 10 9 11
7 1 2 9 10 11
7 2 2 9 10 7 8
7 2 2 9 10 8 11
7 3 2 8 9 11 7 10
7 4 0 7 8 9 11
7 1 0 9
7 2 2 10 11 7 8
8 1 3 12 8 10 11
8 1 1 9 8
8 3 0 8 9 11
8 2 1 8 11 12
8 1 2 9 8 10
8 1 4 11 8 9 10 12
8 2 2 10 11 8 12
8 0 3 8 11 12
8 1 1 12 9
8 1 1 10 8
8 2 1 9 11 8
8 2 1 8 12 10
9 2 1 9 11 10
9 1 1 10 11
9 2 1 9 13 10
9 0 1 13
9 0 1 10
9 2 3 10 13 9 11 12
9 2 1 12 13 10
9 0 4 9 11 12 13
9 2 2 11 12 9 10
10 2 0 10 13
10 1 0 10
10 2 2 12 13 10 11
10 2 0 10 14
10 1 2 12 11 13
10 2 2 11 14 10 12
10 3 2 11 13 14 10 12
10 3 2 12 13 14 10 11
10 3 0 10 13 14
11 3 1 11 12 15 13
11 0 3 11 13 15
11 0 3 12 14 15
11 2 2 11 15 13 14
11 2 3 11 14 12 13 15
11 2 1 12 15 14
11 1 2 14 13 15
12 0 1 16
12 2 2 14 15 12 13
12 1 4 16 12 13 14 15
12 1 3 15 13 14 16
12 2 1 12 14 16
12 4 1 12 13 15 16 14
12 2 1 12 14 16
12 1 2 15 13 16
12 3 0 14 15 16
12 2 1 15 16 12
12 0 1 13
12 3 0 13 15 16
13 1 2 15 14 16
13 4 0 14 15 16 17
13 1 3 13 15 16 17
13 1 1 17 15
13 0 3 14 15 17
13 1 3 16 13 14 15
14 1 2 17 15 16
14 2 0 14 17
14 2 2 15 16 14 18
14 0 4 14 15 16 18
14 1 2 16 15 18
14 3 1 15 16 17 14
14 4 1 14 15 16 18 17
15 3 0 15 17 18
15 0 5 15 16 17 18 19
15 2 1 15 18 17
15 1 2 15 17 18
15 3 1 15 17 19 18
15 3 1 17 18 19 16
16 2 1 17 20 16
16 2 1 16 18 17
16 3 0 17 19 20
16 2 3 19 20 16 17 18
16 2 2 16 20 17 19
16 1 3 17 16 19 20
16 2 3 17 20 16 18 19
16 2 2 16 19 18 20
17 2 1 17 20 21
17 2 1 17 21 20
18 2 1 18 19 22
18 5 0 18 19 20 21 22
18 2 3 20 22 18 19 21
18 2 3 18 20 19 21 22
18 0 3 18 20 21
18 0 2 20 22
18 1 1 22 20
18 2 2 18 22 20 21
18 1 2 22 18 21
19 2 2 19 22 21 23
19 2 1 19 21 23
19 2 1 19 22 21
19 2 0 20 23
19 1 3 20 21 22 23
19 1 1 21 19
19 1 1 23 22
19 0 1 19
19 1 3 22 19 20 21
20 1 3 24 20 21 23
20 2 2 20 22 21 23
20 2 1 21 22 20
20 3 1 20 23 24 21
20 2 0 22 23
20 1 2 24 22 23
20 3 2 20 23 24 21 22
20 0 2 21 22
21 2 2 24 25 22 23
21 5 0 21 22 23 24 25
21 2 3 22 23 21 24 25
21 1 1 21 22
21 2 2 22 25 23 24
22 3 1 23 25 26 22
22 2 1 25 26 24
22 3 0 24 25 26
22 2 2 24 26 22 23
22 3 1 22 23 26 24
22 2 1 24 25 26
22 1 2 26 22 25
22 2 1 23 24 25
23 1 3 23 24 25 26
23 1 3 24 23 25 27
23 0 2 25 26
23 3 0 23 24 26
23 2 1 23 27 25
23 1 2 27 23 26
23 2 1 26 27 23
23 3 1 25 26 27 24
24 1 3 25 24 26 27
24 1 3 26 24 25 27
24 0 1 27
24 2 1 24 25 26
24 1 3 24 25 26 28
24 2 2 26 27 24 25
24 2 2 26 27 24 28
25 4 1 25 27 28 29 26
25 2 1 25 27 26
25 3 1 26 27 29 28
25 0 2 26 29
25 2 1 26 27 29
25 1 3 26 25 27 29
25 2 2 25 29 27 28
26 0 5 26 27 28 29 30
26 0 3 27 28 30
26 1 1 28 30
26 3 1 28 29 30 27
26 2 2 29 30 26 27
26 1 2 28 26 27
26 1 3 29 26 27 28
26 1 0 29
26 4 0 26 27 29 30
26 1 4 27 26 28 29 30
26 1 2 28 27 30
27 2 2 29 31 27 28
27 2 1 27 28 29
27 1 2 31 28 29
27 1 3 31 27 29 30
27 1 1 30 27
27 3 1 27 29 31 30
27 0 2 29 30
28 1 4 30 28 29 31 32
28 1 2 30 29 32
28 3 1 28 29 30 31
28 3 1 29 31 32 28
28 1 4 32 28 29 30 31
28 3 1 30 31 32 28
28 2 3 28 32 29 30 31
28 2 2 28 32 29 31
29 1 2 29 31 32
29 1 3 30 29 32 33
29 1 2 32 29 31
29 0 3 29 31 32
29 2 2 30 32 29 31
29 2 1 31 33 30
29 2 2 30 31 32 33
29 2 1 30 32 33
30 1 1 33 32
30 1 3 30 32 33 34
30 2 2 30 34 32 33
30 1 2 30 31 34
30 1 0 34
30 4 1 30 31 32 34 33
30 0 3 31 33 34
30 2 2 32 33 31 34
31 2 3 33 35 31 32 34
31 2 3 33 34 31 32 35
31 2 3 32 33 31 34 35
31 1 2 35 31 32
31 2 1 31 35 33
31 3 0 31 34 35
31 2 1 31 32 35
31 2 0 32 33
32 2 1 34 35 33
32 0 2 33 35
32 1 3 32 33 34 36
32 1 2 34 35 36
32 2 1 33 35 32
32 4 1 32 33 34 36 35
32 2 2 32 34 33 35
32 1 2 36 33 34
32 3 1 32 33 36 35
33 1 3 35 33 34 37
33 0 3 33 35 36
33 0 3 33 36 37
33 1 3 34 33 36 37
33 1 3 35 34 36 37
33 1 3 33 34 36 37
33 2 0 34 36
33 2 3 34 36 33 35 37
33 0 3 34 35 37
33 1 1 34 35
34 3 2 34 35 37 36 38
34 3 0 34 36 38
34 1 1 36 34
34 2 1 34 37 35
35 2 1 37 38 35
35 3 1 36 37 39 38
35 3 2 35 37 39 36 38
35 2 1 37 38 35
35 1 2 35 37 38
35 0 2 37 38
36 2 2 36 37 39 40
36 1 2 39 37 38
36 2 0 37 40
36 2 0 36 39
36 1 1 37 39
36 3 1 37 39 40 38
36 1 2 37 38 40
36 2 1 36 38 39
36 2 3 37 39 36 38 40
36 2 3 37 38 36 39 40
36 3 0 36 37 40
36 1 2 38 36 37
36 2 0 36 39
36 1 2 37 38 40
37 3 1 38 39 40 41
37 0 1 41
37 3 0 37 38 41
37 4 1 37 38 39 40 41
37 1 1 40 39
37 5 0 37 38 39 40 41
37 2 1 40 41 39
37 3 0 37 39 40
37 0 4 37 38 40 41
37 0 3 37 38 40
38 1 2 41 38 39
38 1 1 39 42
38 3 1 38 40 42 39
38 1 2 42 38 41
38 1 1 39 42
39 1 3 40 39 41 42
39 4 1 39 40 42 43 41
39 1 2 39 41 42
39 1 4 39 40 41 42 43
39 1 4 40 39 41 42 43
39 2 0 40 43
39 2 1 40 42 41
40 2 1 40 41 44
40 4 0 40 41 42 43
40 2 2 40 42 41 43
40 2 0 41 43
40 1 1 42 43
40 4 1 40 41 42 44 43
40 2 1 40 41 42
41 2 3 41 43 42 44 45
41 1 2 44 42 45
41 1 2 45 41 43
41 1 3 43 41 44 45
41 3 2 41 43 44 42 45
42 0 5 42 43 44 45 46
42 1 2 46 42 43
42 1 2 45 42 46
42 2 1 42 44 45
42 2 3 43 45 42 44 46
42 2 2 42 45 43 44
42 2 1 42 46 44
42 4 0 42 43 45 46
42 1 2 42 43 44
42 2 1 43 45 44
43 3 1 44 45 47 43
43 1 2 44 46 47
43 1 4 46 43 44 45 47
43 3 2 44 45 47 43 46
43 1 1 43 44
44 1 2 47 44 45
44 1 2 46 44 48
44 3 2 45 46 47 44 48
44 2 2 47 48 44 46
44 2 1 45 46 48
44 1 3 48 45 46 47
44 3 1 44 45 46 48
44 3 1 44 46 47 45
44 0 2 45 48
44 2 2 44 48 46 47
45 2 1 47 48 45
45 2 1 45 47 49
45 3 1 45 48 49 47
45 1 3 45 46 47 49
45 3 2 45 47 49 46 48
45 2 1 46 48 49
45 2 2 45 46 47 48
45 3 0 46 48 49
45 2 1 46 47 48
45 3 1 45 47 49 48
45 1 1 48 49
45 3 0 46 48 49
46 2 1 46 47 50
46 1 1 48 46
46 3 1 46 48 50 47
46 2 1 46 48 49
46 2 3 47 49 46 48 50
46 2 0 46 50
46 3 1 46 47 50 48
46 3 2 46 48 50 47 49
46 2 1 48 49 50
46 2 1 46 47 49
47 1 2 50 47 49
47 3 2 47 49 50 48 51
47 3 0 47 48 49
47 3 2 47 48 50 49 51
47 1 3 50 48 49 51
47 3 0 47 48 49
47 0 3 48 50 51
47 1 0 49
48 3 0 48 49 51
48 2 1 51 52 49
48 3 2 49 51 52 48 50
48 0 2 49 52
48 2 2 49 50 51 52
48 3 1 49 51 52 50
48 2 3 48 51 49 50 52
48 1 2 50 48 52
49 2 2 49 50 52 53
49 2 3 51 52 49 50 53
49 1 0 53
49 2 0 52 53
50 1 2 50 51 53
50 1 3 54 50 51 53
50 1 3 52 50 53 54
50 2 1 50 52 53
50 1 1 54 51
50 2 3 52 54 50 51 53
50 1 3 53 50 51 54
50 0 4 50 51 53 54
51 2 1 53 54 55
51 2 1 52 54 53
51 2 2 52 54 51 53
51 1 1 55 54
51 1 2 52 54 55
52 2 2 54 55 52 56
52 3 1 53 55 56 54
53 3 0 53 54 57
53 2 1 55 56 54
53 2 0 53 57
53 3 2 53 56 57 54 55
53 1 3 53 54 55 56
53 1 2 53 54 56
53 3 1 54 56 57 53
53 3 1 54 56 57 55
54 3 2 54 56 57 55 58
54 0 4 55 56 57 58
54 3 1 56 57 58 54
54 3 0 54 55 57
55 1 0 57
55 4 0 55 56 57 59
55 1 2 55 58 59
55 2 2 56 58 55 59
55 3 1 55 57 59 58
55 2 0 57 59
55 2 0 55 58
55 1 1 59 56
55 3 2 55 56 58 57 59
55 2 1 57 59 58
55 0 1 58
56 1 2 60 57 59
56 3 2 56 59 60 57 58
56 0 3 56 58 59
56 2 2 56 58 57 59
56 1 1 57 56
56 0 1 60
56 1 2 60 56 59
57 2 3 57 59 58 60 61
57 2 1 57 61 59
57 1 3 59 57 60 61
57 2 2 60 61 58 59
58 1 2 60 58 61
58 3 1 59 60 61 58
58 1 3 62 58 59 60
58 3 1 60 61 62 58
58 2 2 60 62 58 61
58 0 2 60 61
58 2 0 59 61
58 3 0 58 61 62
58 0 1 60
58 4 0 58 59 61 62
59 1 1 59 62
59 1 2 63 59 60
59 1 2 63 61 62
59 2 1 59 61 62
59 4 1 59 61 62 63 60
59 2 2 60 63 61 62
59 3 1 59 61 62 63
59 0 2 60 62
59 2 1 60 63 61
59 0 3 59 62 63
59 4 1 59 60 61 63 62
60 2 2 61 62 60 63
60 0 4 60 61 63 64
60 0 4 60 62 63 64
60 1 2 60 63 64
60 4 1 60 62 63 64 61
60 3 1 60 62 63 61
60 2 2 62 64 60 63
60 2 0 60 63
60 1 3 63 60 62 64
61 2 0 62 63
61 2 3 62 64 61 63 65
61 2 1 62 64 65
61 4 0 61 63 64 65
61 0 3 62 63 64
61 3 0 61 62 65
61 0 4 61 62 63 65
61 0 4 61 62 63 65
62 1 2 62 65 66
62 1 2 64 62 63
62 2 2 65 66 62 64
62 2 2 63 66 62 65
62 0 1 66
62 4 1 63 64 65 66 62
63 1 2 66 64 65
63 2 2 66 67 64 65
63 2 2 63 65 66 67
63 1 2 64 66 67
63 2 2 63 67 64 65
63 2 3 63 64 65 66 67
63 1 1 63 66
63 1 2 65 64 66
63 0 1 67
63 4 1 63 65 66 67 64
64 3 1 65 67 68 64
64 0 2 66 68
64 2 1 66 67 68
64 2 1 64 66 67
65 3 0 65 66 69
65 1 3 67 65 66 68
65 1 1 65 66
65 2 2 65 66 67 68
65 2 1 66 69 65
65 1 4 66 65 67 68 69
65 1 3 68 65 66 69
65 2 1 67 69 66
65 0 2 66 69
65 0 4 65 67 68 69
65 0 2 65 68
65 1 1 65 69
65 4 1 66 67 68 69 65
65 2 2 65 68 66 69
65 3 1 65 68 69 66
65 2 3 68 69 65 66 67
66 2 1 67 68 70
66 2 0 66 67
66 1 3 66 67 68 69
66 1 3 68 66 67 69
66 1 0 68
66 2 0 67 69
66 1 1 70 69
66 1 4 68 66 67 69 70
66 2 1 66 68 70
66 3 2 66 68 70 67 69
66 4 0 67 68 69 70
66 3 1 66 69 70 68
66 4 1 66 67 68 69 70
67 3 2 67 68 69 70 71
67 1 2 68 67 69
67 3 2 67 68 70 69 71
67 1 1 70 68
67 2 1 67 68 71
67 1 1 68 71
68 0 3 68 69 71
68 2 1 70 71 68
68 1 2 68 69 71
68 2 3 69 70 68 71 72
68 1 2 70 71 72
68 1 3 69 68 71 72
68 0 3 68 71 72
68 1 2 71 70 72
68 0 3 68 69 71
68 1 3 69 68 70 72
68 1 2 70 69 72
68 2 2 68 72 69 70
69 3 1 69 71 73 70
69 4 1 70 71 72 73 69
69 1 3 72 69 71 73
69 3 1 70 72 73 69
69 3 0 69 70 73
69 4 0 69 70 71 72
69 2 1 69 70 73
69 3 2 69 70 72 71 73
69 2 1 71 73 72
69 1 2 70 71 73
69 0 3 69 71 72
69 1 0 72
70 3 1 70 72 73 74
70 3 1 71 73 74 72
70 3 2 70 71 72 73 74
70 2 1 73 74 71
70 2 1 70 71 72
70 1 2 74 70 72
70 3 0 71 73 74
70 3 0 70 72 74
70 2 1 71 72 70
70 1 1 74 73
70 2 1 70 72 74
71 2 3 71 74 72 73 75
71 0 2 73 74
71 2 1 72 75 71
71 2 1 72 75 73
71 4 0 71 73 74 75
71 2 2 73 75 71 72
71 3 1 71 72 75 74
71 2 2 71 73 72 75
71 2 2 71 75 72 73
71 1 3 74 71 72 75
71 2 2 71 73 72 74
72 0 3 72 74 76
72 0 1 76
72 3 2 72 73 74 75 76
72 1 3 75 72 73 76
72 1 1 75 72
72 1 3 74 72 73 75
72 2 2 72 76 73 75
73 0 3 74 76 77
73 2 1 73 77 76
73 3 1 73 75 77 76
73 1 1 77 73
73 1 4 76 73 74 75 77
73 1 0 74
74 1 2 78 75 76
74 2 0 74 76
74 0 3 74 75 76
74 2 2 74 76 75 77
74 1 3 77 74 75 78
74 2 1 76 77 74
74 2 1 75 78 74
74 1 1 77 78
74 2 2 75 76 77 78
74 3 1 76 77 78 75
74 2 1 76 78 77
74 1 2 76 75 78
74 3 1 74 77 78 75
74 2 0 74 78
74 1 1 78 75
75 3 2 75 76 78 77 79
75 1 1 79 77
75 1 4 78 75 76 77 79
75 4 1 75 76 77 78 79
75 2 2 75 76 77 78
75 2 3 76 79 75 77 78
75 1 4 78 75 76 77 79
75 1 2 79 77 78
75 3 1 75 76 79 78
75 0 3 75 77 78
75 2 2 75 76 78 79
75 1 1 78 76
75 0 2 77 78
76 3 1 76 78 80 77
76 1 2 79 76 80
76 1 1 76 80
76 2 0 77 79
76 2 2 78 79 76 80
76 2 2 78 80 77 79
76 2 1 77 80 76
76 3 1 76 77 78 80
77 0 3 77 79 80
77 2 1 77 79 78
77 2 1 77 80 78
77 4 0 77 78 79 81
77 4 1 77 79 80 81 78
77 3 2 77 79 80 78 81
77 0 2 79 80
77 0 3 78 79 81
77 3 0 77 79 81
78 2 3 78 82 79 80 81
78 1 3 79 78 80 82
78 2 1 79 81 82
78 1 2 82 78 80
78 0 3 78 79 82
78 1 1 80 78
78 2 1 80 81 78
79 2 0 79 83
79 2 0 79 81
79 2 1 80 83 82
79 3 0 79 80 82
79 2 2 82 83 79 80
79 0 3 79 80 81
79 3 1 79 80 81 83
79 3 1 79 80 81 82
80 4 0 80 81 82 83
80 2 2 81 84 80 83
80 2 1 81 84 83
80 2 2 81 84 80 82
80 3 0 81 82 84
80 2 2 81 82 80 84
81 3 0 81 83 84
81 3 1 83 84 85 82
81 2 1 83 84 81
81 0 3 81 82 85
81 2 2 81 84 83 85
82 1 2 83 82 84
82 2 0 82 85
82 1 1 83 86
82 2 2 82 83 84 85
82 3 0 82 84 85
82 1 2 83 85 86
83 2 3 86 87 83 84 85
83 3 1 83 85 86 84
83 3 1 83 84 86 87
83 2 1 84 86 83
83 1 2 86 83 84
83 0 1 87
83 3 1 83 84 86 87
83 2 1 83 86 84
83 2 1 85 86 84
84 1 2 86 84 87
84 2 1 84 87 86
84 2 0 84 85
84 2 3 85 88 84 86 87
84 2 1 86 87 85
84 1 1 87 86
85 1 2 89 85 88
85 2 1 87 89 85
85 2 1 87 88 85
85 0 3 85 87 89
85 1 0 87
85 3 0 85 87 89
85 3 0 85 86 88
85 3 0 85 88 89
85 4 0 85 87 88 89
86 1 3 88 86 87 90
86 1 1 89 88
86 1 2 90 86 87
86 0 2 87 88
87 2 1 87 90 91
87 3 1 88 89 90 91
87 2 3 89 90 87 88 91
87 2 1 87 91 89
87 3 2 87 88 90 89 91
87 2 1 88 91 90
87 1 1 89 90
87 0 3 88 89 90
87 3 1 87 90 91 89
87 3 2 87 89 91 88 90
88 3 2 88 89 91 90 92
88 3 1 88 89 91 90
88 0 2 91 92
88 2 1 89 91 92
88 1 1 89 91
88 4 1 88 90 91 92 89
88 2 2 91 92 88 90
88 3 1 89 90 91 92
88 2 1 88 90 89
88 1 1 90 88
88 2 2 88 91 90 92
88 4 1 88 89 90 91 92
89 0 2 89 91
89 2 1 91 93 90
89 2 2 90 93 89 91
89 0 2 89 92
89 1 3 89 90 92 93
90 1 2 90 91 93
90 3 1 91 93 94 90
90 0 2 92 93
90 4 0 91 92 93 94
90 1 3 92 91 93 94
90 2 0 90 94
90 1 1 94 91
90 3 2 90 92 93 91 94
90 2 2 90 93 92 94
90 1 2 93 90 94
90 3 1 90 92 94 93
90 2 3 92 94 90 91 93
91 1 3 95 91 92 93
91 0 2 91 93
91 3 1 91 92 95 94
91 2 3 92 95 91 93 94
91 0 1 92
91 0 3 91 93 95
91 1 2 92 91 94
92 3 1 92 93 96 95
92 1 3 96 92 93 94
92 1 2 94 93 95
93 1 4 94 93 95 96 97
93 0 3 93 95 97
93 2 1 94 95 96
93 3 1 95 96 97 94
93 1 3 93 94 96 97
93 2 0 96 97
93 0 2 93 97
93 2 2 95 97 93 94
93 1 1 97 94
93 0 2 93 96
93 0 2 96 97
93 1 3 95 93 94 96
94 2 2 95 98 94 97
94 1 3 94 96 97 98
94 2 1 94 98 95
94 2 1 94 95 96
94 0 3 94 97 98
95 3 1 95 96 97 99
95 1 2 96 97 98
95 0 2 97 99
95 2 1 96 98 95
95 0 3 96 98 99
95 1 3 95 97 98 99
95 3 0 95 96 99
95 2 1 96 98 95
95 1 1 95 98
96 1 2 100 96 99
96 0 3 97 98 99
96 1 1 100 99
96 0 4 96 97 98 99
96 2 2 97 100 96 99
96 2 1 98 100 99
96 2 0 97 98
96 3 1 96 98 99 97
96 3 1 97 99 100 96
96 2 2 96 97 98 100
97 2 2 98 100 97 101
97 1 3 97 99 100 101
97 2 1 98 101 100
97 1 2 97 98 99
97 2 1 98 100 97
97 2 2 99 101 97 100
97 2 1 99 101 100
97 0 2 98 99
98 1 2 100 99 102
98 1 3 98 100 101 102
98 3 0 98 101 102
98 2 1 100 101 102
98 3 1 98 99 100 101
98 2 2 100 102 98 99
98 0 3 98 101 102
99 2 2 101 103 99 100
99 3 1 100 101 102 103
99 2 2 100 103 99 102
99 2 3 99 100 101 102 103
99 1 2 99 102 103
99 4 1 99 100 101 102 103
99 3 0 100 101 102
99 1 4 102 99 100 101 103
100 1 3 100 101 102 104
100 2 3 100 101 102 103 104
100 2 2 100 102 103 104
100 2 3 100 104 101 102 103
100 2 2 100 102 101 103
100 4 1 100 101 102 104 103
100 1 0 101
101 2 1 101 103 105
101 2 2 102 104 103 105
101 3 0 101 102 103
101 2 2 101 103 104 105
101 2 1 101 104 105
102 2 2 102 106 103 104
102 3 1 104 105 106 103
102 1 2 106 104 105
102 1 1 102 104
102 1 2 103 102 105
102 2 2 102 105 104 106
102 1 2 103 105 106
102 2 2 102 105 103 106
102 3 1 102 104 105 106
102 2 2 105 106 103 104
103 1 4 106 103 104 105 107
103 1 1 103 105
103 1 2 107 104 105
103 1 1 107 105
103 2 0 103 105
103 0 2 104 106
103 0 3 105 106 107
103 2 2 103 105 106 107
104 0 3 106 107 108
104 1 3 105 104 106 107
104 1 2 106 104 108
105 3 1 105 106 107 109
105 1 1 105 109
105 2 3 105 106 107 108 109
105 3 1 107 108 109 106
105 3 0 105 106 107
105 0 4 105 106 108 109
105 0 3 105 106 109
106 2 1 106 109 108
106 1 1 109 107
106 0 2 107 108
106 1 1 107 106
106 1 2 107 108 110
106 1 3 106 107 108 110
107 2 1 108 110 111
107 1 3 109 107 110 111
107 3 0 107 108 111
107 1 3 111 107 108 109
107 0 3 107 108 111
107 2 1 108 109 107
107 3 0 107 109 111
107 1 1 108 109
107 2 1 108 109 110
107 3 1 108 109 110 107
108 3 2 109 110 111 108 112
108 2 2 108 109 110 111
108 2 0 109 111
108 3 1 108 110 111 112
108 1 2 108 110 111
108 2 2 111 112 108 109
108 0 1 110
108 1 2 109 111 112
108 0 3 108 109 112
108 3 1 108 110 112 111
108 3 2 110 111 112 108 109
108 2 2 108 111 109 110
109 1 1 113 112
109 1 3 113 109 110 111
109 3 2 110 112 113 109 111
109 1 1 112 110
109 2 2 109 113 111 112
109 0 2 110 111
109 1 1 113 110
109 3 0 109 110 111
110 2 2 110 111 112 114
110 1 2 112 110 114
110 2 2 111 112 113 114
110 2 1 110 113 114
110 2 0 111 112
110 0 1 114
110 1 0 110
110 3 0 111 112 113
110 1 2 111 110 113
110 1 3 111 110 113 114
111 2 3 112 115 111 113 114
111 4 1 111 113 114 115 112
111 2 1 112 114 113
111 0 3 111 113 114
111 2 1 112 115 111
111 1 3 112 113 114 115
111 3 0 112 113 114
111 4 1 111 112 113 115 114
111 1 2 114 112 115
111 1 4 114 111 112 113 115
111 1 2 114 111 115
112 2 2 115 116 113 114
112 1 2 116 112 114
112 2 1 113 114 112
112 1 4 115 112 113 114 116
112 1 3 112 114 115 116
112 4 0 112 113 114 116
112 1 2 113 115 116
112 2 0 112 113
113 2 1 114 116 115
113 2 1 113 117 115
113 1 1 113 117
113 1 3 117 113 115 116
113 1 2 117 114 115
113 3 0 113 114 115
114 2 2 115 116 114 118
114 3 1 114 115 116 117
114 1 3 115 114 116 117
115 2 2 116 117 118 119
115 3 2 116 118 119 115 117
115 2 2 116 117 115 119
115 2 3 115 119 116 117 118
115 2 2 115 117 118 119
115 2 2 115 119 117 118
115 2 1 117 118 116
115 1 2 115 117 118
115 3 1 116 117 118 115
115 2 1 118 119 116
115 0 2 116 118
115 1 4 118 115 116 117 119
115 3 1 116 117 118 119
116 3 2 116 117 118 119 120
116 2 2 116 120 118 119
116 0 2 117 119
116 1 2 120 117 118
116 4 1 116 117 118 119 120
116 2 3 117 120 116 118 119
117 2 2 117 120 119 121
117 3 1 117 120 121 118
117 1 2 118 119 120
117 2 3 117 121 118 119 120
117 2 0 118 121
117 2 3 119 121 117 118 120
117 2 3 120 121 117 118 119
117 0 3 118 119 120
118 2 1 121 122 118
118 1 2 122 118 119
118 2 1 118 121 120
119 2 1 122 123 121
119 1 2 119 121 122
119 0 5 119 120 121 122 123
119 3 1 119 121 122 123
119 4 0 119 121 122 123
119 3 0 119 122 123
119 2 1 119 123 122
119 2 1 119 122 123
119 2 2 121 123 120 122
119 2 1 121 123 119
120 1 1 122 124
120 3 2 120 121 124 122 123
120 2 2 122 124 120 121
120 3 1 120 123 124 122
120 0 1 124
120 2 1 123 124 121
120 2 1 120 123 122
121 3 2 121 123 125 122 124
121 3 0 121 122 124
121 2 1 123 124 122
121 4 1 121 123 124 125 122
121 2 2 123 124 121 122
121 2 1 121 123 122
121 0 2 123 125
121 1 2 124 121 122
121 2 1 122 124 123
122 3 0 122 124 125
122 1 4 123 122 124 125 1
122 4 0 123 124 125 1
122 2 1 124 1 125
122 1 3 1 122 124 125
123 2 2 123 125 124 2
123 3 2 123 125 1 124 2
123 1 2 1 123 2
123 0 2 123 125
123 4 0 123 125 1 2
123 1 1 123 2
123 5 0 123 124 125 1 2
123 1 1 1 125
123 3 0 123 1 2
124 2 1 1 2 124
124 2 3 124 125 1 2 3
124 0 4 124 1 2 3
124 2 1 124 2 125
124 2 2 124 125 1 3
125 2 2 2 4 125 3
125 1 2 2 125 4
125 2 0 1 3
125 1 3 3 125 1 2
