931 2500
1 2 1 4 5 1
1 1 1 3 1
1 2 1 2 5 1
2 1 2 4 2 6
2 3 0 3 4 5
3 1 1 6 5
3 1 0 7
3 1 2 5 4 7
3 0 1 4
3 1 2 6 4 7
4 2 1 4 8 7
4 0 3 4 5 7
5 0 4 6 7 8 9
5 1 2 7 6 9
6 0 3 8 9 10
6 2 2 6 8 7 10
6 2 1 7 10 9
7 2 3 7 8 9 10 11
8 4 1 9 10 11 12 8
8 0 1 8
8 2 2 8 12 9 10
8 0 3 8 10 11
8 3 1 8 9 11 10
9 2 1 12 13 9
10 0 5 10 11 12 13 14
11 3 1 12 13 14 11
11 1 1 11 13
11 2 2 13 14 11 12
11 2 1 12 13 14
12 1 2 16 14 15
12 1 2 15 14 16
13 1 2 14 16 17
13 1 3 16 14 15 17
13 0 2 13 16
13 1 2 17 14 15
13 2 1 13 15 17
15 0 3 15 16 17
15 1 2 16 15 18
15 0 3 15 16 17
16 2 1 16 19 17
16 0 4 16 17 18 20
17 1 2 18 17 19
17 3 2 17 18 21 19 20
17 2 2 18 20 17 19
17 2 1 17 21 19
18 1 3 21 18 20 22
18 2 1 19 21 18
18 1 2 18 20 22
18 1 1 21 18
18 2 2 18 20 19 21
19 2 2 19 21 22 23
20 2 1 20 21 24
20 0 5 20 21 22 23 24
20 2 0 22 23
20 0 3 21 22 23
20 2 2 22 24 20 21
21 1 3 23 21 24 25
21 0 3 21 24 25
21 3 1 23 24 25 21
22 4 0 23 24 25 26
22 1 2 22 25 26
23 3 1 25 26 27 24
23 2 2 23 27 24 26
23 1 2 25 23 26
23 3 1 24 26 27 25
24 4 1 24 25 26 28 27
24 3 2 26 27 28 24 25
24 1 2 25 26 28
25 2 2 26 27 25 29
25 1 0 26
25 2 1 28 29 25
26 2 3 26 30 27 28 29
26 2 1 29 30 28
27 2 2 27 31 29 30
27 2 3 27 29 28 30 31
27 1 2 28 29 31
27 1 4 29 27 28 30 31
28 2 1 31 32 30
28 2 2 30 32 28 31
28 3 2 30 31 32 28 29
28 1 2 28 29 31
30 2 2 30 34 31 32
30 2 2 33 34 31 32
31 2 1 33 35 31
31 1 3 33 31 32 34
31 4 1 31 32 33 35 34
32 0 2 35 36
33 1 1 33 36
34 1 3 36 34 35 38
35 0 3 35 36 39
35 3 0 36 37 38
36 2 2 36 38 37 39
36 1 3 38 36 37 39
37 2 3 40 41 37 38 39
37 1 2 37 38 39
37 4 1 37 38 40 41 39
37 3 2 37 38 41 39 40
38 1 2 42 38 39
38 3 0 38 39 41
39 2 1 41 42 40
39 1 3 43 39 40 41
40 0 4 40 41 42 44
40 2 1 41 43 42
41 1 1 41 45
41 3 0 41 43 44
42 1 2 46 44 45
42 0 1 42
43 1 3 43 44 45 47
44 1 1 46 47
45 2 2 46 49 45 48
45 2 1 47 49 48
45 2 0 45 48
45 2 1 46 48 47
45 1 2 49 46 47
46 1 1 48 50
47 0 3 48 49 51
47 1 1 49 51
47 2 3 48 51 47 49 50
47 2 2 47 49 48 50
47 2 3 49 50 47 48 51
48 2 3 49 52 48 50 51
48 0 1 52
48 0 4 48 49 50 52
49 2 1 50 52 53
49 3 1 51 52 53 50
50 2 1 50 54 53
50 0 3 50 51 52
51 3 2 52 54 55 51 53
51 3 1 51 53 54 52
51 2 0 54 55
51 1 2 55 52 53
51 3 2 52 54 55 51 53
53 0 3 55 56 57
53 2 0 53 54
54 4 0 55 56 57 58
54 2 2 55 56 57 58
54 1 2 56 54 58
54 3 2 54 56 57 55 58
55 0 2 55 59
55 3 1 55 56 57 58
56 3 0 57 58 59
56 0 1 56
56 2 2 57 60 56 59
57 1 1 57 60
58 2 1 59 61 58
58 3 0 60 61 62
59 0 2 59 61
59 3 0 59 60 62
60 1 2 62 61 63
61 4 1 61 62 63 64 65
61 1 1 64 63
61 2 1 62 65 63
61 1 1 62 64
62 1 1 66 64
62 1 3 62 64 65 66
62 1 1 66 64
62 2 1 65 66 62
62 3 0 63 64 66
62 3 2 62 65 66 63 64
63 4 0 64 65 66 67
63 3 0 63 64 65
63 0 2 64 67
64 0 3 65 66 68
64 2 2 67 68 64 65
64 3 1 64 65 66 67
64 2 3 64 66 65 67 68
65 1 1 67 65
65 0 3 67 68 69
66 2 2 66 70 67 69
66 3 2 67 68 70 66 69
67 1 3 71 67 68 70
67 1 2 68 69 71
67 1 4 71 67 68 69 70
68 2 2 70 72 68 69
68 1 0 69
69 1 3 71 69 70 72
69 0 3 69 71 72
69 1 2 70 72 73
70 3 2 71 72 73 70 74
70 1 2 72 70 71
70 1 2 72 70 73
70 1 3 70 72 73 74
71 2 0 71 72
71 2 1 73 74 71
71 1 1 75 71
71 1 2 74 72 75
72 3 2 74 75 76 72 73
72 3 1 72 73 74 75
72 0 2 72 75
72 2 0 75 76
73 1 1 75 76
73 3 2 73 74 76 75 77
73 3 0 74 76 77
75 0 4 75 76 77 78
76 2 0 76 77
76 1 0 80
77 2 2 77 81 78 80
77 1 0 80
77 2 1 77 78 80
78 2 1 81 82 80
78 1 3 78 79 80 81
78 1 3 82 78 79 81
79 1 1 83 80
79 2 0 79 83
79 1 2 80 79 83
80 3 1 82 83 84 81
80 1 3 83 80 81 82
80 3 1 82 83 84 80
80 1 2 84 80 83
81 0 2 84 85
81 3 0 81 82 84
82 2 1 82 86 85
83 2 1 83 84 87
83 1 4 86 83 84 85 87
83 0 3 85 86 87
84 1 4 88 84 85 86 87
84 1 1 86 88
85 4 1 86 87 88 89 85
85 3 1 86 87 89 88
85 2 2 86 88 87 89
86 1 2 86 88 90
86 1 2 86 87 89
88 2 2 88 92 89 91
88 3 0 88 89 92
89 1 2 92 90 91
89 2 3 90 91 89 92 93
90 2 1 93 94 91
90 0 4 90 91 92 93
91 3 2 93 94 95 91 92
91 1 1 93 95
91 2 2 93 94 91 92
91 4 1 91 92 93 94 95
91 3 0 91 93 95
92 2 1 92 93 94
92 2 2 93 95 92 96
92 2 0 92 94
92 1 2 96 93 94
92 3 2 92 93 94 95 96
92 0 3 93 94 96
93 1 1 94 96
94 3 2 94 96 97 95 98
94 2 3 97 98 94 95 96
95 2 2 95 96 98 99
96 2 2 99 100 97 98
96 1 0 97
97 2 3 99 101 97 98 100
97 2 1 97 100 99
98 2 1 100 102 101
98 0 2 99 100
98 0 2 99 101
98 1 3 98 99 101 102
98 0 1 102
98 3 0 98 100 102
98 1 1 98 102
98 3 2 98 100 102 99 101
99 1 2 102 99 100
99 0 3 100 101 102
99 2 1 101 103 100
100 4 0 101 102 103 104
101 1 2 101 102 105
101 1 2 102 101 105
102 4 1 102 103 104 105 106
102 2 2 102 104 105 106
102 0 3 102 105 106
102 3 2 102 103 105 104 106
103 1 3 104 103 105 107
103 1 3 106 104 105 107
104 1 4 105 104 106 107 108
104 1 2 104 106 107
104 2 2 104 105 106 108
104 0 2 105 108
104 2 3 106 107 104 105 108
105 2 0 107 108
105 0 3 105 107 108
105 2 3 105 109 106 107 108
106 3 1 106 108 110 109
106 0 2 108 110
107 1 2 110 108 111
107 1 2 111 107 109
107 1 2 109 107 108
107 0 2 110 111
107 1 1 107 109
108 0 3 108 109 112
108 4 0 108 110 111 112
109 0 1 112
109 3 2 109 110 113 111 112
110 3 0 110 111 113
110 2 2 112 114 110 111
110 2 0 111 114
110 2 1 112 114 110
111 3 0 111 113 115
112 1 2 113 114 115
113 1 2 115 113 116
113 2 2 113 117 115 116
113 1 4 117 113 114 115 116
114 1 0 115
114 3 2 114 115 118 116 117
115 2 1 118 119 117
115 2 1 115 119 118
116 2 2 116 120 118 119
116 1 2 117 116 118
116 0 2 116 119
117 0 3 117 120 121
117 2 2 119 120 117 118
117 3 1 117 120 121 118
118 2 1 118 120 119
118 4 1 119 120 121 122 118
118 3 0 118 120 122
119 2 1 119 122 123
119 0 2 119 122
119 1 1 123 121
119 1 1 120 121
120 4 1 121 122 123 124 120
120 1 3 121 120 123 124
120 2 2 120 124 122 123
121 1 1 123 125
121 0 3 123 124 125
121 2 3 122 124 121 123 125
121 0 3 121 123 124
122 3 0 122 124 125
122 2 0 125 126
123 3 1 123 125 126 127
123 2 2 124 126 125 127
124 1 1 126 127
126 3 1 127 128 129 126
126 1 1 129 127
127 0 1 129
127 1 2 128 129 131
127 1 2 131 127 129
127 2 2 128 129 127 130
128 4 1 128 129 130 131 132
128 2 1 129 132 130
128 1 1 128 130
129 2 0 129 132
129 2 2 129 132 131 133
129 3 1 129 132 133 130
129 2 0 130 131
130 2 0 132 133
130 0 4 130 131 132 134
130 2 3 131 132 130 133 134
130 3 1 131 132 134 130
130 2 1 131 134 132
131 0 1 131
131 1 2 135 131 133
131 2 2 132 135 131 134
131 2 2 132 134 133 135
132 1 2 135 133 134
133 1 1 136 133
133 2 2 133 136 135 137
133 2 1 133 136 137
133 1 2 133 134 135
133 1 1 136 134
134 4 1 135 136 137 138 134
134 3 1 135 137 138 136
135 3 1 135 136 137 139
135 3 1 136 137 139 138
135 1 2 138 135 136
135 2 2 136 137 135 139
136 2 2 136 138 137 140
137 1 1 137 140
137 2 1 137 139 140
137 2 1 138 141 137
138 1 3 141 138 139 140
138 2 1 138 140 142
138 3 0 139 140 142
139 3 1 139 141 143 140
139 1 2 139 142 143
140 3 0 141 143 144
141 0 3 142 143 144
141 2 2 142 145 141 143
141 1 2 143 141 144
142 1 1 144 142
142 0 3 142 145 146
143 0 2 143 146
143 1 2 143 144 145
143 2 1 143 145 147
143 3 2 143 144 147 145 146
144 2 0 145 147
144 1 4 145 144 146 147 148
145 1 3 147 145 146 149
145 1 2 146 147 148
146 2 2 146 150 147 148
146 2 2 148 150 146 149
146 3 2 146 148 149 147 150
146 1 3 150 147 148 149
147 4 0 147 148 150 151
147 3 1 147 148 149 151
148 3 2 148 149 152 150 151
148 1 2 149 150 151
149 0 2 150 151
149 1 3 150 151 152 153
149 1 1 152 149
150 0 3 152 153 154
150 2 1 150 154 151
150 1 2 154 152 153
150 4 1 150 151 153 154 152
151 1 2 153 151 155
151 1 0 153
152 1 3 155 152 154 156
152 3 0 152 153 156
152 3 2 152 153 154 155 156
153 1 0 153
153 2 2 153 154 156 157
153 3 1 154 155 157 153
155 3 2 155 157 158 156 159
155 2 3 156 157 155 158 159
156 1 4 160 156 157 158 159
156 3 1 156 159 160 157
156 1 1 156 157
157 1 3 159 157 158 161
157 0 2 157 159
158 2 1 159 161 160
158 1 3 162 159 160 161
158 1 4 162 158 159 160 161
158 2 3 158 161 159 160 162
159 1 2 161 160 163
160 3 1 162 163 164 161
161 2 2 162 164 161 163
161 3 0 161 163 165
162 1 1 163 165
162 1 2 162 163 164
164 2 1 166 167 168
164 3 2 165 166 167 164 168
164 0 2 164 166
164 3 1 165 167 168 164
164 2 0 166 168
164 0 3 165 167 168
164 2 2 166 167 164 165
165 1 0 169
165 1 3 168 165 166 169
165 0 3 165 167 168
165 1 2 166 167 169
166 0 3 166 169 170
166 2 2 166 168 167 169
166 2 1 166 167 168
166 1 2 168 167 170
166 2 2 168 169 166 167
166 1 1 169 168
167 3 1 167 168 170 171
167 0 3 167 168 170
168 0 2 168 171
168 3 1 170 171 172 169
169 1 0 173
169 3 0 169 171 173
169 3 0 169 171 173
170 2 1 170 174 171
170 1 3 172 170 173 174
170 1 1 173 171
170 1 1 171 172
171 2 2 171 174 173 175
171 2 2 172 173 174 175
172 2 2 173 175 174 176
172 3 1 172 173 174 176
172 1 1 175 174
173 1 1 176 173
174 2 2 175 177 174 176
174 3 0 174 176 178
176 1 3 178 177 179 180
176 0 3 177 178 180
177 0 3 177 178 179
177 3 0 177 178 180
177 2 1 179 181 177
178 2 2 178 182 179 181
178 0 5 178 179 180 181 182
179 2 1 179 181 183
179 2 2 180 183 181 182
179 2 1 179 182 181
179 3 1 179 181 183 182
179 2 2 179 183 180 181
180 4 1 181 182 183 184 180
180 2 0 181 184
181 0 2 181 182
181 0 3 182 184 185
181 1 2 182 183 185
182 3 1 183 184 186 182
182 1 3 185 183 184 186
183 0 2 186 187
184 2 2 184 188 185 186
184 2 2 184 187 186 188
184 2 3 184 187 185 186 188
184 1 3 184 185 187 188
185 1 3 185 186 188 189
185 2 2 187 189 186 188
185 1 0 188
186 1 0 186
186 1 3 188 186 187 190
186 2 0 187 188
186 0 3 186 188 190
186 3 1 188 189 190 187
187 3 1 189 190 191 187
187 2 1 187 190 188
187 0 3 189 190 191
187 3 1 187 190 191 188
188 3 0 189 191 192
189 3 2 189 190 193 191 192
189 1 3 190 189 191 193
189 1 2 190 191 193
189 1 2 191 189 190
190 4 0 191 192 193 194
190 2 2 190 193 192 194
190 2 3 193 194 190 191 192
190 3 1 190 191 192 193
190 3 0 191 192 193
190 0 4 190 191 192 194
191 1 1 194 193
191 1 1 191 194
191 2 3 191 194 192 193 195
191 1 2 192 191 193
191 1 0 194
191 1 1 192 194
191 2 1 191 192 195
192 1 2 194 192 196
192 1 0 196
192 4 1 193 194 195 196 192
192 2 1 193 194 196
193 0 3 194 196 197
193 1 3 194 193 195 196
193 2 2 193 194 195 196
193 3 1 193 195 196 197
194 1 2 194 196 197
195 1 2 197 196 199
195 2 1 196 197 198
195 1 3 196 195 198 199
195 3 2 197 198 199 195 196
196 0 2 197 200
196 2 1 197 198 196
196 3 1 196 197 198 199
197 1 1 200 198
197 2 1 197 199 201
198 1 2 201 199 200
198 3 0 199 200 202
198 2 1 199 201 200
199 3 0 199 201 203
199 3 1 199 201 202 200
200 2 1 201 203 204
201 1 3 203 201 202 205
201 1 2 205 202 204
201 2 2 201 203 202 204
202 1 2 203 202 205
202 3 1 202 205 206 204
202 0 4 202 203 204 205
202 3 0 202 204 205
202 2 1 202 203 204
203 3 0 204 205 207
203 3 1 203 205 207 204
204 2 2 204 205 207 208
204 3 1 204 205 207 208
205 2 1 206 208 209
205 2 1 206 208 209
206 1 3 207 206 209 210
206 2 0 207 209
206 4 0 207 208 209 210
206 1 3 208 207 209 210
206 3 1 206 207 208 210
207 1 0 211
208 1 3 209 208 210 211
208 0 2 209 211
208 3 0 208 210 211
208 2 1 208 209 210
208 2 1 208 210 211
209 3 1 210 212 213 211
210 2 2 212 213 210 211
210 1 2 210 213 214
211 0 3 211 212 213
211 2 2 213 215 211 212
211 3 1 211 212 214 215
211 0 3 212 214 215
212 2 1 213 215 216
212 3 1 212 214 216 213
212 1 2 216 213 215
212 1 1 213 216
212 0 3 212 213 215
212 3 1 212 214 215 213
213 2 1 214 216 215
214 2 3 215 217 214 216 218
214 3 0 214 215 218
214 1 2 217 214 216
215 2 2 215 218 217 219
215 2 1 216 219 215
216 1 2 219 216 217
216 1 2 218 219 220
216 1 2 220 217 219
217 1 2 219 220 221
217 2 0 217 219
217 2 3 218 219 217 220 221
218 1 3 220 219 221 222
218 3 1 218 219 221 220
218 2 2 220 222 219 221
219 2 1 222 223 221
219 2 0 220 221
220 2 2 220 224 222 223
220 3 2 220 221 223 222 224
221 1 1 221 222
221 2 1 223 224 225
221 2 1 224 225 223
222 2 2 223 226 222 224
222 1 1 223 225
222 1 3 225 222 223 226
223 0 4 223 224 226 227
223 2 1 224 226 225
224 2 1 224 228 227
224 2 1 226 228 225
224 1 4 228 224 225 226 227
224 2 2 227 228 224 226
225 1 0 228
225 3 1 226 227 229 225
226 1 2 227 228 230
226 1 2 229 226 230
226 2 2 228 229 226 227
226 3 1 226 228 230 229
227 3 1 227 230 231 229
228 3 2 228 230 231 229 232
228 2 3 231 232 228 229 230
229 1 2 233 229 232
229 2 1 230 232 233
229 2 2 231 233 229 230
230 3 1 231 232 234 230
230 3 1 230 231 233 234
230 3 1 231 233 234 230
231 3 2 231 233 234 232 235
231 2 2 231 232 233 235
232 2 1 234 235 236
232 1 1 233 232
233 3 1 233 235 236 237
233 0 2 234 235
233 2 1 236 237 233
234 3 1 234 235 238 236
234 3 0 236 237 238
234 2 3 236 238 234 235 237
234 0 3 234 236 237
235 2 2 235 239 236 237
236 3 2 236 238 239 237 240
236 3 1 236 237 240 239
236 3 1 236 238 239 237
236 0 3 236 238 240
236 3 0 237 238 239
237 3 1 237 239 241 238
238 1 3 239 238 241 242
238 2 0 238 241
238 3 1 239 240 241 242
238 1 1 238 240
238 3 1 240 241 242 239
239 3 1 240 242 243 241
239 2 2 241 243 240 242
239 1 2 243 239 242
240 1 3 243 240 241 242
240 2 2 240 244 241 243
243 2 2 244 247 243 246
243 1 3 244 245 246 247
243 2 3 245 247 243 244 246
243 3 1 243 246 247 244
243 1 1 243 245
244 1 3 247 244 246 248
244 1 3 247 244 245 246
245 2 2 247 249 246 248
245 0 2 247 249
245 1 3 246 245 248 249
245 1 1 246 247
245 2 2 245 246 248 249
245 2 2 246 247 245 249
245 1 2 249 245 248
245 1 3 247 246 248 249
245 0 1 245
246 0 2 246 250
247 2 1 248 249 251
248 2 0 249 252
248 3 1 248 249 252 251
248 3 0 248 249 251
249 2 1 249 252 253
249 0 3 250 252 253
249 2 3 249 253 250 251 252
249 3 1 249 250 251 253
251 1 2 254 251 252
252 1 1 254 253
252 2 2 252 254 253 255
253 2 1 254 257 256
254 2 1 254 255 258
254 3 1 254 256 258 257
255 1 2 256 258 259
255 1 2 258 257 259
255 4 1 255 257 258 259 256
255 1 2 255 256 257
256 0 1 256
256 3 1 257 258 259 260
256 2 1 259 260 256
256 2 1 258 260 256
257 2 1 258 260 259
257 3 1 258 259 261 260
257 2 1 258 260 259
257 3 1 257 258 261 260
257 2 1 259 261 260
258 3 0 258 259 262
258 1 2 258 259 260
258 2 3 259 260 258 261 262
259 1 2 259 260 263
260 1 0 261
260 1 2 263 261 264
260 2 2 263 264 261 262
261 0 3 262 264 265
261 0 3 261 263 265
263 3 1 263 266 267 264
263 1 2 264 265 266
263 1 1 266 263
264 2 2 264 265 266 268
265 0 2 268 269
265 2 3 267 268 265 266 269
266 1 3 268 266 267 270
266 0 3 266 267 268
267 1 3 270 267 268 269
267 2 1 269 270 268
267 1 1 268 267
268 1 3 269 268 270 272
268 2 1 268 271 272
268 2 0 268 272
268 0 3 269 270 271
268 0 4 268 269 270 272
269 2 2 272 273 269 270
269 1 3 272 270 271 273
270 4 1 270 272 273 274 271
271 0 3 272 274 275
271 1 0 272
271 1 3 273 272 274 275
271 1 0 271
272 1 2 276 272 274
272 2 2 272 273 275 276
272 3 1 273 274 275 276
273 0 1 273
273 3 0 275 276 277
273 2 2 274 275 273 277
274 2 1 275 276 277
274 1 3 278 274 276 277
274 2 2 276 277 275 278
274 0 1 278
275 1 2 278 275 277
275 1 2 279 276 277
276 4 1 276 277 278 279 280
276 2 1 277 279 276
276 3 1 277 278 280 279
277 1 1 278 280
277 0 1 280
278 2 2 278 282 279 281
278 3 0 278 280 282
278 2 2 278 280 279 282
278 1 2 282 280 281
279 1 3 280 279 281 282
279 1 3 283 279 280 282
280 1 2 284 281 282
281 1 1 283 284
281 2 3 281 283 282 284 285
282 1 3 285 282 283 284
283 1 2 285 286 287
283 1 1 285 287
284 2 1 286 287 284
284 1 3 285 284 287 288
284 1 1 286 288
285 2 0 287 288
285 0 3 285 288 289
286 0 4 286 288 289 290
286 1 4 286 287 288 289 290
286 1 1 286 288
286 1 2 286 287 289
287 2 2 287 288 289 290
287 1 1 290 287
288 1 4 291 288 289 290 292
288 3 0 288 289 290
288 0 2 288 291
289 1 2 293 290 292
290 2 2 293 294 290 292
291 3 1 291 293 294 292
291 1 2 291 293 294
291 2 1 291 294 295
292 1 2 293 294 296
293 2 0 293 297
293 2 2 293 296 294 297
293 1 2 296 294 295
293 0 3 293 294 295
294 1 2 294 295 297
294 1 2 294 295 298
294 4 1 294 295 296 298 297
294 2 0 294 296
294 1 3 297 294 296 298
294 2 1 294 297 295
295 2 1 295 297 296
295 2 1 297 299 296
295 1 4 296 295 297 298 299
295 1 1 298 297
296 3 1 296 298 300 297
296 0 5 296 297 298 299 300
296 1 2 296 297 299
297 2 1 297 300 299
297 1 1 298 300
297 1 3 299 297 298 301
297 2 1 298 299 301
298 4 0 298 299 301 302
299 1 4 302 299 300 301 303
299 2 1 300 301 299
299 2 1 300 301 303
299 5 0 299 300 301 302 303
300 2 1 301 304 300
300 1 2 300 301 304
300 2 2 301 302 303 304
301 3 2 302 303 305 301 304
301 2 2 303 304 302 305
301 1 0 302
301 2 2 301 303 302 305
301 3 0 301 302 303
302 2 2 304 306 302 303
302 1 2 306 303 304
302 2 1 304 305 302
303 1 2 307 305 306
303 1 4 303 304 305 306 307
304 2 2 304 307 305 308
304 1 1 306 304
304 0 3 304 306 308
305 0 2 305 308
305 3 1 306 308 309 305
305 0 1 306
305 0 3 307 308 309
306 4 1 306 308 309 310 307
306 1 2 308 309 310
306 2 1 306 307 308
306 1 2 307 306 308
307 1 4 309 307 308 310 311
307 2 0 307 308
307 2 1 307 309 310
308 0 2 308 309
308 2 1 310 311 312
309 1 2 312 309 313
309 2 1 311 313 309
309 2 1 309 310 311
309 1 4 310 309 311 312 313
310 1 2 312 310 313
310 1 4 311 310 312 313 314
311 2 1 312 315 313
311 2 2 311 315 312 314
311 2 1 311 313 315
311 1 2 312 314 315
312 2 3 312 313 314 315 316
312 0 2 312 316
313 3 0 313 314 317
313 0 2 315 317
313 4 0 313 314 315 316
313 0 2 314 316
313 0 2 313 317
313 1 3 315 313 314 316
314 2 1 316 317 314
314 1 2 314 315 318
314 1 2 318 314 316
314 3 1 314 315 317 318
314 0 4 314 315 316 318
314 3 1 316 317 318 315
314 3 0 315 316 318
315 1 1 316 318
315 2 2 315 316 318 319
315 1 1 315 317
316 1 2 318 317 320
317 4 0 317 319 320 321
318 3 1 319 320 322 318
319 2 2 321 323 319 320
319 1 0 319
319 3 2 319 320 323 321 322
319 1 2 322 320 323
319 3 2 319 320 323 321 322
320 2 1 321 323 322
322 0 3 322 324 326
322 3 0 322 323 326
322 2 1 323 325 322
323 2 1 324 325 327
324 0 3 325 326 327
324 1 3 324 325 326 327
325 1 4 328 325 326 327 329
325 2 2 328 329 325 326
326 1 2 329 326 328
326 4 1 326 327 328 330 329
326 1 2 329 327 328
327 0 4 327 328 329 331
327 2 1 327 329 328
328 2 3 329 330 328 331 332
328 2 1 330 332 328
328 3 0 330 331 332
328 1 2 328 331 332
329 3 0 330 331 333
329 0 3 329 331 332
330 3 2 330 332 334 331 333
330 1 3 332 330 333 334
331 2 2 331 335 333 334
332 3 1 332 334 335 336
333 1 0 334
333 2 1 333 335 337
333 1 1 336 334
334 0 1 338
334 1 3 335 334 336 337
334 1 1 338 334
335 3 1 335 337 338 336
335 1 4 339 335 336 337 338
336 2 2 337 339 338 340
337 2 1 338 341 339
337 1 3 337 338 339 340
337 1 1 337 339
337 2 2 338 340 339 341
338 1 1 342 338
338 3 2 338 339 341 340 342
338 0 2 338 340
339 2 2 341 343 339 342
339 2 2 339 341 340 343
339 2 0 339 343
339 2 2 340 342 339 343
340 1 3 340 341 343 344
340 1 2 340 342 343
340 1 2 340 341 343
340 1 2 340 342 343
341 1 2 341 342 345
341 1 1 343 342
341 0 3 341 343 344
341 1 1 345 342
341 2 0 341 345
341 3 2 342 343 344 341 345
342 2 2 342 344 343 346
342 4 0 342 343 344 345
343 3 1 343 345 347 346
343 3 1 343 346 347 344
343 5 0 343 344 345 346 347
345 2 1 347 349 345
345 1 0 346
346 2 2 348 350 346 349
346 1 3 350 346 347 349
346 2 0 346 349
346 2 2 346 348 347 349
347 3 2 347 348 351 349 350
347 2 1 348 351 349
347 1 3 348 347 349 351
348 1 2 349 348 350
348 1 4 349 348 350 351 352
349 2 2 350 351 349 353
349 2 1 350 352 353
350 2 1 350 351 353
350 4 1 350 351 352 354 353
351 3 1 352 353 355 354
352 3 2 352 353 356 354 355
352 5 0 352 353 354 355 356
352 2 1 353 354 356
352 1 1 354 355
353 1 2 355 356 357
353 3 1 353 355 356 354
354 3 0 354 355 356
355 2 1 355 359 358
355 2 3 355 359 356 357 358
355 4 0 355 356 357 358
355 2 1 356 357 359
356 1 2 360 356 359
357 2 1 358 360 359
357 2 2 358 359 357 360
357 3 1 357 359 361 358
357 2 3 358 361 357 359 360
358 0 2 358 360
358 4 0 358 359 361 362
358 4 0 358 359 360 362
359 1 1 360 361
360 2 2 360 364 361 363
360 0 2 362 363
361 2 2 362 364 361 363
361 4 0 361 362 363 364
361 1 1 361 364
363 1 3 363 364 366 367
363 3 0 363 364 366
363 2 2 363 365 366 367
364 1 2 365 367 368
364 1 1 367 368
364 2 3 366 368 364 365 367
364 0 2 365 368
364 3 2 364 365 368 366 367
365 2 3 365 368 366 367 369
365 3 1 365 366 368 367
366 3 0 366 369 370
367 2 2 367 369 370 371
367 2 2 367 369 368 371
367 1 2 368 367 371
367 1 3 367 368 369 370
368 2 1 370 372 371
368 1 0 370
368 1 2 369 368 371
368 2 0 368 370
370 1 2 371 373 374
370 2 1 372 373 374
371 2 1 374 375 373
371 1 2 375 371 372
371 2 0 372 374
372 1 2 376 372 373
372 0 3 372 374 376
373 3 2 373 375 376 374 377
373 2 1 374 376 375
373 1 0 375
374 2 1 376 377 374
374 4 0 374 375 377 378
375 0 2 378 379
375 0 3 375 376 378
376 0 4 376 377 378 380
376 2 2 376 379 377 380
377 0 3 377 380 381
377 1 2 381 379 380
377 2 1 379 381 380
377 2 3 378 379 377 380 381
377 3 1 378 379 381 380
378 1 1 378 379
378 1 1 379 381
379 2 2 379 381 380 383
379 3 2 379 381 383 380 382
379 4 1 379 380 381 382 383
380 1 1 383 381
380 1 1 381 383
380 2 2 381 382 380 383
380 2 1 380 383 384
381 3 1 381 383 384 382
382 2 2 383 384 382 385
383 1 3 385 384 386 387
383 1 2 383 384 387
383 2 1 386 387 385
383 1 2 384 385 386
384 1 4 384 385 386 387 388
384 1 2 388 384 386
385 2 1 385 389 386
386 2 2 386 388 387 390
386 1 1 389 390
386 3 1 387 388 389 386
386 0 1 390
387 1 2 390 388 389
387 2 0 388 389
388 2 2 389 392 388 390
389 2 2 389 391 390 393
389 1 0 392
389 0 1 393
389 1 4 392 389 390 391 393
389 4 1 389 390 392 393 391
390 1 3 392 390 391 394
390 1 1 390 393
390 0 4 390 391 392 394
390 3 2 392 393 394 390 391
390 3 1 390 391 394 393
390 1 2 390 391 392
392 2 2 393 396 392 394
392 4 0 392 393 394 395
392 1 2 393 394 395
393 2 2 393 395 396 397
393 2 3 396 397 393 394 395
393 2 1 396 397 394
393 0 4 393 395 396 397
394 0 3 394 395 396
395 2 2 398 399 395 396
396 2 1 397 398 396
396 1 2 399 397 398
396 3 0 396 398 400
396 3 1 398 399 400 396
397 1 2 400 397 401
397 2 2 398 401 397 399
398 1 3 399 398 401 402
398 1 2 401 399 402
398 2 3 398 401 399 400 402
398 1 2 399 400 402
399 0 3 400 401 402
399 2 1 399 400 402
399 2 1 399 400 401
399 3 2 399 402 403 400 401
399 1 1 400 401
400 2 2 400 402 401 403
400 2 2 402 403 400 401
401 2 2 401 404 402 403
401 2 2 403 404 401 405
401 2 2 401 402 403 404
401 1 3 404 401 402 405
402 1 4 406 402 403 404 405
403 1 3 403 404 406 407
403 2 1 404 407 406
403 2 2 403 406 404 407
403 3 0 404 405 406
404 1 0 408
404 2 2 404 408 405 407
404 1 2 407 404 408
405 2 2 406 409 405 408
405 3 2 405 408 409 406 407
405 4 1 405 406 407 408 409
405 4 1 406 407 408 409 405
406 1 3 410 406 407 409
406 3 0 406 409 410
406 0 4 406 407 408 409
406 1 1 410 406
407 3 1 408 409 410 411
407 0 1 407
407 0 2 408 409
407 1 2 411 409 410
408 1 0 412
408 2 0 410 411
408 1 2 410 411 412
408 3 1 408 410 412 409
409 2 2 409 412 410 411
409 2 3 410 412 409 411 413
409 2 0 410 412
410 1 2 413 412 414
410 1 2 412 410 413
410 2 2 410 412 413 414
410 1 3 413 411 412 414
410 2 1 410 412 411
411 0 4 411 412 414 415
411 1 2 414 412 415
411 2 2 411 412 414 415
412 0 3 412 413 414
412 0 2 412 414
412 4 0 412 413 415 416
413 2 1 414 416 417
413 0 4 413 415 416 417
413 2 1 413 417 415
414 0 1 415
414 3 2 415 417 418 414 416
414 1 1 418 416
415 2 3 417 418 415 416 419
415 1 2 415 418 419
415 2 1 415 417 418
416 1 4 420 416 417 418 419
416 2 2 416 419 418 420
417 2 1 419 420 417
417 1 2 419 417 421
417 3 0 417 418 419
418 1 2 421 420 422
418 1 2 421 418 419
419 2 1 419 421 420
419 1 1 422 420
420 1 3 423 420 421 424
421 2 3 421 425 422 423 424
421 2 2 423 424 421 422
421 1 2 425 423 424
421 2 0 423 424
422 0 1 424
423 2 3 423 426 424 425 427
423 2 1 423 427 424
424 1 2 424 425 427
424 2 2 425 428 426 427
424 3 0 425 427 428
424 2 0 426 427
424 0 2 426 427
425 1 4 425 426 427 428 429
425 0 1 429
425 0 2 428 429
425 2 1 426 428 429
426 1 2 429 428 430
426 3 2 427 428 429 426 430
426 2 2 428 430 427 429
426 0 3 426 427 429
427 0 4 427 428 429 430
427 1 2 427 428 429
428 2 0 430 431
428 2 2 429 432 428 431
428 2 3 428 431 429 430 432
428 1 2 430 428 432
429 1 1 430 432
429 2 2 432 433 430 431
429 1 3 431 429 432 433
429 1 3 430 431 432 433
429 1 4 430 429 431 432 433
430 3 0 430 431 433
430 3 1 430 431 432 433
430 0 4 431 432 433 434
431 2 1 432 434 433
431 3 0 431 432 433
432 3 1 434 435 436 433
433 3 1 434 435 436 433
433 3 1 433 435 437 436
433 1 2 437 434 436
433 2 1 433 437 435
435 2 2 436 437 435 438
435 2 1 435 438 437
435 2 3 436 438 435 437 439
436 3 1 436 437 438 439
436 4 1 437 438 439 440 436
437 1 1 437 438
437 2 1 440 441 438
437 0 2 438 440
439 3 0 439 440 443
439 1 3 440 439 441 443
440 2 1 440 444 442
440 3 1 441 442 444 443
440 0 1 441
441 2 0 443 445
442 2 0 443 445
442 1 0 442
442 2 0 442 443
443 1 3 445 443 446 447
443 2 3 445 446 443 444 447
443 2 0 445 446
444 2 0 445 448
444 4 0 444 445 446 448
445 3 1 445 446 447 448
445 2 1 446 449 447
446 0 2 448 449
446 2 2 448 450 446 447
447 0 3 447 448 451
447 1 2 450 449 451
447 3 1 449 450 451 448
447 2 1 448 451 449
448 1 2 452 450 451
448 0 2 448 450
449 1 3 453 449 450 451
450 1 2 450 451 454
451 2 2 453 455 451 454
451 2 2 451 454 453 455
452 1 2 454 455 456
453 0 2 455 456
454 2 3 457 458 454 455 456
454 2 2 455 458 454 457
455 1 1 455 458
455 2 2 456 459 455 457
455 2 1 455 459 458
456 2 2 457 460 456 458
456 1 3 457 456 458 460
457 2 2 460 461 457 458
458 3 1 458 460 461 459
458 1 2 460 459 461
458 3 2 458 461 462 459 460
458 1 4 458 459 460 461 462
459 1 1 462 459
459 1 2 461 460 462
459 2 2 459 462 460 461
459 1 1 461 460
459 3 1 459 460 463 461
460 3 1 461 462 463 464
461 2 1 462 465 463
462 2 3 464 466 462 463 465
462 2 0 462 466
462 1 1 465 462
463 3 1 464 465 467 466
463 2 1 464 465 467
463 1 3 467 464 465 466
464 2 1 466 467 468
464 4 1 464 465 467 468 466
465 2 1 467 469 468
465 3 1 465 467 468 466
465 1 0 467
465 3 1 466 467 468 469
465 1 2 466 467 469
465 3 0 465 466 469
465 1 2 467 468 469
465 2 1 465 467 466
465 2 3 465 467 466 468 469
465 2 2 466 468 467 469
466 3 1 467 468 469 466
466 4 1 467 468 469 470 466
466 0 2 466 467
466 0 2 466 468
467 3 1 467 469 470 471
467 1 2 467 468 470
468 2 1 469 472 468
469 1 1 470 471
469 1 2 473 470 471
470 0 4 470 471 472 474
470 2 2 470 471 472 473
470 3 1 470 472 474 471
470 1 2 474 471 472
470 1 4 473 470 471 472 474
471 2 1 472 475 471
471 3 0 471 472 475
471 2 2 471 475 473 474
472 1 1 472 475
472 2 3 475 476 472 473 474
472 1 2 476 474 475
473 2 1 473 476 475
473 2 3 475 477 473 474 476
473 1 2 473 474 476
473 2 2 474 475 473 476
473 3 2 473 474 477 475 476
474 2 2 475 476 474 477
474 0 3 474 475 476
474 3 1 474 476 477 475
476 0 4 476 477 478 480
476 1 3 480 476 477 479
477 1 3 481 477 478 479
477 1 3 481 477 478 479
477 3 2 478 480 481 477 479
479 0 2 479 480
480 1 2 483 481 484
481 3 1 481 482 484 485
481 1 2 483 482 484
481 1 3 485 481 482 483
481 1 2 482 481 485
481 3 1 482 483 484 485
481 1 1 481 485
482 2 3 483 485 482 484 486
482 5 0 482 483 484 485 486
483 1 2 483 485 486
483 1 2 485 483 486
483 1 1 486 485
485 0 2 486 489
486 2 2 487 488 486 490
486 0 2 486 487
486 0 2 489 490
487 0 3 487 488 489
487 2 2 488 491 487 489
488 1 2 488 491 492
489 1 1 493 489
490 2 2 490 493 491 492
490 2 2 490 491 492 494
490 1 2 492 490 491
490 2 2 490 494 491 493
491 2 1 492 494 495
491 2 2 493 494 491 495
492 2 1 492 494 493
492 3 0 493 494 496
492 3 0 493 494 495
492 1 3 493 494 495 496
492 1 2 495 493 496
493 3 1 493 495 497 496
494 2 0 497 498
494 1 3 496 494 497 498
494 0 5 494 495 496 497 498
495 1 1 496 498
496 1 3 496 497 498 499
496 2 2 496 500 497 499
496 1 3 496 497 498 500
497 1 3 501 497 498 499
497 1 0 498
497 3 0 497 499 501
497 2 2 497 501 498 499
497 0 3 499 500 501
497 2 2 499 501 498 500
498 1 2 501 498 502
498 2 2 501 502 498 499
498 1 2 501 498 502
499 3 1 499 501 503 500
499 3 1 499 501 502 500
499 3 2 499 500 502 501 503
499 1 2 499 501 503
500 1 0 501
500 0 1 502
501 2 0 501 503
501 2 2 502 505 501 503
502 3 0 502 504 505
502 4 0 503 504 505 506
502 3 1 503 505 506 502
503 2 1 504 507 503
503 0 2 503 507
503 2 1 504 506 503
503 2 1 503 505 506
503 1 1 506 504
504 1 2 506 505 507
504 3 0 504 505 506
504 4 1 504 506 507 508 505
504 2 2 505 508 506 507
504 1 1 507 508
505 1 3 507 505 508 509
506 2 2 508 510 507 509
506 1 3 506 507 508 509
507 1 2 509 507 510
508 1 2 512 509 511
508 2 2 508 510 509 512
508 2 0 511 512
508 3 1 508 509 511 512
511 2 2 511 515 512 513
511 3 2 511 513 514 512 515
512 2 0 513 514
512 3 1 513 514 516 512
512 3 1 512 515 516 514
512 4 1 512 513 514 516 515
513 2 3 515 517 513 514 516
513 3 1 514 515 517 513
513 3 1 514 515 517 516
514 2 3 516 518 514 515 517
514 2 0 514 518
514 3 1 514 515 517 516
514 2 0 517 518
515 0 2 516 519
515 1 3 516 517 518 519
516 2 1 516 519 520
516 0 3 517 518 520
516 1 1 517 516
517 1 2 520 517 519
517 1 1 521 519
517 2 1 519 521 518
518 2 1 520 522 521
518 1 3 521 519 520 522
518 0 4 519 520 521 522
518 1 3 518 519 520 522
520 1 1 523 520
520 5 0 520 521 522 523 524
521 1 1 522 521
523 1 2 525 524 527
523 2 3 525 526 523 524 527
524 2 2 524 526 525 528
524 1 3 525 526 527 528
525 2 1 525 527 528
527 4 1 527 528 529 531 530
527 1 2 531 528 529
527 1 2 529 527 528
527 0 2 529 531
528 1 1 530 531
528 0 2 529 530
529 2 1 531 533 530
529 1 2 529 531 532
529 3 1 529 530 533 532
530 3 0 531 533 534
530 1 1 531 534
530 1 1 533 530
531 1 1 532 533
531 2 2 532 534 531 533
532 1 1 533 535
532 5 0 532 533 534 535 536
532 1 2 532 534 535
533 1 2 534 535 537
534 2 2 537 538 534 536
534 3 2 536 537 538 534 535
535 2 2 535 539 537 538
536 1 4 538 536 537 539 540
536 2 3 537 539 536 538 540
536 2 2 537 540 536 539
536 3 1 537 538 539 540
537 3 1 537 539 540 541
538 3 1 538 540 541 539
539 3 1 541 542 543 540
539 4 0 539 540 541 543
539 1 2 542 540 541
539 2 2 541 543 539 542
540 2 2 542 544 540 541
540 2 2 541 544 540 542
540 0 2 540 541
540 1 2 542 540 543
540 1 2 540 542 543
540 1 2 541 540 543
541 2 0 542 545
541 0 4 542 543 544 545
541 4 0 541 542 543 544
543 3 2 543 545 546 544 547
543 3 2 543 545 547 544 546
543 2 2 543 544 545 547
543 1 2 546 543 544
543 2 2 543 544 545 547
544 2 2 545 548 546 547
545 2 3 547 549 545 546 548
546 0 3 546 547 548
546 2 1 547 549 546
546 0 2 548 549
547 4 1 548 549 550 551 547
547 3 2 548 549 550 547 551
547 1 3 551 547 548 549
548 3 2 549 551 552 548 550
548 1 1 550 549
549 2 2 549 552 550 553
549 0 2 550 551
550 1 3 552 550 551 554
550 1 3 553 551 552 554
550 1 1 553 550
550 2 2 551 554 550 553
551 2 1 552 555 553
551 1 1 551 552
551 4 0 552 553 554 555
552 2 2 552 554 555 556
552 3 2 553 554 556 552 555
553 1 2 556 553 555
553 2 0 555 556
553 1 2 556 553 557
553 3 2 554 555 557 553 556
554 1 3 558 554 556 557
555 3 1 555 556 557 558
555 0 1 558
556 2 1 557 558 560
556 3 0 556 557 558
556 3 0 557 559 560
556 2 1 556 560 557
556 2 1 558 560 556
557 2 2 557 559 558 560
557 1 3 557 558 560 561
558 0 1 558
558 0 2 559 560
558 1 3 559 558 560 561
558 2 0 559 562
559 2 2 562 563 560 561
561 0 2 563 565
562 3 2 562 563 566 564 565
562 1 1 563 562
562 1 2 566 563 565
562 2 2 563 566 564 565
562 0 1 565
564 2 1 565 568 567
564 1 2 568 564 566
564 2 2 567 568 565 566
565 1 3 566 565 568 569
566 2 1 566 570 567
566 1 1 568 567
566 0 2 568 570
566 1 3 570 567 568 569
566 1 2 569 566 567
567 2 1 567 570 571
567 2 2 570 571 567 568
567 4 1 567 568 570 571 569
568 1 4 571 568 569 570 572
569 1 0 572
569 5 0 569 570 571 572 573
569 2 1 569 572 570
570 2 2 570 572 571 573
570 3 1 570 572 574 571
570 1 2 573 571 572
570 0 2 573 574
570 1 1 574 570
570 2 1 570 573 572
571 3 2 571 574 575 572 573
572 3 2 574 575 576 572 573
573 2 1 573 577 575
575 1 3 579 575 576 578
575 2 1 578 579 575
576 0 2 577 579
577 1 1 577 579
577 2 2 577 580 578 579
577 1 4 581 577 578 579 580
578 1 3 579 578 581 582
578 1 1 578 579
578 2 0 579 580
578 4 0 578 579 581 582
579 0 3 580 582 583
579 3 1 580 581 582 579
579 3 2 581 582 583 579 580
580 2 2 581 584 582 583
580 0 3 580 581 582
580 1 2 583 580 581
581 1 2 583 584 585
581 2 0 582 585
582 1 1 583 586
583 1 1 583 587
583 1 3 584 585 586 587
583 3 1 583 584 586 587
583 1 1 584 585
584 2 3 584 587 585 586 588
584 1 2 588 584 587
584 2 0 584 587
585 2 2 587 588 585 589
585 1 2 586 587 589
585 1 2 589 586 588
585 1 0 588
586 3 0 586 587 589
587 0 4 588 589 590 591
587 1 4 587 588 589 590 591
587 3 1 587 589 591 588
587 1 2 588 589 590
587 0 4 587 588 589 590
588 1 2 591 588 589
588 3 0 589 590 591
589 0 4 590 591 592 593
589 0 2 589 592
589 2 1 589 590 592
589 0 3 590 591 592
590 0 3 590 593 594
591 2 2 592 594 591 595
591 2 2 592 593 591 594
591 1 2 595 593 594
593 0 3 593 595 596
593 2 2 595 596 593 594
593 2 0 593 597
593 2 2 596 597 593 595
593 1 1 597 595
594 0 1 594
595 2 2 595 599 596 597
595 0 3 595 596 597
596 2 3 597 600 596 598 599
596 1 1 598 596
596 5 0 596 597 598 599 600
596 2 3 596 598 597 599 600
596 2 1 598 600 599
597 2 1 598 600 597
597 3 2 599 600 601 597 598
597 2 1 598 601 597
597 4 1 597 598 599 600 601
597 1 3 601 597 598 600
598 1 3 598 599 600 601
598 4 1 599 600 601 602 598
598 2 2 599 602 598 601
600 5 0 600 601 602 603 604
601 1 4 602 601 603 604 605
601 1 2 602 603 605
602 1 1 603 602
602 3 1 602 604 605 603
602 1 2 604 602 605
602 1 2 602 603 606
603 2 1 603 605 604
603 0 4 604 605 606 607
603 1 2 606 604 607
604 1 1 606 605
604 3 0 604 605 607
604 2 3 606 608 604 605 607
604 2 2 604 607 606 608
605 2 1 606 608 607
605 3 0 606 607 609
606 0 5 606 607 608 609 610
606 0 2 606 609
606 1 2 609 608 610
606 3 0 607 608 610
606 1 1 606 607
607 0 4 607 608 610 611
607 2 1 609 610 607
609 1 1 613 611
609 1 1 611 612
609 3 1 611 612 613 610
609 3 2 610 612 613 609 611
609 1 2 613 609 612
609 2 2 610 613 609 611
610 2 1 612 613 610
610 2 3 611 613 610 612 614
610 1 2 614 610 612
610 1 2 614 610 613
611 2 0 613 615
611 3 2 612 613 614 611 615
611 3 1 613 614 615 612
611 1 2 613 612 614
612 3 2 612 613 616 614 615
614 3 1 614 615 616 618
614 1 4 614 615 616 617 618
614 3 0 615 617 618
614 5 0 614 615 616 617 618
614 1 1 615 614
615 2 1 616 617 618
616 2 3 618 620 616 617 619
616 0 2 616 620
616 2 2 619 620 616 618
616 1 2 619 617 618
616 0 5 616 617 618 619 620
616 2 3 616 620 617 618 619
617 1 1 618 617
617 3 1 617 618 620 621
618 1 3 621 618 619 620
618 2 2 619 621 620 622
619 3 1 621 622 623 619
619 0 4 619 620 622 623
619 2 1 619 620 621
619 2 3 620 621 619 622 623
620 3 1 621 622 624 620
620 2 1 620 622 623
620 2 1 621 623 624
621 4 1 621 623 624 625 622
621 1 3 625 621 622 623
623 2 1 623 627 624
623 2 3 623 624 625 626 627
624 3 2 626 627 628 624 625
625 1 1 628 625
625 2 1 625 628 626
625 2 1 625 627 626
625 1 2 626 627 628
625 2 2 625 629 627 628
625 3 1 625 626 628 629
626 2 1 626 630 628
626 0 1 630
626 1 0 629
626 1 2 627 628 629
627 2 0 627 631
627 0 2 629 631
629 2 0 630 631
629 1 2 633 629 630
630 1 1 632 630
631 3 2 631 633 635 632 634
631 1 0 635
631 1 1 631 634
631 1 2 634 631 635
631 2 1 633 635 632
632 4 1 632 634 635 636 633
632 2 3 632 636 633 634 635
632 1 3 632 633 634 636
632 2 3 633 636 632 634 635
633 5 0 633 634 635 636 637
634 1 0 635
634 3 2 635 636 638 634 637
634 2 2 636 638 634 637
634 2 2 634 636 635 638
635 4 1 636 637 638 639 635
635 1 4 637 635 636 638 639
636 3 2 637 639 640 636 638
636 1 2 638 636 640
636 1 3 638 636 637 639
637 1 1 638 639
638 1 4 638 639 640 641 642
638 2 0 641 642
639 0 3 639 640 641
639 1 3 643 639 640 642
639 1 1 641 639
639 0 3 640 642 643
640 2 1 642 644 643
640 2 2 641 644 640 643
641 0 1 644
641 0 2 643 645
642 2 2 645 646 643 644
642 4 0 642 643 644 645
642 1 2 645 643 644
642 0 4 642 644 645 646
643 0 2 644 645
643 0 3 644 646 647
643 1 1 643 644
643 2 2 643 645 644 646
644 2 1 646 647 645
644 1 3 647 644 646 648
644 2 1 644 647 648
645 1 2 647 648 649
646 1 1 648 649
647 4 1 647 648 649 650 651
647 3 1 647 649 651 650
647 2 1 649 651 650
648 1 2 650 648 651
648 2 2 651 652 648 649
648 1 0 648
648 3 0 648 651 652
648 3 2 650 651 652 648 649
648 1 2 650 648 652
648 0 1 652
649 1 4 651 649 650 652 653
649 1 2 649 652 653
649 0 3 650 651 652
650 2 0 651 654
650 1 4 650 651 652 653 654
650 2 1 650 651 652
651 1 0 655
651 2 2 653 654 651 652
651 0 3 653 654 655
651 4 0 651 652 653 655
652 1 1 655 652
652 0 2 652 656
652 1 1 656 654
654 1 3 655 654 656 658
654 2 2 654 658 656 657
655 1 3 659 655 657 658
656 2 3 657 658 656 659 660
656 1 0 658
656 0 2 659 660
656 2 2 657 660 658 659
656 4 1 656 658 659 660 657
656 3 1 656 658 660 657
656 1 3 656 657 658 659
658 3 2 658 660 662 659 661
659 2 1 661 663 660
659 1 3 663 659 661 662
659 2 1 659 662 661
659 1 2 662 661 663
660 1 2 662 661 663
661 2 2 661 665 662 664
662 3 0 663 665 666
662 3 0 662 664 666
662 2 1 664 666 662
662 2 1 662 663 666
662 1 1 666 662
664 3 1 664 665 666 668
664 1 2 668 664 667
664 3 2 664 666 668 665 667
665 0 2 665 667
665 1 2 669 666 668
665 3 0 665 666 668
666 2 2 667 670 666 669
666 1 3 667 666 669 670
666 3 1 666 668 669 667
666 1 2 670 666 668
666 2 3 669 670 666 667 668
667 1 3 671 667 669 670
667 1 2 668 667 669
667 2 2 668 670 667 671
667 2 2 667 669 668 670
667 2 0 667 668
668 1 2 669 671 672
668 0 3 670 671 672
668 1 2 672 668 669
668 2 1 670 672 669
668 3 1 668 669 671 670
669 4 1 670 671 672 673 669
670 2 2 670 671 672 674
671 1 2 672 671 673
671 3 0 671 673 674
671 3 1 671 672 675 673
672 1 1 674 672
673 4 1 673 674 675 676 677
673 0 3 673 674 677
674 2 1 674 675 678
674 2 1 675 676 678
675 2 2 678 679 676 677
676 1 1 679 676
677 2 1 679 681 678
677 0 2 678 680
677 4 0 677 678 679 680
677 1 2 679 677 680
678 1 1 680 681
679 3 1 679 681 682 680
679 1 0 681
679 1 2 682 679 681
680 1 2 680 681 683
681 0 1 684
681 2 3 684 685 681 682 683
681 0 4 681 682 683 684
682 1 3 685 682 683 684
682 1 3 685 682 683 684
682 2 2 682 685 683 684
683 3 1 684 685 686 683
683 3 0 683 685 687
683 3 1 684 686 687 683
683 1 1 686 685
684 3 2 684 685 687 686 688
684 1 1 685 684
685 3 2 685 686 687 688 689
685 3 1 687 688 689 686
685 0 4 685 686 687 688
686 1 2 687 689 690
686 2 2 689 690 686 688
686 1 4 686 687 688 689 690
687 1 3 691 687 689 690
688 0 3 689 691 692
688 3 1 688 689 690 692
688 1 2 688 690 692
688 0 2 689 690
689 0 3 691 692 693
690 3 0 690 692 694
690 3 2 690 691 693 692 694
690 2 2 690 693 691 694
690 4 0 690 691 692 694
691 2 1 693 694 695
691 2 1 691 695 694
692 2 0 692 694
692 3 1 692 693 694 696
692 1 2 693 695 696
693 0 3 693 696 697
693 1 2 694 693 695
693 0 4 693 695 696 697
694 2 1 694 697 698
695 4 1 695 697 698 699 696
695 0 2 698 699
695 2 1 696 697 695
696 0 2 697 699
696 2 2 699 700 696 697
696 2 0 696 697
697 1 2 698 697 699
697 1 3 700 697 698 701
697 1 3 697 699 700 701
697 1 2 698 699 700
698 2 2 698 699 700 702
698 0 5 698 699 700 701 702
699 2 2 699 703 700 702
700 1 1 704 703
700 2 1 700 704 701
701 2 2 704 705 702 703
701 1 4 702 701 703 704 705
701 2 1 701 702 704
701 3 1 701 703 704 705
701 2 2 701 704 703 705
701 3 1 702 703 704 705
702 2 1 705 706 702
702 2 2 702 703 704 706
702 1 2 703 704 706
703 1 4 704 703 705 706 707
703 3 1 703 704 707 705
703 1 2 706 704 707
703 1 3 706 703 705 707
703 1 2 706 703 705
704 2 1 705 708 707
704 2 2 705 707 704 706
704 3 0 705 706 707
705 1 4 707 705 706 708 709
706 2 1 706 710 709
706 3 1 706 707 708 710
706 3 2 706 709 710 707 708
707 1 1 710 709
708 2 2 709 712 708 711
708 1 0 709
708 1 1 709 711
709 1 3 711 709 712 713
709 3 1 710 711 713 712
709 2 2 709 711 710 713
709 0 2 710 711
710 2 2 710 713 711 712
710 3 0 710 713 714
710 2 1 712 713 714
711 0 4 711 713 714 715
711 5 0 711 712 713 714 715
711 1 3 712 711 713 714
712 0 1 712
712 1 3 713 712 715 716
712 2 3 712 714 713 715 716
713 2 2 714 717 713 716
713 2 3 713 716 714 715 717
713 0 2 713 717
713 4 0 713 714 715 717
714 3 2 714 715 717 716 718
715 3 2 715 717 719 716 718
715 1 3 716 717 718 719
715 3 0 717 718 719
715 0 2 716 719
716 0 3 716 718 720
717 1 2 718 720 721
717 1 1 719 718
719 2 1 719 721 723
719 2 1 721 722 720
720 2 1 721 722 720
720 2 0 721 724
720 0 4 720 721 722 724
720 1 1 722 724
721 1 2 725 721 722
721 1 3 723 721 722 725
721 1 2 725 722 724
721 1 1 722 723
722 1 2 726 723 725
722 4 1 722 723 724 725 726
722 2 1 724 726 723
722 4 1 722 723 724 726 725
722 0 1 723
722 2 2 722 724 723 726
723 1 1 723 724
723 2 2 725 727 723 726
723 1 2 726 724 727
723 3 0 723 726 727
724 4 1 724 725 727 728 726
724 1 2 728 724 725
724 3 0 724 725 727
724 1 1 727 728
725 1 2 727 726 729
725 1 2 727 726 729
725 2 2 726 728 725 729
725 2 1 726 727 728
725 3 1 727 728 729 725
725 2 1 726 729 728
725 0 4 725 726 727 729
726 0 2 726 729
726 0 2 726 730
726 0 5 726 727 728 729 730
726 3 2 727 728 730 726 729
728 0 4 728 729 730 731
728 0 2 730 731
728 2 0 728 731
729 0 2 729 731
729 3 2 729 730 733 731 732
730 1 2 732 733 734
730 1 1 733 734
730 2 2 731 734 732 733
730 1 3 732 730 731 733
731 1 0 732
731 1 2 733 731 735
732 1 4 733 732 734 735 736
732 2 1 732 733 734
732 1 1 732 736
732 2 1 732 733 735
732 2 0 733 734
734 1 1 737 735
734 0 3 734 735 738
734 1 1 738 734
735 2 1 736 737 735
735 1 3 739 735 737 738
736 2 1 736 739 740
737 1 3 739 737 738 740
737 1 1 737 739
737 1 2 737 738 741
737 2 2 737 740 738 741
738 1 3 740 738 739 742
739 1 1 741 740
739 2 1 741 743 740
739 3 1 740 741 743 739
739 2 1 739 742 741
739 3 1 739 740 742 741
740 1 2 744 742 743
740 2 2 743 744 741 742
741 2 2 742 745 741 743
741 2 2 742 745 743 744
741 2 2 743 744 741 742
742 2 1 742 744 743
742 2 3 742 746 743 744 745
742 0 1 745
743 2 0 744 747
743 2 1 743 747 745
744 1 1 745 748
744 0 1 744
744 1 0 745
745 1 2 749 746 747
745 0 3 745 747 748
745 1 2 747 745 749
747 2 3 747 750 748 749 751
747 4 1 747 748 750 751 749
747 1 4 751 747 748 749 750
748 3 0 748 749 752
748 2 2 748 749 750 751
748 0 3 748 750 751
748 3 1 748 751 752 750
749 1 1 751 750
749 2 1 751 752 750
749 2 3 751 753 749 750 752
750 1 3 753 750 752 754
750 2 3 753 754 750 751 752
751 2 0 753 754
751 3 1 751 753 755 752
751 1 2 751 752 754
751 2 2 752 753 751 754
751 1 2 752 751 755
752 2 2 754 755 752 753
752 0 3 752 755 756
752 0 1 752
752 1 2 752 754 756
753 2 2 753 755 754 756
753 0 1 755
753 3 1 754 755 756 757
754 3 1 754 756 758 755
754 0 4 755 756 757 758
756 0 4 756 758 759 760
757 3 1 757 759 760 761
758 2 2 760 762 758 759
758 1 2 758 760 762
758 3 2 758 759 760 761 762
758 2 1 761 762 759
759 3 0 761 762 763
759 2 2 761 763 759 760
759 2 2 760 763 759 761
759 3 2 761 762 763 759 760
760 3 2 761 763 764 760 762
760 1 1 763 762
760 1 2 764 760 763
760 2 2 760 763 761 764
761 1 1 764 765
762 4 0 762 763 765 766
762 4 0 762 763 765 766
762 2 1 763 766 765
763 3 1 764 765 767 766
763 0 2 763 766
764 1 3 765 764 766 767
764 0 3 764 765 767
764 3 0 765 766 768
764 2 2 766 767 764 768
764 2 0 765 768
764 3 0 764 766 768
765 2 2 765 766 767 769
766 4 0 766 767 768 770
766 3 1 767 768 770 769
766 2 2 766 768 769 770
766 1 3 767 766 769 770
766 2 1 768 769 770
767 0 3 767 768 771
767 3 2 768 769 771 767 770
767 3 1 767 769 770 771
767 1 2 769 767 768
767 2 3 768 771 767 769 770
767 0 1 768
768 2 1 770 772 769
768 3 2 768 771 772 769 770
768 2 1 769 770 772
768 3 1 769 770 772 768
769 2 3 769 773 770 771 772
769 2 0 770 773
770 0 4 771 772 773 774
770 2 3 770 772 771 773 774
770 3 0 770 771 774
770 2 3 771 774 770 772 773
770 2 2 772 774 771 773
770 3 2 770 773 774 771 772
770 2 2 771 772 773 774
771 1 1 775 772
771 3 1 772 773 774 771
771 2 3 774 775 771 772 773
771 2 1 772 774 773
772 1 1 774 775
773 3 1 773 775 776 774
773 0 3 773 775 776
774 3 1 775 776 778 774
774 1 1 774 775
774 3 1 774 775 777 778
774 2 1 776 778 774
774 0 4 774 776 777 778
774 1 2 777 775 776
774 2 1 776 777 778
775 1 3 777 775 776 779
775 3 1 775 777 779 776
775 1 4 776 775 777 778 779
775 2 1 775 776 779
776 2 3 776 778 777 779 780
777 3 0 778 779 780
777 2 1 779 781 780
778 2 2 778 781 780 782
778 2 3 778 779 780 781 782
779 2 2 782 783 779 780
780 2 2 780 782 781 783
780 2 3 781 784 780 782 783
781 1 3 781 782 783 784
781 3 2 782 783 784 781 785
781 1 4 782 781 783 784 785
781 3 0 781 783 785
782 0 1 786
782 1 2 785 783 786
782 1 2 782 785 786
782 3 1 782 783 785 784
782 1 1 782 783
782 2 0 783 785
782 5 0 782 783 784 785 786
783 0 3 783 786 787
783 1 3 786 783 785 787
784 3 0 785 786 788
784 2 0 785 786
785 2 1 785 788 786
785 2 3 785 787 786 788 789
785 1 3 786 785 787 788
785 1 0 788
785 4 1 785 787 788 789 786
786 3 1 787 788 790 786
787 3 1 787 788 790 791
787 1 2 790 787 788
787 0 2 787 788
787 1 2 791 789 790
788 2 2 789 792 788 790
788 1 2 791 789 792
788 0 3 789 790 791
789 3 2 789 791 792 790 793
789 1 2 791 790 793
790 1 2 790 792 794
790 2 3 791 794 790 792 793
790 1 1 790 791
790 2 2 790 793 792 794
791 1 2 791 792 794
791 2 2 792 795 791 793
791 1 2 793 794 795
792 1 1 793 795
792 3 2 792 794 795 793 796
793 3 1 793 794 795 797
794 4 1 794 795 796 797 798
794 1 1 794 797
794 2 1 794 798 797
795 2 3 796 799 795 797 798
795 1 1 795 797
795 2 3 796 797 795 798 799
796 1 2 800 797 798
796 3 0 796 797 799
796 1 1 800 797
797 1 3 801 798 799 800
797 1 2 799 797 800
798 1 2 801 800 802
799 2 2 800 803 801 802
800 2 1 803 804 800
800 2 3 801 804 800 802 803
801 2 1 802 804 801
802 1 1 805 803
802 1 2 805 803 806
802 0 2 802 806
804 2 3 805 807 804 806 808
805 2 2 808 809 805 807
805 1 1 807 808
806 1 1 809 806
806 1 2 807 808 810
806 4 1 806 807 809 810 808
807 2 1 807 809 808
807 2 3 808 810 807 809 811
807 2 3 808 810 807 809 811
807 1 3 809 807 808 810
807 0 1 807
809 3 2 810 811 812 809 813
810 5 0 810 811 812 813 814
810 1 1 810 813
810 2 1 810 812 811
810 1 2 813 812 814
811 4 0 811 813 814 815
811 3 0 813 814 815
811 2 2 812 814 813 815
811 1 3 815 812 813 814
811 0 1 812
812 0 3 812 814 816
812 2 1 813 814 815
812 0 3 812 813 814
812 2 1 815 816 812
812 2 1 815 816 814
813 4 0 813 814 815 817
813 1 3 815 814 816 817
813 1 2 816 813 814
813 1 4 816 813 814 815 817
814 0 3 814 816 817
814 1 1 815 817
814 2 1 814 817 818
815 3 1 815 816 817 818
815 2 1 816 819 817
815 1 2 818 815 816
815 1 2 815 816 819
815 0 4 815 817 818 819
815 2 2 816 817 815 819
816 2 1 818 819 820
816 2 1 817 820 819
816 0 2 817 820
817 1 3 821 818 819 820
817 3 1 818 819 821 820
817 3 1 819 820 821 818
818 2 3 819 820 818 821 822
818 1 0 822
819 1 1 819 821
819 2 3 822 823 819 820 821
820 2 1 822 823 824
821 4 1 821 822 823 824 825
821 2 1 821 822 825
821 3 2 821 823 824 822 825
821 4 0 822 823 824 825
822 1 1 822 825
823 1 1 826 824
823 0 1 824
823 2 1 824 826 823
823 1 3 826 824 825 827
824 3 1 824 825 827 826
824 0 3 826 827 828
824 1 3 826 824 825 827
824 3 1 825 827 828 826
824 2 2 824 828 826 827
825 2 2 825 826 827 829
825 2 1 828 829 825
825 2 1 826 828 825
825 1 2 829 826 827
825 2 2 826 829 825 827
825 1 1 829 825
826 4 1 826 827 829 830 828
826 0 4 826 827 829 830
828 2 3 829 832 828 830 831
829 3 1 830 832 833 829
829 3 2 829 831 833 830 832
829 2 3 831 833 829 830 832
830 2 1 831 834 833
830 2 2 831 833 832 834
831 1 3 835 832 833 834
831 1 1 832 835
831 2 0 832 834
831 2 2 831 833 834 835
832 1 4 835 832 833 834 836
832 2 2 835 836 832 834
832 2 1 832 833 834
832 2 2 832 834 833 836
832 1 3 836 832 834 835
832 1 2 836 832 835
832 3 2 833 834 835 832 836
832 1 1 836 832
832 2 1 833 836 834
833 0 3 833 836 837
834 1 3 835 834 836 838
834 3 2 835 836 838 834 837
835 2 1 837 839 835
835 2 2 836 837 838 839
835 2 2 836 838 835 837
836 1 1 840 837
836 2 1 837 838 836
837 1 3 838 837 839 841
837 0 3 838 839 841
837 1 2 841 837 839
837 1 2 837 838 841
837 2 2 839 840 838 841
837 1 4 837 838 839 840 841
838 1 0 841
839 2 2 840 842 839 841
839 3 0 839 841 843
840 4 1 840 841 843 844 842
840 0 4 840 841 842 844
840 2 0 840 841
840 0 3 840 841 843
840 1 1 844 843
840 3 2 840 842 843 841 844
840 2 1 840 843 841
840 0 4 841 842 843 844
841 0 2 842 843
841 1 3 845 841 842 844
841 2 2 841 844 842 845
841 2 3 843 844 841 842 845
842 3 0 842 843 844
843 0 4 843 844 846 847
843 2 2 844 845 843 846
843 0 2 845 847
843 2 1 844 845 847
843 1 2 845 843 844
843 3 0 844 845 846
844 1 2 848 845 846
844 2 2 844 847 845 846
844 1 3 847 844 845 848
846 0 2 846 849
846 1 4 847 846 848 849 850
846 0 5 846 847 848 849 850
847 2 0 849 850
847 3 1 848 849 850 847
847 2 1 849 850 847
847 0 2 850 851
847 3 1 847 848 849 850
848 2 2 850 851 848 852
848 3 1 849 850 851 852
850 0 1 853
850 1 3 851 850 852 854
851 1 3 852 851 853 855
851 3 1 851 853 854 855
851 0 3 853 854 855
851 2 2 852 855 853 854
851 4 1 851 853 854 855 852
852 3 0 852 854 856
853 1 1 855 856
854 1 2 858 855 856
854 2 0 857 858
855 2 2 856 858 855 857
856 2 3 856 859 857 858 860
856 1 2 857 856 860
856 3 1 856 859 860 858
857 2 0 857 861
858 2 0 860 862
859 2 2 860 861 859 863
860 3 0 860 862 864
860 2 1 861 864 862
860 2 1 860 862 863
861 1 3 863 861 864 865
861 5 0 861 862 863 864 865
861 0 2 861 865
861 2 1 861 862 864
861 1 2 863 864 865
862 1 2 863 864 866
862 1 2 866 862 865
862 2 1 864 866 862
862 2 1 863 866 865
863 0 2 865 866
864 1 3 868 864 865 866
865 2 1 865 867 868
865 2 1 865 866 867
865 3 1 866 868 869 865
866 2 2 866 867 869 870
866 2 2 866 867 868 870
866 4 0 866 867 868 870
866 2 1 866 867 869
867 1 3 867 868 870 871
868 2 1 868 871 869
868 3 1 868 869 871 872
868 2 1 869 872 868
868 1 3 872 868 869 871
868 2 2 869 871 870 872
869 2 2 870 871 869 872
869 0 4 870 871 872 873
869 3 0 869 871 872
869 0 1 871
869 2 3 872 873 869 870 871
869 1 3 871 870 872 873
869 1 1 872 873
869 2 2 870 871 872 873
870 1 2 873 872 874
871 3 1 872 873 875 871
871 1 1 871 874
871 3 0 873 874 875
872 2 2 873 874 875 876
872 1 2 876 872 874
875 3 1 877 878 879 875
875 0 3 875 876 877
876 0 3 876 878 879
876 2 2 876 880 877 878
876 1 3 879 877 878 880
878 1 2 880 878 879
878 0 3 878 879 882
878 1 3 882 879 880 881
879 3 0 879 880 881
879 0 1 882
879 3 1 879 880 883 882
880 3 2 880 881 882 883 884
880 2 0 880 881
882 3 0 884 885 886
882 2 2 885 886 882 883
882 2 2 883 884 882 885
882 2 2 882 884 883 886
882 1 1 883 884
882 2 0 883 885
883 1 2 887 885 886
883 3 1 883 884 887 885
883 1 2 887 884 885
883 2 2 884 887 883 885
883 0 3 884 885 887
883 3 1 883 886 887 885
884 2 1 884 887 885
884 2 0 884 885
884 2 1 884 886 885
884 4 1 884 886 887 888 885
884 3 0 885 887 888
884 3 0 884 886 888
885 3 2 885 886 889 887 888
885 1 2 885 887 888
885 0 4 885 886 887 889
886 2 2 887 889 886 890
887 1 0 891
887 2 1 890 891 888
888 1 2 892 888 890
888 1 2 888 889 891
888 0 4 889 890 891 892
888 4 1 888 889 891 892 890
888 3 1 889 891 892 888
889 2 2 890 892 889 891
889 1 2 893 891 892
889 0 4 890 891 892 893
890 1 2 893 890 894
890 2 2 890 891 892 894
890 1 2 891 892 894
890 3 1 891 892 893 890
890 1 1 893 892
890 2 2 892 893 890 894
891 1 1 895 893
891 1 3 892 893 894 895
892 1 2 896 893 895
892 1 2 893 894 896
892 0 2 892 894
893 2 0 893 897
893 1 2 896 893 895
893 3 2 894 895 896 893 897
893 1 3 895 893 896 897
893 3 1 894 896 897 893
894 1 3 897 894 895 898
894 0 1 896
894 2 3 894 895 896 897 898
894 2 1 895 898 894
894 1 2 895 894 896
894 1 2 896 895 898
895 2 1 895 897 896
895 0 2 898 899
895 1 1 899 895
896 2 3 898 900 896 897 899
896 1 3 900 897 898 899
897 0 2 898 901
897 2 3 897 899 898 900 901
897 1 1 898 899
897 2 1 898 901 899
898 1 2 901 898 899
899 3 1 899 900 901 903
899 1 2 902 899 900
899 1 2 901 899 900
900 1 2 903 900 902
900 2 0 900 901
901 1 2 901 902 903
901 3 0 902 904 905
902 1 2 906 902 904
902 3 2 903 904 906 902 905
902 1 4 902 903 904 905 906
903 0 3 903 906 907
903 2 0 905 906
903 4 1 903 904 905 906 907
903 0 2 903 905
904 2 2 906 908 904 905
904 2 2 905 907 904 908
904 1 3 906 904 905 907
904 2 0 905 907
904 2 3 904 906 905 907 908
904 0 2 904 906
904 1 3 904 906 907 908
904 2 1 905 908 906
905 3 2 905 906 909 907 908
905 1 2 907 905 906
906 2 2 906 908 909 910
906 3 2 907 908 910 906 909
906 1 1 910 907
906 2 1 906 908 910
907 3 1 907 908 909 911
908 1 2 908 911 912
908 0 3 908 910 912
908 1 2 911 909 910
908 1 2 909 910 911
909 2 1 910 913 911
909 3 2 909 911 912 910 913
910 2 2 911 912 910 914
910 2 2 911 914 912 913
910 3 1 910 911 913 914
911 1 0 914
911 2 1 914 915 911
911 2 2 911 914 912 915
912 2 1 912 916 913
912 0 4 912 913 915 916
913 1 2 913 914 915
914 1 1 917 914
914 1 1 916 915
915 1 2 918 915 917
915 3 1 915 916 919 917
916 3 0 916 918 920
917 1 2 920 917 919
917 0 5 917 918 919 920 921
917 1 3 921 917 918 919
918 3 1 918 919 920 922
919 3 1 919 921 923 922
919 3 1 919 922 923 920
920 1 2 922 921 923
920 2 1 921 922 923
920 3 1 920 921 922 923
920 0 3 920 922 923
920 2 1 922 924 921
920 2 2 920 923 921 924
921 3 1 921 922 923 924
921 3 2 921 923 925 922 924
921 3 1 923 924 925 922
921 1 3 923 921 922 925
921 4 1 921 922 924 925 923
921 2 1 922 924 923
921 3 2 922 923 925 921 924
921 0 2 922 923
922 3 0 923 925 926
922 4 0 922 924 925 926
922 2 3 922 924 923 925 926
923 0 2 924 926
924 2 2 926 927 924 928
924 3 1 924 926 927 928
924 3 0 924 926 928
925 1 2 926 925 929
925 0 2 928 929
926 2 1 926 928 927
926 4 1 926 927 928 929 930
926 1 3 928 926 927 930
926 3 2 926 929 930 927 928
926 0 4 926 927 929 930
926 2 2 926 929 928 930
927 2 1 928 931 927
927 0 1 929
927 2 3 927 930 928 929 931
928 2 1 928 929 1
928 2 3 931 1 928 929 930
928 2 2 928 930 929 1
929 2 1 930 1 929
929 3 1 930 1 2 931
929 1 2 2 930 1
930 3 1 930 931 1 2
930 3 2 930 931 3 1 2
931 1 1 4 1
931 2 1 931 1 4
