100 1000
1 0 1 2
1 0 1 3
1 1 0 5
1 1 0 1
1 0 1 4
1 0 1 2
1 0 1 4
1 1 0 3
1 0 1 4
1 1 0 2
2 1 0 3
2 0 1 2
2 0 1 6
2 0 1 4
2 0 1 6
2 1 0 5
3 1 0 5
3 1 0 7
3 1 0 7
3 0 1 4
3 0 1 5
3 1 0 7
3 0 1 7
3 0 1 7
3 1 0 4
3 1 0 5
3 1 0 5
3 1 0 5
4 0 1 6
4 1 0 7
4 0 1 6
4 0 1 6
4 1 0 8
4 1 0 8
4 0 1 4
5 1 0 5
5 1 0 6
5 1 0 6
5 1 0 5
5 1 0 5
5 0 1 6
5 1 0 7
5 1 0 9
5 1 0 7
6 0 1 6
6 0 1 8
6 0 1 10
6 0 1 6
6 1 0 6
6 1 0 6
6 1 0 9
6 0 1 7
6 1 0 10
6 1 0 8
6 0 1 7
6 1 0 10
6 0 1 8
7 1 0 10
7 1 0 10
7 0 1 9
7 1 0 9
7 0 1 10
7 1 0 9
7 1 0 10
7 1 0 9
7 0 1 7
7 1 0 10
8 1 0 12
8 0 1 11
8 1 0 8
8 1 0 12
8 0 1 9
8 1 0 11
8 0 1 8
8 1 0 9
8 0 1 9
9 0 1 13
9 0 1 13
9 0 1 11
9 0 1 10
9 1 0 9
9 1 0 9
9 1 0 10
9 1 0 9
10 1 0 12
10 0 1 11
10 0 1 12
10 1 0 10
10 0 1 10
10 1 0 10
10 1 0 11
10 0 1 13
10 0 1 10
10 1 0 14
11 0 1 15
11 0 1 11
11 0 1 11
11 0 1 11
11 0 1 12
11 1 0 14
11 1 0 15
11 0 1 14
12 1 0 14
12 1 0 13
12 0 1 14
12 1 0 12
12 0 1 12
12 1 0 14
12 0 1 12
12 0 1 12
12 0 1 13
12 0 1 13
12 0 1 16
12 0 1 12
12 1 0 13
12 0 1 12
13 0 1 15
13 1 0 17
13 0 1 14
13 0 1 17
13 1 0 13
13 0 1 17
13 1 0 16
13 1 0 14
13 1 0 13
13 1 0 15
13 1 0 17
14 1 0 18
14 1 0 14
14 0 1 14
14 1 0 15
14 0 1 16
14 0 1 17
14 1 0 16
14 1 0 16
14 1 0 15
14 1 0 15
15 0 1 16
15 0 1 19
15 1 0 18
15 1 0 15
15 1 0 17
15 0 1 19
15 0 1 17
15 0 1 19
15 0 1 17
15 0 1 19
15 0 1 19
15 0 1 17
15 1 0 15
16 1 0 19
16 0 1 18
16 1 0 16
16 0 1 20
16 1 0 20
16 0 1 19
16 0 1 16
16 1 0 20
16 0 1 20
16 1 0 17
16 1 0 19
16 1 0 18
17 0 1 19
17 0 1 21
17 0 1 20
17 0 1 20
17 1 0 21
17 0 1 21
18 0 1 18
18 1 0 20
18 0 1 20
18 0 1 20
18 1 0 18
18 0 1 19
18 1 0 19
18 0 1 20
18 1 0 21
18 0 1 20
19 0 1 22
19 1 0 20
19 1 0 22
19 1 0 20
19 1 0 20
19 0 1 22
19 0 1 19
19 1 0 21
19 1 0 19
19 0 1 23
19 1 0 23
19 0 1 21
19 1 0 19
20 0 1 24
20 1 0 20
20 1 0 22
20 1 0 20
20 1 0 24
20 0 1 21
20 1 0 23
20 0 1 23
20 1 0 22
20 1 0 21
21 0 1 22
21 0 1 23
21 0 1 25
21 0 1 21
21 0 1 21
21 0 1 23
21 0 1 23
21 1 0 24
21 0 1 25
22 0 1 23
22 0 1 26
22 1 0 26
22 1 0 24
22 1 0 22
22 1 0 23
22 1 0 22
22 0 1 25
23 1 0 27
23 0 1 25
23 1 0 24
23 1 0 24
23 1 0 23
23 0 1 24
23 0 1 27
23 0 1 27
24 1 0 25
24 0 1 26
24 0 1 26
24 0 1 24
24 1 0 25
24 1 0 25
24 1 0 24
24 1 0 27
24 0 1 28
24 0 1 28
25 1 0 28
25 1 0 25
25 0 1 26
25 1 0 26
25 0 1 26
25 0 1 25
25 0 1 27
25 0 1 25
25 1 0 29
26 0 1 29
26 1 0 30
26 1 0 26
26 1 0 29
26 1 0 27
26 0 1 30
26 1 0 30
26 1 0 27
26 0 1 26
26 1 0 29
26 1 0 28
27 0 1 30
27 1 0 31
27 1 0 31
27 0 1 28
27 0 1 28
27 0 1 27
27 0 1 30
27 0 1 31
27 0 1 28
27 1 0 28
27 1 0 30
27 0 1 29
27 0 1 29
27 1 0 31
28 1 0 28
28 1 0 32
28 1 0 31
28 0 1 30
28 0 1 32
29 0 1 30
29 1 0 30
29 0 1 29
29 0 1 31
29 1 0 33
29 1 0 31
29 0 1 32
29 1 0 29
29 0 1 31
29 0 1 33
29 0 1 31
29 1 0 33
30 1 0 31
30 0 1 34
30 0 1 33
30 0 1 30
30 0 1 32
30 0 1 30
31 0 1 32
31 0 1 32
31 0 1 31
31 1 0 31
31 1 0 31
31 1 0 31
31 0 1 31
32 0 1 34
32 1 0 34
32 0 1 35
32 1 0 36
32 0 1 32
32 0 1 36
32 1 0 35
32 1 0 33
32 1 0 32
32 0 1 32
32 1 0 36
32 1 0 33
32 1 0 32
32 1 0 34
33 1 0 33
33 1 0 34
33 0 1 36
33 0 1 35
33 1 0 36
33 0 1 35
33 0 1 33
33 1 0 33
33 0 1 37
34 1 0 35
34 1 0 35
34 1 0 34
34 1 0 35
34 1 0 36
34 1 0 38
34 0 1 38
34 0 1 34
34 0 1 34
34 1 0 35
34 0 1 38
34 0 1 34
34 1 0 34
34 0 1 38
35 0 1 37
35 0 1 37
35 0 1 39
35 0 1 35
35 1 0 35
35 1 0 36
35 0 1 37
35 1 0 38
35 1 0 38
35 1 0 37
35 1 0 39
35 1 0 37
36 1 0 36
36 1 0 38
36 0 1 37
36 1 0 39
36 1 0 37
36 1 0 40
36 0 1 36
37 0 1 40
37 0 1 37
37 1 0 37
37 0 1 37
37 1 0 40
37 1 0 38
37 0 1 37
37 0 1 38
37 1 0 37
37 1 0 38
37 0 1 38
37 1 0 37
37 1 0 40
37 0 1 38
38 0 1 41
38 1 0 42
38 1 0 39
38 1 0 40
38 1 0 38
39 1 0 42
39 1 0 39
39 1 0 43
39 1 0 40
39 1 0 39
39 1 0 40
39 1 0 39
39 0 1 42
40 1 0 41
40 1 0 40
40 0 1 41
40 1 0 41
40 1 0 43
41 0 1 44
41 1 0 43
41 1 0 42
41 1 0 43
41 0 1 45
41 0 1 45
41 0 1 42
41 0 1 42
41 0 1 43
42 1 0 46
42 1 0 43
42 1 0 46
42 0 1 46
42 1 0 46
42 1 0 46
42 0 1 43
42 0 1 43
42 0 1 44
42 1 0 45
42 0 1 42
42 1 0 43
42 1 0 46
42 1 0 42
42 1 0 46
42 0 1 44
43 1 0 44
43 0 1 43
43 0 1 47
43 1 0 45
43 0 1 45
43 1 0 47
43 0 1 43
43 1 0 44
43 1 0 44
43 1 0 43
44 1 0 47
44 1 0 47
44 1 0 46
44 1 0 44
44 0 1 48
44 0 1 47
44 1 0 44
44 1 0 47
44 1 0 44
44 1 0 44
45 0 1 46
45 1 0 46
45 0 1 48
45 1 0 49
45 0 1 48
45 0 1 48
45 0 1 47
45 0 1 46
45 1 0 47
45 0 1 45
45 1 0 48
45 1 0 49
45 0 1 49
45 0 1 49
45 0 1 48
46 1 0 46
46 1 0 49
46 0 1 46
46 1 0 50
46 0 1 49
46 0 1 49
46 1 0 49
46 1 0 48
46 1 0 50
47 0 1 48
47 1 0 49
47 0 1 51
47 0 1 48
47 1 0 49
47 0 1 49
47 1 0 50
47 1 0 50
47 1 0 48
47 0 1 47
47 0 1 50
47 0 1 48
48 1 0 49
48 1 0 51
48 1 0 52
48 1 0 52
48 0 1 51
48 1 0 50
48 1 0 51
48 1 0 51
49 1 0 51
49 0 1 51
49 0 1 51
49 0 1 52
49 1 0 50
49 0 1 49
49 1 0 53
49 0 1 52
49 1 0 49
49 0 1 50
49 0 1 50
49 0 1 50
49 0 1 50
49 0 1 50
50 0 1 54
50 0 1 54
50 0 1 50
50 1 0 53
50 1 0 53
50 0 1 53
50 0 1 50
50 0 1 53
51 0 1 55
51 1 0 55
51 0 1 51
51 0 1 53
51 0 1 51
51 0 1 55
51 0 1 51
51 0 1 52
51 0 1 51
51 0 1 51
52 0 1 55
52 1 0 56
52 0 1 55
52 0 1 54
52 1 0 55
52 0 1 56
53 1 0 54
53 0 1 57
53 1 0 56
53 1 0 54
53 0 1 54
53 0 1 54
53 0 1 54
53 1 0 54
53 0 1 57
53 0 1 56
53 0 1 55
53 1 0 53
53 0 1 53
54 0 1 56
54 1 0 56
54 0 1 56
54 0 1 55
54 0 1 58
54 0 1 57
54 1 0 55
54 1 0 58
54 0 1 55
55 1 0 59
55 1 0 58
55 0 1 55
55 1 0 57
55 1 0 58
55 0 1 57
55 0 1 58
55 1 0 57
55 1 0 55
55 0 1 59
55 0 1 59
55 0 1 57
56 1 0 60
56 0 1 57
56 0 1 59
56 1 0 58
56 1 0 57
56 0 1 58
56 0 1 59
56 1 0 58
56 0 1 59
56 0 1 60
56 1 0 59
56 0 1 57
56 1 0 60
56 1 0 58
57 0 1 58
57 0 1 61
57 1 0 59
57 0 1 57
57 1 0 59
57 1 0 58
57 0 1 60
57 1 0 60
57 1 0 61
57 1 0 57
57 1 0 58
58 0 1 61
58 1 0 59
58 1 0 59
58 0 1 62
58 1 0 60
58 1 0 60
58 1 0 59
58 0 1 59
58 0 1 62
58 1 0 62
58 0 1 61
59 0 1 62
59 1 0 59
59 0 1 62
59 1 0 63
59 1 0 61
60 0 1 61
60 1 0 63
60 0 1 60
60 1 0 63
60 1 0 61
60 1 0 60
60 0 1 62
60 0 1 61
60 1 0 63
60 1 0 62
60 0 1 61
60 0 1 61
61 0 1 61
61 1 0 62
61 0 1 63
61 0 1 62
61 1 0 64
61 0 1 64
61 0 1 64
61 1 0 65
61 1 0 62
61 0 1 62
61 0 1 62
61 1 0 65
61 1 0 65
61 0 1 65
61 1 0 63
62 0 1 62
62 1 0 63
62 1 0 66
62 1 0 66
62 0 1 63
62 1 0 64
63 0 1 63
63 0 1 63
63 1 0 67
63 0 1 67
63 1 0 67
63 1 0 67
63 0 1 64
63 0 1 65
63 1 0 65
63 0 1 65
63 1 0 66
63 0 1 64
64 1 0 64
64 1 0 67
64 0 1 66
64 1 0 68
64 0 1 64
64 1 0 66
65 1 0 68
65 0 1 65
65 1 0 68
65 1 0 65
65 1 0 67
65 0 1 68
65 1 0 65
65 1 0 67
65 0 1 67
65 0 1 66
65 0 1 65
65 0 1 66
65 0 1 66
65 0 1 65
66 1 0 66
66 1 0 70
66 0 1 66
66 0 1 68
66 0 1 69
66 0 1 69
66 1 0 68
66 1 0 66
66 1 0 66
67 0 1 67
67 1 0 69
67 0 1 68
67 1 0 69
67 0 1 71
67 0 1 67
67 1 0 67
67 0 1 67
67 1 0 67
67 1 0 69
68 1 0 70
68 1 0 70
68 0 1 69
68 1 0 71
68 0 1 68
68 1 0 71
68 0 1 70
68 0 1 72
68 0 1 71
68 1 0 69
69 1 0 69
69 0 1 70
69 0 1 73
69 1 0 72
69 1 0 70
69 0 1 73
69 0 1 72
70 1 0 71
70 1 0 74
70 0 1 72
70 0 1 72
70 1 0 72
70 0 1 74
70 1 0 70
70 1 0 71
71 0 1 74
71 1 0 73
71 0 1 73
71 1 0 71
71 0 1 74
71 0 1 73
71 0 1 74
71 0 1 73
72 0 1 76
72 1 0 75
72 1 0 74
72 0 1 73
72 0 1 74
72 0 1 73
72 0 1 73
72 1 0 75
73 1 0 75
73 0 1 75
73 1 0 74
73 1 0 74
73 1 0 75
73 1 0 73
74 1 0 74
74 0 1 75
74 1 0 76
74 0 1 75
74 0 1 74
74 0 1 77
74 0 1 74
74 1 0 78
74 1 0 77
75 0 1 79
75 0 1 76
75 0 1 78
75 0 1 77
75 0 1 75
75 0 1 79
75 0 1 76
75 1 0 76
75 0 1 76
76 1 0 80
76 0 1 76
76 0 1 78
76 0 1 79
76 1 0 76
76 0 1 77
76 0 1 76
76 1 0 76
76 1 0 80
76 0 1 79
76 0 1 78
77 1 0 78
77 1 0 78
77 1 0 79
77 0 1 79
77 1 0 80
77 0 1 77
77 1 0 77
77 0 1 81
77 1 0 79
77 0 1 79
77 1 0 80
77 0 1 79
77 1 0 80
77 0 1 81
77 1 0 81
77 1 0 80
78 1 0 82
78 1 0 78
78 0 1 79
78 0 1 80
78 1 0 81
78 1 0 81
78 0 1 82
79 0 1 81
79 1 0 79
79 1 0 82
79 1 0 83
79 1 0 83
79 1 0 81
79 0 1 80
79 1 0 82
79 0 1 83
80 1 0 81
80 1 0 83
80 1 0 84
80 1 0 84
80 0 1 82
80 1 0 84
80 0 1 84
80 0 1 80
80 0 1 81
81 0 1 84
81 1 0 85
81 1 0 81
81 0 1 81
81 1 0 82
81 1 0 84
81 0 1 81
81 0 1 81
81 1 0 81
81 0 1 83
81 0 1 85
81 1 0 83
81 1 0 85
82 0 1 84
82 0 1 82
82 1 0 86
82 1 0 85
82 1 0 82
82 1 0 85
82 1 0 84
82 1 0 84
83 1 0 83
83 1 0 84
83 0 1 87
83 0 1 86
83 1 0 86
83 1 0 87
83 1 0 86
83 1 0 84
83 0 1 86
83 0 1 86
83 0 1 87
84 0 1 87
84 1 0 86
84 1 0 87
84 0 1 87
84 0 1 85
84 1 0 86
84 0 1 86
84 0 1 87
84 1 0 84
84 1 0 84
84 1 0 85
84 0 1 87
84 1 0 86
85 0 1 85
85 0 1 85
85 1 0 85
85 1 0 85
85 1 0 86
85 0 1 89
85 0 1 88
85 1 0 89
85 1 0 89
86 0 1 86
86 1 0 88
86 1 0 90
86 1 0 87
86 1 0 88
86 1 0 90
86 1 0 88
86 0 1 86
86 1 0 87
86 1 0 90
86 0 1 86
86 1 0 87
86 1 0 88
87 1 0 87
87 1 0 90
87 0 1 90
87 0 1 89
87 1 0 91
87 0 1 91
87 1 0 91
87 1 0 87
88 0 1 91
88 1 0 89
88 0 1 91
88 1 0 91
88 1 0 91
88 1 0 89
88 0 1 91
88 1 0 89
88 0 1 90
88 0 1 90
88 0 1 89
89 0 1 92
89 1 0 92
89 0 1 91
89 0 1 90
89 1 0 91
89 0 1 91
89 0 1 91
89 1 0 91
89 1 0 90
90 1 0 92
90 0 1 91
90 0 1 94
90 0 1 90
90 0 1 94
90 1 0 90
90 0 1 94
90 1 0 92
90 0 1 90
90 0 1 90
90 1 0 93
90 0 1 90
91 1 0 93
91 0 1 91
91 0 1 92
91 0 1 94
91 1 0 93
91 0 1 94
91 0 1 91
91 0 1 94
92 1 0 95
92 0 1 92
92 1 0 95
92 1 0 94
92 1 0 92
92 0 1 92
92 0 1 94
92 1 0 94
92 1 0 92
92 0 1 95
92 1 0 93
92 0 1 94
93 1 0 95
93 0 1 95
93 1 0 94
93 1 0 96
93 0 1 96
93 1 0 94
93 0 1 93
93 1 0 97
93 1 0 96
94 1 0 94
94 1 0 96
94 1 0 97
94 1 0 94
94 0 1 96
94 1 0 97
94 1 0 98
94 1 0 96
94 1 0 97
94 0 1 97
95 0 1 97
95 1 0 98
95 0 1 97
95 0 1 99
95 1 0 96
95 1 0 95
95 1 0 99
95 0 1 99
96 1 0 99
96 1 0 96
96 1 0 98
96 1 0 98
96 1 0 99
96 1 0 98
96 0 1 97
96 1 0 97
96 0 1 100
96 0 1 96
96 0 1 97
96 1 0 100
96 1 0 98
96 1 0 99
97 1 0 97
97 0 1 98
97 0 1 100
97 1 0 99
98 0 1 2
98 0 1 100
98 1 0 100
98 1 0 1
98 1 0 100
98 0 1 98
98 1 0 99
98 1 0 2
98 0 1 99
98 1 0 2
98 1 0 99
98 0 1 2
98 1 0 100
98 1 0 1
98 0 1 2
99 1 0 2
99 0 1 1
99 1 0 100
99 1 0 1
99 1 0 100
99 1 0 100
99 1 0 99
99 0 1 99
99 0 1 3
99 0 1 99
99 1 0 1
99 0 1 1
99 1 0 99
100 0 1 1
100 1 0 2
100 1 0 100
100 1 0 4
100 1 0 3
100 1 0 1
100 0 1 2
100 0 1 1
100 0 1 2
