100 100
2707 2707 2740 2993 4952 2707 2707 889 4682 2707 137 2851 1332 258 2851 2851 2851 1769 2728 3055 2728 4543 3778 4720 1238 4614 4614 4614 2208 4196 4710 2638 2195 2638 3050 2638 2638 2638 2638 3646 3557 3557 3132 1720 2900 2554 2554 2554 3329 101 1333 1333 1231 4636 2777 2435 3374 4157 1420 2580 2924 1218 4294 4294 1642 4657 2783 4594 2122 379 2981 3597 2517 2517 3262 2517 2517 2517 2517 4220 435 3543 3543 3543 3543 3642 2768 231 93 4522 4522 78 3084 3455 4587 3097 1374 4048 3662 3115 
2707 2707 2707 377 4908 929 2707 2991 2707 2707 1793 2851 2851 4203 2851 1858 3259 2728 2728 2728 2728 2728 2728 373 3901 3901 1778 939 1538 2638 2638 2638 2638 2638 1727 3818 2638 2638 2638 4815 1117 2950 648 4348 2554 2554 2554 2554 2554 2165 267 3618 3618 2404 2777 3374 3374 3374 3374 2362 3518 2244 4294 942 2783 2783 2783 2783 2783 4012 4804 3616 2517 2517 2517 2517 2625 340 2849 2849 2849 3848 855 1888 2768 2768 2768 2768 2768 140 4522 4522 3084 2268 3097 3097 3162 3115 3115 3115 
2296 2707 2707 2707 2707 2707 2707 528 2707 2707 1462 2851 2851 2851 2851 2851 249 1019 2728 3839 4213 1264 2728 444 3901 190 2516 4923 1869 2638 2638 4619 878 2638 124 4402 2638 2638 2638 2638 2638 1003 2554 2554 2020 1918 2554 2554 2969 2969 84 3618 3618 11 2777 598 3374 3374 1613 3518 3518 441 244 3175 1919 3427 1773 2783 1047 1060 2517 2517 2517 499 2517 4608 1287 4728 2849 2849 201 2564 2564 2089 1882 142 1595 2564 4093 4237 4566 3964 3084 3849 4660 3097 1822 3115 4768 203 
2707 2707 2707 4371 2121 993 2707 2707 2707 4987 4966 20 3795 2851 2851 2455 2728 2728 2728 2728 2728 2728 360 3901 3901 3037 2516 635 2516 333 1093 3065 208 2638 430 2638 2638 2638 2638 2683 903 4890 2745 2554 2554 2554 2554 4842 3556 2415 4729 4729 1777 2777 2777 3383 431 3374 2424 3518 263 1107 3716 3175 3175 3175 3175 3807 3628 138 3971 2517 2517 2715 2517 2517 439 2849 2849 2893 2893 3747 2564 2564 2564 2564 2564 2564 4576 4237 2119 2479 3084 3084 3084 1409 2643 4676 3690 4142 
1698 2395 3527 350 4443 411 1496 3925 2707 2707 4580 2666 4244 3280 2340 2728 4152 2728 4103 2728 4984 2728 1659 955 2516 2516 2516 2516 2516 2951 52 3065 2638 2638 2638 2638 2638 2800 2638 2638 4304 2554 3457 2554 2554 2554 1265 4852 2384 2554 1444 2777 2777 2777 2777 4701 4347 3374 3374 4266 4829 3312 3959 3175 3175 3175 1159 2626 3628 4217 2517 2517 2517 2626 2517 2517 2576 2081 4920 1124 4700 2564 2564 2564 4363 2798 611 2564 2564 1369 1243 2479 450 4293 3084 3282 2643 4572 3690 731 
3462 2679 2679 2679 2679 2679 2679 3335 2707 3485 3672 2666 2350 1407 1590 2728 962 2728 1765 2493 4689 2728 2728 2728 2956 2516 2516 3147 2516 2516 3568 4669 2638 4948 2638 2638 1668 2800 1732 3932 270 2554 2554 2554 2554 5 1489 914 2554 2554 2554 3066 2777 1363 2777 2777 2777 1772 3374 4600 2777 3312 1201 3175 554 1464 2626 2626 2626 2626 4919 2517 4721 2626 1010 4912 2576 3242 3570 779 2518 2430 3137 301 1467 581 1628 2107 2564 3709 2093 905 4760 209 3084 603 2643 1847 3690 3690 
2679 38 2679 2679 3965 2679 1821 3951 2707 2707 2707 2937 2937 3830 2348 2728 2728 2728 3412 3982 2954 2728 1872 4451 2956 1939 3397 2516 2516 3347 76 4251 3914 2501 4801 1475 1788 2800 2180 2554 4782 2554 2554 2554 2554 2818 3362 2554 2554 1377 4535 2554 4209 2777 2777 2777 2777 2777 1168 2777 2777 3256 2777 352 3542 3542 3193 1676 503 2626 736 1574 4609 2626 2626 2254 4599 3242 822 2518 2518 2518 2518 2077 1622 2989 2865 2865 4352 1580 4502 2276 4988 2643 2643 2643 2643 2643 3690 4927 
2679 2679 2679 2679 4627 2465 2822 505 2707 3429 2707 4090 4098 2308 2728 2728 2728 2728 2063 4606 2954 96 3197 4761 2956 2373 2516 2516 4330 745 2501 2501 775 2501 2501 4717 4065 69 1300 2554 2554 2554 2554 2554 2554 2554 4688 2554 4875 2554 2554 2554 2554 3189 2777 3710 4028 2777 2777 2777 2777 2777 2777 1322 4527 3542 1704 930 2155 2626 2626 1974 2626 2626 1842 3466 2068 3242 669 2518 2518 2518 2518 291 1282 2865 2865 3145 3145 4024 4024 68 2643 2643 1406 3634 3321 1109 2681 2681 
4997 2679 3689 1210 2728 1995 4075 1838 1459 2728 1634 2728 2728 2728 2728 608 3645 3897 2501 447 3105 2501 3717 609 2956 2956 2007 1252 2501 2501 2501 3927 1258 2501 3868 2554 2554 2554 2554 2554 1936 4275 2554 2554 2554 636 782 2554 513 1571 2554 2554 683 3189 950 2554 2464 2777 4447 4345 387 456 428 4629 4016 1946 3352 3352 570 4750 2626 2626 2626 4909 4199 3466 4530 3569 2014 2518 883 2518 2518 2518 2518 637 3453 2597 4789 2790 1722 2643 2643 2643 4414 2681 2681 2681 2681 3619 
586 2371 2728 3003 2728 4753 2728 3370 3997 2728 2728 2728 2728 2728 2728 498 99 2501 2501 1372 2293 2501 4339 2363 1678 4656 3443 2022 434 2501 965 2501 2501 2501 2980 4441 2554 4900 2554 2554 4690 1686 2554 2573 2554 2554 4222 2554 2554 2554 2813 2554 2554 4242 2554 2554 1623 116 73 2542 2542 2542 2542 384 4016 3352 3352 3352 3961 3865 2626 1724 2852 1351 3160 3160 3160 3160 1237 2518 2518 2518 2518 2518 827 4968 1400 2597 4013 1170 2643 2643 1681 485 2643 3502 2170 1118 2681 3379 
2728 2728 2728 2728 2728 2728 2728 2728 2728 2728 2728 2728 2728 1585 2728 3324 3324 97 2501 4406 2501 2501 592 3103 3103 3103 3443 2501 2501 2501 2501 2501 1598 2501 4807 2554 2554 2554 4833 2554 2417 777 4179 2554 2554 2554 2554 2554 2554 708 2554 2554 594 2554 2554 3001 3752 233 2346 80 2542 2542 2542 2932 4654 3966 1357 1749 2929 2626 2626 353 1474 4825 4863 3160 3160 1100 3598 4644 3880 2518 2518 2518 2518 4968 2566 2566 2566 2566 3465 2643 2643 2643 2643 944 2643 3612 471 678 
3715 4707 3856 2728 271 2728 2728 2728 3548 2728 2728 2728 2728 864 3288 3538 3555 2501 2501 2501 2501 3886 3713 3103 3103 402 2501 2501 2501 2880 4949 2501 2501 2501 2501 292 2554 3269 2554 2554 1699 2812 2084 4716 3431 2554 2554 252 2554 2554 2554 2554 2554 2554 1426 4473 2968 1362 2542 4612 218 2542 2542 2542 2542 2542 4675 2225 3126 2626 2626 251 2890 4825 3640 3792 1917 313 3598 4965 2518 2518 2518 2841 2518 2518 4918 2566 2566 2566 1041 2720 2359 1460 2643 2643 2643 3293 3293 3293 
3661 2452 2728 2728 2829 2728 2728 3703 171 2728 1649 1278 2728 2728 2471 1833 2501 2501 2501 2501 2501 3984 3299 3103 4316 2501 2501 2501 2501 2501 2501 2474 2501 2501 2132 2132 895 2554 2554 2599 4324 2812 2812 2812 1718 2554 3968 2235 690 2554 1884 946 2554 2554 2554 2554 2968 2542 2542 2542 2542 2542 3680 2542 2542 1240 2542 2713 2626 2626 4377 2890 2890 2890 3640 3640 1717 2604 2518 2518 2518 2518 2518 2518 1657 2518 2518 4783 464 2566 4906 2577 2577 1480 2643 321 1685 1394 3293 2091 
848 4642 2286 4054 2829 4670 4490 1806 475 2511 2511 2511 1284 2728 98 2501 2501 2501 4558 2501 2501 2501 3082 3326 2501 2501 2970 202 2501 4905 3564 4223 1996 3859 2718 1908 3950 4924 1942 2599 2599 310 2812 2812 4946 2554 3955 2938 3592 4182 2689 2689 2689 2554 1508 169 173 2542 2542 2542 658 769 3226 2542 2542 2542 2542 4874 77 3099 2890 2890 2890 2890 215 364 2518 2518 2518 1452 4074 3737 1737 3630 2198 2518 2518 266 2566 2566 3013 2566 342 645 2643 2643 3754 2643 3670 2698 
1820 166 2532 110 1559 3322 2530 3851 2530 508 2511 2511 3196 4104 2501 2501 2501 2501 2501 2501 1318 4586 2501 2501 192 2501 2501 1405 3591 2741 2741 4047 3011 2718 2718 2718 2718 2718 2718 4540 2599 4133 3415 2812 3809 2554 547 2938 2938 2938 1714 4320 2689 4178 2528 2695 2542 2542 4914 2542 787 3980 3980 2542 564 2542 1954 2890 2890 2890 2890 3104 2890 1566 4973 4973 2518 2518 4153 4153 2224 3737 774 3031 2527 2527 3931 4135 2566 2566 1165 2566 2566 2566 416 2643 2643 2643 666 2698 
1820 2668 2961 2961 4279 2530 2530 2530 2530 583 3844 2511 2511 2838 3810 2501 4268 4206 2943 2501 2501 998 2501 2501 2501 2501 2501 2501 552 1949 2741 420 2718 2718 2718 4398 1229 4107 2718 2718 4872 688 1932 4464 2026 2554 2554 2554 1080 2938 4823 2620 1976 1466 2528 947 4300 2542 2542 4620 4058 3980 4448 3294 2102 380 3521 2890 3170 458 2890 4378 2324 2324 1760 534 3044 3551 2629 470 3737 3737 3737 341 3159 837 2562 3957 122 2566 2566 2566 1361 2972 2643 2643 893 2643 4832 3760 
2668 2668 4489 2055 2530 2530 2530 3474 2530 2530 4072 2511 2511 2511 2640 1495 3295 3295 3772 4501 2501 2501 2501 4830 2501 2501 492 2023 1609 2322 539 2780 726 2718 2209 30 2718 2718 3935 2718 2718 2718 2718 1770 4508 4508 2554 4214 2528 487 582 2528 427 4957 2528 4245 2391 3070 4084 2673 2361 2271 3185 3519 4200 2890 2890 2890 2890 2890 1695 167 2537 807 4628 4455 1078 1746 2629 866 2101 1734 2158 3398 2562 2562 2562 2562 2029 2566 1006 4333 4333 1158 3349 2643 2643 2643 2643 4777 
2668 4941 4049 1519 2530 2530 1666 2272 2530 4258 4072 1808 279 433 900 461 3295 3295 3295 4736 2501 1943 4766 4772 3264 2501 3775 3731 2226 1801 3012 2780 320 2718 1391 4749 2718 2718 2718 2718 1418 2718 2718 1324 2040 3763 1534 4034 2528 2528 2528 2528 2528 2528 2528 1848 3434 145 2673 2673 4341 2639 2639 2639 2639 3884 2890 2890 3029 2890 4463 1138 2537 2127 2629 2629 2629 2629 2629 2629 3776 4930 1790 1550 3796 4256 2562 1900 4944 2566 1710 2891 1088 2045 4571 3378 280 2930 2643 4775 
3049 3049 504 662 2530 1127 4474 2530 2530 2530 319 1343 3526 3814 4564 2825 3944 4769 3295 1370 2009 2889 2889 2501 2501 2501 401 3731 2004 2780 2780 2780 357 2718 2718 796 2718 2718 92 2718 2718 2718 2718 2718 910 2528 2528 2528 2528 3056 1582 3301 4741 155 4438 3434 3434 1501 436 2673 2673 4639 2639 1805 229 2512 520 2890 899 3091 372 2537 2537 2629 2629 2629 623 197 2629 4493 838 4930 48 3898 1551 2562 2562 4355 3489 715 832 2891 2612 2612 2612 14 1975 537 2643 2110 
2530 2019 2530 2530 2530 2530 2530 2905 3531 2530 4853 3526 3526 356 2825 2825 2825 2825 1255 3607 3607 3872 2501 2501 2501 223 3237 3731 2780 2780 2780 1315 2718 2718 3504 2510 1913 3285 2998 2718 2718 2718 2718 4302 3182 3182 2188 2528 2528 2663 2528 2528 230 2784 2784 3667 102 2520 612 1982 2673 723 2639 2639 2639 580 2890 2890 3223 3509 2537 2537 2537 3169 2874 1027 2726 979 2629 1827 2003 1092 3590 3590 1484 368 2562 2562 2562 2562 985 3401 2612 2612 2612 2612 1975 4562 4562 4931 
2530 3681 4006 2405 2530 2530 4111 2791 2791 4017 835 624 3526 2778 909 2825 2825 3253 2501 2501 1831 2501 2501 2501 2501 2501 2076 2780 3035 2780 1901 3213 2259 2718 2718 873 2718 4718 4457 2718 542 2718 2718 2718 2284 2273 2528 2528 2528 2528 2528 4939 2784 2784 1922 2645 3515 2520 2520 2781 2673 2845 2639 2639 2639 2639 3364 4238 2908 2908 1084 2537 967 3637 4787 2726 2726 4597 2629 2629 3313 2594 3674 2594 4834 2562 2562 2562 2776 2562 3992 2051 2612 1403 825 2612 2612 712 3135 3199 
2530 2530 2530 2530 2530 490 2791 2791 2791 2791 2791 4338 1536 2778 2778 2778 13 2870 2858 2501 2501 2501 898 2501 1249 4798 2780 2780 2780 2780 2780 2780 2780 2896 2718 2718 2718 3209 780 4290 2550 2351 3803 2718 2801 55 2528 2528 3283 2528 2528 2528 2278 2784 2784 794 3840 2520 174 2673 2673 2152 496 351 497 943 2908 2326 2908 2908 299 2537 4224 2629 2629 551 2726 3151 2629 4484 3351 2594 2594 2594 2389 1245 2562 3977 74 148 2884 4685 1518 1794 2884 740 2339 3345 1870 133 
2530 2530 2058 2530 516 2530 4319 951 2049 4643 2791 722 2778 2778 2778 2778 2778 2501 2501 2501 2501 2043 4618 2501 2501 4215 2780 1424 2279 1601 2780 2780 2780 21 4525 799 2718 2718 453 2550 2550 1745 1321 2718 3025 1906 75 601 754 2544 2528 132 2278 1663 2784 1811 2426 2520 3697 2673 2673 2673 2673 2673 3475 2908 2908 2908 2908 4991 4991 1040 4224 1085 2629 2629 2629 2629 2629 4803 2594 2594 776 1308 2521 2521 212 4291 1072 2884 2884 2884 2884 2884 2884 1048 3345 3345 4496 4496 
2911 2804 2530 2530 2530 2530 1579 2569 2569 2569 3079 2660 1500 2778 2778 1227 3794 2501 2501 2501 243 3040 3040 2501 2501 2314 2780 378 3076 282 4932 502 2780 2780 4419 4419 4550 4234 3979 2021 916 28 295 1155 3025 3025 4154 2123 2528 2528 2528 691 1970 1525 2520 2520 2520 2520 2520 398 3665 2673 4483 477 1340 2908 2908 2908 2908 1465 1883 1961 206 2629 2629 2629 4172 2629 4308 2594 2594 3420 622 2215 1161 274 627 109 2178 3559 2884 4239 2884 2884 959 2289 245 2402 4193 2173 
2247 343 2530 4683 1592 2530 3863 1281 104 2569 2569 1413 2778 2778 2778 3529 2501 2501 4161 2501 4916 3040 1751 2501 1234 2780 2780 2780 2130 1511 2780 2780 2780 2408 1655 4778 2895 81 3979 2549 4459 500 4183 3025 3025 3240 2513 2513 397 2085 2360 3316 2828 2828 4996 2520 3973 2520 2520 2881 2881 3811 3811 3811 1771 1183 4466 3121 1555 3458 2973 4230 56 2219 2629 2629 2016 2629 314 2594 2594 957 2594 2215 2871 2734 627 2734 3202 2884 2884 2884 1658 1485 2884 2216 3102 2736 4193 2042 
3812 3584 3765 3129 3129 4018 2931 2722 2722 894 560 422 2778 1499 3138 4757 2501 2501 977 1544 4713 859 2501 2501 2780 2780 3586 241 1521 2251 2780 210 3184 2522 2895 2895 2895 2895 3864 2549 4118 3025 3025 3025 3025 3215 2513 3208 3208 3208 4396 2602 2828 2828 2828 151 2365 2520 2520 2008 3425 4025 3811 3811 3811 1187 4466 1016 4389 4752 1781 4165 4165 3819 4544 4225 2629 2629 956 2594 3263 3488 2594 2594 4160 2734 2734 2734 2734 4862 3587 2884 2884 2884 2884 2884 1673 4708 2947 2999 
4649 1142 3387 1021 2772 2772 409 2722 2722 2722 1007 4485 412 3090 3090 3090 491 1326 2501 2501 2142 2501 2501 46 1841 2780 2780 2780 2413 2780 2292 2522 2522 2522 300 2895 2895 2895 2323 2549 3593 3025 3481 3025 3025 4149 4497 4845 4138 4343 2602 2602 4123 3418 2828 2828 2828 276 4382 2628 3572 3572 4677 1216 1934 3755 1445 3566 4462 3882 3882 634 2103 2682 2682 2682 713 2629 803 2594 2594 2594 2594 2594 829 2734 3142 656 2734 2734 2734 2884 3837 1972 3654 1966 2947 2947 2947 2947 
2772 3460 3387 3387 2772 4100 2722 2722 2722 3594 2418 4485 4485 1960 3090 3090 4813 3784 2501 2501 3146 2501 2501 2501 2501 204 4458 2780 2780 2780 3320 3339 2522 1415 2571 4583 9 1476 3365 2549 3482 3025 3025 1166 4879 3641 3166 3386 1556 3222 3062 2602 2602 2602 1261 1594 4515 4556 2724 2628 2628 2481 2540 2540 2774 2774 2774 94 3707 2269 3882 1736 3869 1191 2761 2682 4684 1417 2682 3344 3136 4456 2419 2594 346 2734 3544 4896 3307 2734 2734 2734 3198 3123 3123 4962 2947 3647 1149 2985 
2772 1983 1181 2772 2772 2451 2722 4839 2722 3941 3941 640 607 3673 3780 4301 2501 2501 2501 2501 2501 2501 2495 2501 2501 2501 2501 633 2780 1450 4134 1094 2522 2671 2571 2571 1697 3627 3365 2095 3482 4799 3025 381 3025 4050 126 2602 2602 2602 2602 538 2602 1350 4632 3767 1463 4592 2724 2975 2628 2379 2540 4187 937 2327 2399 1531 4731 2633 2338 2765 2765 2592 4191 2682 2682 2682 2682 2682 2096 1000 2594 2594 478 2734 2594 2594 2594 3228 2734 2734 675 95 3355 1675 2071 831 2985 2985 
2772 2772 2772 2772 2772 2772 4379 1293 1694 3941 3941 1425 2832 2832 751 2730 758 3862 3855 2501 2501 3305 2541 40 3254 2501 2501 2927 242 4533 3624 2461 2522 4816 1786 2357 2241 3365 3365 3365 339 49 3025 3025 3025 1205 2602 2602 1233 2602 2602 2602 2602 3154 2602 3578 3757 3757 1728 2328 2628 178 2540 2540 1809 283 3328 4698 2920 2633 2633 4526 2592 2592 3893 2682 2682 2682 29 4819 3419 3419 3688 2594 1236 2760 2594 2594 826 3228 3580 2734 2734 2472 2637 2637 2637 2637 2184 2985 
2772 3836 2772 3291 2772 2772 2772 2772 3155 2140 3941 1164 2832 1397 2730 2730 2730 2730 2266 2501 391 3367 2541 558 4547 3133 250 2543 2543 2280 3624 2522 2522 958 3034 2522 2522 4401 3962 463 3229 421 3025 3025 3025 3025 960 2602 674 1940 4647 3134 2602 2602 2602 2602 2602 1355 2602 2602 3800 1126 2540 2540 3039 2125 4399 2633 2633 2633 2633 2633 1096 2592 1105 2682 2682 4737 2594 4141 3419 3720 3268 2594 2594 2594 2594 1630 3303 3303 1687 3430 2734 1376 3454 2637 3064 2637 2637 4899 
2806 2772 2772 1992 3110 2772 2772 3928 44 2832 3943 2832 2832 2832 515 1204 4032 2205 2501 2501 1573 2501 2758 4855 2372 2543 2543 2543 2543 2615 2522 2522 2522 868 3615 3230 2522 3286 4781 3046 3229 4282 3025 4198 697 3025 4373 2602 3704 2174 2879 3733 64 2602 1156 2602 2602 2602 2602 2602 2602 4069 1026 2540 2540 2540 2540 839 2633 445 2458 2633 1953 2592 2295 1443 620 4697 2594 4271 3419 2594 2594 2594 3621 3725 2901 778 3936 2773 4362 2658 2270 2637 2637 1423 2637 1667 2637 3117 
1993 3963 2485 4158 2772 2772 2772 2772 2111 2832 2832 2832 2832 2832 2832 4460 4306 2501 2501 2501 2501 2501 3500 1345 4622 3281 4681 2380 2543 2522 2522 2522 146 2522 2522 2522 2522 2522 2108 2522 3058 3156 3025 2487 1442 172 4870 4867 4221 4655 2879 1547 2879 2407 2693 2693 1473 2602 3220 2602 2602 1291 4309 290 2540 1733 3356 2633 2633 2633 1306 2633 374 2592 2592 3919 2468 2594 2594 4082 2410 2594 3231 2594 2594 4321 2731 2731 2731 1775 2658 2658 2658 2637 2637 2637 2637 2637 2637 2157 
4426 3963 3963 2416 2772 2772 3923 2772 1267 2832 2832 1823 2832 2044 2832 50 2501 2501 3945 4561 2501 2501 3749 2501 2501 2501 4170 3390 3390 907 2522 2522 2522 2522 2522 2522 2821 2064 2522 2522 676 1758 3025 3072 4791 2879 2879 2879 2879 2879 2879 2879 2879 4588 429 2602 2602 2602 2602 2602 673 4309 4309 2799 2799 773 3516 482 2633 2633 195 2206 1867 2592 3127 1927 2594 2594 2594 2594 2594 2594 2594 2594 2594 1471 3940 2731 925 2731 1799 2848 2658 1038 2637 1477 2637 1850 2637 2637 
1 1194 1963 2772 2772 2772 4317 3924 2832 2832 2832 3153 2832 2832 2832 1276 2501 4475 2832 2832 1327 2501 2501 2501 2501 2501 2501 4164 2522 2522 2522 4631 4422 2922 2522 2522 2522 2522 2059 2522 2522 661 4393 3072 1336 2879 1711 3290 1434 152 4977 1192 3582 2602 4696 2602 2602 2602 1481 1143 1517 969 4392 3883 2729 2729 2729 4818 1754 2633 553 2342 646 2592 193 2725 2942 2594 4831 2594 2594 2594 4372 3554 2444 4195 4585 2731 2731 2731 1246 1244 2658 2658 4884 4312 1764 4633 4633 2839 
2987 3937 3392 3010 4305 566 3469 3567 685 2866 2832 4078 2832 2832 2010 3842 4061 3015 2832 3194 2735 3921 2501 2501 1486 4747 394 2522 2522 2072 1422 2842 2842 217 2522 2522 2522 2522 2522 2522 2331 3393 2600 2294 2600 4954 3546 3589 2600 2600 179 100 4470 2602 2602 2602 272 1082 3777 330 2815 2815 2815 2729 2729 2729 3888 4313 3841 2633 4854 2342 888 2203 2725 2725 3579 3019 3019 926 4702 3915 2990 1909 4195 4195 2897 2897 3325 2731 1626 3822 2467 1607 19 4312 4312 964 1498 2610 
3744 2787 4895 3010 3010 3010 3010 3010 3218 2866 3463 3463 2478 2832 2832 2832 2832 2832 2832 2369 2735 1726 2501 3505 3176 3239 4575 2522 2522 2143 507 2842 2842 2106 2522 2522 4171 1690 418 2522 2522 415 2600 2600 2600 2600 2600 1526 2600 2600 2600 764 2600 2312 4850 2621 2621 2621 3777 3777 3960 1683 2729 2729 4928 3750 2232 1349 2595 1729 4574 2755 2755 2755 2725 2725 2662 3513 3019 3912 732 2990 2990 393 1832 2897 2897 2897 1912 2731 2299 3822 3822 3822 3822 871 4312 536 1498 1154 
3341 2787 1455 1146 567 3010 3010 1222 3054 3342 454 3463 3718 2832 1548 2497 2832 2832 2832 3967 2735 4252 4260 568 3176 526 2522 2522 978 2393 4553 2842 3032 1641 305 2522 561 1690 47 2522 3905 2167 2600 3922 2600 3206 2600 2600 2600 2443 2600 2204 2600 1877 4046 4046 2621 4409 2936 27 2977 246 2729 2729 3002 2694 2694 3620 2595 459 4703 277 2755 2755 966 2662 2662 2662 562 2919 2919 1342 2990 3149 1646 1638 423 2897 2138 2731 3562 980 679 1104 3822 2250 4312 1554 1200 2488 
1125 1446 2669 2669 2669 3140 3735 1845 3054 3054 3054 1569 2832 3742 2832 2832 4235 2832 4190 2583 2583 1215 1578 519 3176 3176 3176 2522 2522 2522 3187 2869 3284 2522 2522 2522 2522 638 2522 2522 2522 1042 1674 2820 935 3206 4978 2600 2600 2600 2600 2600 2600 2600 1795 3730 2258 1862 2196 3278 3278 3461 2729 549 2080 2234 3409 1316 2595 4653 1280 1529 2755 2755 4219 2662 4285 2662 2425 119 2919 664 2990 1990 2897 2897 3764 2897 850 4011 2648 2648 118 2168 3822 3822 1610 3537 3759 3759 
2669 2669 2669 3561 4420 2732 1680 3054 3054 4233 2437 1520 2832 2832 2832 2832 2832 2832 2154 3309 2583 2583 2583 156 3176 3183 1712 2264 4397 4051 2522 2522 2522 2522 2522 4487 2522 2522 3315 2522 4019 1752 2820 2820 1611 3206 2316 1202 2600 2600 2600 2600 3047 2649 954 3100 1257 2982 51 4838 2729 2729 2729 3261 2551 1435 1307 2551 2595 2595 2595 4967 1920 3470 2662 2662 4774 2662 4740 4715 4715 4022 2246 1800 2172 2897 2897 2897 2897 2897 4204 4425 2644 2644 3822 4538 2705 2705 2959 2212 
2669 2669 2669 1112 4420 706 3054 3054 3054 3054 4326 1075 4185 317 2832 2832 1738 735 2583 2583 2583 2141 3060 2556 3847 2667 2667 2667 1128 2667 1365 3009 3939 1103 1433 2522 2522 1491 3297 4817 4428 2581 33 2820 2820 4056 885 4953 2366 2600 2600 256 763 2649 2649 2220 2098 4350 2649 4125 2752 2729 1416 2551 2551 2551 2551 2551 2551 2177 1175 2662 3906 2662 2662 4990 884 4444 2662 1515 4715 2211 4360 1298 2962 1875 495 698 323 2897 3829 4336 2661 2644 221 1390 2705 704 2959 1635 
2669 3005 3999 2953 2446 3292 3292 3054 3054 2088 3007 23 153 3769 2386 1228 2583 2583 2583 2583 2583 2583 945 4042 66 1516 2667 2667 2667 2667 2667 2667 973 3487 4937 3150 2522 2194 3297 3699 2581 2581 4504 1849 2820 1588 1510 1053 3712 3712 3314 2503 2503 3075 2649 2649 2649 2649 2649 1952 4915 4037 2921 3684 2551 2551 2551 0 2551 2551 1702 2662 1755 2662 2782 297 2662 2662 2662 3340 1447 4482 737 1895 2962 2962 1086 4433 891 579 476 2644 2644 2644 2644 2644 1541 2190 2959 1835 
1419 2868 2868 4376 1539 3292 2175 3054 3054 4645 654 1478 2593 2593 2593 2593 4849 1311 1865 4073 2583 2583 2583 3124 4903 2667 2667 2667 2667 2667 2667 2917 3487 3487 3487 1902 2522 849 3297 1725 2581 3251 2703 2703 2820 3929 2503 2503 2311 2503 2503 2503 3381 2503 4904 2763 2649 1052 2649 2302 1271 3377 312 2551 2551 2551 2551 2207 2551 3289 2662 2662 3870 2662 2662 2662 2662 2662 2662 4023 2162 2546 2617 2526 2033 2526 4433 4433 4864 2526 2526 4430 2644 2644 2433 3650 407 3783 1247 4173 
1429 2868 3983 3793 3292 3292 3376 3210 3054 440 2789 578 2593 639 3956 2593 3528 2507 2603 4137 2583 2583 2583 4250 205 2667 2667 2667 2667 2823 2222 2500 2500 3497 629 3545 2522 383 3297 2267 2581 2581 897 2703 2703 4038 2632 2503 3571 687 2819 2503 2503 2503 605 2763 4231 2995 236 4253 2700 2118 4626 2659 4417 813 2551 2551 1223 4795 2662 2662 2662 1288 2662 2662 2805 1334 1273 4974 2546 2546 4146 2526 2526 2526 2526 4746 800 2526 4452 2644 2644 1393 4651 1494 3783 3783 4889 2877 
2868 2868 3933 2894 3773 4029 4390 3054 3054 105 4303 3694 2514 2507 2507 4694 130 2507 1543 2507 4228 3130 2754 2754 3691 4921 2231 3006 4349 2823 2343 2500 2500 2500 2500 3726 1958 4070 3297 45 1401 2581 2581 1587 1064 3277 756 2503 2503 2830 3004 2503 3233 2503 1524 400 3498 3395 329 181 2700 2700 2700 2700 2700 3970 4888 2551 2551 1836 3890 2662 2662 2662 2662 3432 3391 1692 2826 2546 2546 3655 3506 4412 2526 4735 2526 2526 2526 2526 953 2644 2644 2644 682 2877 2877 1537 2877 2877 
2868 4780 2506 2894 2506 2506 613 4652 371 72 2807 2807 365 4248 2507 2507 2876 2507 1759 2507 2507 3016 2754 2301 3085 2100 2753 2753 1618 2823 4510 2500 2500 2500 2500 2500 2500 2500 952 3061 3061 4112 3277 3277 3277 3277 4116 2503 2503 185 2883 2503 4383 3501 2191 3994 1312 2504 2504 2114 154 2700 501 2700 4136 4922 4814 1015 2551 2551 771 2662 1206 2662 2078 1825 2486 2546 2546 2546 2546 449 1198 1797 2526 2526 1115 1891 2588 2526 3949 1944 4983 3802 2877 2877 2877 3107 2877 4672 
2868 2506 2506 1203 2506 35 3476 3476 3476 1411 2807 2807 2807 3604 2507 2507 2507 2507 2507 2507 2507 3782 2754 4733 3085 2560 1527 2753 2086 1380 2500 2500 4726 3632 2500 4738 2500 2028 1135 3211 1817 2500 2862 1504 3277 1776 4344 4859 2503 2503 2503 2503 2503 4307 3994 3994 3994 2504 2504 2236 3948 2700 2700 4573 3746 1815 2676 2676 4942 2551 3017 2309 2662 2662 4784 3308 2546 2546 366 2546 2546 3536 175 2483 2526 2526 2526 3816 2588 1185 389 2877 525 760 2877 2877 2877 2877 2877 2877 
2506 2506 2506 4666 2506 2506 3820 3476 3503 2807 2807 1068 2807 2978 1303 2507 2507 2507 1684 3719 2507 618 4972 4733 795 2560 15 2560 2560 4810 2500 3478 684 2500 2500 2500 2500 2500 4630 1721 1171 2500 4712 2500 25 1871 4469 2503 2503 2503 2503 2553 3333 1948 3994 3994 4679 2504 527 2686 2686 4267 2387 3033 3033 856 2676 2676 4616 2551 3930 3679 3492 2456 2546 2546 2546 1723 4837 2546 802 852 1577 2483 2304 2526 2526 4534 382 2440 816 2877 2877 2877 2877 4255 2877 2877 2877 2476 
111 4557 2506 789 1753 2506 823 3476 3476 2807 2438 2807 3446 2807 2807 3986 4665 2507 2507 2507 2005 3274 3274 1456 432 2560 2560 2560 2560 2560 2560 3860 3438 2500 2500 4240 4744 2500 2500 2500 2500 2500 2500 2500 2099 4243 2500 2944 2383 2503 2503 1022 2811 2811 2265 3994 1439 2504 2686 2686 3435 4471 3033 3033 4062 3507 2676 392 1412 1163 3679 3679 408 3496 2239 2546 2546 2546 2546 2743 2743 1472 2749 82 1890 1910 2526 2526 2526 2440 2933 2877 3109 3191 2877 1220 3450 2877 2877 88 
3096 2506 2506 2506 2506 2506 3323 4559 2807 2807 2807 2807 3693 2807 1546 2717 2572 2572 1065 2507 2074 3274 3360 738 3885 540 3421 2589 2560 4662 1063 1151 2500 2500 2500 2500 4687 159 2500 3575 576 2500 2500 390 2500 2500 2500 2500 2201 2503 1780 4327 2811 2811 2811 4577 336 762 4748 2686 2686 2686 3033 3033 3033 1090 2676 2676 1844 557 4388 1691 3496 3496 1565 1840 2701 2546 2546 2546 1617 385 2749 2749 2749 2749 3265 2526 2313 2492 2492 2368 2877 2877 2877 1744 404 4059 2877 2877 
3096 804 2506 4041 1700 358 4328 3332 3871 2807 2856 2807 1600 2807 4674 1784 2572 2572 2572 1032 2872 4254 1074 3885 3885 3371 2589 2589 2494 2500 2500 2500 2334 559 3402 2500 4288 1665 4385 2500 2500 1509 3021 2500 2500 2500 2500 3257 2320 641 65 2785 4176 810 3343 437 3671 2144 4748 1492 2686 2686 4523 3033 3033 3033 3788 4596 3738 4771 2238 4615 4615 2546 2546 2546 2546 2546 2770 2546 2546 2546 1787 2749 2749 4411 1179 2176 2436 963 901 2877 1523 2877 2877 1886 3451 3451 302 4739 
3096 1283 3491 4445 2636 2536 2536 3332 2536 1177 4709 2807 2807 2807 2809 2797 2572 4788 2422 1532 2872 2872 4357 1110 3143 2589 2589 2589 4174 987 2500 2500 2448 2500 2500 2500 2500 2500 2500 2500 328 469 2500 2500 2500 2500 2500 781 2785 2785 2785 2785 3490 3490 4143 2508 2508 2508 657 4340 2431 3879 3033 3033 4394 1116 3738 3738 3738 3738 2824 4969 2509 4115 2546 4885 2546 2546 2546 2546 1586 3112 2749 2749 228 4851 755 4201 2252 2462 2315 2877 2877 2877 2877 1395 3734 1606 2744 2744 
2126 3491 3491 4797 1854 4465 2536 2536 2536 3748 4869 702 3212 3248 2572 2572 2572 3201 2872 2872 2872 792 2872 2872 4434 2083 3926 4106 2751 2751 2500 2500 2500 2500 2500 3635 2500 2609 1938 2500 2500 727 2500 315 2500 1803 1761 2151 532 2785 2785 2907 2508 906 4611 2508 2508 4794 1044 4340 4940 3517 2325 1570 912 1747 3738 3738 3738 681 2509 844 2509 572 1062 2769 2546 4095 2459 1070 3318 4494 2398 3875 2349 4765 1552 375 2779 2462 4259 4786 2877 4486 573 2844 2482 2744 2744 2744 
1632 3491 3724 2062 857 2536 2536 1319 1160 3920 2808 2808 2912 2912 327 4705 2572 2146 2872 2872 253 2872 2872 2872 183 2539 2539 2199 4180 396 2500 2500 801 1653 3080 1392 2500 2500 2500 3480 2500 2500 2082 1071 2500 2500 2500 2500 1457 2287 4342 2281 2508 2508 2508 2508 2508 2508 1375 4340 3517 3517 286 2935 2935 3824 3738 3738 24 2509 2509 2509 2509 2509 4367 2509 4370 788 2459 1802 3318 2909 2909 71 1779 1834 2779 2779 2779 2779 2779 2779 1294 1677 3677 483 2903 2903 2744 91 
3234 4197 3678 2737 1637 2536 2536 2536 2536 2536 184 296 1937 728 2572 2572 2572 4184 3022 2872 2872 2872 2054 4354 2539 2539 3954 4800 2928 1061 1853 2500 2500 1379 3080 1414 2500 2500 2500 2500 2500 2500 3787 2041 2500 512 2500 2500 1826 2500 2156 2843 2489 2508 3652 4610 2508 2508 2388 3517 3517 3517 3517 4925 2935 1679 1314 2470 3553 1251 2509 3024 288 2509 2509 2509 1807 2650 1036 4548 2909 2909 2300 3334 3334 4277 2779 2779 388 1633 694 2779 2779 4359 3456 2903 2903 4232 2744 2744 
3234 403 2607 2607 2087 2536 2536 2367 2536 2536 2536 2536 2536 1660 2572 462 2572 4880 3022 4280 1190 2872 2872 141 2539 875 3877 3030 786 2500 2500 2500 2945 1852 165 3740 2500 2500 2500 4369 2500 2500 2500 2500 3053 4353 2500 2500 2500 2500 1957 2843 3384 2508 2508 311 2508 3517 3517 3517 1285 3517 896 806 2935 1141 890 62 3553 2509 2509 1430 2750 2509 63 2509 2509 3981 921 2909 2909 1180 1631 4635 3334 3682 2779 1750 2616 851 1707 1707 4404 2771 2627 3728 4495 2744 2744 2744 
3234 3952 2607 2664 4387 1025 970 2536 2536 1266 2237 123 2536 4779 2572 4565 275 1593 1880 3835 2872 2872 2872 2872 1762 2500 1612 2500 2500 2500 3614 1028 2712 2712 2012 2712 4992 2500 2500 2500 42 2500 2500 861 2500 1581 2500 2011 2500 2500 2500 2756 417 2508 2508 2508 2031 2508 2073 4567 4129 1277 2935 2935 2935 2223 2509 2509 2509 2509 2185 1196 4844 2652 617 2509 2509 2509 2509 3910 2909 2460 4625 4514 4607 2591 1933 2616 2616 474 724 2616 1648 306 2627 981 2744 2744 4015 2744 
3234 3234 2607 2536 2536 2536 2536 2536 3338 2536 2536 2536 2536 3331 2572 2572 2572 2572 4205 2996 3934 4001 2872 2872 264 2500 2500 2500 2500 2500 1339 2712 2712 2712 2712 2712 2500 2500 2500 2500 4089 1225 2500 2500 2500 2500 2500 2500 2500 4503 665 2500 2500 2261 2508 2508 2508 2508 3181 1230 4129 4129 555 3573 2935 2409 399 2509 2509 289 1921 2509 2509 4970 2509 2509 134 2509 1705 3910 4167 2509 2509 2509 2509 2591 2509 70 2616 2914 1978 2616 2616 4091 2627 2627 4247 2744 3892 1669 
460 3234 225 2536 4364 739 2536 2257 2536 2536 2536 3243 1879 2536 4140 2572 4507 2572 112 2996 3576 1120 524 2290 2948 3706 2500 3448 3276 541 2747 590 2712 1140 2243 2500 2500 2500 2463 262 2500 2500 2500 4063 2500 2500 2500 1043 3804 2500 2500 2500 2027 2508 2508 2508 2508 1576 2192 1893 4129 667 3573 3573 1813 2892 3357 1024 2509 2509 2509 2678 2509 2509 1997 2288 2509 2509 259 2401 4087 4087 2509 4828 2614 2509 2509 4876 2616 2616 2616 121 2616 821 2627 1991 1709 2744 4270 3741 
2918 1742 2710 2710 2710 1968 1839 2536 2536 3861 2536 2536 2536 2536 1743 4981 3246 2572 3173 3408 2836 4796 1129 3696 2948 298 2500 1371 2747 2747 2747 2747 284 3891 610 2500 2500 4756 3909 2674 2674 1382 3449 1102 2500 2500 2500 2500 2500 716 2500 1279 2027 870 2508 2039 877 1979 2159 3623 4129 2067 4437 1449 2892 2892 2892 2846 2863 2509 2509 2509 4207 2509 2509 2509 3547 2509 2509 2509 1923 2509 2509 2509 2509 2509 1310 2509 4663 2616 2616 2616 2616 457 2627 2627 2627 1829 521 2762 
2918 982 2710 2710 2710 2358 2536 2536 1385 2536 1925 3131 2536 2536 1861 730 3389 2572 3602 2836 2836 2836 2579 2579 2579 4883 232 842 268 4145 2747 3823 3014 3014 703 3946 2500 2500 1013 2381 2500 3411 2500 2500 2500 1188 2500 543 2500 2500 2500 2013 1139 1309 2508 2508 3494 2509 2131 4725 2509 2509 2657 4315 2892 3038 3359 2846 3601 2509 2509 1301 2509 3558 599 2509 3626 4555 2509 2509 2509 2509 1911 3361 1785 2509 2509 2509 2509 1009 2616 2616 2616 4755 1378 4706 2627 1625 4865 2762 
2710 2710 2710 3098 1528 2536 2536 2536 2536 2536 4007 3131 3271 2536 2536 3093 3093 3722 2502 1866 1272 2579 2579 2579 556 2579 4659 337 4579 4145 1346 790 3014 1268 455 3946 61 2500 2500 2500 2500 4273 1049 2500 2066 808 2500 2092 2500 4901 2500 1804 2853 2853 545 3225 2509 2509 2509 1114 2509 4602 2509 1337 438 2910 2910 3174 2509 2509 2509 2509 2509 1962 2509 2509 2509 2509 4711 2509 1719 207 3361 3361 4613 1057 2509 4453 139 2616 2986 7 2616 2616 2616 3608 2627 2627 4887 805 
2710 2710 1219 1059 2536 2536 3311 2536 2536 1299 1814 2429 2536 2536 2536 4617 2032 3722 4714 2545 1542 2579 2579 2579 2631 2579 1619 2579 2579 257 2579 2579 2579 523 425 923 2523 2523 2500 3406 2500 2500 2500 1892 2748 3120 2500 2500 308 4467 2500 2500 1437 2853 3843 79 2509 26 2509 2509 2509 2509 2509 3042 4 928 2910 535 3508 2116 2133 3904 2509 1661 2509 2317 2509 2509 2509 2509 4318 1410 3372 4263 2525 2878 127 2525 2525 2616 2887 2887 4269 2616 2616 2616 729 3385 4866 2665 
3942 2710 1868 2536 2536 2536 2536 2536 4641 2963 2963 2963 2536 3358 2536 1650 2242 4648 3158 2545 2181 2817 1011 2579 2579 2579 2579 2579 2742 911 2579 3876 2579 2579 1073 2523 2523 2523 4993 2500 2500 2500 2500 2500 2837 2214 2500 1018 3514 3514 2500 1549 4563 1965 3843 4067 668 2509 2509 2509 2509 2420 2509 2509 4323 4066 4066 2001 199 2509 2509 1951 2509 2509 3845 3845 4202 3563 2509 3774 2509 992 2966 725 2525 2525 2525 2525 3599 2616 2616 1275 2616 2616 2616 2616 2616 4188 2665 2665 
213 3676 2536 4857 2536 2536 2536 1097 2611 237 1056 2816 3727 2688 2000 4181 3666 3666 2545 2545 2545 2545 4057 1876 2579 2579 2579 2579 2579 2579 2579 2579 2579 2867 4985 4004 2523 2855 1359 2500 2500 2925 355 2500 2500 2861 2500 3900 34 3514 2134 4563 4563 4563 1329 3708 3541 1438 2840 2509 248 4971 2509 2375 4323 4704 584 4678 2567 2509 569 2509 2509 2685 4539 1331 2509 3664 2509 3895 2509 332 2966 2283 2525 2166 2585 3854 2616 2616 2616 2616 2616 2616 1818 4055 2616 686 2665 2665 
3669 2536 2536 2536 2536 3088 3399 260 2611 2611 2611 2816 2688 2688 4961 2688 1624 2545 2545 3414 4976 2385 3610 3610 3610 2579 3041 4552 2579 4287 4085 820 3522 1568 3235 3235 414 2855 2449 3723 370 2925 2136 4591 2500 2337 2500 2613 2613 2457 4563 4563 2038 4910 2739 2509 3541 2509 2509 2509 2509 2509 2509 1066 2109 768 3141 644 2509 2509 2509 2509 3799 2509 872 671 2509 2509 2509 2509 2509 1461 2966 3417 2525 2525 1981 239 4442 2616 2616 1767 4835 2616 2616 2616 1798 2641 2641 2421 
614 2536 1254 2536 2691 2611 2611 2611 2611 2611 3649 2816 1174 2688 2688 2688 1791 2545 2545 2545 2545 2274 2260 3610 3838 2579 2579 2964 4002 3761 67 1810 2332 1383 3235 677 2382 2382 2925 2925 2925 2925 3533 3108 1689 2500 2500 3081 2613 160 4563 1289 2864 2864 3786 2509 2509 2509 2182 2509 3087 2509 4808 2509 2509 3595 3141 2509 3122 2509 3805 2509 2509 2509 2587 2509 43 2509 2509 2509 2509 1763 4361 1113 2525 2153 785 493 2525 1950 4528 2525 3745 1330 2616 2616 2641 2641 2641 2641 
2364 2536 2788 2469 2558 3479 2611 1241 718 3026 4380 4461 2688 2688 2688 1824 2545 2545 2545 2545 1796 4518 3610 3610 3610 4276 2579 1488 488 3761 4122 3235 3235 3235 3235 4960 976 3658 3658 2925 3382 338 2500 2500 2500 2500 2500 2500 293 2454 2864 2864 2864 3685 2135 4881 3993 2509 2117 2509 2427 2509 2509 4071 2509 663 2411 2509 2509 2509 3068 2509 3813 2509 2509 2509 4727 3651 3366 4516 2509 4424 2352 2179 2525 2525 2525 1514 2525 2525 2525 2525 615 1133 2616 4840 2641 3116 4175 18 
2536 2536 3600 2860 2558 2558 830 3797 1645 2555 1644 2555 3413 2706 3258 2545 2545 2545 188 2545 2545 1575 847 3610 3610 484 591 3235 3235 3761 1878 4640 3235 3235 3235 3235 3235 3972 2575 3701 867 1497 4773 2500 2500 3762 2500 2864 2864 2864 2864 865 2864 2864 2864 752 2983 2509 3534 3353 3660 4945 2509 2509 2509 2509 2509 2509 1540 1984 2221 2509 2509 2509 1756 2509 2509 2509 2509 2509 2509 2509 2675 2675 89 2496 2525 2525 2525 2525 2525 631 150 845 1470 4767 4767 3207 996 1956 
1035 2536 2536 1292 2558 2558 2558 3797 2555 2555 2555 2555 17 2545 2545 2545 1320 2545 1567 2189 2545 2545 4537 2024 2 2545 2545 653 3235 3235 3235 322 3235 3958 931 3235 1213 2624 2575 1945 3373 3028 129 2500 2115 1054 2500 3310 1553 2864 2864 2864 2341 2864 147 4680 2557 4763 3714 2094 2802 278 367 2509 4593 2714 1453 2509 4423 2873 913 2509 2619 3471 2509 1152 2509 2509 828 518 3426 643 2675 1389 2525 2525 2139 2525 2374 4529 2525 2525 2525 2525 2525 902 3027 3027 1069 4162 
2536 2536 650 2558 2558 2558 2558 720 2555 2555 3484 4169 4127 2336 3000 234 3157 2545 2545 1295 2545 2723 4848 2854 2545 3164 2545 2545 345 57 3235 1067 4102 3235 3235 3235 1023 2533 1136 4148 2733 3028 2500 2500 2500 2500 2500 2500 2500 2955 37 2376 1431 4346 1856 2680 2557 2802 2802 2802 2802 2802 1235 376 2634 2634 2634 2873 2873 2873 216 2161 2509 2509 2509 2509 2509 2509 2690 2370 3245 2525 2923 2525 2525 2525 2525 2525 2525 4472 1506 2525 2525 2525 2321 3027 3027 3027 3027 3520 
4076 2536 4913 448 2558 817 2558 2558 876 2555 2555 2555 2555 836 2555 2555 1894 2545 2545 2545 2545 2545 2906 4963 2545 2545 2545 3825 1381 3235 3235 3235 3235 3235 3235 3235 1101 2533 16 3817 3817 2500 2500 2586 1973 919 2500 1360 2500 2500 2500 2441 4334 2647 1302 2262 2557 932 3524 1768 4151 2802 4509 941 363 2634 226 2634 4208 1557 3092 3486 2509 2509 2509 2297 3249 710 2097 3648 1364 2525 2525 1741 2525 480 2886 4092 4454 2525 2255 3273 1328 2525 4416 3636 3027 3027 3027 3027 
4822 2536 4449 1930 2558 2558 860 1296 3477 3163 2555 4429 2555 2555 3073 2555 1608 4086 2793 2545 2406 600 117 2545 2545 2545 3751 3751 660 814 647 4351 818 4005 2149 3235 1602 4386 3858 606 2500 2500 2500 750 2500 2069 2500 2500 2061 2034 273 4492 4492 2647 2647 125 2557 4088 2561 194 4151 2335 2634 936 2634 2634 2634 2634 589 3896 3092 4570 2509 1207 4827 2622 1857 2053 3648 3648 4745 2525 4624 2525 2525 2525 2635 2525 2525 2525 2525 989 2524 2400 3236 2347 3027 3027 3027 3027 
4040 3633 2601 2601 1058 3874 3363 3363 4274 4947 2555 2555 1199 2555 2555 2555 2555 3916 2545 2545 4045 2545 2545 2545 4478 2545 2545 1507 2563 410 2563 2563 2563 4951 2847 2169 2960 2960 2960 2833 2500 4722 2500 3437 2500 2500 2500 2500 2642 2642 3410 4882 4299 2794 2647 2557 2557 3168 2561 4211 2046 3644 2634 2634 22 2634 180 2634 4732 2634 198 3743 2509 2509 809 2622 3596 3279 3279 4395 2525 2525 2525 2525 2525 2525 54 2525 472 4331 2525 2525 1144 711 3236 3027 3027 4742 3180 3852 
2601 3224 2601 2601 2601 2601 4450 3363 3363 2555 2555 2555 4764 2555 2555 2555 1987 2545 2545 577 86 2545 187 4671 2699 4286 2060 2563 2563 2563 2563 843 4898 692 1652 3779 2960 2960 4792 2500 2500 2500 2500 2240 2500 2500 1341 2500 4637 4105 2500 4436 2500 798 2557 2557 3216 3266 4121 2499 2634 2634 2634 2721 597 2634 2634 2634 2634 2634 2634 481 2509 886 4014 2622 2622 2622 3523 593 4147 2525 2245 4130 2356 2525 2525 2525 2525 2525 1195 759 3445 3236 3236 1167 3027 3027 3027 3027 
2601 2601 2601 4661 2601 3020 3020 984 334 2555 2555 1885 136 406 2555 550 2037 2545 2545 2545 1366 2545 4410 4820 3815 3902 1172 2563 1290 2563 3330 1432 4560 128 3416 3416 1193 2248 294 359 4421 3583 1034 2548 2548 3113 1774 2500 2500 1656 2500 2500 2500 2500 4314 4758 2634 2634 2634 2634 2634 4229 879 3639 2634 2634 3687 4297 2634 2994 3656 3350 318 2672 2047 2622 2622 4124 2622 2622 2622 1121 2525 2525 2229 2525 347 2525 2525 772 1928 3214 544 413 3404 3404 2186 3027 3027 2213 
2249 2601 2601 2601 2601 307 1881 3975 3975 3975 2555 2555 2555 2555 1325 2555 1896 4943 2545 2545 2545 2545 1716 2608 2608 2608 574 235 1616 149 2545 2545 2545 4936 3416 3416 3416 1757 2547 3101 3625 986 4730 3069 2548 4126 2500 2500 2500 2500 2500 2500 2500 2500 1421 1137 1929 2634 2634 783 3177 2916 3535 3327 2634 3388 2634 2634 2634 2634 1604 2672 2672 2672 797 2622 2622 2622 2622 994 2759 815 2525 2525 2525 2525 2525 2525 2525 2525 3577 3214 1783 4584 224 1176 3027 3027 1317 2213 
261 2601 2601 719 2601 2601 53 3975 265 2555 4603 2555 2445 2555 191 2555 2555 757 2545 1224 3899 2545 2545 3302 2545 1211 2545 2545 1616 2545 2545 2545 473 4868 3416 3416 3416 2692 2547 2547 2547 2547 2547 2547 1873 1358 4110 2500 2500 1627 744 4109 2500 1603 2473 3832 4077 2634 4979 4979 2147 4505 1182 2634 2634 2634 2634 2634 630 628 2634 2672 3217 58 240 1217 2622 649 4658 2759 2759 4568 1008 2525 1242 2525 1905 2525 4821 602 3214 3214 3464 3027 3027 3027 3027 3027 3027 2202 
479 3161 2601 3917 2601 2601 1959 4802 2555 2555 2555 2555 3833 4488 1259 2555 2555 4824 2545 3043 1079 1189 2545 2545 2545 2545 2545 3424 4403 2545 2545 4994 2670 2670 4871 3416 3530 4734 2113 1214 770 2547 2547 2547 2547 1468 2547 4582 1522 1589 4998 4809 2500 2500 3832 3832 1493 2634 3 446 2164 3179 2634 2634 2634 2634 2634 2634 2634 2634 2634 2634 2634 4283 1985 2529 747 1454 742 709 3152 4325 1212 1186 2525 2525 1654 2957 2957 4155 3214 3585 3464 227 3027 3027 3027 3027 1915 531 
3995 303 1045 2601 2601 2601 922 2601 2555 2630 2555 1596 2555 2555 2555 2555 1373 1348 2545 1971 2827 3987 2545 1735 4551 2545 2545 2545 2545 2545 2545 4623 2670 2670 1479 3416 1851 2547 2547 2547 2547 2547 2547 3732 2414 2547 2547 1150 2547 2547 2547 4858 2500 2500 2500 2378 2634 2634 743 2634 2634 2634 2634 869 489 3023 3375 2634 2355 2634 2634 2634 2634 2988 2529 2529 2529 1454 3850 1941 3152 3152 949 975 2525 1907 2687 2687 1855 3908 917 2006 4699 2104 3953 652 157 1387 2559 904 
2601 2601 2601 2601 4581 2601 2601 2601 717 2555 2555 2555 2555 1055 2555 468 2746 2515 3227 2827 2827 2827 2545 2545 2545 2545 4128 2545 4500 2392 4605 2670 2670 2670 2670 1197 881 3887 1208 2547 2547 2547 2547 2547 2547 2547 2547 2547 2547 2547 3436 2500 2500 1427 3178 1505 2634 2634 2634 2634 4374 2634 2634 2634 2634 1816 3439 2634 863 2814 2228 2634 4650 1904 2529 1860 874 1077 696 2307 3152 4272 4589 2525 2525 2197 2687 2687 4144 3908 3908 3908 3908 4511 3908 3908 113 767 2559 2559 
309 2601 2601 1352 2601 2601 4131 2997 2555 2555 4358 2555 506 3510 1132 2515 2515 2515 2515 4281 2827 4841 4476 3918 2545 2545 2545 6 2670 2670 2670 2670 2670 4384 90 2565 2565 2946 3255 3866 2547 4519 3048 3459 176 2547 2590 1864 2552 4980 3244 2500 2500 2500 2500 2500 3106 2634 2423 4415 4435 2171 2795 2634 494 3247 2634 1356 892 2814 1947 2646 2529 2529 2529 2529 2529 2319 4933 1837 4064 4621 2655 2525 2525 571 2687 811 4144 4894 1099 3908 3908 3908 3908 746 2559 2559 131 2559 
4083 1440 2036 3148 3317 2105 2555 4934 2555 2555 4375 2230 3238 3510 2515 2515 3790 3525 2515 972 2827 2827 2827 3428 2545 2545 2545 2545 680 2480 2670 2967 2670 2670 2670 2697 2565 2565 2565 3067 533 2565 2565 2565 2310 2547 2547 3063 2552 2552 3232 2623 2500 443 465 419 625 2634 655 2535 2535 2344 1386 2634 2634 2634 2634 2634 2634 1402 2529 3700 2529 2529 2030 3663 2913 2529 4719 2529 2529 2529 2275 1640 2525 143 238 4144 4144 2329 2329 595 4413 3908 4856 3766 2559 2559 2559 2559 
3148 3148 3148 3148 2555 1898 2555 2555 2555 2555 3171 2555 2555 4081 2515 2515 2515 2217 3172 2952 2827 2976 619 2545 2545 2545 2545 3873 3873 4929 2965 4989 2670 1033 2670 2670 2565 2565 700 997 2565 2565 2565 2565 2565 2974 3989 1874 621 4289 1119 2584 4365 2584 2584 2584 2584 1643 2535 2535 3808 4192 1083 2634 1999 2882 1701 1353 4218 2529 2529 2529 2529 2529 2529 2529 2529 2529 2529 2529 2529 4101 2525 2525 2525 2605 659 2353 2187 920 1046 4431 3908 3908 766 2559 2559 2559 3008 2160 
3148 4322 3165 2656 2555 2555 2888 2555 2555 2555 2555 2555 2555 2555 3834 405 1221 3172 3172 2256 2396 2976 2976 4080 2545 3611 2766 2992 1843 2958 2875 2875 4646 3114 287 2434 2565 2565 4400 2565 2565 4368 2565 1560 4264 2584 2709 1696 362 4186 2584 2584 2584 2584 41 2584 509 3821 2535 1545 1662 2634 2634 2634 4008 748 2529 2529 2529 2529 1819 2529 2529 2529 467 971 2529 2529 2529 974 4604 3798 4381 2525 2525 4578 4311 2792 2792 2792 1789 3827 1672 3908 3791 858 2559 2559 2559 2559 
1469 2048 1354 2318 2555 2555 2555 2555 2555 2555 466 3785 2555 451 3267 3267 4595 3172 3172 3603 4031 4278 1988 2183 3853 3499 2200 1591 1184 705 2875 1621 2565 2565 3052 2565 2565 846 395 4811 2565 281 1270 2584 2584 2584 2584 1671 2584 3729 220 4546 1605 170 4776 2584 2584 1037 2535 4506 2535 2535 880 2634 2941 1935 2529 1157 2529 2529 1384 4009 1335 2529 2529 4512 2529 2570 2529 2529 2529 3756 2940 3190 4878 4446 2792 2792 2792 3998 324 2984 2984 3791 3791 4027 2559 2559 2559 2559 
2786 2786 2786 2786 1269 163 2555 841 1615 1980 3574 2555 2555 186 4481 3267 3267 3683 1248 2330 2606 2606 2606 1688 2606 3499 2120 3074 2875 2875 2875 1859 2565 2565 4033 2565 2565 2565 2565 2565 2565 2565 2565 3483 4210 2584 2584 2584 2584 2584 2584 2584 2584 4432 2584 2584 2584 3442 2535 2535 2535 2535 2535 168 2653 3770 3071 1931 2128 4723 3532 3532 3617 2529 3250 2529 2529 3739 2529 1715 486 4917 2940 4693 2979 4673 672 2792 4337 1490 60 4407 3200 3394 1503 3721 522 2559 2559 834 
4189 4132 4079 2786 2786 189 2555 3990 3186 2555 2555 2555 3298 1274 3204 3801 3267 1964 2606 2606 2606 3539 2606 2606 2606 2606 765 3074 3304 158 2875 3675 616 2565 2565 2565 2397 4938 1388 1260 3511 2291 908 2303 840 961 1004 349 2584 2584 2584 3319 2584 2584 2584 4194 1305 1812 2535 3119 214 853 2535 3306 2653 3405 2834 2834 2834 2834 2834 1122 2529 2529 2529 3988 2529 3978 3560 2850 2940 2940 2940 1178 734 2529 4891 4634 2529 2529 2529 2529 2529 4520 1998 3721 924 196 2559 1123 
2786 2786 2786 2786 4542 3433 32 3588 1338 2555 918 1014 4003 4043 3204 1031 3758 1087 2606 1739 1887 1614 3083 2606 3036 1792 144 1483 3304 2052 2565 2565 2565 2565 2565 2565 2565 2565 2565 2654 2654 1262 386 3221 3221 1572 3753 2584 2584 2584 2584 4166 1313 2584 1451 4108 1703 2535 2535 2535 2535 2535 2535 255 2653 4541 2390 3638 2834 548 1955 2529 2529 2137 2529 1629 2529 2285 1051 4044 2857 4521 164 2596 3128 2529 2529 2529 3441 2529 2529 3938 2529 2529 3018 3721 2719 2719 2306 2531 
689 2786 106 1173 4982 3433 3300 3588 3300 4806 2775 2775 2775 1740 2519 2519 2519 4295 2606 2606 819 3512 784 2606 2606 2263 2475 2677 1399 2835 2565 2565 1091 2565 2565 670 3781 2565 2565 2565 354 3444 1017 2394 369 2584 2584 2584 442 2584 4150 4150 1095 2057 2535 2535 2535 2535 1169 3894 2535 588 2653 2653 2653 4886 1304 3549 2305 3467 3692 4226 2018 1903 2477 2529 2529 4513 2857 2857 2857 2498 2596 2596 2529 2529 2529 990 2529 2529 3969 2574 4035 2529 2582 4986 1599 4284 115 2531 
4532 4532 3653 1039 938 3300 3300 3300 3300 3705 2578 1147 2056 2519 2519 2519 2519 1111 2606 3493 3947 3512 2565 651 254 626 2565 2677 4310 36 2565 2565 1708 2565 2565 2565 4554 2565 1863 991 2702 3444 31 4241 4241 326 2696 3609 2584 2584 424 4751 2535 2535 2535 2535 2535 120 2708 2708 2535 4439 1108 2653 3549 3549 3549 3549 2412 2538 2538 4598 3643 3643 988 1597 2529 1367 2857 2857 1994 2529 714 2529 1256 1693 2529 2529 2529 4892 2574 2574 2574 510 2582 2582 2582 2651 1670 2227 
693 3736 3653 1030 10 3300 1584 3300 3300 2578 2578 4177 514 2519 2519 761 2716 2716 4296 2565 2565 2565 2565 1002 4060 2565 2565 2565 3270 3422 2565 2565 2565 2565 2757 2565 85 1005 1748 3468 2702 1766 3976 1482 4241 4759 2598 1620 3631 565 2535 2535 2535 2535 2535 2535 2535 2535 4261 4668 2535 4168 2148 2653 1226 4686 1533 1926 2538 2538 2538 4097 3643 753 2529 2529 2529 2529 2857 4743 2529 2529 2529 2529 2529 2529 2529 2529 2079 3659 3368 3881 707 3440 2582 2582 2582 3077 2915 2915 
530 3287 3653 3653 3653 331 4812 3985 3139 3139 2578 2578 4010 3337 4477 4893 3447 2716 2899 2565 2565 2904 2565 2565 2565 2565 4021 2565 2565 2565 2565 2002 2090 4911 2757 2277 3252 1396 1748 182 2702 2702 211 2598 2598 2598 2598 2598 2598 2598 4030 1076 2218 1977 642 2535 4545 2535 2535 344 2535 2704 1404 4262 4262 1914 2535 1162 2538 2538 2538 2538 2070 2529 2529 2529 2529 4099 2529 2529 2529 2529 12 2529 3846 200 2529 2529 2233 135 4120 1344 1562 701 2582 2582 2582 335 4212 2915 
4958 3287 3287 3996 1846 1239 3686 3686 749 2578 2578 2578 2578 3346 2796 2796 4096 854 2565 2565 2565 1428 2565 1782 4724 2565 999 2898 2565 2939 1323 3540 983 1145 304 2702 563 3094 948 2702 2702 1232 4292 108 3369 2150 2598 4440 39 3867 2354 3348 3348 426 4975 968 2535 4020 3622 2535 2535 2535 2535 4638 1408 2764 2535 2535 1253 2538 2538 2491 1286 2529 585 4843 2529 1558 2529 2529 862 2529 1106 2529 269 2529 2529 1535 2684 3203 927 3903 1562 4000 4000 161 2711 2711 2711 1441 
3287 3287 3287 3287 3606 1297 4332 3686 2578 2578 2578 2578 4257 4114 2796 2796 2796 2796 4468 2565 2565 2565 2298 3889 3889 2565 2450 4667 2565 2831 2831 3540 2702 2702 2702 2702 2702 3094 2702 2702 2702 2282 3913 3913 2253 2598 2598 4549 4480 2535 604 3348 3348 4846 4113 2535 2535 4569 4770 2535 2535 2535 2738 4790 2535 2535 2535 3260 1148 2538 2538 2505 3657 4265 2529 2529 2529 2529 2529 2568 3552 2529 1487 2529 2529 4227 3581 915 2684 2015 2017 2193 2145 1513 3086 3086 4695 4826 4861 1050 
4902 3287 3473 1512 3606 3606 1713 2902 2902 4999 2578 1561 4257 1967 4785 2796 2796 2796 1448 2439 2565 4335 3407 2442 222 247 2050 3144 1098 2831 3095 3059 4873 2702 2702 2702 3472 2702 2702 995 2702 83 8 1986 1029 2598 3831 2535 2535 2535 4959 2345 517 4964 4249 2535 2535 2535 2535 2535 3991 2535 2535 2535 596 2535 1012 2538 2538 2538 4536 4329 3657 587 1989 3403 2529 2529 4499 2065 2529 2529 2529 2529 3354 107 2163 4877 2684 2684 2684 2684 2684 2684 3111 3086 3086 1458 3167 4427 
3789 4955 3241 4664 3606 3606 3698 4356 2796 3219 1398 2796 1436 2796 2796 2796 741 3125 3089 3089 3768 87 177 3711 2075 3550 2035 3144 3878 4039 3059 3059 3059 1969 4036 2702 2702 2702 2112 1502 4926 2333 4860 4860 2598 2598 3907 2535 2535 2535 2535 2535 511 4847 4249 285 2535 2535 3974 4159 3826 1134 2447 2535 2535 2535 2124 219 3205 2538 2538 2538 575 316 721 3629 3272 2529 3452 2618 2618 793 3911 632 4053 2859 1916 2684 2684 3605 2684 3396 2684 3806 2403 3086 3086 824 4524 4427 
3789 3789 882 4601 1730 3613 791 1636 2796 1828 2796 2796 59 2885 2796 4754 162 3125 934 695 2727 2727 1664 2767 2377 3550 3550 3668 3059 3059 3059 3059 3059 3059 2702 2702 1583 2702 4956 2803 2803 4117 1209 2598 2598 2598 1899 2535 2535 2535 2535 2535 2535 2535 2484 2535 2535 2535 2535 2535 3826 4026 4026 4531 2971 2535 2535 2535 3771 2538 2538 4762 4068 4405 2534 2534 1250 1651 4907 2129 887 2859 2859 2859 2859 2859 2859 4479 3857 325 4935 4236 940 3086 3695 3380 3086 3086 4163 4995 
3789 3789 1731 103 3195 3195 4793 4366 2796 2796 2796 2796 2796 2796 2796 2796 4156 3565 3400 2727 2727 2727 2727 2767 2767 4590 4498 3059 3059 3059 529 3059 733 2702 2702 1131 2702 2702 2702 1897 4692 2702 1263 2428 2598 933 546 361 4408 1153 3275 2535 2535 2535 2535 2535 2535 4517 4298 2535 1130 2535 4246 4139 2535 2535 2535 1089 4950 1347 348 2432 4068 4491 3118 2534 2534 2534 2534 1081 4805 114 4094 2859 2859 2859 1368 3045 3045 452 1563 1924 1889 3086 4418 3086 3086 3086 3423 3423 
3789 1647 4897 4897 4897 3195 3195 3195 3195 4119 812 2796 2796 2796 2025 3702 2810 2727 2727 2727 2727 2727 3336 1020 2767 699 4498 2453 3059 3059 3059 3059 3495 4052 4216 2926 2926 2702 2702 2702 2702 2702 4391 2934 2598 2598 4836 3057 3057 3057 2490 3296 2535 2949 2535 2535 1530 2210 2535 2535 2535 2535 3192 4691 2535 2535 2535 2535 3051 3188 3188 3188 3188 3188 1706 1682 2534 2534 1001 4805 4805 3078 2859 2859 2859 833 3045 3045 2466 2466 1564 3828 1639 3086 3086 3086 3086 3086 3086 1830 
