100 100
2296 2296 2740 2993 4952 4952 889 889 4682 137 137 137 1332 258 2851 2851 2851 1769 1769 3055 4543 4543 3778 4720 1238 4614 939 939 2208 4196 4710 4710 2195 2195 3050 3050 3050 3050 3646 3646 3557 3557 3132 1720 2900 3329 3329 3329 3329 101 101 1333 1231 4636 2435 2435 2435 4157 1420 2580 2924 1218 4294 4294 1642 4657 2783 4594 2122 379 2981 3597 3597 3597 3262 340 340 340 340 4220 435 435 1888 1888 3543 3642 1888 231 93 140 78 78 3455 3455 4587 4587 1374 4048 3662 3115 
2296 2740 2740 377 4908 929 2991 2991 4682 1793 1793 1793 1332 4203 2851 1858 3259 1769 1769 1769 4543 4543 3778 373 373 373 1778 939 1538 1869 2195 2195 2195 1727 1727 3818 3818 3646 3646 4815 1117 2950 648 4348 2020 2020 2969 2969 2165 2165 267 267 2404 2404 2404 3374 3374 2362 2362 2362 3518 2244 4294 942 1642 1642 1773 4594 4012 4012 4804 3616 2517 2517 2625 2625 2625 340 2849 2849 3848 3848 855 1888 1888 1888 1888 2768 93 140 4566 4522 2268 2268 3097 4660 3162 4048 3662 203 
2296 2740 2740 2121 2121 2121 993 528 4682 1462 1462 1462 1462 4203 3280 1858 249 1019 1769 3839 4213 1264 444 444 190 190 1778 4923 1869 1869 1093 4619 878 124 124 4402 3818 3646 3646 2683 1117 1003 1003 1003 2020 1918 2969 2969 2969 2969 84 3618 3618 11 2404 598 3374 3374 1613 1613 441 441 244 942 1919 3427 1773 1773 1047 1060 1060 3616 499 499 2625 4608 1287 4728 2849 201 201 201 201 2089 1882 142 1595 2768 4093 4237 4566 3964 2268 3849 4660 4660 1822 4048 4768 203 
2296 4371 4371 4371 2121 993 993 3925 4682 4987 4966 20 3795 3280 3280 2455 249 249 4103 3839 4213 1264 360 360 3901 3037 635 635 333 333 1093 4619 208 124 430 430 3818 1732 1732 2683 903 4890 2745 2745 1918 1918 1265 4842 3556 2415 2415 4729 1777 11 2777 3383 431 431 2424 263 263 1107 3716 942 554 3427 3175 3807 138 138 3971 3616 2715 2715 2625 439 439 2081 2893 2893 201 3747 3747 1882 1882 1882 611 611 4576 4237 2119 2479 2268 3849 4660 1409 1409 4676 4142 4142 
1698 2395 3527 350 4443 411 1496 3925 3925 4580 4580 4580 4244 3280 2340 2455 4152 4152 4103 2493 4984 4984 1659 955 3037 3037 2516 2516 2951 2951 52 3065 208 2638 430 1475 2800 2800 1732 2683 4304 3457 3457 2745 1918 1918 1265 4852 2384 2384 1444 1444 1444 11 2777 4701 4347 1772 2424 4266 4829 3959 3959 942 554 554 1159 3807 3628 4217 4919 2715 2715 2626 4912 4912 2576 2081 4920 1124 4700 3747 2564 2564 4363 2798 611 2107 2107 1369 1243 450 450 4293 4293 3282 4572 4572 731 731 
3462 2395 2395 2679 2679 2679 3335 3335 3485 3485 3672 2666 2350 1407 1590 1590 962 1765 1765 2493 4689 4984 1659 2956 2956 2516 2516 3147 3568 3568 3568 4669 3914 4948 4801 1475 1668 1732 1732 3932 270 270 3457 2745 1918 5 1489 914 914 1444 1444 3066 1444 1363 950 4701 4347 1772 4600 4600 4829 3312 1201 554 554 1464 1676 1676 3628 3628 4919 1574 4721 4721 1010 4912 3242 3242 3570 779 779 2430 3137 301 1467 581 1628 2107 3709 3709 2093 905 4760 209 3084 603 603 1847 731 731 
3462 38 2395 3965 3965 2679 1821 3951 3951 2707 3672 2937 2937 3830 2348 2063 2063 3412 3412 3982 2954 2954 1872 4451 1939 1939 3397 3147 3568 3347 76 4251 3914 4948 4801 1475 1788 2180 2180 2180 4782 270 270 2745 1918 2818 3362 3362 914 1377 4535 4209 4209 1363 950 4028 4028 4028 1168 4600 4600 3256 1201 352 352 3542 3193 1676 503 736 736 1574 4609 2254 2254 2254 4599 4599 822 822 2518 2430 2077 2077 1622 2989 1628 2865 4352 1580 4502 2276 4988 209 3084 603 603 1109 3690 4927 
3462 38 3965 3965 4627 2465 2822 505 505 3429 3429 4090 4098 2308 2348 608 2063 2063 2063 4606 2954 96 3197 4761 2373 2373 2373 1252 4330 745 76 4251 775 775 4801 4717 4065 69 1300 4782 4782 4782 4782 2573 636 4688 4688 4688 4875 4875 4535 2554 4209 3189 950 3710 4028 4447 1168 1168 4600 3256 1201 1322 4527 4527 1704 930 2155 4750 736 1974 4609 4909 1842 2254 2068 669 669 822 2518 2518 2077 291 1282 3453 3453 3145 4024 4024 4502 68 485 1406 1406 3634 3321 1109 2681 2681 
4997 38 3689 1210 4627 1995 4075 1838 1459 1459 1634 4090 4098 2308 2348 608 3645 3897 447 447 3105 3717 3717 609 2373 2373 2007 1252 4330 745 76 3927 1258 775 3868 4717 4065 69 1300 1936 1936 4275 4275 2573 636 636 782 513 513 1571 4535 2554 683 4242 950 3710 2464 4447 4447 4345 387 456 428 4629 4527 1946 1704 930 570 4750 1974 1974 2852 4909 4199 3466 4530 3569 2014 822 883 2518 2077 1282 1282 637 3453 2597 4789 2790 1722 485 485 485 4414 3634 3321 1109 1109 3619 
586 2371 3689 3003 4627 4753 4075 3370 3997 1459 1634 2348 2348 2348 2348 498 99 99 1372 1372 2293 3717 4339 2363 1678 4656 2007 2022 434 434 965 3927 1258 2980 2980 4441 4065 4900 4900 1936 4690 1686 4275 2573 2573 636 4222 513 1571 1571 2813 2554 4242 4242 950 1623 1623 116 73 4345 387 456 384 384 4016 1946 3352 930 3961 3865 1974 1724 2852 1351 3160 3160 4530 3569 1237 4644 883 883 2077 827 827 637 1400 2597 4013 1170 1722 1722 1681 485 3502 3502 2170 1118 3379 3379 
586 2371 2829 2829 4753 4753 271 3370 1634 1634 1634 2348 1585 1585 1585 3324 99 97 1372 4406 3717 3717 592 2363 1678 1678 3443 2022 434 965 965 965 1598 2980 4807 4441 4900 4900 4833 1699 2417 777 4179 2573 2573 636 4222 252 1571 708 2813 2554 594 3001 3001 3001 3752 233 2346 80 387 2542 384 2932 4654 3966 1357 1749 2929 3865 353 353 1474 1351 4863 1100 1100 1100 1100 4644 3880 883 883 827 4968 4968 4968 2566 4013 1041 3465 1681 1681 1681 944 944 2643 3612 471 678 
3715 4707 3856 2829 271 271 271 3370 3548 3548 1634 1585 1585 864 3288 3538 3555 3555 1372 4406 3886 3886 3713 3103 402 402 402 2022 434 2880 4949 1598 1598 2980 4807 292 3269 3269 3269 1699 1699 2084 2084 4716 3431 3431 4222 252 690 708 2813 594 594 3001 1426 4473 3752 1362 1362 4612 218 2542 2542 4654 4654 4675 4675 2225 3126 353 353 251 1474 4825 3640 3792 1917 313 3598 4965 3880 3880 3880 2841 4968 4968 4918 2566 2566 1041 1041 2720 2359 1460 2643 2643 2643 3293 471 678 
3661 2452 2452 2829 2829 3703 3703 3703 171 2728 1649 1278 1585 2471 2471 1833 3555 1372 1372 4406 3886 3984 3299 3103 4316 4316 2970 202 434 2880 4949 2474 1996 2980 2132 895 895 895 2599 2599 4324 2812 2084 4716 1718 4946 3968 2235 690 708 1884 946 2689 3001 4473 4473 2968 1362 218 218 218 2542 3680 3680 3680 1240 2713 2713 3126 3099 4377 251 4825 4825 3640 3792 1717 2604 4965 4965 4074 1737 1737 2841 1657 4968 4918 4783 464 464 4906 2577 1480 1480 321 321 1685 1394 2091 2091 
848 4642 2286 4054 4670 4670 4490 1806 475 2728 508 1278 1284 4104 98 1833 1372 1372 4558 3886 3886 3984 3082 3326 4316 4316 2970 202 3591 4905 3564 4223 1996 3859 2132 1908 3950 4924 1942 2599 4324 310 3415 4946 4946 4946 3955 3592 3592 4182 1884 946 2689 2689 1508 169 173 173 4914 218 658 769 3226 3226 3226 1954 1954 4874 77 3099 4377 4825 4825 1566 215 364 364 2604 4965 1452 4074 3737 1737 3630 2198 2198 2198 266 464 3013 3013 2577 342 645 321 3754 3754 1394 3670 3670 
1820 166 2532 110 1559 3322 4490 3851 508 508 508 508 3196 4104 98 1833 1833 4206 4558 1318 1318 4586 3082 3326 192 4316 2970 1405 3591 2741 2741 4047 3011 3859 3859 1908 4924 4924 1942 4540 4324 4133 3415 3415 3809 3809 547 2938 1080 1080 1714 4320 1976 4178 4178 2695 2695 4914 4914 4914 787 769 3980 3294 564 564 1954 77 77 458 3104 3104 3104 1566 215 4973 3044 3551 4153 1452 2224 470 774 3031 2527 2527 3931 4135 4135 3013 1165 342 342 2972 416 416 666 666 666 2698 
1820 166 2961 2961 4279 3322 3322 3851 583 583 3844 508 3196 2838 3810 1833 4268 4206 2943 2943 998 998 3082 3326 1405 1405 1405 1405 552 1949 539 420 3859 3859 4398 4398 1229 4107 4107 4540 4872 688 1932 4464 2026 2026 2026 2938 1080 1080 4823 2620 1976 1466 947 947 4300 4300 4620 4620 4058 4058 4448 3294 2102 380 3521 3170 3170 458 458 4378 2324 1566 1760 534 3044 3551 3551 470 470 470 2158 341 3159 837 3931 3957 122 1006 1006 1361 1361 2972 2972 893 893 280 4832 3760 
2668 2668 4489 2055 2055 3474 3474 3474 2530 583 4072 2511 2511 2511 2640 1495 4268 4206 3772 4501 4501 4766 4766 4830 1405 1405 492 2023 1609 2322 539 420 726 2209 2209 30 30 4107 3935 4540 688 688 1932 1770 2040 4508 2026 4214 4214 487 582 3301 427 4957 4245 4245 2391 3070 4084 4084 2361 2271 3185 3519 4200 4200 3521 3170 3029 1695 1695 167 167 807 4628 4455 1078 1746 1746 866 2101 1734 2158 3398 2562 2562 2562 2029 2029 1006 1006 4333 1361 1158 3349 3349 280 280 4832 4777 
2668 4941 4049 1519 1519 1666 1666 2272 4258 4258 319 1808 279 433 900 461 3295 3295 4736 4736 1943 1943 4766 4772 3264 3775 3775 2226 2226 1801 3012 420 320 2209 1391 4749 30 30 3935 4540 1418 1418 1324 1324 2040 3763 1534 4034 487 487 582 3301 427 4957 4245 1848 3434 145 145 4084 4341 4341 3185 3519 2639 3884 520 520 3029 3091 4463 1138 2127 2127 2127 4455 1078 1746 1746 4493 3776 4930 1790 1550 3796 4256 1900 1900 4944 4944 1710 4333 1088 2045 4571 3378 280 2930 4832 4775 
3049 4941 504 662 1127 1127 4474 2272 2272 319 319 1343 3814 3814 4564 461 3944 4769 1370 1370 2009 1943 2889 4772 401 401 401 2226 2004 1801 3012 3012 357 2209 796 796 796 30 92 4540 4540 4540 1324 2718 910 3182 1534 487 487 3056 1582 3301 4741 155 4438 1848 3434 1501 436 1982 4639 4639 4639 1805 229 2512 520 3223 899 3091 372 2537 2537 2629 2629 4455 623 197 197 4493 838 838 48 3898 1551 1551 1900 4355 3489 715 832 2891 2891 2045 2045 14 280 537 537 2110 
2019 2019 2019 2405 1127 4474 4474 2905 3531 4853 4853 4853 4853 356 4564 461 1255 1255 1255 3607 2009 3872 2889 223 223 223 3237 3731 2004 2004 2004 1315 1315 1315 3504 2510 1913 3285 2998 2998 4540 4540 4302 4302 3182 3182 2188 2663 2663 2663 2528 3301 230 4438 4438 3667 102 102 612 1982 723 723 4639 1805 229 580 2890 3223 3223 3509 1084 2537 967 3169 2874 1027 623 979 197 1827 2003 1092 48 3590 1484 368 368 4355 985 985 985 3401 2891 1403 1975 1975 1975 537 4562 4931 
2019 3681 4006 2405 1127 4111 4111 4111 3531 4017 835 624 3526 356 909 2825 1255 3253 3253 3607 1831 1249 1249 1249 1249 1249 2076 3035 3035 1901 1901 3213 2259 1315 3504 873 4718 4718 4457 542 542 2351 2351 2351 2284 2273 75 2663 2663 2663 2528 4939 230 230 1922 2645 3515 612 612 2781 2845 2845 351 351 497 580 3364 4238 4238 3509 1084 1084 967 3637 4787 1027 623 4597 197 3313 3313 1092 3674 4834 4834 368 368 4355 2776 985 3992 2051 2612 1403 825 1975 1975 712 3135 3199 
2019 3681 2405 2405 1127 490 2791 2791 2049 4643 4338 4338 1536 356 909 2825 13 2870 2858 3607 1831 898 898 1249 1249 4798 2076 3035 3035 3035 1901 3213 2896 2896 2896 873 4718 3209 780 4290 2550 2351 3803 3803 2801 55 75 75 3283 3283 2528 2278 2278 1922 1922 794 3840 3840 174 2781 2845 2152 496 351 497 943 4466 2326 4238 3509 299 1084 4224 4224 1085 551 2726 3151 197 4484 3351 1092 3674 3674 2389 1245 3977 3977 74 148 3992 4685 1518 1794 740 740 2339 3345 1870 133 
2911 2804 2058 2058 516 4319 4319 951 2049 4643 722 722 1536 909 909 909 2778 2870 3529 3607 1831 2043 4618 4618 4215 4215 1424 1424 2279 1601 1601 1601 2896 21 4525 799 4718 3209 453 4290 1745 1745 1321 1155 3025 1906 75 601 754 2544 691 132 2278 1663 2784 1811 2426 2426 3697 398 2845 2673 2673 2673 3475 943 4466 2326 1555 4991 299 1040 4224 1085 1085 551 551 3151 197 4803 4803 1092 776 1308 1308 2521 212 4291 1072 148 3992 1658 1658 1048 1048 1048 2339 2339 4496 133 
2911 2804 2804 2058 516 1579 1579 951 2049 2569 3079 2660 1500 1500 1227 1227 3794 3529 3529 4916 243 2043 3040 3040 4215 2314 378 378 3076 282 4932 502 21 21 4419 799 4550 4234 4234 2021 916 28 295 1155 3025 4154 4154 2123 754 2544 691 691 1970 1525 2784 2426 2426 2520 398 398 3665 3811 4483 477 1340 2908 4466 2326 1555 1465 1883 1961 206 1085 1085 551 4172 314 4308 4308 3420 3420 622 1308 1161 274 109 109 2178 3559 3992 4239 1658 1658 959 2289 245 2402 2173 2173 
2247 343 343 4683 1592 3863 3863 1281 104 2569 1413 1413 1413 3529 3529 3529 3529 3529 4161 4916 4916 2043 1751 1751 1234 2314 2130 2130 2130 1511 4932 502 3184 2408 1655 4778 81 81 3979 3979 4459 500 4183 1155 3240 3240 3240 2123 397 2085 2360 3316 1970 1525 4996 2426 3973 2520 2881 2881 3811 3811 4025 1771 1771 1183 4466 3121 1555 3458 2973 4230 56 2219 2219 2219 2016 314 314 4308 957 957 622 2215 2871 274 627 627 3202 4239 4239 4239 1658 1485 1485 2216 3102 2736 4193 2042 
3812 3584 3765 3765 3129 4018 2931 2722 2722 894 560 422 422 1499 3138 4757 491 3529 977 1544 4713 859 859 859 2780 3586 3586 241 1521 2251 4932 210 3184 2408 2895 4778 9 3864 3864 2549 4118 3593 4183 3215 3215 3215 2513 3208 4138 2085 4396 3316 2828 2828 4996 151 2365 2520 2881 2008 3425 4025 4025 1934 1934 1187 1187 1016 4389 4752 1781 1781 4165 3819 4544 4225 713 713 956 4308 3263 3488 3488 2215 4160 4160 3142 627 656 4862 3587 1658 1658 1485 2216 2216 1673 4708 4193 2999 
4649 1142 1142 1021 1021 4018 409 2722 894 894 1007 422 412 1499 3780 3090 491 1326 977 2142 2142 46 46 46 1841 1841 3586 241 2413 1450 2292 3339 3339 2408 300 4583 9 2323 2323 2549 3593 3593 3481 4149 4149 4149 4497 4845 4138 4343 4396 3316 4123 3418 4996 151 2365 276 4382 4382 3572 4025 4677 1216 1934 3755 1445 3566 4462 3882 3882 634 2103 2103 2103 4225 713 713 803 3136 3136 4456 2419 2215 829 3142 3142 656 656 4862 3228 2884 3837 1972 3654 1966 3647 3647 2999 2999 
3460 3460 3460 3387 4100 4100 409 4839 4839 3594 2418 4485 412 1960 3780 4301 4813 3784 977 977 3146 46 46 46 1841 204 4458 4458 1450 1450 3320 3339 3339 1415 1415 4583 9 1476 3365 2095 3482 4799 1166 1166 4879 3641 3166 3386 1556 3222 3062 538 4123 1261 1261 1594 4515 4556 2724 2975 2481 2481 4677 2774 2774 2327 2399 94 3707 2269 2269 1736 3869 1191 2761 2761 4684 1417 803 3344 3136 4456 2419 2215 346 3142 3544 4896 3307 3307 3228 3198 3198 1972 3123 4962 2947 3647 1149 2985 
1983 1983 1181 1181 4379 2451 4839 4839 4839 3941 640 640 607 3673 3780 4301 4813 3862 977 3146 3146 2495 2495 46 204 204 633 633 633 1450 4134 1094 2671 2671 2671 2571 1697 3627 3365 2095 3482 4799 1166 381 4879 4050 126 3386 1556 1940 3062 538 4123 1350 4632 3767 1463 4592 4592 2975 2975 2379 4677 4187 937 2327 2399 1531 4731 2269 2338 1736 2765 1191 4191 4191 1417 1417 3344 3344 2096 1000 2419 2419 478 2734 2734 2734 3307 3228 3228 3198 675 95 3355 1675 2071 831 1149 2985 
1983 1983 1181 4379 4379 4379 4379 1293 1694 3941 640 1425 607 607 751 1204 758 3862 3855 3855 3146 3305 2541 40 3254 3133 3133 2927 242 4533 4134 2461 4816 4816 1786 2357 2241 3627 3962 2095 339 49 49 381 4879 1205 126 3386 1233 1940 4647 538 4123 3154 4632 3578 3757 4592 1728 2328 2628 178 1126 4187 1809 283 3328 4698 2920 2920 2338 4526 2765 1191 3893 4191 4191 4191 29 4819 2096 1000 3688 2419 1236 2760 2734 826 826 3228 3580 3198 2472 2472 3355 3355 3355 831 2184 4899 
2806 3836 3291 3291 3291 3291 2772 3928 3155 2140 3943 1164 1397 1397 2730 1204 4032 4032 2266 391 391 3367 2541 558 4547 3133 250 2927 242 2280 3624 3624 868 958 3034 2357 2357 4401 3962 463 463 421 49 381 697 1205 960 960 674 1940 4647 3134 64 2602 2602 3578 3757 1355 1728 3800 3800 1126 1126 1126 3039 2125 4399 4698 4698 445 2458 4526 1096 1096 1105 2682 620 4737 4141 4141 4141 3720 3268 1236 1236 2760 2760 1630 3303 3303 1687 3430 1376 1376 3454 3355 3064 831 2184 4899 
2806 3836 2485 1992 3110 3110 2772 3928 44 2140 3943 1164 1397 1397 515 1204 4032 2205 2266 391 1573 3367 2758 4855 2372 2372 2372 2380 2380 2615 3624 146 868 868 3615 3230 2357 3286 4781 3046 3229 4282 4282 4198 697 1205 4373 3704 3704 2174 2174 3733 64 2407 1156 3578 3578 1355 1355 4069 4069 4069 1026 3039 3039 2125 2540 839 4698 445 2458 1953 1953 1096 2295 1443 620 4697 4271 4271 3419 3419 3268 3621 3621 3725 2901 778 3936 2773 4362 4362 2270 2270 3454 1423 1667 1667 3117 3117 
1993 3963 2485 4158 4158 3110 2772 3923 2111 2832 3943 1823 1397 4460 4460 4460 4306 2205 2266 1573 1573 3500 3500 1345 4622 3281 4681 2380 2543 2543 2543 146 146 868 3615 3230 2357 2064 2108 3058 3058 3156 4282 2487 1442 172 4870 4867 4221 4655 1547 1547 2407 2407 429 2693 1473 1355 3220 3220 673 1291 1026 290 290 1733 3356 839 2633 195 1306 2206 374 2592 3127 3919 2468 4697 4082 4082 2410 3419 3231 2594 3621 4321 778 778 2731 1775 4362 4362 2658 2658 3454 1423 1667 1667 2157 2157 
4426 3963 2485 2416 4158 3923 3923 3923 1267 1267 3943 1823 1823 2044 4460 50 4306 4306 3945 4561 4561 2501 3749 3281 3281 3281 4170 2380 3390 907 2543 2543 146 868 3615 3615 2821 2064 2108 676 676 1758 1758 3072 4791 4870 4870 3290 1434 1434 1547 2879 2879 4588 429 2693 2693 1355 3220 3220 673 673 4309 290 2799 773 3516 482 195 195 195 2206 1867 1867 3127 1927 2468 4697 4697 4082 2410 2410 2594 2594 2444 1471 3940 778 925 1799 1799 2848 2658 1038 2637 1477 1667 1850 2839 2839 
1 1194 1963 2416 4317 4317 4317 3924 1267 2866 3153 3153 3153 2044 4460 1276 1276 4475 4475 4561 1327 2501 2501 3281 4747 4747 4170 4164 907 907 1422 4631 4422 2922 2922 2106 2821 2059 2059 676 676 661 4393 4393 1336 1711 1711 3290 1434 152 4977 1192 3582 3582 4696 2693 2693 1082 1481 1143 1517 969 4392 3883 2799 773 3516 4818 1754 195 553 2206 646 646 193 2942 2942 2942 4831 4831 4702 4702 4372 3554 2444 2444 4585 778 3325 1246 1246 1244 2658 1038 4884 4312 1764 964 4633 2839 
2987 3937 3392 3010 4305 566 3469 3567 685 2866 3153 4078 2478 2044 2010 3842 4061 3015 3967 3194 3194 3921 2501 3505 1486 4747 394 394 907 2072 1422 1422 4422 217 2922 2106 2059 2059 2522 2522 2331 3393 4393 2294 1336 4954 3546 3589 2600 179 179 100 4470 4696 4696 4696 272 1082 1082 330 1517 1517 2815 2729 2799 773 3888 4313 3841 3841 4854 2342 888 2203 193 3579 3579 3019 926 926 4702 3915 4372 1909 2444 4195 2897 2897 3325 3325 1626 1244 2467 1607 19 4312 4312 964 1498 2610 
3744 3744 4895 3010 3010 3735 3735 3735 3218 2866 3463 1569 2478 3718 3842 3842 4061 3015 3967 2369 3194 1726 4260 3505 568 3239 4575 394 978 2143 507 2842 3032 2106 2106 2106 4171 1690 418 2522 415 415 2167 3922 4954 4954 3546 1526 2600 179 179 764 4470 2312 4850 2621 4409 4409 3777 3777 3960 1683 1683 549 4928 3750 2232 1349 1729 1729 4574 4574 4574 2755 193 2725 3579 3513 926 3912 732 2990 2990 393 1832 4195 4195 2897 1912 1912 2299 2299 679 1607 871 871 536 536 1498 1154 
3341 2787 1455 1146 567 567 3735 1222 1222 3342 454 1569 3718 3718 1548 2497 4061 3967 3967 3967 2735 4252 4260 568 568 526 4575 4575 978 2393 4553 2842 3032 1641 305 2106 561 1690 47 2522 3905 2167 2167 3922 3922 3206 3546 1526 2600 2443 179 2204 2204 1877 4046 4046 4409 4409 2936 27 2977 246 549 549 3002 2694 2694 3620 3620 459 4703 277 277 2755 966 2725 4285 3513 562 562 1342 1342 3149 3149 1646 1638 423 423 2138 2138 3562 980 679 1104 1104 2250 536 1554 1200 2488 
1125 1446 1455 1146 3140 3140 3735 1845 3342 3342 454 1569 3718 3742 1548 2497 4235 4190 4190 3967 3967 1215 1578 519 526 526 3176 4397 4397 2393 3187 2869 3284 1641 305 2106 561 638 638 3905 3905 1042 1674 3922 935 935 4978 1526 1526 2443 2204 2204 3047 1795 1795 3730 2258 1862 2196 27 3278 3461 549 549 2080 2234 3409 1316 3620 4653 1280 1529 1920 2755 4219 4285 4285 3513 2425 119 2919 664 1990 1990 1638 1638 3764 423 850 4011 4204 2648 118 2168 1610 1610 1610 3537 3759 3759 
1125 1446 1446 3561 4420 2732 1680 1845 1845 4233 2437 1520 1520 317 1548 2497 2154 2154 2154 3309 1578 1578 1578 156 156 3183 1712 2264 4397 4051 4051 4051 3284 1433 1433 4487 561 561 3315 4019 4019 1752 1674 1611 1611 1611 2316 1202 2204 2204 2204 3047 3047 2649 954 3100 1257 2982 51 4838 3278 4037 3261 3261 2080 1435 1307 1316 2595 4653 4967 4967 1920 3470 4219 4219 4774 4774 4740 119 4715 4022 2246 1800 2172 1875 495 3829 3829 3829 4204 4425 118 2168 3822 4538 2705 2959 2959 2212 
1125 2669 2669 1112 4420 706 706 706 706 4326 4326 1075 4185 317 317 1738 1738 735 2154 3309 3309 2141 3060 2556 3847 3847 1712 2264 1128 4051 1365 3009 3939 1103 1433 3150 561 1491 1491 4817 4428 4428 33 4056 4056 4056 885 4953 2366 2366 2204 256 763 2649 954 2220 2098 4350 4350 4125 2752 4037 1416 1416 2080 1435 2551 2177 2177 2177 1175 4967 3906 3470 4990 4990 884 4444 4740 1515 2211 2211 4360 1298 1875 1875 495 698 323 3829 3829 4336 2661 2168 221 1390 1541 704 704 1635 
1125 3005 3999 2953 2446 2446 3292 3292 3292 2088 3007 23 153 3769 2386 1228 735 735 735 735 735 735 945 4042 66 1516 1712 1128 1128 4051 2917 973 973 973 4937 3150 3150 2194 1725 3699 4428 4504 4504 1849 4056 1588 1510 1053 2366 3712 3314 256 763 3075 954 2220 4350 4350 1952 1952 4915 4037 2921 3684 2080 2080 2551 0 0 2177 1702 1755 1755 1755 2782 297 884 3340 3340 3340 1447 4482 737 1895 1875 2962 1086 1086 891 579 476 2644 2168 2168 2168 1390 1541 2190 704 1835 
1419 3005 3005 4376 1539 1539 2175 2175 3292 4645 654 1478 2593 2593 2386 4849 4849 1311 1865 4073 2583 945 945 3124 4903 1516 1516 1128 4349 2823 2917 2917 3487 973 973 1902 849 849 1725 1725 2581 3251 1849 1849 2820 3929 3929 1053 2311 2311 3314 256 3381 3075 4904 2763 4231 1052 236 2302 1271 3377 312 3684 3684 3684 813 2207 0 3289 3289 3289 3870 2782 2782 297 3340 3340 1273 4023 2162 4482 2617 1895 2033 2962 4433 1086 4864 579 476 4430 2433 2433 2433 3650 407 407 1247 4173 
1429 3983 3983 3793 1539 4029 3376 3210 3054 440 2789 578 2593 639 3956 3528 3528 2603 2603 4137 2583 945 4250 4250 205 205 205 2667 4349 2823 2222 2222 3487 3497 629 3545 383 383 3297 2267 2267 3251 897 2703 2703 4038 2632 1053 3571 687 2819 3381 3381 1524 605 4231 4231 2995 236 4253 4253 2118 4626 2659 4417 813 813 2207 1223 4795 2662 2662 2662 1288 297 297 2805 1334 1273 4974 2162 4146 4146 1895 2033 2962 4433 4746 800 579 4452 4430 2433 1393 4651 1494 3783 1537 4889 4173 
1429 3983 3933 3933 3773 4029 4390 3054 3054 105 4303 3694 2514 639 639 4694 130 1543 1543 1543 4228 3130 2754 2754 3691 4921 2231 3006 4349 2823 2343 2343 3487 629 629 3726 1958 4070 3297 45 1401 3251 1587 1587 1064 756 756 3571 3571 2830 3004 3233 3233 1524 1524 400 3498 3395 329 181 2118 2118 4626 2700 2700 3970 4888 4888 1836 1836 3890 3890 1288 1288 1288 3432 3391 1692 2826 3655 3655 3655 3506 4412 2033 4735 1891 1891 800 953 953 1944 4983 4983 682 1494 3783 1537 4889 2877 
1429 4780 2506 2894 2894 4029 613 4652 371 72 4303 3694 365 4248 4248 4694 2876 1543 1759 4228 4228 3016 3016 2301 3691 2100 3006 3006 1618 1618 4510 2343 3487 3726 3726 3726 1958 952 952 45 3061 4112 3277 1587 1064 4116 4116 3571 185 185 2883 3233 4383 3501 2191 1312 1312 3395 329 2114 154 154 501 2700 4136 4922 4814 1015 4942 771 771 3890 1206 2078 2078 1825 2486 1692 1692 3655 3655 449 1198 1797 2526 4735 1115 1891 2588 3949 3949 1944 4983 3802 760 760 3783 3107 4889 4672 
2868 4780 2506 1203 1203 35 613 4652 371 1411 4303 3694 2978 3604 4248 4694 4694 1543 4228 4228 2507 3782 3782 4733 3085 1527 1527 2753 2086 1380 1380 1380 4726 3632 3632 4738 1958 2028 1135 3211 1817 2862 2862 1504 25 1776 4344 4859 2383 1022 2503 2553 4383 4307 2191 1312 3994 3395 2504 2236 3948 154 501 4573 3746 1815 1815 1015 4942 3930 3017 2309 2309 2309 4784 3308 2486 366 366 366 3536 3536 175 2483 2526 3816 3816 3816 1185 1185 389 389 525 760 760 760 760 3107 4672 4672 
2868 2868 4666 4666 1753 1753 3820 3820 3503 1411 1411 1068 2978 2978 1303 4694 4694 4665 1684 3719 2507 618 4972 4733 795 795 15 2753 2494 4810 3478 3478 684 684 3632 4738 1958 2028 4630 1721 1171 2862 4712 1504 25 1871 4469 4859 2383 1022 2503 2553 3333 1948 2191 1312 4679 3395 527 2236 3948 4267 2387 2387 856 856 856 392 4616 3930 3930 3679 3492 2456 4784 3308 2486 1723 4837 4837 802 852 1577 2483 2304 2304 2304 4534 382 1185 816 816 525 760 760 4255 4255 4255 2476 2476 
111 4557 789 789 1753 1753 823 4559 3476 1411 2438 3446 3446 2807 3986 3986 4665 4665 1065 2005 2005 3274 3274 1456 432 540 15 15 2494 2560 2560 3860 3438 684 684 4240 4744 2028 4630 1721 1171 4712 4712 1504 2099 4243 4469 2944 2383 1022 1022 1022 3333 3333 2265 4577 1439 3395 2686 2236 3435 4471 2387 2387 4062 3507 2676 392 1412 1163 1163 1163 408 2456 2239 2239 2239 2239 2546 2743 802 1472 1577 82 1890 1910 1910 2313 382 2440 2933 2933 3109 3191 1220 1220 3450 4059 4059 88 
3096 789 789 789 1700 3323 3323 4559 3871 2856 2438 3693 3693 3693 1546 2717 2717 2572 1065 1065 2074 3360 3360 738 738 540 3421 2589 2494 4662 1063 1151 3438 3438 684 4240 4687 159 4630 3575 576 1509 4712 390 4243 4243 2944 2944 2201 1780 1780 4327 2811 2811 3343 4577 336 762 4748 2236 4471 4471 3033 3033 4062 1090 1090 392 1844 557 4388 1691 1691 3496 1565 1840 2701 2239 2546 2546 1617 385 1577 82 1890 2749 3265 2313 2313 963 2492 2368 2368 2368 1220 1744 404 4059 302 88 
804 804 804 4041 1700 358 4328 4559 3871 2856 2856 3693 1600 4674 4674 1784 1784 2572 1065 1032 2074 4254 1074 738 3885 3371 3421 2589 2494 4662 4662 2334 2334 559 3402 4288 4288 1665 4385 576 576 1509 3021 4243 4243 2500 2500 3257 2320 641 65 65 4176 810 3343 437 3671 2144 4748 1492 4471 4471 4523 4523 4062 3788 3788 4596 4771 4771 2238 2238 4615 3496 1565 1565 1565 1565 2770 2770 1617 1787 1787 1787 4411 4411 1179 2176 2436 963 901 901 1523 573 1886 1886 3451 3451 302 4739 
804 1283 3491 4445 2636 2636 4328 3332 1177 1177 4709 702 702 2809 2809 2797 2797 4788 2422 1532 1532 4254 4357 1110 3143 3371 4174 4174 4174 987 2751 2334 2448 3402 3402 4288 4288 4385 4385 4385 328 469 3021 3021 3021 2500 781 781 532 65 65 3490 3490 4143 4143 4143 3671 2144 657 657 2431 3879 4523 4394 4394 1116 1116 4596 4771 3738 2824 4969 4115 4115 1565 4885 4885 4885 2770 1070 1586 3112 1787 228 228 4851 755 4201 2252 963 2315 1523 1523 573 573 1395 3734 1606 302 2744 
2126 2126 3491 4797 1854 4465 4465 1319 1177 3748 4869 702 3212 3248 2797 2797 2797 3201 3201 2872 253 792 4357 4434 4434 2083 3926 4106 4106 2751 2751 2334 3080 3080 3080 3635 3635 2609 1938 328 328 727 315 315 2041 1803 1761 2151 532 2785 2785 2907 2907 906 4611 4143 3671 4794 1044 657 4940 2325 2325 1570 912 1747 1116 24 24 681 2824 844 572 572 1062 2769 2769 4095 2459 1070 4494 4494 2398 3875 2349 4765 1552 375 2252 2462 4259 4786 1523 4486 573 2844 2482 1606 2744 2744 
1632 3724 3724 2062 857 2536 4465 1319 1160 3920 184 2808 2912 2912 327 4705 2146 2146 2872 2872 253 792 4354 4354 183 3954 2199 2199 4180 396 396 801 801 1653 3080 1392 1392 2609 1938 3480 328 727 2082 1071 2041 1803 1803 2151 1457 2287 4342 2281 2907 906 4611 4610 4610 4794 1375 4340 4940 2325 286 912 912 3824 1314 1314 24 681 844 844 288 572 4367 4370 4370 788 1802 1802 3318 4494 2398 71 1779 1834 1834 1834 388 2462 4259 4786 1294 1677 3677 483 2482 2903 2744 91 
1632 4197 3678 2737 1637 2536 4465 4465 4465 3920 184 296 1937 728 327 4705 4184 4184 3022 4280 1190 792 2054 4354 2539 3954 3954 4800 2928 1061 1853 801 1379 1379 165 1414 1414 2609 1938 3480 328 727 3787 2041 2041 512 1803 1803 1826 2156 2156 2156 2489 2508 3652 4610 4610 2388 2388 4340 2325 2325 896 4925 4925 1679 1314 2470 24 1251 844 3024 288 4367 4367 1807 1807 2650 1036 4548 2300 2300 2300 2300 3334 4277 2779 2779 388 1633 694 4359 4359 4359 3456 483 483 4232 4232 91 
403 403 2737 2737 2087 2536 4465 2367 4465 3920 184 296 1937 1660 1660 462 4184 4880 1880 4280 1190 792 2054 141 141 875 3877 3030 786 786 801 801 2945 1852 165 3740 1414 1414 1938 4369 1225 1225 3787 2041 3053 4353 1803 2011 1826 2156 1957 2843 3384 3384 311 311 4610 3517 4340 4340 1285 896 896 806 2935 1141 890 62 3553 1430 1430 1430 2750 2750 63 1807 1807 3981 921 4548 2909 1180 1631 4635 3334 3682 1750 1750 388 851 851 1707 4404 2771 3728 3728 4495 4495 4015 91 
403 3952 2664 2664 4387 1025 970 2367 2367 1266 2237 123 4779 4779 4565 4565 275 1593 1880 3835 3835 2054 2054 141 1762 875 1612 3030 786 3614 3614 1028 1028 2012 2012 2712 4992 4992 4992 4992 42 1225 3787 861 3053 1581 1803 2011 1826 2156 2156 2756 417 3384 3384 311 2031 2073 2073 4567 4567 1277 555 555 2935 2223 890 62 399 2185 2185 1196 4844 2652 617 617 1807 1807 921 3910 2909 2460 4625 4514 4607 3682 1933 1750 474 474 724 1707 1648 306 3728 981 4247 4247 4015 4015 
3234 3234 2607 2607 1025 1025 739 2367 3338 1266 2237 123 4779 3331 4565 4565 275 1593 4205 2996 3934 4001 2054 264 264 264 1612 3448 786 541 1339 1028 1140 1140 2243 2712 4992 4992 2463 4089 4089 1225 861 861 861 1581 1043 1826 1826 4503 665 2756 417 2261 3384 311 2073 2073 3181 1230 4567 1277 555 3573 3573 2409 399 399 399 289 1921 1196 4844 4970 617 617 134 134 1705 3910 4167 2460 4625 4514 4607 2591 1933 70 474 2914 1978 1707 1707 4091 4091 981 4247 4247 3892 1669 
460 460 225 225 4364 739 739 2257 3338 2237 2237 3243 1879 3331 4140 4981 4507 1593 112 2996 3576 1120 524 2290 264 3706 232 3448 3276 541 2747 590 1140 1140 2243 2243 2243 2463 2463 262 4089 1225 3449 4063 1581 1581 1043 1043 3804 4503 665 2027 2027 2261 2261 1576 1576 1576 2192 1893 4567 667 555 1813 1813 1813 3357 1024 1024 289 2678 2678 2678 4970 1997 2288 134 259 259 2401 4167 4087 3361 4828 2614 2591 4876 4876 4876 2914 2986 121 821 821 1991 1991 1709 1829 4270 3741 
460 1742 1742 2710 4364 1968 1839 2257 3338 3861 3243 3243 1879 3331 1743 4981 3246 3173 3173 3408 4796 4796 1129 3696 2948 298 232 1371 268 541 590 590 284 3891 610 610 610 4756 3909 262 2674 1382 3449 1102 1581 1581 1188 1188 3804 716 665 1279 2027 870 870 2039 877 1979 2159 3623 4129 2067 4437 1449 1449 1449 2892 2846 2863 289 289 289 4207 1997 1997 2288 3547 3547 259 2401 1923 4087 3361 3361 2614 1310 1310 1310 4663 2914 2986 121 821 457 4706 4706 1709 1829 521 3741 
2918 982 2710 2710 4364 2358 1839 2257 1385 3861 1925 3131 1879 1879 1861 730 3389 3173 3602 3408 4796 2836 1129 4883 4883 4883 232 842 268 4145 4145 3823 284 284 703 3946 610 4756 1013 2381 2674 3411 3449 3449 1188 1188 1188 543 716 716 2013 2013 1139 1309 2039 2039 3494 1979 2131 4725 4725 2067 2657 4315 3038 3038 3359 2846 3601 3601 3508 1301 3558 3558 599 2288 3626 4555 259 259 259 207 1911 3361 1785 1310 2509 1310 4663 1009 2986 121 121 4755 1378 4706 1625 1625 4865 2762 
2918 3098 3098 3098 1528 2358 1839 2257 1385 3861 4007 3131 3271 1861 1861 3093 2032 3722 2502 1866 1272 2836 2836 1011 556 556 4659 337 4579 4145 1346 790 3014 1268 455 455 61 4756 4756 2381 2674 4273 1049 3449 2066 808 808 2092 4901 4901 4901 1804 2853 2853 545 3225 3494 26 2131 1114 4725 4602 2657 1337 438 2910 535 3174 3508 3508 3508 1962 1962 1962 599 599 3626 4555 4711 1719 1719 207 1911 3361 4613 1057 2509 4453 139 2986 2986 7 121 4755 3608 3608 729 2627 4887 805 
1219 1219 1219 1059 1528 2358 3311 1385 1385 1299 1814 2429 3271 3271 2000 4617 2032 4648 4714 1866 1542 2836 2836 1011 2631 556 1619 2579 2579 257 257 790 523 523 425 923 61 2523 2523 3406 2674 4273 1049 1892 2748 3120 808 308 308 4467 4467 1804 1437 2853 3843 79 668 26 668 1114 4725 4602 3042 3042 4 928 535 535 3508 2116 2133 3904 3904 1661 599 2317 3626 3626 4711 1719 4318 1410 3372 4263 4263 2878 127 4453 139 2616 2887 7 4269 4188 4188 3608 729 3385 4866 4866 
3942 3942 1868 1059 1528 1528 3311 1385 4641 1299 1299 2963 3358 3358 2000 1650 2242 4648 3158 2181 2181 2817 1011 1011 2631 556 2579 2579 2742 911 820 3876 3522 2867 1073 61 61 4993 4993 3406 3406 2925 355 1892 2837 2214 1018 1018 1018 3514 3514 1549 1437 1965 1329 4067 668 668 668 1114 2420 2420 1066 4323 4323 928 4066 2001 199 2116 2133 1951 1661 1661 3845 2317 4202 3563 3774 3774 992 992 3372 725 725 127 127 4453 3599 2616 2887 1275 4269 4269 4188 4188 4188 4188 4866 4866 
213 3676 1868 4857 1528 3088 1097 1097 1097 237 1056 2963 3727 2688 2000 4181 1624 3666 3158 2181 2181 4057 4057 1876 556 556 2742 2742 2742 4287 820 820 3522 2867 4985 4004 2855 2855 1359 3723 2925 2925 355 2837 2837 2861 1018 3900 34 3514 2134 1437 1437 1965 1329 3708 3708 1438 2840 1114 248 4971 1066 2375 4704 4704 584 4678 2567 2116 569 1951 3799 2685 4539 1331 4202 3664 3774 3895 332 332 2283 2283 2283 2166 2585 3854 3599 1275 1275 1275 4269 1818 1818 4055 1798 686 2665 4866 
3669 3669 3669 4857 4857 3088 3399 260 1097 237 1056 2816 3727 2688 4961 4181 1624 3666 3414 3414 4976 2385 2385 1876 3610 556 3041 4552 4552 4287 4085 820 3522 1568 4985 4985 414 2855 2449 3723 370 2925 2136 4591 4591 2337 2613 2613 160 2457 2134 2134 2038 4910 2739 3708 3541 1114 1114 1114 248 248 1066 1066 2109 768 768 644 644 3805 569 3799 3799 2685 872 671 4202 4202 4202 3895 332 1461 2966 3417 3417 1981 1981 239 4442 4442 1275 1767 4835 4835 4055 4055 1798 686 2665 2421 
614 1254 1254 2469 2691 3088 3399 1241 718 718 3649 4461 1174 1174 4961 1791 1791 3666 3666 3414 2274 2274 2260 1876 3838 556 3041 2964 4002 4287 67 1810 2332 1383 677 677 677 2382 2382 2382 3533 3533 3533 3108 1689 2613 2613 3081 160 160 4563 1289 752 4910 3786 3708 3541 3541 2182 1114 3087 248 4808 1066 2109 3595 3141 3141 3122 3805 3805 3799 3799 2685 2587 671 43 43 4202 1763 1763 1763 4361 1113 1113 2153 785 493 493 1950 4528 1767 3745 1330 2641 2641 2641 686 4175 18 
2364 1254 2788 2469 2691 3479 2611 1241 718 3026 4380 4461 3413 2706 2706 1824 1791 3666 3666 3414 1796 4518 1876 1876 3838 4276 4276 1488 488 4122 4122 4122 4122 4122 4122 4960 976 2382 3658 3382 3382 338 338 3108 1689 2613 3081 3081 293 2454 1289 1289 752 3685 2135 4881 3993 3541 2117 2427 2427 2427 4808 4071 2109 663 2411 3141 1540 3805 3068 3813 3813 2685 2587 2587 4727 3651 3366 4516 4424 4424 2352 2179 1113 2153 2153 1514 493 1950 4528 1767 615 1133 1133 4840 3116 3116 4175 18 
2364 1254 3600 2860 2691 3479 830 1241 1645 3026 1644 4461 3413 2706 3258 1791 1791 1791 188 188 1796 1575 847 847 3838 484 591 1488 345 3761 1878 4640 4640 3235 3235 1213 1213 3972 3658 3701 867 1497 4773 3108 3762 3762 3081 2864 293 2454 1289 865 752 752 752 752 2983 2983 3534 3353 3660 4945 4945 376 376 376 2411 1540 1540 1984 2221 2221 2221 1756 1756 1152 4727 3651 3366 4516 3426 2675 2675 2179 89 2496 2153 1514 1514 1950 4528 631 150 845 1470 4840 4767 3207 996 1956 
1035 3600 3600 1292 817 3479 2558 3797 1645 1644 1644 17 17 2336 3258 1791 1320 1791 1567 2189 1575 1575 4537 2024 2 484 591 653 345 3761 3761 322 4640 3958 931 1213 1213 2624 2575 1945 3373 1497 129 2586 2115 1054 2115 3310 1553 1553 1553 2341 2341 2341 147 4680 4680 4763 3714 2094 2094 278 367 376 4593 2714 1453 4423 4423 913 913 2161 2619 3471 1756 1152 1152 3651 828 518 3426 643 643 1389 89 2496 2139 1514 2374 4529 4528 631 902 902 902 902 4767 3207 1069 4162 
1035 1035 650 650 817 2558 2558 720 876 3484 3484 4169 4127 2336 3000 234 3157 1791 1791 1295 1575 2723 4848 2854 2 3164 591 653 345 57 1067 1067 4102 4005 1213 1213 1023 2533 1136 4148 2733 3028 2586 2586 2115 2115 2115 3310 1553 2955 37 2376 1431 4346 1856 2680 4680 2802 3714 1768 2094 1235 1235 376 4593 4593 1453 2873 4423 913 216 2161 2619 1207 1756 1152 3249 710 2690 2370 3245 3245 2923 1389 1389 2496 2496 4092 4454 4472 1506 2525 2525 2525 2321 902 4767 4767 1069 3520 
4076 4449 4913 448 817 817 817 817 876 876 3484 4169 4169 836 3000 234 1894 1894 1894 1295 2723 2723 2906 4963 2 3164 591 3825 1381 57 57 57 4102 4005 2149 1101 1101 2533 16 16 3817 3028 2586 2586 1973 919 919 1360 1553 1553 37 2441 4334 4346 1302 2262 2262 932 3524 1768 4151 4509 4509 941 363 4593 226 2873 4208 1557 1557 3486 4570 1207 4827 2297 3249 710 2097 1364 1364 2923 2923 1741 1389 480 2886 4092 4454 2255 2255 3273 1328 1328 4416 3636 3636 4767 3180 3520 
4822 4449 4449 1930 817 817 860 1296 3477 3163 3484 4429 836 836 3073 234 1608 4086 2793 1295 2406 600 117 4963 3164 3164 3751 1507 660 814 647 4351 818 4005 2149 2169 1602 4386 3858 606 606 2586 2586 750 750 2069 919 2061 2061 2034 273 4882 4492 2794 1302 125 2557 4088 194 194 194 2335 2335 936 363 226 226 2873 589 3896 3092 4570 4570 1207 4827 1857 1857 2053 3648 4395 4745 2923 4624 1741 1389 480 2635 2635 4454 4454 2255 989 2524 2400 2347 2347 2347 4742 3180 3520 
4040 3633 3633 1930 1058 3874 4450 4450 4274 4947 3484 4429 1199 1199 3073 234 1987 3916 2793 4045 4045 600 117 4671 4478 4478 2060 1507 660 410 647 2563 4951 4951 2847 2169 1602 4386 2960 2833 4722 4722 3437 3437 750 2069 2061 2061 2642 2034 3410 4882 4299 2794 2647 2557 2557 3168 2561 4211 2046 3644 2721 22 22 22 180 2873 4732 198 198 3743 3743 1207 809 1857 3596 3279 3279 4395 4745 4624 4624 1741 480 480 54 2635 472 4331 989 989 1144 711 3236 3236 2347 4742 3180 3852 
4040 3224 4661 1930 1058 3874 4450 3363 3363 4947 4947 4764 4764 1199 234 234 1987 1987 2793 577 86 187 187 4671 2699 4286 2060 2060 660 410 410 843 4898 692 1652 3779 1602 4386 4792 4792 4792 1034 1034 2240 2548 3113 1341 4637 4637 4105 3410 4436 798 798 2557 2557 3216 3266 4121 2499 2721 2721 2721 2721 597 22 180 180 4732 198 198 481 3743 886 4014 4014 2622 2622 3523 593 4147 4624 2245 4130 2356 2356 54 472 472 1195 1195 759 3445 3445 3236 1167 4742 4742 2213 3852 
4040 3224 4661 4661 3020 3020 3020 984 334 334 1885 1885 136 406 234 550 2037 2037 2793 577 1366 4410 4410 4820 3815 3902 1172 2060 1290 410 3330 1432 4560 128 128 3779 1193 2248 294 359 4421 3583 1034 2548 2548 3113 1774 4637 4637 1656 3410 4436 798 798 4314 4758 3216 3216 3216 3216 4229 4229 879 3639 597 22 3687 4297 4732 2994 3656 3350 318 886 2047 797 2622 4124 3523 3523 4147 1121 2245 2245 2229 2356 347 347 347 772 1928 3214 544 413 3404 3404 2186 4742 2213 2213 
2249 2249 2249 4661 3020 307 1881 1881 334 3975 3975 136 136 136 1325 550 1896 4943 2793 2793 1716 1716 1716 4820 2608 574 574 235 149 149 3330 1432 4936 4936 1193 1193 1193 1757 294 3101 3625 986 4730 3069 4126 4126 1774 1522 4637 744 744 744 1421 1421 1421 1137 1929 1929 3216 783 3177 2916 3535 3327 597 3388 3687 2994 2994 2994 1604 3217 3217 3217 797 797 2622 649 994 994 2759 815 815 2229 2229 2229 772 772 772 772 3577 3214 1783 4584 224 1176 2186 4742 1317 2202 
261 2249 2249 719 719 53 53 4802 265 2555 4603 2445 2445 191 191 550 1896 757 1224 1224 3899 3899 3899 3302 2608 1211 2545 1616 1616 149 3330 1432 473 4868 4868 3416 3416 2692 2547 3625 3625 986 4730 3069 1873 1358 4110 1522 1522 1627 744 4109 1421 1603 2473 2473 4077 4979 4979 783 2147 4505 1182 3327 489 3388 2994 2994 630 628 1604 2672 3217 58 240 1217 649 649 4658 994 2759 4568 1008 1008 1242 1242 1905 1905 4821 602 602 3464 3464 227 224 1176 157 3027 1317 2202 
479 3161 2249 3917 3917 53 1959 4802 2555 2555 2555 3833 3833 4488 1259 4824 4824 4824 1224 3043 1079 1189 3899 1735 1735 1211 2545 3424 4403 149 149 4994 4623 4871 4871 3530 3530 4734 2113 1214 770 986 4730 1873 1873 1468 4582 4582 1522 1589 4998 4809 1421 1603 3832 2473 1493 3 3 446 2164 3179 1182 869 489 3023 2994 2994 628 628 2228 2672 3217 4283 1985 747 747 649 742 709 3152 4325 1212 1186 1242 1242 1654 2957 4821 4155 917 3585 3585 227 227 157 157 1915 1915 531 
3995 303 1045 3917 3917 3917 922 2601 2630 2630 2630 1596 1259 1259 1259 1373 1373 1348 1224 1971 3987 3987 1735 1735 4551 1211 2545 3424 2392 2392 2392 4623 4623 4871 1479 1851 1851 1851 2113 1214 770 770 4730 3732 2414 1468 4582 1150 1522 1589 4998 4858 1603 1603 2378 2378 3106 743 743 446 2164 2164 2171 869 489 3023 3375 3375 2355 2355 2228 2672 2988 2988 1985 1454 1454 1454 3850 1941 3152 4272 949 975 1242 1907 1654 1654 1855 1855 917 2006 4699 2104 3953 652 157 1387 1915 904 
3995 303 3917 3917 4581 4581 922 2997 717 717 1055 1055 1055 1055 1055 468 2746 1348 3227 1971 3987 2827 1735 1735 4551 4128 4128 4500 4500 2392 4605 4623 1479 1479 1479 1197 881 3887 1208 770 770 770 770 3732 2414 2414 2414 1864 1522 1522 3436 4858 4858 1427 3178 1505 3106 3106 743 446 4374 2171 2171 489 489 1816 3439 863 863 2814 2228 2228 4650 1904 1985 1860 874 1077 696 2307 2307 4272 4589 975 2197 2197 2197 2687 4144 917 917 2006 2006 4511 3953 652 113 767 767 904 
309 309 1352 1352 4581 4131 4131 2997 2997 4358 4358 506 506 1055 1132 468 2746 4281 4281 4281 4281 4841 4476 3918 3918 4128 6 6 4500 2392 2480 2967 4384 4384 90 2946 2946 2946 3255 3866 770 4519 3048 3459 176 176 2590 1864 2552 4980 3244 3244 4858 1427 465 1505 3106 2423 2423 4415 4435 2171 2795 2795 494 3247 3439 1356 892 2814 1947 2646 2646 1904 1985 1860 874 2319 4933 1837 4064 4621 2655 2655 2197 571 571 811 811 4894 1099 2006 2006 4511 746 746 113 767 131 904 
4083 1440 2036 1352 3317 2105 2105 4934 1615 4375 4375 2230 3238 3510 1132 2515 3790 3525 3172 972 4841 4841 619 3428 3918 2766 2766 680 680 2480 2480 2967 2967 2967 90 2697 2697 3067 3067 3067 533 4519 3048 3459 2310 176 3989 3063 621 4289 3232 2623 4365 443 465 419 625 655 655 2344 2344 2344 1386 2795 2795 3247 1701 1356 892 1402 1947 3700 2646 1904 2030 3663 2913 2319 4719 4064 4064 2275 2275 1640 143 143 238 238 2187 2329 595 595 4413 4856 4856 3766 113 113 3008 904 
4322 1440 2036 3148 2656 1898 2105 4934 1615 4375 3171 2230 3238 4081 1132 3790 3790 2217 3172 2952 2952 2976 619 3428 3611 3611 2766 3873 4929 4929 2965 4989 2967 1033 287 2670 2697 700 700 997 533 1270 1270 3459 2310 2974 3989 1874 621 4289 1119 2623 4365 419 419 419 625 1643 655 3808 3808 4192 1083 1999 1999 2882 1701 1353 4218 1402 3700 3700 2646 2030 2030 3663 3663 2319 4719 4719 4101 4101 4101 1640 2605 2605 659 2353 2187 920 1046 4431 4431 3908 766 3766 3766 113 3008 2160 
4322 4322 3165 2656 2656 841 2888 4934 1615 4375 4375 4375 451 3834 3834 405 1221 1221 3172 2256 2396 2976 1988 4080 4080 3611 2766 2992 1843 2958 2965 4989 4646 3114 287 2434 700 700 4400 997 997 4368 1270 1560 4264 2974 2709 1696 362 4186 4186 170 170 170 41 41 509 3821 1545 1545 1662 2634 1083 1999 4008 748 748 748 748 1384 1819 1819 1819 1335 467 971 971 2319 3560 974 4604 3798 4381 4578 4578 4578 4311 2353 2187 1789 1789 3827 1672 3908 3908 858 3766 113 3008 2160 
1469 2048 1354 2318 2318 841 841 841 1615 466 466 3785 451 451 3834 3267 4595 4595 3603 3603 4031 4278 1988 2183 3853 3853 2200 1591 1184 705 1184 1621 1621 3114 3052 2434 700 846 395 4811 997 281 1270 1560 1560 961 2709 1671 1671 3729 220 4546 1605 170 4776 41 1037 1037 1037 4506 1662 2634 880 168 2941 1935 1935 1157 1157 1384 1384 4009 1335 1335 467 4512 2570 2570 3560 974 3756 3756 4381 3190 4878 4446 4446 2353 3998 3998 324 2984 2984 3791 3908 4027 522 522 3008 2559 
1469 2048 2786 2786 1269 163 163 841 1615 1980 3574 3785 451 186 4481 3801 3683 3683 1248 2330 2606 4278 1988 1688 3853 3499 2120 3074 1184 1184 1184 1859 1621 1621 4033 2397 846 846 395 4811 4811 281 1270 3483 4210 961 2584 2584 2584 3729 4432 4432 4432 4432 4776 41 1037 3442 4506 4506 1662 880 880 168 2941 3770 3071 1931 2128 4723 3532 4009 3617 1335 3250 4512 3978 3739 3560 1715 486 4917 4693 4693 2979 4673 672 2792 4337 1490 60 4407 3200 3394 1503 1503 522 522 3008 834 
4189 4132 4079 2786 189 189 163 3990 3186 1980 3298 3298 3298 1274 3801 3801 3801 1964 1964 2606 2606 3539 3539 1688 3499 3499 765 3074 3304 158 2875 3675 616 616 4033 2397 2397 4938 1388 1260 3511 2291 908 2303 840 961 1004 349 349 3729 4432 3319 3319 4776 4776 4194 1305 1812 1812 3119 214 853 3306 3306 3306 3405 1931 1931 2128 548 2834 1122 1122 2137 2137 3988 3978 3978 3560 2850 2940 4693 4693 1178 734 4673 4891 4634 1490 1490 3938 3200 3200 4520 1998 1998 924 196 2306 1123 
4189 689 4542 4542 4542 189 32 32 1338 918 918 1014 4003 4043 3204 1031 3758 1087 1087 1739 1887 1614 3083 3083 3036 1792 144 1483 2052 2052 2875 616 616 4033 4033 4033 4938 4938 1388 2654 1262 1262 386 2303 3221 1572 3753 3609 442 442 4432 4166 1313 2057 1451 4108 1703 1812 3119 3119 214 3306 3306 255 255 4541 2390 3638 2305 548 1955 4226 2137 2137 2477 1629 3978 2285 1051 4044 4521 4521 164 164 3128 3128 4891 4634 3441 3938 3938 3938 3200 3200 3018 3721 924 2719 2306 2531 
689 689 106 1173 4982 3433 32 3588 4806 4806 2775 1014 1740 1740 3204 1031 3758 4295 1739 1739 819 1614 784 784 3036 2263 2475 1483 1399 2835 2875 1091 1091 670 670 670 3781 3781 1863 991 354 3444 1017 2394 369 326 3753 3609 442 424 4150 4150 1095 2057 1451 120 1703 1812 1169 3894 3894 588 2653 2653 2653 4886 1304 3638 2305 3467 3692 4226 2018 1903 2477 1629 4513 4513 1051 4044 4521 2498 164 2596 1256 1693 4891 990 3441 3938 3969 3938 4035 3200 2582 4986 1599 4284 115 2531 
693 4532 106 1039 938 938 1584 3588 4806 3705 1147 1147 2056 2056 3204 2716 2716 1111 3493 3493 3947 3512 784 651 254 626 2475 2677 4310 36 36 1708 1708 2757 2757 4554 4554 1005 1863 991 3444 3444 31 2394 369 326 2696 3609 442 424 424 4751 1095 1095 120 120 120 120 2708 2708 4439 4439 1108 2653 3549 4886 4886 1926 2412 3467 4598 4598 3643 753 988 1597 4513 1367 1051 4044 1994 2498 714 2596 1256 1693 1693 2079 4892 4892 4892 2574 4035 510 2582 4986 2651 2651 1670 2227 
693 3736 1030 1030 10 1584 1584 3985 3300 3705 3705 4177 514 2056 2519 761 2716 1111 4296 4296 3512 3512 2565 1002 4060 626 2475 2677 3270 3422 1708 1708 1708 2757 2757 85 85 1005 1748 3468 3468 1766 3976 1482 4241 4759 2696 1620 3631 565 565 565 2218 1977 1977 642 642 4261 4261 4668 4168 4168 2148 2148 1226 4686 1533 1926 1926 1926 1926 4097 3643 753 988 988 988 1367 2857 4743 1994 714 714 1256 1256 1693 200 2079 2079 3659 3368 3881 707 3440 2582 3077 3077 3077 2227 2227 
530 3736 3653 1030 1846 331 4812 3985 3300 3139 3139 4177 4010 3337 4477 4893 3447 3447 2899 4296 2904 2904 1782 1782 4060 4060 4021 4021 2002 2002 2002 2002 2090 4911 4911 2277 3252 1396 1396 182 3468 1232 211 1482 3369 4759 2696 2696 39 4030 4030 1076 2218 1977 642 642 4545 4261 3622 344 4168 2704 1404 4262 1226 1914 1914 1162 1162 1162 2070 2070 2070 1286 988 988 988 4099 2857 4743 1994 714 12 3846 3846 200 200 2233 2233 135 4120 1344 707 701 701 335 335 335 4212 2915 
4958 4958 4958 3996 1846 1239 4332 4332 749 2578 3139 1561 3346 3346 4477 4893 4096 854 4296 4296 2904 1428 1782 1782 4724 2450 999 2898 2939 2939 1323 2002 983 1145 304 2277 563 1396 948 182 3468 1232 4292 108 3369 2150 3831 4440 39 3867 2354 3348 426 426 4975 968 4020 4020 3622 344 4168 2704 1404 4638 1408 2764 2764 1162 1253 1162 2070 2491 1286 1286 585 4843 4843 1558 2857 862 862 1106 1106 269 269 2529 3581 1535 3203 3203 927 3903 1562 1562 4000 161 2711 4861 4861 1441 
4958 3287 3287 3996 3606 1297 4332 3686 749 2578 1561 1561 4257 4114 4114 4893 4096 854 4468 4468 4335 4335 2298 3889 3889 2450 2450 4667 2939 2831 1323 3540 983 1145 1145 2277 3094 3094 948 3468 3468 2282 4292 3913 2253 2150 3831 4549 4480 604 604 4846 4846 4846 4113 968 4020 4569 4770 4770 2704 2704 2738 4790 1408 1408 2764 3260 1148 2538 2538 2505 3657 4265 585 585 585 1558 2857 2568 3552 1106 1487 269 269 4227 3581 915 2684 2015 2017 2193 2145 1513 4000 161 4695 4826 4861 1050 
4902 3473 3473 1512 3606 1713 1713 2902 2902 4999 4999 1561 4257 1967 4785 4785 4785 854 1448 2439 4335 4335 3407 2442 222 247 2050 1098 1098 1098 3095 3540 4873 1145 1145 2277 3472 3094 948 995 3468 83 8 1986 1029 2598 3831 4549 4480 1153 4959 2345 517 4964 4249 968 968 4569 4770 4770 3991 2704 2738 4790 596 1408 1012 3260 2538 2538 4536 4329 3657 587 1989 3403 3272 1558 4499 2065 3552 1106 1487 269 3354 107 2163 4877 2015 2015 4935 2193 2193 1513 3111 3111 1458 1458 3167 4427 
3789 4955 3241 4664 3613 3613 3698 4356 4356 3219 1398 1436 1436 2796 4156 741 741 3125 3089 3768 3768 87 177 3711 2075 2035 2035 3144 3878 4039 1969 3540 1969 1969 4036 4036 3472 2112 2112 1502 4926 2333 2333 4860 1029 2598 3907 4549 4480 1153 511 511 511 4847 4249 285 968 4569 3974 4159 3826 1134 2447 4790 4790 2124 2124 219 3205 3205 4536 575 575 316 721 3629 3272 3272 3452 2618 2618 793 3911 632 4053 107 1916 1916 2015 3605 4935 3396 3396 3806 2403 2403 1458 824 4524 4524 
3789 4955 882 4601 1730 3613 791 1636 1828 1828 1436 1436 59 2885 4156 4754 162 934 934 695 3768 87 1664 2377 2377 3550 2035 3668 4039 4039 1969 1969 1969 3059 2702 1583 1583 1583 4956 2803 2803 4117 1209 1209 1029 1899 1899 361 4408 1153 3275 2535 511 511 2484 285 285 4569 4569 4159 3826 4026 2447 4531 2971 219 219 219 3771 1347 348 4762 4405 4405 721 3629 1250 1651 4907 2129 887 793 3911 4053 4053 107 4479 4479 3857 325 4935 4236 940 3806 3695 3380 4163 4163 4163 4995 
3789 1731 1731 103 3613 3613 4793 4366 4366 4119 812 59 59 2885 4156 4156 4156 3565 3400 695 3768 87 1664 2767 4590 4590 4498 4498 2453 4039 529 1969 733 4052 4052 1131 1131 1131 4956 1897 4692 4391 1263 2428 2428 933 546 361 4408 1153 3275 2535 511 511 2484 4517 4517 4517 4298 4159 1130 4026 4246 4139 4139 219 219 1089 4950 1347 348 2432 4068 4491 3118 3629 1250 2534 2534 1081 114 114 4094 2859 2859 833 1368 3045 3857 452 1563 1924 1889 1889 4418 3380 4163 3086 3423 3423 
3789 1647 1647 1647 4897 4897 4793 4793 3195 4119 812 812 812 2025 2025 3702 2810 3565 2727 2727 3768 3336 3336 1020 1020 699 4498 2453 2453 2453 2453 1969 3495 4052 4216 4216 2926 1897 1897 1897 4692 4391 4391 2934 2934 933 4836 361 3057 1153 2490 3296 511 2949 2484 1530 1530 2210 2210 2210 3192 3192 3192 4691 4691 219 219 219 3051 3188 3188 3188 3188 4491 1706 1682 1682 1001 1001 4805 4805 3078 3078 833 833 833 1368 1368 2466 1564 1564 3828 1639 1639 4418 3380 4163 3086 3086 1830 
