100 400 100
8 9 1 1 5 4 6 5 9 6 3 6 9 10 6 7 7 10 9 9 9 8 1 8 8 6 4 10 10 5 2 2 8 9 9 5 3 9 3 3 9 4 6 7 7 7 9 5 1 1 8 10 9 10 6 7 10 4 6 2 10 3 2 7 1 4 8 2 1 9 7 10 10 9 8 3 7 2 3 9 4 4 3 7 9 7 2 1 1 1 1 9 2 10 2 10 2 5 7
114 42 60
90 27 47
14 5 12
122 37 73
280 51 60
81 43 58
349 38 94
102 15 59
486 53 57
35 6 39
70 9 11
330 36 41
34 5 9
35 6 77
97 39 67
253 29 43
203 71 100
17 3 21
8 11 64
22 9 15
4 2 53
116 18 20
1 1 2
225 31 64
130 31 37
114 25 85
129 20 25
81 19 35
149 21 32
90 25 96
31 38 76
11 10 61
174 56 58
381 68 88
11 4 40
185 55 56
392 86 88
142 56 82
184 20 52
236 31 44
192 58 74
94 27 82
62 21 82
230 25 41
153 37 96
124 23 41
57 7 51
55 10 49
9 22 27
17 3 14
1 1 2
233 64 73
12 4 13
37 5 22
3 2 42
31 28 29
63 13 83
71 8 83
272 74 100
274 46 52
1 4 39
1 1 12
625 77 86
297 57 72
241 27 100
472 55 79
59 7 11
647 68 90
216 66 80
91 23 27
97 22 86
127 23 90
18 9 24
319 33 62
75 17 60
100 12 15
253 60 75
3 19 22
371 39 49
203 48 95
566 64 74
15 12 16
1 1 3
94 33 50
23 9 15
29 15 26
165 31 72
29 11 12
91 13 78
4 8 39
219 43 74
27 25 41
341 41 50
178 37 38
9 5 14
235 30 86
277 30 74
134 33 41
9 2 5
147 18 57
64 19 29
145 33 52
228 58 66
124 22 28
78 9 66
40 33 85
103 14 65
7 2 62
239 29 34
7 2 11
12 4 46
90 63 91
511 52 95
114 17 82
20 9 37
28 24 33
273 40 60
11 15 42
237 31 99
41 8 9
45 9 14
61 9 34
287 38 72
37 23 99
384 79 82
246 43 44
4 5 59
118 14 48
763 81 92
1 1 73
67 21 39
31 39 72
403 42 63
292 60 73
87 13 22
10 2 6
580 69 82
522 97 98
130 28 51
294 48 49
98 14 54
5 5 24
27 31 37
224 97 99
260 70 85
22 6 70
28 6 9
280 30 51
25 10 37
14 5 72
294 34 97
105 12 71
196 60 87
66 42 65
48 8 15
52 12 31
23 4 12
485 62 69
20 5 8
2 3 17
25 7 95
2 2 84
377 56 68
55 20 64
19 29 82
240 38 99
188 20 58
47 15 25
8 6 9
530 59 70
220 55 79
26 5 49
109 15 31
453 75 82
38 6 81
15 15 39
436 50 71
28 14 72
15 7 32
68 14 39
81 41 61
1 1 36
14 8 28
282 50 99
27 5 11
296 44 84
33 19 31
32 8 11
19 3 59
82 11 46
120 36 70
101 13 49
8 2 6
5 2 7
42 86 96
254 47 50
4 2 35
293 72 92
8 2 22
18 11 14
2 2 7
103 44 53
123 26 52
16 8 17
41 31 35
329 50 86
78 16 20
212 93 94
127 58 63
276 46 80
26 12 77
189 53 98
21 5 81
22 5 15
301 62 63
19 62 96
13 7 12
393 45 53
6 2 3
97 22 61
86 16 36
95 37 67
336 40 66
17 7 27
1 1 3
8 2 28
349 52 78
42 10 72
158 34 44
10 2 5
173 54 59
288 50 94
120 25 92
23 4 59
322 79 100
4 2 9
93 15 35
10 6 86
67 10 31
101 32 80
396 50 71
7 4 14
174 20 48
254 51 80
132 35 69
2 2 100
10 3 11
1 1 64
305 43 47
52 13 15
119 13 49
15 10 82
206 24 64
18 9 44
175 23 35
49 20 32
13 60 98
12 3 65
96 39 85
181 37 71
152 29 64
1 3 61
4 3 15
88 38 40
8 67 85
41 10 17
82 10 43
1 1 3
9 16 79
94 12 50
242 42 46
1 1 15
2 2 11
20 38 73
179 19 93
284 80 99
302 42 91
377 80 88
275 50 79
154 35 40
96 12 31
27 6 13
251 32 39
115 21 27
49 10 72
66 18 76
19 10 19
82 62 87
169 37 84
7 2 23
415 67 93
87 39 95
62 14 16
11 2 88
6 3 28
145 30 31
254 52 67
12 50 85
117 17 74
4 11 93
10 2 65
9 5 50
508 55 90
21 5 6
121 15 26
23 13 48
137 21 26
160 40 72
8 19 21
78 10 34
134 44 60
43 31 58
510 58 82
1 1 62
796 88 90
78 11 16
25 9 30
231 59 67
5 6 83
1 1 16
22 42 96
215 52 67
56 43 75
174 34 52
74 46 66
47 12 70
666 78 85
148 25 28
5 2 61
51 46 78
455 61 67
54 8 13
184 46 57
19 5 31
190 42 61
101 15 32
5 2 91
51 9 12
225 27 48
7 2 67
9 2 30
585 77 83
11 3 8
19 9 99
64 23 27
18 3 7
1 6 45
76 9 13
7 2 5
350 38 74
39 19 48
62 14 34
80 15 55
1 8 11
254 43 61
21 3 28
160 17 46
250 53 73
175 39 55
51 13 95
16 8 47
1 1 34
58 24 78
800 83 85
20 26 29
29 11 29
786 82 91
44 13 79
433 56 74
132 19 64
48 37 85
93 18 26
32 20 73
95 42 100
83 29 87
25 9 17
86 10 29
8 8 63
28 11 31
5 2 18
103 64 87
6 7 40
82 26 51
165 28 70
643 69 72
546 70 91
487 50 52
195 62 92
1 2 79
9 2 3
206 54 87
472 51 83
6 6 27
29 11 49
92 11 15
58 36 45
147 36 42
351 37 39
159 32 76
230 31 34
