850 5000 12000
92 1 52 43 22 55 6 38 12 84 28 79 86 52 48 91 52 11 41 55 97 46 70 74 73 47 48 18 14 68 73 87 34 25 81 74 12 19 24 7 51 17 26 56 82 62 38 100 47 40 84 81 35 27 51 90 23 29 43 38 6 88 4 99 9 91 86 91 70 16 99 95 22 43 8 19 98 58 60 71 18 52 87 13 13 66 92 25 78 45 47 72 71 61 8 1 52 27 47 75 44 89 50 41 77 96 18 4 63 45 50 81 81 77 30 48 64 51 77 42 57 55 36 44 83 89 49 94 99 22 92 49 27 23 17 85 76 51 52 35 64 50 8 32 28 65 77 5 42 63 79 73 93 83 32 62 12 55 81 85 71 35 58 33 58 40 61 35 67 65 99 93 21 93 19 18 43 67 81 16 21 45 20 71 88 5 69 7 21 36 18 90 26 38 88 87 81 62 61 84 55 69 42 89 42 99 66 75 3 7 17 14 41 69 98 95 4 38 82 54 39 50 15 1 86 67 10 32 77 60 65 47 47 38 13 95 23 38 13 5 95 73 21 73 12 31 73 45 24 5 35 60 92 15 28 95 66 47 76 91 12 95 93 56 39 63 96 76 77 72 69 10 84 6 34 3 44 59 55 33 9 18 5 31 46 94 6 30 63 36 26 8 68 93 18 75 44 85 4 82 63 64 56 17 44 73 54 72 52 6 46 91 53 14 38 5 76 67 44 81 60 17 77 19 100 12 51 49 53 74 28 59 50 51 100 74 77 18 79 82 45 31 93 48 94 72 32 45 51 47 26 29 52 35 92 69 25 35 96 49 34 21 80 62 64 27 84 1 10 26 32 79 25 54 20 95 91 48 15 27 53 69 44 79 34 27 12 17 82 31 85 35 43 90 12 64 63 54 1 7 47 52 98 62 46 72 24 92 40 10 45 20 76 49 75 96 15 90 79 15 91 74 3 51 64 97 1 75 38 48 85 91 25 52 12 31 83 24 95 68 46 31 76 79 79 7 69 95 21 99 83 87 16 42 57 38 66 87 6 45 49 47 94 81 91 50 46 67 4 58 75 94 28 29 87 56 27 52 96 13 51 83 3 22 81 74 75 79 16 3 95 61 69 13 3 22 49 14 80 72 94 54 43 26 30 54 30 19 90 2 68 12 85 20 75 2 47 71 13 10 38 89 40 84 72 25 77 96 3 77 54 76 56 32 8 28 28 74 22 80 42 11 39 22 43 16 88 58 77 43 32 48 93 97 30 81 88 51 59 93 90 26 73 34 82 85 17 21 91 35 45 4 3 87 99 26 22 94 1 71 87 100 39 23 91 96 4 79 85 23 76 65 92 77 48 75 24 36 50 39 14 19 73 78 27 80 63 72 37 95 34 63 14 5 10 85 58 29 30 77 33 42 87 18 35 15 27 26 51 41 27 92 81 33 42 3 36 36 59 77 16 49 71 56 52 47 29 77 54 84 8 44 2 71 97 62 35 22 66 7 22 25 72 96 64 85 50 53 44 82 28 60 16 10 21 72 23 56 13 36 45 1 67 62 95 90 84 76 82 28 62 58 21 75 50 45 100 96 87 10 30 14 9 37 23 65 7 39 46 42 52 72 1 53 10 10 4 67 43 48 70 48 46 7 52 51 4 33 28 69 32 37 91 65 6 100 19 22 41 39 34 48 93 43 13 87 1 68 10 55 74 30 26 67 50 55 32 85 42 87 20 48 37 34 73 42 75 82 47 58 19 58 66 7 81 64 41 83 80 48 72 21 21 59 62 4 63 85 40 89 37 87 92 49 27 46 31 97 80 50 76 56 34 83 70 69 86 100 30 85 96 67 26 21 65 86 51 7 91 65 8 88 11 14 93 92 77 72 69 6 70 12 32 72 40 47 42 28 98 1 26 38 36 36 48 20 89 55 20
5863 68 201
707 20 68
195 7 602
12369 144 395
2711 29 120
23685 543 654
1033 15 241
2570 39 250
3224 61 410
8066 526 724
436 21 42
2993 465 565
14268 334 569
25390 446 850
20373 412 830
5897 88 222
1204 30 40
11696 251 307
8887 212 285
14726 231 555
19807 400 445
970 129 152
31367 475 721
3418 270 495
3 4 228
18884 198 577
68 2 516
3177 90 198
33640 414 786
29931 353 731
4874 288 387
7435 107 278
13906 222 697
644 8 133
24754 324 725
5021 68 700
13106 526 755
11131 296 812
1 1 2
24566 351 387
2766 54 417
1 1 2
7548 123 239
3553 104 397
166 4 123
8100 261 757
20491 278 728
4772 101 284
14098 374 651
576 21 262
32748 470 551
1083 54 94
53 180 193
3432 119 393
22938 461 645
4623 57 65
228 20 58
9544 176 688
11637 224 340
1196 76 608
2432 109 247
1992 36 411
6545 217 720
238 7 128
8765 542 672
17582 276 504
103 13 142
104 7 14
15961 191 632
2509 80 439
5118 452 658
11651 604 822
2102 76 173
44049 529 724
21051 268 376
7789 115 170
16033 204 402
40651 478 707
62 5 44
3010 47 269
3471 37 83
3431 556 568
12679 559 792
575 12 15
26523 295 527
8727 307 700
668 442 645
6497 91 369
21840 538 721
4342 283 284
70892 802 836
655 227 717
4836 219 307
25837 273 769
667 14 497
2157 284 582
14682 504 616
3099 391 671
121 6 108
117 67 157
15084 320 790
25298 269 299
3642 78 524
2939 50 83
4417 93 579
5275 127 370
2189 25 794
2695 56 192
2125 65 554
12369 125 544
10812 174 247
161 4 324
2354 73 660
5017 85 296
15965 186 192
219 5 222
48623 543 734
8124 146 471
60554 625 636
33515 374 762
5906 112 290
354 433 637
1071 25 29
3184 65 213
52 4 32
10342 117 226
4070 52 535
46025 607 609
184 39 74
4076 67 74
12271 136 152
32 8 78
28751 301 713
15878 416 522
12125 765 772
17401 226 604
21022 226 324
9672 107 750
14725 258 376
1 1 25
394 328 573
40991 425 766
2486 43 285
971 432 778
189 12 601
4284 85 529
14452 426 573
2860 62 83
17994 442 639
5244 102 354
11130 206 335
5100 196 286
599 7 10
497 35 280
508 12 132
3079 273 443
181 3 5
7422 106 275
196 3 10
101 15 33
59066 694 759
11989 140 305
491 6 194
329 6 769
3464 112 246
2061 74 331
10861 170 251
202 4 90
1539 142 158
52674 610 693
51114 563 635
3241 317 482
7998 145 309
9438 108 270
17527 213 583
4974 218 669
1259 23 326
12575 285 439
1430 72 175
63 2 14
2719 621 805
26043 268 615
8465 92 742
16287 400 443
249 8 70
13101 394 421
1188 46 57
5377 80 108
17280 217 383
9837 187 208
1842 100 166
428 24 342
2214 25 321
347 5 313
988 18 75
737 42 84
7245 331 475
404 67 235
2710 212 832
9846 141 848
2384 102 213
2623 325 600
28570 395 667
2681 54 139
27137 287 431
2362 27 36
47265 679 703
9166 183 285
886 394 644
33094 474 705
4 84 128
144 5 23
413 7 125
22364 379 534
11275 240 482
380 56 428
5657 190 773
27404 313 387
5033 185 562
27323 319 466
36422 442 815
6270 118 166
14700 202 229
9160 166 421
3277 251 812
1093 47 169
4241 77 181
27585 381 482
688 148 511
2317 171 807
6477 150 267
1 1 48
6191 139 668
14420 241 464
14156 359 652
30416 487 626
4270 76 212
3016 51 486
663 8 13
2220 37 105
9708 199 382
7374 134 398
3273 162 515
2808 33 140
130 94 230
4333 54 612
39476 562 704
1933 505 578
30729 345 839
16510 339 444
5374 195 378
29458 304 678
424 268 501
4086 87 824
17 17 562
207 9 36
725 13 201
1657 40 156
2630 124 225
47896 618 637
22789 285 764
295 12 16
10043 158 184
37490 667 740
23129 578 783
34142 676 837
6787 77 760
18515 235 408
2587 56 245
23588 337 787
32950 341 565
27804 667 844
7152 126 181
8206 234 652
23264 366 389
34885 482 782
5816 60 450
1339 46 302
1541 17 67
1159 290 471
43426 492 600
9893 188 252
2212 77 252
3591 66 582
40073 701 710
6282 131 669
57549 608 719
134 4 22
904 110 174
26478 362 619
5567 119 700
44520 555 757
8640 123 532
7634 155 271
11471 143 725
11149 125 218
5295 399 583
5134 64 80
5122 145 774
17520 200 228
11968 273 291
1 1 152
9018 169 724
9708 104 483
242 187 541
13767 186 567
23859 289 452
246 37 623
4534 108 635
1013 13 95
2242 35 60
19622 287 793
45688 515 633
4107 69 276
120 238 557
28638 518 523
19262 384 729
11491 171 196
732 12 25
2698 70 727
7873 283 726
15847 168 673
8275 222 241
2332 80 288
1 1 713
14500 185 667
2725 123 308
1694 103 539
12247 275 286
30538 441 698
14395 247 721
1029 38 95
9808 403 448
17 6 7
9236 151 159
8903 177 475
29470 367 474
39 6 263
730 40 107
2944 104 299
1023 56 406
10922 112 337
584 33 34
2304 41 286
20564 214 402
10125 235 502
4251 53 83
1071 24 59
20906 474 633
21756 532 605
11124 286 666
15529 203 496
11218 126 189
18389 475 769
82430 842 847
19541 300 366
22727 255 466
14760 169 412
150 27 198
87 15 223
6986 73 151
494 20 48
2929 40 732
8707 145 175
16140 285 822
7401 88 575
2481 35 78
615 23 98
653 19 412
2876 74 280
19837 261 686
10614 132 183
2659 119 257
427 46 53
7551 188 483
40267 427 674
18363 212 405
13776 145 323
3828 64 312
2444 337 566
14527 719 776
1448 251 351
37973 546 831
5 172 460
19198 548 590
9371 203 337
6416 112 715
188 4 67
3444 38 485
5940 69 152
51 15 21
438 173 750
8837 355 398
15672 240 354
11776 606 738
9198 146 407
1251 22 72
4799 93 740
1 1 38
5703 69 178
14776 168 789
30951 313 622
777 10 45
16864 417 533
11196 188 293
7566 85 335
344 51 133
13688 324 768
12581 452 743
1309 116 143
4668 66 472
11999 135 282
4040 97 173
889 21 48
3516 130 226
33090 387 463
1 1 193
5047 160 343
1268 75 116
1468 35 47
141 3 73
25618 475 498
1300 36 41
152 60 751
18826 213 588
1551 53 750
3850 41 268
12662 233 391
8889 150 615
24382 313 604
5507 228 635
1 1 7
1241 32 320
680 8 644
11181 124 536
41625 430 813
19969 499 515
16103 190 200
1071 28 39
2229 162 623
28968 322 624
1792 33 358
5330 153 320
6093 74 195
25201 553 632
16482 285 842
11969 206 742
4963 84 518
11180 136 203
776 27 34
3423 217 476
2700 109 313
4711 378 752
25365 319 348
7214 110 394
13669 154 304
1126 269 814
259 5 6
7163 587 638
7358 325 599
831 128 499
129 472 662
24122 268 285
35025 544 742
5137 130 735
70635 733 828
10195 304 738
2221 62 85
2859 31 47
7002 92 196
9902 525 570
14 20 147
6221 66 627
3710 44 96
1 1 77
23725 338 743
3194 210 300
46 65 512
21028 483 599
7488 82 105
20481 369 759
53021 587 645
1 1 121
834 12 21
2287 50 59
4449 49 131
25948 280 467
38359 596 698
8307 367 383
12571 166 622
12509 266 487
8241 164 272
2153 44 566
369 5 137
11381 151 806
17344 366 417
1059 228 427
4878 66 523
9844 481 641
491 10 51
980 17 129
3468 49 70
504 77 469
18038 451 759
15580 197 552
6015 88 268
3587 40 181
363 84 404
13810 185 269
21438 515 523
22894 237 477
14597 424 663
7655 266 686
1582 97 330
55903 589 710
23984 730 798
3170 110 204
4553 92 119
1986 23 29
8836 91 760
51781 708 828
10876 411 453
36309 398 816
10434 207 217
38 47 160
3631 46 525
960 29 792
4175 186 779
30022 366 652
2091 25 112
5962 115 310
2032 27 108
2890 708 779
4096 101 234
7564 127 270
10230 105 374
15429 218 761
6448 68 87
516 52 190
132 23 643
1 3 4
1164 56 149
35825 460 713
12912 453 558
9375 406 829
1040 52 69
9734 161 504
506 30 597
13435 155 445
697 9 138
2057 154 202
25018 264 453
28412 325 725
1709 20 23
11187 144 257
54401 595 629
2857 55 548
12150 160 686
12028 173 294
1075 53 78
42182 450 495
52211 534 711
1 1 140
7563 220 672
14108 143 236
403 145 535
33510 356 741
28874 313 836
12 12 290
7870 234 295
7111 126 392
339 29 33
2866 35 112
41941 495 850
780 46 249
185 3 6
15401 190 631
8319 89 252
10250 152 292
8203 112 251
4370 163 638
21512 351 690
6003 288 620
31393 483 610
3978 221 223
1 1 67
675 11 542
2449 51 160
929 15 34
5074 174 491
44501 699 754
1022 75 312
13684 155 388
10144 145 574
43 36 53
38858 395 406
9803 197 617
30826 641 670
930 98 387
3484 41 76
19062 562 692
8583 430 732
215 257 456
23352 352 618
111 48 201
14731 166 555
712 10 20
6129 63 492
493 36 127
37940 441 488
46628 808 839
5482 101 153
1023 32 229
4948 116 753
6236 427 483
8149 95 151
649 13 254
11224 334 629
11533 259 361
1117 408 593
16629 371 469
11298 182 278
12126 186 247
38649 420 623
5286 75 89
42 19 175
29823 338 476
452 66 199
4484 160 209
1148 18 793
9796 114 368
6770 216 632
5299 178 255
8768 211 567
6108 179 641
27506 493 702
5593 74 683
979 158 286
3319 306 396
8129 99 103
16806 184 212
38302 517 780
8448 196 263
8 5 31
23983 356 650
48830 514 571
415 356 612
237 127 627
30878 382 738
742 14 19
244 5 104
5108 189 304
9486 178 357
1986 128 316
1 1 406
3035 58 321
6948 469 722
3361 294 334
15559 193 316
6218 163 536
4971 446 646
13110 478 600
1561 312 797
25675 581 724
20733 509 827
362 22 26
2629 36 148
9989 255 269
263 20 51
1519 42 400
13639 141 639
13918 306 312
890 121 160
24795 438 515
31935 370 701
458 87 230
6532 329 651
6693 272 435
9521 708 785
12522 316 358
26407 475 673
2653 38 764
5956 188 787
4998 123 578
15858 312 710
9430 186 679
34213 374 405
1892 99 618
444 11 267
4108 165 545
88 37 39
15951 462 547
6862 765 839
100 4 169
3588 55 507
18 5 103
32206 350 450
11007 153 369
3982 86 758
6585 111 206
143 9 181
501 32 129
46027 711 785
13456 185 548
851 144 180
46 7 23
8378 560 603
17821 487 742
42404 496 807
26087 466 729
325 5 795
21470 285 641
3194 35 114
4854 154 238
7479 240 706
15200 302 847
2187 23 72
7043 346 479
11708 201 218
18249 197 272
16057 244 256
28114 369 809
823 16 232
7703 599 613
5676 121 150
3861 42 224
31075 437 772
12831 134 158
12366 197 201
357 17 22
12780 383 577
8169 128 503
984 122 688
7080 72 419
7533 150 176
93 4 135
7211 306 571
1902 359 497
60000 753 775
1519 186 695
12673 159 399
15366 164 230
1364 116 246
20743 233 574
1 1 2
9200 180 240
1222 45 673
803 80 780
4624 60 363
28813 290 296
7019 299 723
32291 453 522
6544 69 71
34189 380 567
3828 116 125
4214 171 591
18067 238 287
34985 470 570
1055 21 31
25761 372 467
6790 155 250
15738 224 467
6880 137 470
8850 162 329
389 17 123
19783 297 423
11849 366 463
431 69 221
14 3 60
21802 257 668
3860 97 437
61137 774 822
7250 162 402
2831 71 78
35110 557 623
10883 115 709
37 3 4
4808 89 359
23330 280 524
70 10 726
13359 139 735
692 32 65
297 4 58
12556 335 474
1868 84 148
7131 97 367
6319 116 195
11170 217 730
14916 164 233
2506 37 556
18530 238 726
6 13 22
7213 86 807
9218 123 124
724 9 77
3304 151 186
18922 661 736
32293 353 812
629 64 192
4916 53 366
3938 129 283
4488 231 605
2520 60 493
7633 196 707
4357 719 834
8064 136 819
35111 432 579
26306 435 571
17647 212 345
38699 550 615
604 37 123
5808 388 423
637 122 157
76 8 338
25503 517 554
63918 784 813
4860 53 324
9804 149 320
4240 50 102
982 21 235
54973 743 765
14905 210 272
8655 139 173
1191 54 290
44077 478 711
53460 731 788
10530 133 276
869 40 718
94 4 696
22899 435 570
12188 137 382
207 15 115
442 27 130
7038 269 742
306 7 9
818 184 194
2665 35 458
13801 155 452
41084 550 657
29336 755 778
27379 599 681
12216 193 248
19655 284 580
34212 377 659
3386 36 121
3703 41 141
6893 72 782
489 79 87
1400 22 73
24966 286 387
52 114 188
8915 332 487
7693 122 449
79 26 119
21083 401 625
10726 215 692
3115 71 497
3117 82 317
2592 32 37
1501 141 181
5295 160 620
13147 195 362
1354 125 168
6820 349 759
557 25 98
8283 116 564
26047 399 514
1153 31 89
1586 36 257
18996 220 314
25575 418 700
117 4 783
462 86 99
14080 282 501
22615 366 437
15541 526 810
12570 250 831
11603 191 723
3193 200 762
15707 301 642
13809 373 448
1303 106 193
16938 188 240
4623 114 466
645 19 659
8664 110 607
3559 226 789
32466 330 628
1 1 798
1922 209 477
1734 63 386
17638 290 454
716 10 655
16924 179 460
2340 48 594
17491 197 489
3923 101 231
403 52 67
4260 146 155
28550 383 435
2289 30 88
7464 93 119
10826 126 201
6061 138 175
1210 20 22
4994 52 183
3393 53 294
3782 182 184
9175 137 164
7008 323 694
8539 158 486
26363 416 455
317 5 274
3625 538 675
10138 172 178
7421 104 286
3901 231 360
6815 184 195
13497 171 718
2934 347 434
1369 35 96
14735 247 796
13125 152 206
2534 157 457
2795 31 213
3128 342 417
3014 146 357
24942 633 774
5587 264 769
652 140 333
16425 225 275
859 120 199
2213 430 478
161 22 66
966 45 90
22670 260 570
9 30 428
3035 139 418
78 278 807
21179 486 818
5277 216 624
43580 454 508
879 33 320
3630 85 581
10766 387 516
9614 567 850
2407 65 790
43 2 696
1271 89 178
11132 199 391
50077 592 840
4072 100 813
414 108 139
10152 448 638
2888 248 400
1040 436 524
1037 35 194
31054 551 708
8957 421 609
24216 357 361
8532 684 746
41591 542 665
978 150 289
5598 85 201
6695 239 300
16096 649 679
8199 102 201
2233 93 549
17461 183 503
29 2 194
2384 67 341
3977 104 671
24957 292 348
591 77 348
62066 658 672
69 67 517
7725 118 311
553 10 23
6357 218 587
4032 130 170
16820 170 207
20028 305 383
9398 813 836
1148 255 724
16822 265 475
1709 26 102
10209 108 393
22319 276 722
20851 303 553
29065 307 351
11781 183 190
17881 222 634
12803 213 449
21976 231 696
5148 129 267
519 12 65
2097 94 501
6834 273 529
9139 115 497
3841 51 515
208 4 12
776 88 92
47838 567 607
4833 217 325
7275 206 453
1666 141 535
3822 89 532
1564 40 73
19160 227 453
1095 20 196
43 8 16
3351 272 628
23836 290 450
1582 44 818
3212 156 358
16133 401 707
223 41 544
11325 337 418
25731 355 540
62747 789 811
10782 119 534
30359 343 468
37 100 261
5620 129 517
21468 304 513
18201 207 500
33920 786 836
3480 60 724
14673 252 265
113 3 19
359 9 467
2471 43 48
5087 58 68
7236 85 142
7204 153 613
1 1 150
15234 397 425
16018 416 486
11857 524 731
29051 379 408
1394 22 189
24934 275 301
8891 155 325
267 6 10
3998 99 239
1030 55 522
1282 37 645
1752 39 131
5020 323 644
201 46 78
15191 171 280
11073 192 460
1333 17 501
36838 473 761
1234 80 118
11752 174 188
49 350 397
1233 33 124
5493 368 822
1936 43 123
5641 98 225
2219 24 54
14679 155 603
2787 132 277
7117 118 123
2249 24 495
34951 384 631
128 35 77
7577 78 293
818 15 92
5584 73 144
2260 204 478
591 25 151
468 12 52
2220 30 606
49663 746 832
11625 278 548
10694 117 243
43011 485 814
8408 97 166
907 298 451
2295 37 43
15289 278 431
10084 149 201
971 69 88
10405 245 564
4249 138 208
4010 80 659
13808 235 274
865 24 37
4745 501 589
69655 768 804
2609 78 715
1106 66 795
4985 107 824
429 6 17
44202 566 655
12917 138 210
3059 96 117
127 34 218
19629 464 466
50960 610 831
272 6 196
774 12 530
11988 139 256
1631 115 481
4920 321 710
26275 295 583
18106 662 844
3702 54 75
9988 130 204
4989 61 741
179 11 13
13140 220 701
2058 64 536
4058 191 818
1126 409 499
2032 131 321
1048 15 473
9733 284 633
25501 353 768
1126 16 18
648 14 162
2818 50 147
8015 234 280
13451 256 400
1063 328 757
100 2 6
678 81 346
724 47 203
5480 271 639
17476 345 612
1217 429 444
19122 288 672
188 21 204
285 4 10
760 29 446
2105 37 102
14106 455 655
2333 39 352
1245 48 532
1611 21 394
32 311 482
14372 397 403
12397 164 738
9435 159 674
5367 370 462
94 8 144
107 3 14
14155 150 237
1043 32 822
54 2 22
2053 76 607
51 28 47
4117 103 204
12721 131 688
908 73 330
17032 179 239
15830 254 508
13996 144 309
1931 83 364
6670 109 315
2095 33 37
14471 159 675
2641 61 681
23705 388 400
1400 66 669
20571 335 649
3048 60 110
46 189 577
2714 169 222
2779 51 164
453 241 740
52453 546 571
8122 295 724
15497 254 729
5594 227 233
9770 102 499
27121 356 595
20860 219 312
1999 43 61
30 15 119
333 5 231
425 8 46
34883 356 409
958 12 18
21687 288 615
10317 108 135
15980 412 543
3807 44 218
31523 773 833
2161 318 676
4192 50 586
6464 363 421
37940 541 588
326 7 340
261 5 10
22182 659 690
12194 288 332
77 4 97
5736 90 574
5025 102 848
44654 450 802
112 174 318
15724 541 567
4263 103 490
1929 683 814
673 9 18
4143 45 719
18524 793 818
379 8 21
9871 103 109
32115 606 796
13711 243 269
10010 103 424
1249 84 269
3154 72 82
259 11 22
150 7 9
7512 130 249
1614 56 188
28891 314 450
12183 483 583
8796 335 702
338 16 122
10225 232 819
3519 71 386
7191 120 143
4574 88 288
19060 316 393
20729 391 545
2046 77 473
9413 104 513
643 59 198
7264 300 305
6228 149 269
3568 112 761
37442 485 647
8330 147 550
21533 244 555
20502 226 631
10623 227 811
969 110 176
118 10 676
1617 21 25
1333 26 76
20188 402 648
19578 342 388
3999 44 369
7660 135 260
60 6 693
9130 175 786
48525 523 651
5855 395 708
38291 505 772
16238 180 183
650 13 123
9300 132 183
1212 18 643
12267 127 831
23763 430 774
25337 407 723
15335 167 516
323 363 446
1 1 9
5524 104 370
12052 178 212
1183 43 279
2461 118 454
780 56 776
21959 377 701
794 36 145
3690 56 80
25785 426 539
17666 217 289
5691 111 181
60319 668 836
37640 613 706
587 44 63
286 156 354
9642 110 472
13943 307 761
13853 274 547
29766 355 456
536 30 322
3966 65 408
26042 338 776
3390 39 296
7209 121 167
8696 103 551
6734 136 453
9103 215 544
7379 82 151
3327 76 848
8374 158 654
10408 186 724
15588 256 299
1557 300 520
72 5 210
1142 14 36
8099 193 329
8742 434 671
2434 37 455
3571 166 266
558 12 42
2792 157 435
12686 159 434
13726 352 619
7789 144 322
1488 67 152
4533 325 736
22179 364 420
1398 28 586
12147 287 368
18427 541 643
38237 394 495
10807 206 428
26358 360 402
1485 58 647
56181 751 782
19284 286 462
17420 468 618
4273 46 624
15580 345 486
3323 68 224
20007 281 324
10254 194 369
7576 324 398
8552 142 348
9025 92 314
16278 585 845
61972 655 746
247 85 426
8921 142 493
6625 200 228
7595 89 180
12988 255 622
19992 389 475
1801 25 149
40454 445 461
11084 263 488
34098 581 667
6652 97 478
1125 74 383
15062 327 601
8132 194 666
1595 186 474
3781 118 147
1422 17 147
1088 28 30
44 21 236
2064 50 77
7879 223 724
1005 23 43
29106 294 472
8265 534 818
16550 582 583
1523 51 556
763 11 43
6408 95 175
4330 53 323
8425 147 178
1092 33 232
4675 433 583
7649 134 154
1766 20 456
19349 482 664
12426 162 213
10092 189 681
5294 85 324
190 4 8
46 26 42
2813 196 234
8904 264 348
287 95 179
7197 173 291
21578 497 668
114 5 7
7 2 332
2227 110 185
3979 174 592
370 8 61
13112 158 264
14361 355 424
11390 255 788
5524 265 850
3633 47 266
38138 419 482
11932 195 281
19870 208 506
4146 62 231
16524 253 466
5550 179 344
32450 507 602
29408 378 756
27140 569 642
1297 18 23
23716 661 674
11292 181 733
8165 249 269
61589 772 836
8355 108 125
246 46 527
1818 20 65
2540 292 363
10835 155 271
9159 108 426
14372 669 820
2815 151 649
2334 454 595
39264 637 665
2380 58 162
11973 196 317
313 190 443
23180 404 733
12436 212 490
1619 139 476
1842 30 154
3064 88 380
6591 89 297
2873 226 535
7777 111 180
4839 154 187
1879 208 211
4575 64 196
13839 277 527
3876 45 743
9923 382 605
1046 597 621
9831 296 315
24902 589 678
3280 47 82
3063 72 534
2132 86 168
451 10 48
4555 54 143
1945 29 111
15275 214 486
358 11 25
51176 718 737
51228 518 780
13901 190 830
3823 68 317
20539 408 708
7516 262 622
381 61 126
557 45 114
17909 193 456
61254 619 740
13473 199 235
43 9 173
10559 158 778
840 10 14
71 31 69
22380 338 593
3846 103 298
621 73 120
2403 520 708
2619 51 176
12067 330 339
27378 408 660
2719 57 185
4058 119 272
40798 464 488
16600 280 724
822 53 578
1032 19 26
30396 327 351
1209 43 310
4720 150 224
6154 357 540
15290 164 784
3836 42 281
14120 271 452
4479 82 144
1072 14 630
5842 112 191
6791 573 673
8891 333 341
9264 207 352
236 76 324
1611 65 102
606 323 362
22862 268 498
277 150 184
3321 76 685
6590 301 487
2501 52 149
3104 184 842
316 29 835
3702 97 425
60310 703 847
153 9 26
26319 341 373
1927 69 234
1875 29 51
8456 127 218
633 17 186
23457 257 481
1924 115 433
635 48 88
8552 201 246
4789 164 577
36909 534 593
7865 169 427
5547 145 502
4299 51 259
4408 327 349
1923 409 848
731 12 20
29397 410 472
14319 230 337
96 13 83
1061 57 74
23144 233 332
2050 51 78
3713 89 459
51 5 660
2906 319 669
3104 95 189
1455 16 262
1 1 176
592 152 383
15477 336 787
3970 69 250
2687 71 395
1442 28 37
33900 381 425
3630 85 299
1256 41 307
15265 248 503
1036 23 47
2069 186 491
14296 456 687
3091 38 384
12627 317 519
4817 62 619
57 2 73
23939 250 255
11782 240 367
10141 213 318
6657 191 412
3309 207 594
6735 89 146
3851 140 247
9991 611 652
5116 108 711
1503 34 181
7561 487 498
6201 164 798
15418 175 228
699 11 211
1 1 9
46414 475 659
4955 93 150
9059 100 170
16640 241 555
978 285 496
2752 120 563
13105 309 580
2657 92 99
42054 477 554
82 492 785
20093 605 709
1998 90 114
13952 153 486
49001 620 811
8128 139 160
3028 98 125
3781 59 125
3304 70 846
104 4 378
1372 17 210
15311 214 742
2888 42 106
13062 318 359
25 2 736
4874 52 520
24246 421 527
12025 682 782
2260 57 340
5934 123 624
26530 281 778
58830 677 686
34380 433 598
1770 63 318
23783 274 467
6674 140 472
43722 439 504
1302 25 168
5 91 152
70 37 63
2128 99 777
12432 152 307
7431 279 296
25854 321 357
5042 391 399
9066 212 251
634 69 159
1989 22 23
17898 718 792
6085 91 442
7330 233 501
21573 244 830
12706 131 264
5008 58 88
45695 499 657
46782 501 784
348 31 496
31226 763 808
3141 114 405
2706 55 344
13419 141 166
8149 112 797
9170 220 278
3544 171 580
1737 58 406
2148 178 337
388 27 406
51 14 24
52911 567 754
9572 217 305
23043 269 341
355 10 57
1233 542 687
7433 355 741
2253 166 322
462 18 384
303 22 28
1448 20 22
32 15 563
4024 108 439
17837 335 616
7147 152 348
7033 108 191
1434 122 141
6557 373 698
29729 358 444
466 40 54
39 12 824
1013 84 378
2056 81 424
152 3 792
5687 465 497
3473 43 196
14707 275 533
8908 159 738
7361 276 652
806 54 62
5971 123 215
9200 219 243
29986 326 372
10177 381 610
8659 785 840
1401 124 153
11490 290 603
4546 55 147
19739 219 791
175 144 196
4280 167 664
2603 143 229
86 6 630
48466 652 694
1167 30 41
41110 500 564
13441 140 190
4227 61 210
3536 98 100
20416 252 354
37467 450 491
2073 30 127
4119 103 408
33002 488 630
9441 163 493
23798 240 400
11524 180 262
189 31 242
23233 283 383
1228 19 56
8142 277 514
27010 441 454
39201 465 621
1481 192 251
1195 55 182
24061 255 325
5006 58 384
883 302 628
19439 277 436
19962 421 646
1939 105 817
14264 340 608
2548 34 368
14518 335 606
22710 556 715
510 10 125
4591 121 152
5434 114 215
24899 355 573
4142 55 191
341 12 71
37689 667 815
5557 585 812
490 6 7
9555 361 381
248 6 8
42652 466 568
9353 114 122
2701 53 237
16258 370 843
2185 45 71
8718 97 108
11800 174 224
30335 662 664
346 160 202
38853 681 796
446 19 24
2960 232 250
2079 315 669
4686 552 607
807 150 203
15543 331 447
2734 73 437
13437 447 491
53 4 71
26367 302 600
3253 55 576
6783 162 436
40609 632 680
1515 61 135
23964 261 810
15407 214 375
7392 505 635
19175 296 364
5039 142 166
14853 280 340
4726 104 336
3206 149 411
9047 118 302
906 30 64
149 25 698
12673 250 314
17127 219 750
28616 552 763
4678 113 171
54037 651 847
985 229 296
35381 403 538
8950 267 511
113 456 789
3147 99 155
919 13 25
8607 472 755
11672 122 157
676 9 816
23843 242 523
24197 383 463
2853 47 322
18 62 88
1020 372 569
7851 82 95
35 3 425
13329 164 845
363 14 223
243 141 520
2430 390 432
1749 75 234
35756 461 566
411 34 107
126 4 19
3269 247 337
4023 131 244
8429 205 277
16515 695 717
29661 453 466
1626 23 509
13359 148 362
36725 471 698
3471 97 424
1084 108 120
431 116 322
197 4 67
1166 61 483
41205 723 812
5185 53 547
1286 72 353
614 50 81
20460 265 312
11109 392 536
47038 477 541
3377 38 519
1169 30 55
44934 465 538
3204 219 800
1805 24 27
17200 257 335
1377 311 845
10293 500 735
67 3 257
414 11 13
1927 24 150
231 77 230
38501 564 847
3596 52 88
6881 190 651
52588 668 743
17570 257 455
622 24 451
11679 207 530
21393 287 555
2590 60 827
18302 314 496
16777 257 448
10860 160 165
2673 33 211
8483 228 332
1924 79 119
2464 73 230
15665 159 204
19530 663 846
35013 408 454
10543 297 447
6556 348 781
8484 348 388
1973 386 707
77534 809 830
155 3 8
1434 42 806
1722 20 105
7008 207 241
39068 574 582
267 28 55
25324 580 591
16683 596 817
794 22 88
6957 76 99
34283 695 847
3651 416 602
9547 150 309
7802 407 680
3549 634 666
2263 43 610
3177 104 796
17148 377 730
4389 231 591
5316 101 635
15487 369 414
748 99 431
3567 192 827
31840 639 786
26924 307 517
1305 66 774
16355 499 673
24353 309 472
1151 78 812
404 53 506
1489 85 224
6695 69 527
23124 306 398
735 151 238
2080 22 64
14625 307 349
9493 549 673
916 44 131
587 21 65
36 348 533
32903 489 559
2508 49 71
430 110 774
570 147 777
1 1 2
33036 449 454
39 28 63
9218 815 828
27694 372 518
4965 404 420
5072 129 610
33517 472 532
1367 66 186
3566 76 366
27140 289 494
67891 737 781
28884 359 636
3540 45 200
4290 274 535
8135 115 673
396 11 311
12818 468 514
586 7 81
7621 84 390
94 5 161
1880 204 597
995 239 465
11912 167 284
52 7 63
542 11 179
174 28 329
562 124 227
31629 579 708
1534 155 719
65927 790 837
7926 346 393
6925 210 475
2033 32 153
1819 327 389
18638 257 664
946 67 560
11040 207 478
55697 577 639
3829 76 85
4046 58 129
11538 297 745
895 23 56
3814 44 309
57326 591 600
4230 45 93
9307 154 611
10316 200 331
15850 175 418
2575 65 604
7 4 36
17040 256 688
28663 546 756
5315 56 105
13767 487 516
2209 29 94
13497 148 669
4700 50 88
4861 184 304
280 5 26
27074 340 421
9337 119 260
8861 212 601
4328 56 123
17378 217 442
38961 572 678
2283 72 142
612 10 354
254 24 171
16 2 54
651 13 378
27026 409 609
37912 505 759
1422 16 291
90 6 12
25501 447 469
1883 20 142
9652 519 850
34126 453 593
27394 280 733
906 79 311
6862 240 424
50 52 578
33488 366 548
25050 416 575
18494 526 773
70993 748 767
53501 705 792
5314 326 790
1736 183 308
42240 658 733
29482 449 743
3605 43 93
2593 41 54
3896 193 551
1 1 3
237 71 260
2232 236 834
3589 277 411
23219 244 268
2777 301 612
3570 174 741
542 11 48
839 167 647
3780 185 600
94 25 130
3639 528 614
3142 69 81
3046 82 187
1703 25 548
22791 309 458
19576 269 753
5485 109 122
27060 341 664
28 3 4
9441 110 704
1804 21 205
10864 110 184
1032 42 63
2800 34 147
1687 74 333
1274 641 664
2505 118 143
28022 286 429
2816 114 825
19400 358 486
4744 157 751
8061 486 613
17281 184 259
14351 326 610
6235 394 661
1684 659 768
1190 22 237
18465 214 325
1177 62 468
796 79 113
40699 574 836
1540 246 384
2055 156 655
9101 263 778
2901 41 128
5188 77 368
13691 222 409
2468 46 763
1312 40 201
19458 220 567
4225 107 261
279 4 11
24501 305 377
9937 108 130
1387 15 104
1571 131 555
4122 61 77
8863 188 833
1816 531 555
1144 42 482
60413 654 832
607 48 791
7192 180 602
4173 128 413
5264 240 675
2149 248 460
51232 578 757
12113 125 251
364 107 163
3045 32 230
6119 207 815
5755 158 460
23965 372 551
10968 111 458
4147 100 513
258 18 80
43 2 382
37861 428 776
4120 163 459
16560 343 585
28183 337 415
42114 530 797
23284 346 796
42896 575 696
23967 386 712
970 27 772
26844 295 563
2188 55 395
29776 335 358
14381 571 787
5653 74 190
15987 169 420
16852 336 380
14526 249 448
3002 260 519
15237 262 406
16949 619 811
5784 206 219
15291 221 555
12880 193 225
5873 713 715
827 32 133
446 18 25
2300 61 754
193 210 294
6964 232 512
7112 89 796
15264 210 587
453 81 211
147 3 300
18990 215 503
1697 62 617
5037 276 382
8237 362 574
657 8 349
27428 405 675
1261 14 557
40688 587 689
6038 179 604
1201 30 94
6460 162 300
447 9 88
25888 745 790
27693 318 321
676 54 244
5586 91 174
3955 61 91
6608 127 189
7113 361 386
2036 56 274
8329 145 432
36701 427 566
4669 171 357
10649 112 483
25003 429 675
2815 117 467
25252 265 451
5492 265 495
11264 297 311
23738 458 710
2344 27 426
11589 208 389
976 118 170
3428 360 429
86 5 8
1667 124 222
339 17 35
14763 326 509
22685 236 439
8429 344 505
4457 194 410
3063 327 697
17642 230 614
12247 129 424
40158 687 755
9360 129 735
4675 274 720
22651 281 420
1 1 439
11747 169 291
2030 184 690
2069 711 767
264 58 177
11835 390 440
18286 327 377
7746 242 255
3846 180 196
3483 150 780
850 34 91
5566 71 192
6391 75 335
10861 167 512
10574 204 390
1645 55 318
3256 274 286
36562 381 560
962 22 715
39572 524 850
21099 220 820
12 69 79
1646 108 711
420 141 437
27642 509 565
3361 60 69
4898 75 460
1065 266 322
5688 174 237
34809 475 692
2532 71 84
20221 217 323
14345 164 816
1643 151 404
17917 577 587
15420 200 720
16522 273 723
14675 272 744
3607 42 64
6929 176 251
990 19 32
3609 65 126
116 4 116
2314 380 482
14843 472 651
8638 221 279
3639 51 88
3043 98 195
10173 516 677
17143 429 588
2043 24 179
10784 114 153
34985 406 444
6297 156 181
2365 57 81
4238 130 143
2296 63 507
289 6 258
554 7 322
380 90 550
1171 91 127
10744 154 167
3497 37 141
8851 150 286
102 9 93
370 20 46
2632 62 127
4439 91 339
2244 241 326
2000 39 114
63709 709 825
2274 66 512
7228 85 254
6361 284 429
69 83 233
401 19 103
32859 330 605
2390 202 246
4692 62 705
26906 418 838
117 36 401
5908 332 489
649 45 310
31016 338 451
37 3 86
23522 253 845
22100 282 288
322 16 25
425 48 239
16943 287 593
10564 384 412
896 85 741
2 2 170
15310 334 675
9027 203 239
3116 221 548
10237 499 670
2761 64 271
41258 489 506
331 23 256
385 12 233
10907 129 675
10203 118 400
23491 299 382
9749 156 397
3738 75 356
629 13 241
1173 17 132
10518 187 322
3054 49 50
5618 100 199
4063 86 164
2931 78 738
3434 59 94
4595 53 110
501 13 64
10337 310 588
8028 194 452
14111 183 285
2145 28 72
22547 236 251
9196 95 320
8611 211 737
20829 262 542
16385 298 536
20983 434 541
12502 221 281
11705 179 626
8560 230 394
22237 340 375
799 80 151
679 57 386
12415 175 426
2194 47 464
3070 56 699
21020 361 737
1796 175 699
712 29 47
1018 28 101
1207 38 88
3985 84 96
4891 193 310
3962 87 218
20270 277 764
3436 446 654
63125 784 804
23246 273 286
91 208 642
12441 230 626
14329 206 589
2995 190 243
413 9 797
11615 462 535
1554 180 182
17623 212 497
4273 188 455
22754 270 774
2329 43 150
4574 282 716
9018 125 467
35623 571 777
102 16 55
12020 153 236
2089 160 794
26224 363 557
30721 479 847
12270 148 255
16169 756 817
3569 217 278
1 1 182
146 11 174
5070 79 668
272 10 171
10293 197 204
55 42 46
4557 152 820
667 9 16
16446 279 575
1 1 4
9006 541 593
2054 53 234
16848 685 759
63526 693 703
4417 87 113
9928 700 735
1251 285 627
4732 51 283
8591 146 603
281 32 101
25356 377 666
6193 347 704
3158 253 605
5499 62 390
838 618 714
522 7 203
9841 123 152
19490 383 477
1992 154 277
43717 625 743
13778 222 447
40181 649 657
7783 289 483
38116 503 542
13020 193 196
3307 82 86
25062 545 616
11291 135 188
9357 99 359
27187 468 703
31352 367 835
712 421 473
5307 72 165
388 13 27
1768 29 37
18794 210 634
10285 406 786
6660 79 85
2765 50 62
21752 560 816
2701 97 848
1635 78 372
21578 343 676
17520 180 538
5005 55 414
15320 173 359
1113 24 49
628 15 46
11425 178 624
15258 232 260
4050 138 647
3904 200 447
10481 158 381
2492 264 581
32393 491 537
12285 125 190
8711 418 766
826 13 15
7 7 154
5539 128 153
1372 450 628
4351 104 260
15586 219 704
34729 427 627
17995 346 499
698 15 32
58735 633 834
20302 357 798
149 283 343
16262 372 495
7924 81 478
4833 93 592
2501 28 38
6915 99 550
10619 123 828
1459 27 205
511 29 227
7272 185 282
17023 180 424
3885 53 400
5378 251 654
5326 55 356
7619 97 187
469 9 358
2118 269 489
1327 396 429
38045 408 834
19663 332 618
2138 168 810
923 14 149
19006 331 583
14502 399 505
10401 158 840
6242 111 548
7858 160 382
6035 89 171
9540 121 132
133 22 182
13822 190 597
1192 73 352
1584 55 65
3590 46 69
22703 268 484
19274 316 708
12882 327 555
7825 106 368
4492 118 762
5524 81 138
16257 193 623
58616 833 836
5260 94 243
1832 133 211
1305 18 366
128 22 103
1836 97 332
16099 460 621
6939 100 116
5972 323 584
14705 159 356
7812 276 719
5939 204 647
21679 272 828
6928 98 100
707 148 819
1391 474 533
17 17 176
40162 545 590
26924 294 748
19475 493 515
87 60 244
43652 474 693
5765 103 246
20144 498 535
8647 199 824
2268 29 186
2932 67 108
7704 211 551
4920 149 727
1695 57 704
2453 77 110
16237 196 378
479 257 541
4720 85 387
4341 51 642
1270 119 842
163 190 256
12601 305 608
11765 144 258
48719 732 798
9846 115 205
667 27 89
5940 117 505
99 7 619
7009 175 234
4803 115 706
1 1 7
480 39 96
7996 334 622
3323 62 171
78 30 457
704 130 237
11213 121 558
2131 55 118
4060 115 242
89 12 24
2290 151 175
19215 272 591
14258 251 256
3115 51 69
1 1 7
1751 103 280
4706 157 475
880 19 80
8980 94 349
792 9 652
12940 240 279
493 11 269
1927 94 95
14674 372 708
20417 510 830
479 17 95
2758 37 191
15167 179 180
834 15 335
2575 168 760
279 6 55
23120 268 706
34855 495 699
500 400 773
21 27 202
235 20 139
36 6 9
14110 206 385
8261 227 265
854 95 477
1356 23 281
14698 236 399
932 31 285
449 6 142
7442 97 459
10989 326 718
8220 213 219
17232 265 270
2125 149 628
2097 100 649
1024 16 26
493 7 39
4524 139 570
50 52 57
26723 273 453
12775 490 815
3438 38 670
1369 21 28
40182 431 460
4672 125 240
8970 95 189
2843 44 130
7642 118 720
20286 438 713
22550 418 752
6596 323 396
1 1 2
1635 21 332
13051 135 191
11229 272 292
1403 329 706
16120 446 496
10491 281 411
3862 90 770
713 38 527
15178 229 262
629 60 660
2004 105 135
4441 102 103
1 1 12
849 270 498
2437 32 165
4268 154 545
6522 154 478
3872 218 747
54810 617 710
4211 232 255
1070 116 207
3618 241 293
227 244 465
2675 52 79
3154 140 443
36719 544 651
6420 293 377
1456 100 414
10298 136 612
617 47 503
103 176 512
28055 340 480
5258 87 251
17473 697 754
26538 406 432
38786 490 650
15 11 13
2846 231 365
1108 35 185
504 418 480
16118 248 580
2609 455 793
1293 37 66
37212 453 512
5265 90 426
4411 182 454
538 21 412
229 48 762
3458 137 476
13949 176 345
227 9 801
26586 269 370
23326 267 540
761 31 256
18004 316 768
5255 606 677
118 4 6
11 43 319
7281 83 334
48821 582 733
1852 180 266
9045 117 346
12115 218 700
4511 158 616
2595 33 514
18381 750 811
5612 74 163
14899 267 355
23093 376 492
5503 207 421
7863 243 781
466 19 154
12278 228 549
3173 49 52
788 21 584
31507 371 578
28623 308 805
9801 286 506
6131 96 126
27329 362 422
7996 339 377
9721 159 335
1548 101 361
7735 110 577
22 2 30
405 13 16
11751 270 303
28040 306 332
1 1 3
34969 427 585
40966 509 811
12219 250 281
14867 175 719
238 548 820
842 25 332
1191 17 24
611 18 729
9039 292 641
12947 167 731
884 59 482
574 13 97
4457 509 554
4549 93 551
10884 133 479
816 29 59
1244 17 511
3799 90 330
2280 28 223
4511 105 452
15224 186 725
3359 122 222
3318 143 371
4609 58 95
15502 353 548
280 78 116
52826 589 813
2176 61 70
4617 113 147
873 114 307
4796 306 366
1 1 11
38 3 88
7933 206 383
1 60 813
647 322 425
366 6 8
3150 34 37
3770 152 575
2513 465 707
301 9 508
3461 42 132
31442 435 449
4736 244 426
13114 215 261
41814 470 758
21182 516 670
4737 63 472
4897 51 149
141 4 28
3298 304 358
10593 149 176
1061 226 547
1163 21 43
1423 122 810
12527 176 248
21997 345 357
12724 247 621
13311 540 643
6949 596 791
11929 305 502
353 28 150
883 17 94
30371 374 422
1035 18 40
191 5 111
12034 235 249
1281 14 30
13387 192 422
40 13 68
14639 505 523
830 299 432
11088 126 594
1139 80 230
4128 82 153
2484 28 616
1738 54 316
18880 337 619
712 603 668
3173 150 617
22375 556 767
3359 87 189
11050 326 599
1568 39 163
9063 202 220
870 12 44
4623 53 336
2595 51 485
4245 105 114
8571 311 781
55 45 46
162 62 495
30986 479 689
535 12 49
5760 87 241
6658 254 393
584 158 258
4812 549 653
8457 435 805
6157 134 141
587 16 32
32280 332 559
6116 98 647
2192 285 521
11578 388 699
1840 20 97
2874 122 388
9135 193 679
1248 412 585
17513 395 598
13455 149 532
27834 550 577
24708 283 659
3576 82 809
28355 648 804
14553 329 440
968 39 283
970 147 217
38591 652 727
18995 220 307
25043 432 732
25 18 618
2349 69 77
10229 604 612
7766 121 139
9519 111 322
50 31 115
26013 323 403
2017 24 54
4040 106 656
27989 362 644
20605 372 569
325 5 279
26822 470 718
21056 341 567
2834 47 395
42658 451 812
35334 401 625
15539 203 399
7369 236 559
17 4 159
4869 106 719
7418 230 308
13237 224 310
709 25 71
26254 290 443
8910 105 334
2361 27 349
231 13 24
8021 151 293
12185 145 323
8451 94 110
2579 72 742
22383 362 423
2796 32 57
10242 214 272
23000 382 420
24792 277 631
724 136 668
1689 38 819
2927 89 226
133 3 6
4664 389 471
8896 114 135
8419 483 669
13415 175 795
100 14 179
19899 328 354
1036 100 167
12360 295 348
5502 187 244
14014 397 754
11951 544 650
2245 40 179
7751 238 510
8598 114 305
6789 77 820
43149 726 800
7219 286 343
9717 101 116
3886 68 185
5724 158 241
650 10 428
1419 822 833
13078 303 628
2309 30 435
48 2 143
4696 149 397
1257 68 324
6892 100 117
10314 378 607
2979 295 373
909 14 38
81 19 128
7 2 3
693 11 189
4407 132 187
4991 362 484
251 8 127
3207 117 608
30220 436 625
1635 26 579
22048 465 589
11729 268 543
1319 54 112
46665 525 792
6915 86 458
4080 87 303
27113 288 331
33541 659 820
3743 128 248
34457 744 850
10331 347 701
5328 111 162
13922 154 822
651 112 686
594 12 22
16798 338 383
10289 175 299
3375 167 402
14396 162 241
3934 54 438
46133 715 812
12886 136 286
64219 717 795
3946 86 264
6656 76 148
6304 719 748
28383 334 640
1621 199 405
24987 761 836
4825 73 405
355 6 207
8735 439 721
13338 447 573
17875 412 551
26818 368 384
170 6 65
21886 232 639
50717 509 584
618 47 626
18689 204 344
13911 275 498
1977 30 122
24061 332 494
1228 126 285
20997 317 627
1002 16 209
6227 65 418
9229 505 590
3723 45 291
92 4 413
3706 67 120
4991 668 693
8878 113 265
149 14 56
1468 154 632
62920 710 748
9396 168 628
8955 183 341
10993 116 295
4875 437 665
1720 75 482
22769 238 649
233 5 8
1 1 7
13528 169 510
2235 461 725
13442 643 791
973 156 545
8649 202 426
532 8 90
1697 113 141
2779 118 364
2491 565 813
1847 20 88
33735 498 836
22503 246 266
1734 74 92
3775 113 131
24594 423 455
12255 540 633
400 9 90
19751 362 368
14030 170 379
3224 75 419
2798 178 576
3025 197 629
6541 149 522
1360 18 841
3142 64 121
10755 150 555
3095 77 148
16453 310 411
4599 86 245
2410 30 48
5438 322 819
8200 136 141
9755 308 311
29102 322 399
5853 266 395
1 1 9
111 8 84
29671 558 673
13332 159 451
11271 149 464
10231 488 509
3559 40 91
7463 93 100
22093 506 618
32481 331 448
16466 226 371
2324 101 119
2236 220 377
61419 767 812
7161 176 181
1967 88 348
2362 247 371
8042 182 193
199 5 119
1483 16 18
9269 203 436
32527 371 410
3389 43 260
38361 665 693
2318 197 722
28753 474 566
682 17 172
667 31 107
323 11 241
34255 348 377
122 3 8
56902 617 800
39862 421 709
2288 162 801
700 187 822
17031 224 307
352 40 98
1227 14 679
14689 279 401
2688 237 398
10456 108 128
52633 542 600
2271 35 136
1431 38 49
9339 204 360
9014 144 169
673 138 385
39559 437 779
31307 332 669
28 6 8
4021 115 222
2322 367 419
24 3 4
6330 577 708
391 64 101
13721 175 299
14457 147 827
7497 184 304
16099 194 620
20008 342 566
29087 402 502
8924 339 571
2140 74 321
10361 267 510
4702 235 262
16188 186 439
4617 61 88
38901 490 641
466 36 350
1596 36 748
11029 199 284
2428 175 238
3390 222 582
1967 67 116
839 424 677
3357 78 708
282 111 657
37914 778 841
992 114 467
1962 40 274
13894 489 556
16157 167 271
2913 54 433
1455 25 377
8370 85 130
574 11 379
46119 708 717
6536 380 812
2212 112 372
3379 347 542
11115 335 432
15134 176 475
11599 211 516
2824 40 251
27258 317 541
7015 222 454
27412 381 630
29449 300 384
1860 121 665
728 136 654
2593 228 430
1476 120 157
10788 157 511
3758 310 591
22505 739 849
3233 167 555
4221 70 97
5638 64 170
9680 255 575
722 11 177
483 15 47
28171 464 479
5599 57 111
27660 808 814
118 28 153
4916 318 555
4367 470 719
2252 24 114
5514 100 117
1255 220 788
64822 752 813
8423 118 465
40508 617 637
55822 648 677
4852 264 279
32296 427 529
11087 146 311
10772 211 217
554 7 385
709 68 387
1635 202 225
19041 310 425
3099 39 284
3551 78 647
1478 33 44
41839 428 783
5319 74 225
9127 187 319
18408 414 464
4317 51 112
237 4 74
1403 26 530
4160 45 571
21039 394 673
7822 311 648
28370 301 713
5661 83 170
5347 237 389
1769 206 406
1062 51 449
40561 407 655
639 100 354
19228 460 629
2591 460 811
8792 100 253
52443 554 674
10036 262 570
338 14 248
45646 745 802
8972 106 625
14405 424 492
875 80 777
935 14 50
9358 326 675
52 2 12
4712 60 299
16986 336 720
3603 48 140
929 17 86
1064 28 41
10293 152 459
2306 65 488
1865 38 77
2316 108 214
6163 129 458
1124 37 261
3804 48 155
13756 168 662
157 14 20
753 174 357
1074 367 816
20218 648 683
16728 226 560
25435 280 414
26680 307 395
2219 295 486
9484 129 184
2450 33 694
29802 648 792
10232 135 418
12941 389 653
3127 252 389
27470 332 780
75 2 8
6601 98 384
17220 282 402
15422 360 384
10038 105 143
16634 220 817
2897 77 513
33693 493 610
2044 27 45
23171 377 699
56 12 32
4493 75 428
13347 159 416
13 4 670
2116 38 53
19446 307 644
11257 297 486
4807 81 161
5657 131 265
10 3 4
13033 155 762
14321 189 326
31301 344 600
13569 148 586
6868 295 455
25668 403 585
4447 112 641
17241 545 712
45757 535 544
3150 140 211
25852 525 534
7658 86 521
7005 241 407
18322 282 470
31128 439 452
6730 231 291
15206 175 205
453 8 655
8624 110 366
14250 361 768
4856 94 300
911 27 121
164 211 295
19847 551 830
145 3 14
3638 80 367
1424 34 44
5650 546 576
9358 168 200
667 15 39
13881 511 575
717 126 132
4905 263 298
1204 33 196
53133 543 754
24151 578 748
4783 135 166
16930 191 268
38 2 55
264 12 488
4690 54 112
1101 30 33
15415 174 476
13974 247 377
312 15 225
2876 130 537
2759 203 342
6424 75 178
47 262 788
1044 15 99
14608 455 557
31457 424 537
8980 268 660
1180 37 508
3392 54 93
6559 271 753
1 1 29
10832 571 754
22240 306 385
31334 658 763
6152 230 351
26534 428 765
17783 409 815
18480 187 470
3199 57 89
538 333 538
12266 349 435
2377 68 416
7039 100 348
2333 127 148
10943 187 480
6533 461 578
2504 61 235
75811 768 781
9012 219 698
1219 21 31
4876 59 628
4057 68 228
2469 94 757
18343 469 529
7570 140 505
1383 19 62
186 170 800
2100 228 584
10804 778 822
3782 182 391
2080 36 138
2150 27 199
48 144 188
3017 154 794
1626 61 621
31934 333 632
3395 281 756
18040 318 450
2806 109 646
25964 270 760
12993 295 548
55564 659 804
33196 390 607
12837 521 699
35381 358 685
202 91 662
344 15 192
2486 28 226
2947 31 290
1707 193 284
11241 156 653
7252 347 477
10373 115 210
1528 175 491
1963 25 167
6279 80 524
2184 72 78
20718 588 788
2982 84 262
711 12 25
96 7 354
1388 194 503
3396 74 313
13465 278 338
8151 147 238
10074 545 685
4460 433 527
19063 238 300
3086 162 654
9103 118 430
9310 96 548
4073 62 162
8046 139 262
16170 199 534
6759 553 584
12120 146 616
16346 167 651
1859 30 47
391 56 63
1932 42 60
15994 269 417
36460 491 517
10823 285 665
873 150 238
8042 153 193
85 24 29
914 13 29
26304 358 753
8245 155 277
51249 528 693
20535 399 679
33 329 506
7026 110 126
3096 45 156
55831 754 821
24960 541 616
2655 40 175
20166 277 614
1236 120 210
13468 783 812
15745 325 411
1895 41 678
8005 349 451
2878 32 306
28842 608 701
8638 132 176
8174 103 179
456 11 39
18491 448 801
8390 267 694
1910 67 146
5407 67 219
46 4 15
1 1 275
478 13 35
1 1 134
819 10 177
7361 154 192
44595 572 629
332 5 343
665 11 544
38453 621 672
21902 268 358
1191 266 816
18931 223 441
28104 394 502
8477 238 401
4372 168 415
9099 546 730
11907 183 187
44 3 544
5497 112 146
553 63 120
91 39 639
46601 582 622
11334 254 517
2756 43 81
25190 358 413
80 147 778
6242 113 492
10937 452 680
3063 52 309
11440 203 282
22632 332 460
1579 30 335
20542 429 831
1652 94 272
23 2 70
12276 179 218
819 13 203
9443 124 283
13655 344 696
4882 88 823
29087 505 606
10041 110 540
595 14 54
6473 294 448
1683 31 453
3998 47 65
12138 500 609
13891 556 611
14267 193 746
16004 162 191
17445 360 591
285 22 56
6901 114 596
14363 479 580
87 3 482
18519 362 702
10742 389 824
10621 201 202
528 27 375
8492 271 716
6663 252 391
1909 32 494
45270 562 602
2178 191 581
21493 451 846
5254 100 199
2021 81 131
1426 65 763
690 30 157
14245 451 631
4021 102 391
808 10 45
10963 115 495
1419 41 95
872 46 73
881 14 295
31292 328 529
12425 413 672
16078 337 731
4324 254 283
886 25 155
3774 160 633
6072 145 403
7108 357 361
16588 361 480
9422 235 368
3800 581 796
23275 536 556
16653 316 780
2017 23 391
13844 175 528
3578 113 686
41 2 276
2569 39 540
18293 207 281
1478 62 233
3365 38 462
4654 60 226
183 89 126
282 5 10
2287 54 630
1692 23 59
10336 137 169
11656 248 688
5920 283 457
9460 319 444
33981 667 824
4496 127 698
11927 130 461
14671 542 658
21564 283 480
1810 48 379
2223 42 652
1729 29 74
1922 81 303
9027 114 826
29385 667 670
2386 247 507
19906 308 395
23408 336 648
2410 204 219
74 77 344
1541 37 364
1358 364 707
4403 88 156
5654 126 470
36568 411 519
975 11 74
1043 70 122
895 11 25
23698 286 749
5755 111 784
1 1 351
8332 293 618
15632 439 710
19138 236 571
31525 568 796
16741 176 765
31985 334 428
3200 245 684
4972 61 452
19 2 500
14816 247 515
1 1 11
5817 71 200
34807 483 846
9397 228 256
5899 147 700
4172 44 96
22472 340 371
765 17 374
613 23 66
26 64 239
2782 39 69
19893 217 555
5511 64 362
24265 603 652
210 7 10
5544 64 221
648 283 405
11848 321 543
13841 342 415
44907 647 670
1134 18 40
13574 184 218
628 37 138
23417 276 520
8827 349 477
80 5 6
15934 384 442
3225 35 326
4035 74 809
26884 476 505
669 44 353
3583 64 565
14674 451 684
192 63 183
14979 156 213
6848 122 299
2270 375 521
16752 423 507
4923 75 605
87 10 47
33792 444 536
351 91 351
5285 256 516
817 23 69
20078 567 775
7326 83 107
2987 311 462
1730 50 225
3331 51 201
35642 440 645
13995 319 788
5709 230 667
10604 443 573
400 7 121
512 7 352
4435 67 352
7349 93 258
9422 147 149
9651 713 771
1802 53 245
294 5 6
29603 487 491
40579 641 836
1711 30 788
38294 448 815
17011 492 594
1188 14 46
4297 53 523
1631 207 645
3879 44 212
14831 475 678
9701 175 198
10050 102 270
26775 299 495
13506 156 741
3954 147 467
269 7 29
6493 125 183
118 24 647
417 12 26
3710 67 244
1367 24 35
2839 241 485
655 99 119
5082 118 290
16335 196 561
4584 89 670
5520 101 414
36 2 22
16506 182 260
8838 191 332
7330 104 296
2995 167 232
4924 331 738
21781 240 525
5250 224 449
2782 36 54
11188 436 546
2595 27 41
58999 611 631
10985 301 826
4576 188 448
3800 104 253
7632 118 203
3278 473 477
174 52 331
36067 659 730
11658 183 280
41723 554 792
17707 315 752
7157 104 401
9638 242 510
198 4 14
4482 58 153
12053 382 681
7097 169 796
94 52 465
5299 161 536
14774 222 324
9221 169 185
535 8 12
11195 188 306
1 1 202
7141 111 366
8582 104 458
4815 60 799
1060 18 128
5319 118 320
1853 52 425
425 52 563
2065 434 506
7894 236 472
22867 300 367
685 8 9
19261 204 301
994 12 75
3139 37 144
11698 141 236
7852 123 623
53764 638 760
724 192 258
7949 83 626
361 33 93
187 9 418
3837 54 77
51153 784 813
1 1 6
55592 571 659
13047 378 660
3420 50 208
13140 322 593
6584 128 350
6988 492 778
3163 71 167
4925 163 382
521 43 478
39459 490 743
2301 84 470
11248 159 312
12932 240 432
29987 395 456
1556 150 731
7154 130 460
1399 15 54
189 26 446
2232 184 830
14413 363 446
2961 93 490
15601 179 663
2337 364 657
7143 214 316
17872 258 492
10368 635 780
27626 366 496
247 69 304
9713 145 223
7533 653 685
326 5 8
280 115 314
9418 184 273
1588 326 709
1692 36 385
3202 120 161
16229 261 738
1857 69 571
26170 318 547
41350 840 847
16203 166 226
171 14 100
902 17 60
293 37 589
5775 396 540
5820 167 168
1782 39 786
2307 25 77
804 61 74
5612 63 684
12060 307 533
38706 577 794
20046 531 554
5461 62 468
7498 91 512
2086 36 146
1650 27 36
15841 375 458
2169 79 144
842 14 416
586 180 186
26237 327 467
8326 130 316
1804 20 177
3489 192 195
214 5 35
20622 513 715
14436 340 539
13155 201 807
48730 709 740
4579 138 260
29505 350 461
7673 198 570
1711 101 467
6839 317 663
33567 414 529
10685 111 158
20224 394 703
72 367 740
2762 62 128
6969 391 793
1616 29 49
12133 180 456
4049 49 65
4903 280 363
1017 491 502
299 8 29
1787 20 21
6987 248 756
6366 123 326
372 42 162
14313 263 562
617 45 196
2110 38 553
7617 98 190
7953 94 348
114 57 96
2714 125 358
14618 278 763
2395 156 387
3346 196 512
455 14 33
28930 383 751
6118 357 572
28172 315 782
652 10 628
1558 25 283
5903 68 95
19938 217 667
18900 331 361
39 13 25
2438 53 118
5892 136 232
14829 350 775
4069 51 86
22151 233 460
48517 501 820
13733 229 387
3000 86 705
19387 195 334
10615 123 162
210 9 275
17436 277 732
1506 81 149
188 49 679
29992 356 360
14635 155 199
2840 43 120
7415 84 209
1 1 68
15609 509 717
250 310 354
4779 257 501
2026 32 126
6869 105 111
308 133 409
16205 378 640
5457 101 166
65 4 13
2244 70 344
6941 118 441
14 2 13
20168 226 771
19315 223 622
3996 106 109
590 247 719
30930 434 764
1783 38 129
3544 138 157
4525 51 98
8344 309 819
11094 387 454
3546 138 568
8497 677 699
18084 190 383
27415 296 347
3538 39 123
16861 174 380
1299 66 174
4299 157 191
11946 228 663
33604 569 727
5493 72 106
1836 21 308
9375 175 656
26419 630 644
14034 253 681
663 9 16
5391 275 337
2600 104 693
11312 149 484
34169 384 407
15864 192 403
21980 235 453
13789 598 704
1883 59 187
1908 26 152
1088 23 66
19596 235 824
4837 103 144
20465 334 750
14471 224 279
36034 482 840
7320 88 589
111 8 9
37334 503 808
11573 188 846
14605 304 426
15359 627 813
46427 622 693
655 39 186
39868 649 677
1632 38 134
1251 18 71
5158 163 282
13251 272 336
33342 423 496
3541 217 560
11069 124 213
8930 175 427
11322 546 584
22815 466 626
251 26 100
166 8 117
492 82 164
26017 519 701
6216 174 214
4449 67 125
23674 399 656
7027 294 830
645 701 720
16876 225 583
416 9 637
1228 38 468
19719 639 707
59488 704 734
21380 234 466
840 13 186
41915 547 591
12457 191 577
1082 107 544
23703 292 387
1520 104 156
9016 717 847
11601 268 365
4746 154 594
1811 57 820
33243 346 352
31979 354 848
14549 713 722
2547 27 32
6188 107 500
10195 116 715
10618 358 409
65557 665 770
8011 687 783
3847 192 453
11848 175 521
3263 48 831
7228 145 156
2802 124 708
21464 365 400
3538 91 641
9502 540 738
31498 457 536
39431 452 685
835 12 46
4773 303 601
13800 177 694
36364 786 818
13520 334 629
3341 111 118
32340 512 716
6828 225 343
71 3 10
8929 259 681
1285 30 174
3803 156 213
18976 225 313
14922 704 724
8082 102 243
65173 732 749
28718 403 664
10125 145 189
6431 296 397
437 6 9
209 17 279
20351 566 725
1525 85 312
2822 83 111
25185 269 349
41607 583 717
269 4 12
4039 161 470
1188 16 40
39171 432 790
17171 276 492
2653 218 224
269 96 776
24 19 134
26785 352 697
30965 370 562
52207 725 782
10854 279 302
12861 182 223
9668 122 192
597 38 317
2274 251 499
8145 147 190
1063 68 447
48960 644 832
19891 238 637
1747 47 342
3139 571 714
30486 380 627
15248 212 469
18169 324 435
20095 291 419
12855 289 597
14276 347 503
6310 653 711
54 3 4
11834 267 473
125 43 382
10174 287 304
4187 65 94
4069 116 272
18808 222 653
498 31 453
24149 310 506
11772 238 369
2483 38 183
384 75 733
34207 398 523
1434 20 632
521 78 391
17 2 615
1153 21 611
5816 137 435
1026 558 813
34368 527 824
5304 122 136
1914 168 186
7576 91 437
6876 92 383
1922 327 517
24011 341 382
4097 188 298
52705 531 664
2459 29 42
4036 126 411
5421 302 394
110 58 360
131 5 55
1 1 114
27083 302 339
8272 494 556
9949 124 486
36439 492 578
27192 290 753
14914 221 223
1959 21 148
388 9 181
562 8 190
9824 221 383
10169 109 356
1248 61 807
6809 115 203
27868 539 640
23683 351 728
4558 104 135
1294 36 135
12752 218 481
60 66 137
6906 676 734
11263 114 343
10502 179 258
9299 241 290
2855 96 259
5690 109 194
17204 296 332
23104 272 545
533 25 122
1029 91 596
5306 349 481
39742 616 835
72 3 14
6140 118 544
8115 176 389
11800 393 584
2616 102 245
5854 139 772
5940 246 353
38678 409 414
4316 59 103
11933 139 595
11421 228 255
284 7 234
1742 40 127
135 3 513
295 4 225
2767 30 124
229 36 92
1355 24 228
27335 648 808
7207 145 211
6596 85 118
15660 262 667
25978 355 541
26795 341 451
42095 604 630
751 181 234
1202 14 188
790 39 597
77719 801 808
33170 522 590
27633 467 470
642 82 642
19392 631 839
7784 125 304
23840 482 492
392 24 75
38 8 326
5388 423 709
331 13 32
2341 30 808
19552 202 527
46378 479 508
34461 717 820
6474 85 398
1992 414 595
8258 172 227
41593 525 553
24996 314 456
36186 648 651
2095 62 122
1926 49 113
31433 409 752
2516 120 772
14756 445 666
10846 112 166
15688 164 188
646 14 316
124 4 39
27224 380 657
3798 48 169
19216 367 567
49848 506 711
2136 61 135
169 6 114
36347 439 757
2235 86 378
2454 30 38
22655 517 529
743 149 434
661 40 54
25198 322 468
6984 73 315
864 638 787
5057 59 646
10600 270 614
1183 44 302
1154 77 546
1568 23 125
3062 39 64
339 130 136
4265 175 766
10533 382 796
9301 165 415
9191 94 440
27795 398 529
10182 198 207
21637 385 510
22964 297 314
4355 108 663
31492 386 599
21966 367 476
1192 50 539
500 27 291
366 20 213
7002 167 504
11591 146 413
32794 336 594
27550 432 748
7232 88 141
24315 570 590
4512 97 145
3908 193 550
1453 28 256
14483 183 187
317 5 743
32772 561 594
1570 25 48
47078 479 531
22229 377 775
5396 63 66
20985 398 410
3112 115 154
367 22 99
53320 548 722
43 291 634
15283 178 265
6989 339 358
1431 22 78
531 141 517
5503 64 316
57 180 423
1964 372 532
2233 37 212
16905 472 736
615 24 367
11664 123 794
3286 193 682
14000 176 367
40611 421 441
1473 23 626
225 66 206
2867 109 156
2124 56 97
2808 173 364
128 10 63
18062 228 326
15723 499 584
13243 181 213
464 65 178
6596 95 825
32471 648 651
11241 218 591
10739 275 286
12104 329 560
11971 220 352
3490 137 720
25935 713 758
7251 177 494
46871 502 694
14057 257 799
1173 52 101
6846 90 110
1056 16 96
7466 77 106
4792 304 507
76 5 29
35739 492 569
22955 341 473
10480 178 845
11988 278 341
44053 719 734
15435 313 526
28356 584 800
3970 201 362
3169 234 381
784 12 108
6361 249 835
30069 432 692
330 38 790
28230 409 674
33662 465 582
40794 508 655
8922 140 420
7208 271 430
58540 781 826
27122 378 586
7321 543 638
2702 640 659
20381 294 562
25245 280 358
1 1 3
4563 284 557
172 16 531
28800 396 613
6554 94 181
5147 359 562
16082 162 570
35421 363 435
2594 47 88
27214 328 676
16635 219 221
4741 448 524
1111 72 136
15282 158 169
350 217 301
1518 63 307
29321 313 443
58647 719 793
8441 162 257
40692 690 719
782 34 274
658 191 364
758 15 28
15952 259 295
4950 109 459
4061 50 501
17774 220 335
3258 185 657
15266 340 793
32211 645 774
119 10 342
26873 459 548
1615 212 447
5470 88 519
2083 158 178
6096 64 453
2613 90 780
7791 106 307
727 49 389
15670 285 789
1814 143 745
46616 549 565
618 127 231
10759 133 225
41561 444 448
2533 28 48
910 112 365
5864 74 95
19905 380 802
11798 171 462
2702 72 333
1862 26 79
21793 487 518
1217 154 256
4071 82 404
342 11 18
51182 549 742
11759 409 467
356 5 59
17927 418 506
9757 308 438
7361 101 137
3266 91 339
29682 610 767
7099 77 239
32680 371 505
4234 160 600
6741 75 350
232 47 187
3343 35 670
1 1 24
758 108 263
310 23 26
158 6 412
759 12 424
1332 111 356
1167 30 176
32540 756 801
8782 374 467
804 60 400
2517 223 649
582 302 831
25220 257 267
17525 304 330
4859 66 282
849 239 485
688 16 50
10190 337 571
32655 454 839
600 325 484
27766 418 661
599 9 47
2737 534 825
13409 191 355
13751 148 319
1 2 14
9211 128 435
2517 305 759
5366 55 336
15928 189 439
49233 525 692
36267 564 584
9391 172 299
37092 492 543
4682 59 331
6587 88 732
13925 372 647
29646 395 496
10106 199 486
15023 318 750
3836 208 280
304 52 124
1294 65 622
8848 142 778
2193 65 402
6064 63 552
8976 95 699
2405 34 58
10 8 637
151 4 5
2499 253 475
3297 104 516
50869 612 676
23459 315 354
10733 318 475
18655 270 676
21724 345 562
11605 241 640
58 18 254
871 22 54
4188 51 71
2583 175 541
2403 65 528
695 9 10
58999 752 809
13139 136 191
7267 169 174
34395 401 695
1975 179 341
5541 192 619
801 162 173
854 243 496
10367 122 374
2526 32 745
2914 47 78
126 133 530
8317 600 656
2446 62 157
16567 214 584
15204 217 426
43543 441 535
1 1 224
8785 129 418
1896 83 234
38 10 82
33699 363 407
1976 98 324
1306 449 548
6658 87 231
9814 543 633
587 52 144
11475 130 167
28591 567 785
759 47 185
204 9 40
1891 46 84
11236 385 474
395 11 442
8708 138 787
1 1 96
32249 355 726
11344 136 510
1778 77 199
6020 684 774
8815 100 474
999 52 72
32898 403 409
12954 565 620
1116 40 294
1489 359 664
2292 125 213
9320 121 782
2660 28 432
958 59 569
1507 21 34
4076 195 212
14482 347 509
19049 429 556
3540 41 178
6468 70 105
72 112 343
6946 72 163
4807 70 81
6054 99 198
27573 413 816
12162 493 547
6074 167 548
4252 165 490
612 64 786
4765 177 697
2173 28 30
1866 68 622
8736 519 538
2014 47 496
31083 345 757
508 229 520
12188 195 227
25103 384 542
5948 77 79
16071 471 552
411 100 660
3135 109 545
1979 79 328
11321 116 200
505 30 38
283 79 780
5125 145 349
369 77 100
15451 393 583
415 36 380
3266 103 425
19 26 487
3672 201 571
1692 513 799
1027 66 472
982 84 412
22951 244 338
796 48 486
21118 221 369
10219 260 588
3751 78 605
97 7 15
19081 522 587
351 37 498
2726 138 724
42369 656 677
2941 73 91
5306 221 356
3843 159 640
679 16 207
2416 146 236
14102 229 342
1264 17 157
12509 445 720
4776 102 184
7175 106 154
4976 145 698
400 5 378
7263 95 540
471 15 775
43849 460 764
56261 626 710
9046 170 821
2406 164 509
34337 711 820
26712 535 548
137 3 120
13400 149 229
41261 446 835
16706 197 460
2560 66 281
6371 75 124
25790 424 734
543 17 206
1 1 264
473 26 264
2275 333 337
5237 136 198
3646 59 275
6842 275 720
14592 414 552
15136 416 624
1474 63 591
16838 299 766
8260 243 333
28211 463 514
46620 643 779
15008 270 324
8433 215 690
713 45 70
2503 29 205
1081 14 38
22754 229 622
825 19 610
23680 513 675
11579 207 462
9476 192 385
16510 772 837
6186 191 197
27576 542 789
2372 94 128
1170 29 36
3872 59 775
10181 449 682
542 7 603
6123 66 98
1758 23 708
1436 16 109
1225 33 235
16514 265 293
99 4 509
5447 295 338
23897 329 534
49568 575 588
25735 572 740
26870 394 534
766 96 587
308 8 25
15396 617 714
7161 151 170
4825 192 695
1 1 314
3487 197 329
26567 382 626
40785 573 631
2346 649 819
235 665 817
5876 154 730
2664 111 816
12492 195 276
32541 378 772
2977 77 306
527 7 88
9804 231 311
7997 403 727
721 11 144
3090 71 520
4253 55 521
12280 706 747
1958 22 513
10728 182 513
4772 63 157
4537 67 723
2167 31 92
303 86 208
7361 160 773
3184 58 137
5618 114 243
34832 366 549
11374 133 315
2125 158 573
19647 297 833
665 18 579
4292 162 438
1590 222 281
6605 116 129
12386 156 835
4038 43 46
5164 250 379
6854 77 612
826 376 450
6598 287 535
14340 356 545
13531 583 655
19005 235 563
25171 331 450
30582 472 499
9350 264 557
1069 21 242
9502 109 175
1939 29 182
1333 40 135
1110 195 277
776 15 18
3561 160 362
15223 328 475
6771 167 618
22672 386 722
787 16 150
20830 457 693
5945 189 758
11029 130 448
5787 98 109
52143 663 816
13684 233 252
2065 32 610
7329 131 421
2917 33 464
10617 156 242
30799 704 769
4782 331 777
1027 12 780
10463 111 709
4458 153 319
30178 324 537
6737 136 191
2738 108 256
96 14 198
7164 224 354
7943 100 263
980 505 577
2498 122 208
3020 271 543
157 98 584
5302 61 145
8230 150 274
21537 235 277
431 115 765
3103 36 132
80 3 112
2412 35 169
7330 100 121
25955 297 594
4458 74 396
12833 147 664
43570 531 707
23057 356 416
336 13 21
4495 582 762
8176 86 194
1721 85 720
1659 383 548
3896 280 840
11644 119 395
11085 168 186
20998 420 464
2701 43 102
48467 608 844
11079 179 407
8605 459 515
2426 173 181
130 17 113
9928 102 818
2866 175 762
21075 285 506
10135 177 738
10762 214 628
10434 109 229
503 644 823
11213 581 788
9674 101 476
145 11 35
13074 195 249
6160 140 213
12230 563 822
140 11 27
361 280 292
15806 175 462
493 28 248
7121 100 289
8565 135 613
1857 80 691
23754 287 289
1082 19 108
11803 319 373
3535 77 257
10238 187 477
9143 163 302
11591 209 716
1344 46 314
6522 295 840
9709 293 694
43 3 4
16584 179 243
1087 25 55
6169 140 336
8391 256 308
5845 84 396
12774 333 484
19005 221 522
44489 447 538
8658 120 153
4319 142 797
3898 66 119
255 5 108
4680 63 75
20944 219 235
1328 57 135
3750 51 188
17536 184 636
15849 426 474
60458 623 696
1597 121 249
26077 437 620
10644 203 511
1992 126 780
485 55 201
900 97 599
2776 247 814
605 13 142
415 42 172
11131 131 447
5348 203 688
29141 364 483
3620 53 88
8229 213 339
8886 101 185
4564 54 171
6219 283 370
8267 116 339
43171 581 748
37411 425 669
3130 230 338
2515 612 693
12907 232 349
1659 22 177
10927 185 392
21326 438 448
22058 325 771
2084 69 236
1 1 152
611 32 172
14291 207 488
17203 194 554
1247 199 206
20383 662 739
1827 461 487
17523 466 840
17485 200 585
1854 50 119
115 5 197
98 2 15
593 19 203
32799 537 676
14507 423 630
5131 74 129
150 18 36
326 22 641
7805 171 583
2939 39 110
1368 228 845
8907 169 212
10726 245 641
800 317 555
3096 130 382
3847 51 353
1259 15 47
5159 60 295
16373 172 313
31 539 706
47857 582 610
15847 173 344
5304 554 572
18166 407 433
24710 316 442
1607 35 38
6560 293 830
236 8 61
15679 306 709
3016 48 755
21389 282 331
957 18 226
3355 53 312
1243 90 382
16150 218 845
3840 51 66
3828 48 132
708 20 106
21509 238 640
12351 190 531
48203 715 735
12536 151 364
10419 635 689
987 15 272
18061 252 309
4809 118 265
244 602 720
8583 299 807
8161 154 224
18902 260 395
4997 232 575
7959 209 218
547 219 657
902 141 242
1527 23 49
40766 419 833
44829 460 817
1 1 223
3810 228 523
7898 150 266
4399 63 220
8082 126 205
6878 141 256
14897 157 352
612 13 14
27416 520 773
1390 39 212
27433 280 669
3685 519 834
1673 32 54
12646 205 250
2174 66 447
23326 442 764
2862 30 128
725 15 228
10122 558 829
6758 120 138
14627 266 366
1035 152 344
7581 188 317
28500 396 497
817 10 43
637 56 69
7027 522 547
930 81 105
4482 64 86
41756 589 666
2796 122 226
5548 140 796
27853 731 813
194 237 320
1356 417 746
45008 555 616
1108 19 344
10925 318 402
197 3 4
2765 64 229
3725 70 430
45369 789 819
15131 210 842
46913 567 655
262 22 93
2170 23 39
18470 201 295
7050 128 217
4525 381 696
2163 236 399
1 1 2
19844 318 431
816 49 637
12709 144 440
5606 121 382
30639 391 820
13897 438 524
1441 32 693
8507 436 714
35402 375 445
5637 176 601
65257 726 796
6521 77 108
255 39 49
39196 678 812
2180 158 491
492 20 23
10969 133 755
35568 773 785
21060 214 363
14855 333 423
922 14 31
5398 235 717
24135 341 713
21510 565 586
760 18 464
8598 94 244
13071 176 452
26253 306 384
7180 128 441
9546 181 690
37514 406 516
3232 181 641
31240 394 451
16737 365 395
2736 71 333
11590 147 319
39566 470 538
5432 83 116
1689 58 75
1936 743 782
25160 525 729
17722 218 583
2478 50 456
18550 215 294
30726 332 495
27924 589 664
224 10 76
2661 48 308
1439 132 175
20861 232 493
14515 507 605
958 44 93
295 15 172
62558 683 757
17507 192 816
584 16 59
4183 63 348
197 21 810
2093 132 632
13941 150 813
5881 185 629
2343 32 57
14431 225 353
2522 294 761
1420 32 321
1965 37 247
361 10 37
4053 88 139
573 11 27
58646 660 799
26 9 13
29975 562 595
1617 53 65
20123 359 781
26855 522 835
4206 360 836
2342 43 392
14833 511 514
6030 82 219
21960 380 424
1480 19 477
299 98 661
34403 400 446
788 32 287
501 43 260
15203 435 546
9648 223 351
11442 180 540
4510 98 713
3034 50 417
1782 30 436
27780 357 445
64541 695 842
5357 85 158
5115 54 235
2788 206 482
1 1 100
13463 199 626
4106 116 425
19686 548 610
404 8 17
45802 507 536
15797 207 484
348 23 628
8508 131 533
1 1 12
13801 156 306
57706 592 642
36891 505 823
143 4 259
2868 33 99
13229 294 604
2115 39 344
1950 731 767
13327 214 309
6462 105 247
5859 115 794
11973 175 468
1095 72 722
3213 210 356
20484 241 336
4213 144 168
4536 83 696
5302 99 220
17448 633 670
438 25 47
1817 210 242
7058 114 289
369 306 613
8042 83 143
6283 210 752
32027 580 693
5074 83 841
405 85 121
13260 323 511
20164 368 769
11492 120 206
4438 74 357
41238 625 688
18885 259 362
4098 141 476
4004 227 295
6465 152 202
29463 643 710
2240 39 106
15521 285 702
23124 330 693
16062 428 767
46533 597 734
2525 68 111
4263 363 530
3603 87 176
541 65 768
584 59 791
2366 55 372
8942 196 291
20713 300 517
58575 718 802
4685 176 525
4100 51 56
5482 79 469
1773 19 607
7002 132 665
6727 225 383
1438 506 685
13574 280 355
3817 450 714
1 1 12
2470 117 307
1535 95 284
5821 435 487
139 30 53
21072 347 700
1190 34 109
11721 155 552
7408 242 688
6868 155 481
15087 170 455
36210 562 742
1636 159 350
3256 42 459
139 3 193
5144 121 299
156 10 477
75 2 70
5652 156 652
658 18 143
395 64 123
1235 218 340
1379 21 142
3115 345 668
559 84 338
2664 171 271
14580 295 744
712 33 75
7081 136 480
2022 271 422
39685 680 740
3125 41 153
10260 214 220
2846 124 249
35125 418 467
12127 130 235
13081 212 624
17481 290 626
3366 218 261
17910 438 634
5724 60 240
72 38 49
18115 281 712
25926 512 746
24618 309 617
559 13 64
17642 396 517
2876 31 395
243 7 35
631 314 421
1724 19 55
2548 250 613
17784 208 216
3553 39 76
2095 173 176
735 15 207
2057 75 218
1777 298 633
5881 79 103
315 211 453
297 6 11
728 15 124
883 40 773
11940 200 434
6051 273 757
4113 114 416
47801 479 660
4790 172 263
6276 451 574
4269 86 353
3643 91 108
3620 201 281
13304 201 758
20842 311 831
1638 487 692
1237 19 22
12874 344 452
34788 630 745
14827 245 328
4563 134 385
1438 197 557
1633 111 256
20602 726 840
