500 1500 2500
51 17 64 41 47 21 19 26 20 53 59 66 19 46 39 65 49 27 37 41 24 65 38 59 19 44 47 37 14 36 56 67 47 1 38 14 35 59 64 58 62 24 7 38 61 16 22 31 8 3 12 38 46 9 66 70 4 33 70 24 1 27 52 11 11 11 46 61 66 45 68 1 42 24 52 18 7 9 27 58 46 37 49 44 13 54 40 24 3 1 48 46 29 67 47 12 38 57 12 3 43 38 33 13 12 50 3 47 64 7 11 70 16 61 30 47 42 12 52 1 56 31 22 7 69 18 49 54 11 57 15 57 14 53 50 56 68 53 46 8 47 36 48 54 14 39 54 61 56 61 70 62 42 22 6 16 64 63 42 46 46 66 55 37 45 16 28 63 3 7 9 55 38 37 28 6 70 30 3 16 54 36 29 10 42 65 44 53 5 14 57 11 41 44 42 17 27 1 6 67 32 22 36 21 39 15 33 69 44 1 12 44 13 10 27 59 36 36 11 5 23 38 51 21 29 23 13 38 13 63 20 15 19 9 66 58 8 36 57 11 33 18 62 63 52 18 24 51 20 25 18 67 42 23 48 44 41 27 21 13 1 18 40 64 63 60 42 44 12 62 8 40 52 37 12 18 26 49 42 11 63 66 61 7 70 55 30 37 43 30 9 52 36 63 56 23 12 22 46 19 20 20 5 30 46 51 27 43 53 40 15 5 10 24 12 63 20 46 6 21 62 36 24 18 62 63 25 55 22 58 17 67 1 9 20 27 39 33 48 55 69 62 11 38 55 14 48 66 35 70 35 70 8 42 25 9 63 1 60 48 33 16 36 4 7 69 60 23 27 45 50 69 33 7 11 29 68 36 54 1 35 15 47 42 35 58 63 19 23 40 47 15 57 56 41 61 24 32 6 23 59 51 15 11 33 46 64 2 8 59 58 44 5 60 44 48 68 53 24 21 8 37 61 48 8 29 44 14 13 29 60 5 57 46 61 5 22 23 38 11 40 19 4 37 31 23 12 65 42 48 21 20 42 55 42 21 5 32 45 51 56 15 54 58 56 47 47 68 9 66 43 3 50 32 19 67 37 56 23 3 11 21 12 30 50 22 56 39 16 39 11 23 24 54 50 12 57 8 15
5060 83 131
2606 290 421
3830 106 485
2311 37 359
5769 123 233
944 33 107
1603 29 42
756 78 90
339 56 110
24908 358 416
1677 29 336
2572 43 97
283 164 319
523 17 33
1704 52 86
353 22 71
12311 195 464
2542 55 61
23123 449 479
7247 369 421
283 6 170
1158 150 395
19062 274 314
5700 84 267
3131 56 113
916 60 446
142 22 481
592 107 215
99 3 374
8051 203 259
8361 155 378
1535 107 273
377 16 18
7568 210 221
11179 298 472
10835 192 440
3253 89 137
3319 52 449
16255 318 437
2621 82 491
5876 85 489
426 9 14
337 412 467
2667 86 284
18029 345 446
1877 33 82
8137 156 293
6436 98 131
530 49 161
577 75 153
3338 87 279
1756 63 147
1294 76 194
92 7 55
11390 178 335
481 52 211
1157 75 202
11688 323 352
9458 141 402
120 12 117
13720 417 423
405 18 32
1085 60 301
347 21 25
5100 98 129
6758 107 487
6439 99 275
687 50 391
376 31 73
346 9 63
4241 91 352
907 47 233
2300 39 76
1238 103 293
3232 92 168
6361 182 273
960 56 79
10 2 3
1100 77 438
14661 232 361
4482 115 297
8 139 146
2776 247 250
1343 144 210
4837 174 463
21264 311 484
24 2 4
1967 302 348
9130 402 424
2369 68 237
495 17 83
20405 337 441
25048 434 485
2996 45 219
2572 145 177
4900 101 483
200 7 335
2137 53 77
3910 111 322
33 3 46
2240 119 207
17499 290 452
1763 236 401
2889 65 105
347 13 74
11145 190 272
953 22 103
5914 129 414
4020 291 401
10563 309 313
1885 75 459
377 13 56
263 40 212
11482 206 377
1405 67 332
156 8 87
97 3 164
3649 65 229
6589 360 472
10575 242 296
8595 130 431
6159 127 482
520 34 214
899 39 119
3246 57 371
8350 356 467
7 3 13
2199 33 54
4490 181 335
4859 96 396
4372 164 350
9729 220 318
629 37 40
5064 120 342
29941 433 494
15775 231 405
1627 65 476
3573 163 261
24 3 456
874 72 123
7623 163 413
422 29 378
1631 43 98
4018 67 74
269 9 86
11468 230 474
238 10 56
105 3 4
3563 108 276
15406 362 485
593 59 219
13213 206 342
22166 346 484
6552 127 493
1409 27 99
5579 209 418
2043 194 280
998 246 263
3489 68 223
975 18 384
588 32 264
5207 129 238
2330 63 438
5322 293 382
15357 259 341
1829 78 356
8555 157 175
743 13 83
3415 158 184
1937 31 184
18441 314 322
730 23 29
786 18 200
2287 63 106
3975 131 407
37 2 3
24438 381 488
315 11 266
20 2 388
467 112 416
4683 78 295
4743 333 388
1424 23 213
6672 351 382
4128 120 177
547 76 388
5463 114 369
750 16 72
80 67 236
20459 356 400
4570 385 401
1 1 91
301 9 11
193 4 97
3981 96 120
2618 52 94
824 181 331
3783 100 199
6015 101 474
486 172 380
2077 179 385
12988 211 258
3549 92 247
8229 129 141
151 4 118
2566 69 299
3631 82 214
2323 194 410
3488 74 136
6535 111 252
2075 46 359
3673 208 291
6780 138 208
5602 123 292
59 7 90
2029 52 387
1626 27 349
4846 104 106
434 301 467
3565 331 463
6510 158 214
12375 231 362
1635 98 133
7260 144 273
7610 246 428
300 36 395
2092 36 333
1303 69 76
10573 159 271
1155 82 189
5633 94 226
1023 17 111
199 19 133
17209 300 472
2862 65 279
1128 42 249
3215 169 337
3363 107 218
2889 190 293
9714 216 388
111 11 15
665 25 83
3491 57 163
14 46 235
1994 36 76
355 56 295
4467 109 493
899 92 174
6 5 59
740 45 154
2256 113 196
2322 38 351
1118 72 182
3005 61 70
2341 120 167
849 60 128
4841 267 304
860 99 107
51 8 12
8887 185 209
9351 160 355
5779 106 113
88 4 34
4077 89 160
3599 99 266
8844 156 329
3194 63 331
3403 226 242
292 12 190
1370 187 271
859 65 211
2 4 7
8049 225 472
553 121 445
2791 246 249
1171 279 320
156 99 389
6279 297 493
11981 389 461
1119 20 143
5835 119 418
34 2 137
4731 81 89
1615 26 276
280 14 36
56 138 485
175 19 293
21856 347 465
1549 62 68
1015 19 55
16057 391 481
544 54 73
3018 53 55
645 38 407
277 63 391
4 2 13
42 4 482
260 5 23
16365 290 296
6298 101 254
761 203 344
1151 83 435
2936 93 148
3642 59 192
488 9 34
18752 306 468
1215 28 125
837 217 454
14316 316 394
650 12 41
99 7 30
611 27 79
15883 330 391
257 20 69
55 17 50
643 108 130
836 56 191
702 17 88
837 13 24
57 146 461
3400 92 448
561 13 53
3389 51 103
4841 168 185
2445 125 259
66 2 15
1752 152 253
2173 152 379
6153 155 459
1479 85 375
10258 151 339
6432 162 317
1966 397 398
3889 63 91
17581 259 446
1249 107 284
700 18 81
2979 44 461
8226 290 420
3162 64 387
6758 205 219
30006 430 492
1306 24 40
615 13 22
212 7 265
3304 51 484
2228 156 176
195 4 40
6347 338 340
10562 152 289
268 5 204
224 18 360
49 3 6
4054 268 383
40 8 169
3723 141 194
1536 58 147
786 16 91
8747 259 454
8706 153 310
8442 253 389
6904 142 369
2225 45 92
1000 52 138
99 37 52
448 50 85
2409 150 278
2676 145 201
11065 172 402
7012 152 324
166 41 48
11894 263 359
1343 24 113
390 24 209
4881 138 441
8788 182 471
2579 59 80
1530 48 140
4371 74 278
3252 175 195
617 15 495
4300 77 346
63 2 162
2858 63 373
1107 50 263
9763 182 497
16668 376 447
712 30 44
19778 348 422
228 10 235
10434 207 429
12694 238 410
342 239 392
2439 69 407
1007 337 463
9481 141 472
16653 370 379
2531 63 74
8791 344 425
6607 99 373
4377 74 243
20 5 6
1235 50 383
27946 410 426
7702 213 257
5649 287 307
16739 241 461
7204 241 288
786 72 290
1305 30 267
3543 82 107
10283 388 393
1545 27 159
21675 353 440
1099 219 302
4727 239 473
3391 68 132
162 4 34
1232 146 159
10330 151 285
16823 368 492
12468 229 361
6889 106 116
194 4 99
2356 369 411
8319 136 268
1759 36 55
4552 177 351
5567 167 371
22429 324 334
7115 159 469
6180 117 351
4366 69 173
2142 48 267
64 7 237
2188 37 308
939 33 404
2635 68 232
20143 306 425
5790 155 490
582 11 101
13607 354 384
7785 250 305
1 1 4
1460 36 117
15145 448 468
3929 58 230
920 32 273
21599 334 370
941 41 227
4875 339 402
3177 268 317
1195 65 141
1203 74 299
3376 167 176
19834 296 411
6670 246 395
4064 156 446
5627 183 270
4817 180 302
699 24 454
101 77 228
6057 120 425
7153 228 349
8409 138 164
1720 29 357
2517 74 84
8552 240 466
8503 184 335
427 28 124
1 1 14
477 19 25
2355 41 88
6792 137 261
883 21 156
2625 57 110
2258 75 325
811 31 46
324 39 81
282 20 267
5273 108 160
1426 27 273
811 102 220
6300 221 224
50 6 60
1226 42 219
3035 61 77
973 138 177
1118 73 355
4240 84 153
11170 200 497
767 25 403
3522 100 120
452 8 352
13950 363 428
447 137 383
3117 325 455
7679 117 343
5456 132 208
532 47 112
256 6 8
1824 39 463
11227 196 252
1834 28 143
60 45 64
2485 54 70
5144 164 493
4580 193 467
5474 275 305
6 2 9
3400 122 277
136 4 12
1003 62 246
15099 393 440
4921 102 367
395 52 190
9127 252 257
9689 199 401
92 3 26
4939 376 484
3552 336 372
4256 153 198
831 23 306
1736 384 406
4036 77 327
2831 65 338
1893 63 90
8275 305 338
16784 242 281
416 8 102
2475 107 135
4759 150 283
120 8 239
23036 339 487
160 5 92
5551 266 489
3055 86 113
125 157 414
143 8 51
955 24 82
1591 26 82
195 21 35
6146 103 255
946 41 163
394 7 62
4414 85 450
9737 155 186
1671 51 309
2592 187 372
1331 68 211
975 39 83
127 101 177
1201 47 282
1906 49 54
2735 50 212
415 13 110
1255 95 226
11147 327 333
175 4 45
16761 271 306
8723 145 276
4256 89 94
117 15 29
14924 263 280
457 19 22
1127 28 294
2688 116 360
4027 124 324
11844 427 465
1852 65 248
161 5 20
2991 186 418
5711 152 432
2474 169 316
78 3 336
336 53 229
5997 168 325
203 8 10
3341 60 171
11305 177 234
91 4 10
4445 265 495
7788 368 464
1786 28 112
1868 140 171
2984 81 226
603 230 319
576 201 257
4463 122 147
6754 315 417
1335 49 85
305 36 66
10624 167 382
4790 102 125
913 15 51
2085 58 60
2839 147 242
96 30 38
1157 87 157
284 41 173
3608 60 234
11 4 37
333 73 217
9596 150 183
12213 234 286
132 9 26
4516 85 139
4705 119 135
4594 212 280
574 78 156
9048 339 360
690 12 120
966 15 282
23252 349 496
20157 312 495
1005 29 183
495 60 154
17138 351 366
2899 56 85
2378 169 251
3828 87 100
1 170 313
1935 166 214
872 145 455
1643 35 109
1990 40 385
953 19 235
1 1 49
1453 65 337
7679 206 232
1833 87 120
14583 245 297
2294 93 97
5354 306 369
2545 93 166
8191 211 223
8924 149 284
1904 51 117
3049 56 150
3221 68 96
3369 115 459
812 22 409
9096 150 177
7620 146 290
5589 141 380
373 52 184
9435 382 425
1685 114 145
108 5 94
7384 124 444
4330 189 391
2350 46 94
3093 255 316
3400 89 483
12430 239 344
874 22 430
4394 108 194
8074 297 308
747 12 468
3506 88 196
24 65 143
59 2 75
227 204 333
1650 83 362
6987 114 195
6061 237 498
364 29 172
19106 345 374
1888 82 193
129 10 12
8649 282 408
1148 123 422
5941 129 273
4408 107 417
283 7 26
1010 114 224
8515 154 195
5117 85 176
10302 171 462
4320 99 489
8290 145 413
40 83 377
4617 345 489
42 3 14
39 2 471
7769 285 472
10850 157 318
6023 291 437
1 1 383
573 30 432
504 14 95
1131 173 240
2005 134 256
1593 125 221
12066 179 379
762 17 257
192 47 150
426 21 186
249 9 64
14715 307 496
19272 400 421
2945 50 338
7984 181 183
1101 57 177
1044 151 239
850 46 476
2626 113 380
4896 84 110
9 6 313
2911 109 373
17940 316 444
2011 200 221
18353 268 398
13581 237 481
4411 115 406
1973 161 304
17599 370 491
1549 35 343
5540 106 160
1165 141 461
2642 43 170
3002 133 224
4100 335 431
8148 120 397
2086 97 326
2025 31 286
494 11 273
2502 43 173
7859 200 472
3396 53 117
6817 160 464
5916 117 441
4950 133 368
780 28 129
5645 346 383
21380 316 458
149 117 464
256 23 29
3213 53 103
10320 207 272
8902 164 242
3183 76 389
21800 393 408
5757 92 382
4362 104 222
1400 41 103
147 12 246
1554 52 381
19806 333 372
2658 279 406
14617 367 481
3655 121 413
741 24 452
27763 418 498
418 34 44
6992 222 285
33 4 390
7471 155 289
63 7 19
1812 46 249
158 4 224
10087 400 401
4315 93 169
1208 34 71
413 32 45
1595 39 223
3637 166 200
1519 78 159
1484 31 145
3460 61 410
20015 288 449
94 26 290
1395 43 123
5004 237 344
7 5 9
472 9 15
1850 78 90
18749 306 380
7422 135 210
4743 388 450
1001 20 207
1649 73 365
13522 195 459
3772 191 248
10042 164 395
93 4 12
9255 336 368
3321 283 287
435 26 224
11278 219 224
11083 267 373
3121 217 244
3013 61 115
6034 158 484
7496 174 461
1647 36 403
850 47 76
41 3 9
2048 132 152
7738 223 297
2152 166 337
104 41 99
473 11 277
65 2 93
2709 55 226
19701 283 362
84 76 103
516 11 42
649 12 33
416 102 241
7 6 12
1431 34 430
8535 145 480
6175 114 124
968 398 408
4342 125 204
1717 34 51
447 78 139
990 187 327
451 152 161
2269 36 269
3794 69 475
459 26 160
17305 360 457
278 5 298
679 15 243
5857 412 451
1625 142 232
5908 189 414
48 2 31
3004 77 221
2313 99 259
48 35 157
10511 197 260
32 17 363
1868 34 148
1492 38 240
163 4 29
1375 25 404
85 7 128
156 89 263
207 253 453
1 1 113
450 13 25
4407 155 397
2476 53 380
15315 337 451
10078 179 202
5758 117 140
5845 293 470
87 4 28
27019 408 473
1073 20 106
1383 97 217
40 22 281
111 6 7
425 132 159
6284 135 214
1476 61 363
1561 107 443
120 7 253
1046 53 463
3162 67 164
10426 174 434
5409 153 233
3546 91 408
1759 40 72
52 9 256
6915 143 464
4056 73 390
12326 354 436
3331 92 300
4897 79 145
540 15 133
9546 138 191
561 24 88
2068 37 345
833 26 74
1384 52 307
16276 257 275
3098 108 206
337 17 100
2697 69 463
17350 301 415
323 64 140
723 108 300
8933 293 358
3330 49 54
781 36 191
3271 146 433
10294 174 370
610 65 192
395 7 10
8237 129 250
4219 112 427
107 3 18
295 56 469
242 20 282
4675 90 228
4857 243 364
10058 301 387
3006 70 129
871 47 95
245 6 151
6821 164 233
5052 301 326
51 2 50
3146 96 108
1166 89 198
219 29 234
5740 431 432
3764 106 230
6491 143 306
1594 40 323
6017 365 429
11109 170 270
7095 218 221
2903 300 381
1085 38 136
4048 72 216
8669 173 186
7217 128 177
387 44 327
12634 239 254
1 1 43
15709 306 333
2057 156 246
2855 94 186
3019 58 119
1429 39 325
6759 156 240
835 22 31
209 4 5
3132 91 92
12012 200 379
3033 48 327
4032 64 129
5243 109 372
1677 40 389
122 3 131
8923 150 236
1800 70 176
111 27 331
747 215 385
345 6 60
5173 80 313
5389 199 289
267 13 356
2144 110 175
4921 204 217
152 15 428
2299 90 162
4810 138 402
1904 51 241
626 24 38
3902 82 385
147 22 63
1555 159 164
3441 206 362
7 8 192
5625 115 196
1069 18 276
21644 363 493
1806 133 242
1 1 8
13798 212 320
3410 56 64
2252 43 354
2908 426 443
430 61 482
2883 79 328
3083 212 389
2033 63 344
251 12 100
133 3 174
1822 148 456
6122 274 429
2308 323 367
8268 197 326
19999 404 430
67 3 4
7825 151 251
89 29 149
13846 287 482
254 7 15
5162 146 284
3078 68 161
1474 88 212
13401 224 263
534 100 163
4944 81 123
1 1 499
368 7 105
128 348 349
10842 159 429
588 11 59
16019 328 496
4273 91 125
4262 114 133
12178 205 215
9221 194 318
5695 94 398
1298 35 82
6628 138 233
618 36 180
242 273 387
3871 68 105
81 6 272
2669 51 400
1244 72 221
11403 357 393
5790 116 275
4022 88 164
5835 154 298
18211 370 472
3985 128 442
15417 266 340
5151 126 314
8991 154 236
892 86 135
2239 119 214
211 22 254
2591 270 340
4381 203 420
310 18 26
2924 83 456
1933 73 256
4992 231 376
16668 336 427
402 94 304
4812 264 360
331 7 40
74 10 269
1587 27 135
16709 298 465
3891 90 313
4438 171 285
7726 300 455
8247 204 355
2921 278 460
4497 91 160
2584 201 210
624 96 467
1095 20 22
6215 156 158
185 18 40
8770 198 495
365 18 278
4401 235 318
2775 193 357
127 4 30
48 2 26
107 4 148
14264 319 477
8472 150 238
10801 254 452
6905 104 242
1296 33 159
5439 107 347
512 28 56
6599 171 378
5637 150 159
3953 172 262
355 18 207
346 86 166
19689 352 479
188 8 260
3529 85 265
1745 31 349
392 27 142
262 9 95
2679 342 487
5 21 127
1083 49 263
11232 220 262
2377 220 419
6681 339 367
1092 18 302
2316 194 214
2466 64 220
4234 188 431
338 41 297
185 23 324
6871 156 235
2210 34 408
573 96 190
4824 81 493
1787 147 178
44 28 49
3776 85 94
3697 112 371
5857 154 173
1652 127 244
1450 50 91
1438 95 256
2879 54 299
679 19 20
1557 283 480
9528 152 161
19027 285 296
1181 49 352
759 48 69
363 43 412
7887 256 356
2595 42 213
13 2 18
313 7 12
2770 52 77
475 391 395
20832 343 479
6640 280 440
434 55 74
3527 60 250
3836 180 278
6758 135 273
3212 113 447
8081 160 324
4871 178 494
7527 346 491
1370 52 54
313 322 350
5941 96 146
1428 40 206
6508 231 470
4300 109 308
95 3 211
1919 67 303
16099 329 337
740 38 53
4553 240 413
9932 227 274
343 6 78
1400 27 256
10427 177 387
101 6 51
3283 59 74
7777 223 496
3679 62 397
2244 44 444
10610 180 260
877 87 252
249 12 53
2313 392 427
13256 297 385
2784 109 215
5739 135 178
2048 182 204
7506 324 364
2510 255 371
3826 80 128
13322 241 354
16187 283 311
820 15 214
5159 288 335
200 7 366
985 95 336
429 88 260
15409 249 368
6138 162 312
849 23 44
15083 237 487
3024 461 493
9110 319 402
1072 53 89
19613 307 366
11957 242 246
4449 86 271
8945 152 488
5557 102 110
318 12 37
3003 106 450
582 17 250
14467 215 487
12058 217 233
655 27 186
3459 251 344
12 5 32
12840 235 297
1042 18 44
952 15 333
4753 127 334
1297 81 83
218 17 447
162 12 77
214 37 195
4714 209 257
55 2 213
1547 102 196
2393 57 59
389 25 85
1180 64 156
695 30 32
3255 101 158
3760 71 80
8425 304 315
171 210 317
1626 95 463
2424 48 55
21540 317 474
2415 47 214
16263 322 333
1680 39 79
8219 246 290
16856 378 485
1285 120 193
17143 263 305
254 8 66
2032 57 70
362 85 102
5425 145 382
2 4 342
8980 226 424
12104 219 386
6163 102 357
24 2 231
14784 227 286
16223 296 312
60 5 22
1 1 6
4057 62 158
33 181 206
3636 158 204
7940 126 315
347 92 118
11290 440 459
5768 377 446
24469 411 415
699 20 22
656 32 281
8321 247 458
742 31 207
7458 229 352
2160 92 455
7957 121 180
1437 36 427
3641 66 113
15265 287 321
5890 127 237
20187 326 475
5243 96 200
634 135 317
650 13 20
448 16 372
6940 154 427
2603 87 157
26 2 140
1609 65 70
1227 190 301
25391 379 455
11273 175 275
823 18 76
5680 95 433
1125 196 299
1548 44 176
21860 404 498
660 12 62
5989 190 262
5499 95 122
8553 233 294
13178 355 362
2847 89 171
142 4 123
2670 227 493
5488 92 272
1427 36 231
3401 52 167
24021 361 416
8786 226 233
1 1 2
150 225 391
6600 255 273
7077 112 121
1238 28 108
5374 108 172
559 9 154
4733 70 237
1048 16 29
39 19 345
1465 45 51
6830 198 347
600 14 358
1268 109 126
6877 109 177
69 3 96
3370 55 374
9883 201 457
117 9 16
8174 180 351
2148 79 116
1597 132 234
6114 146 320
14694 269 338
1175 136 227
793 22 150
71 2 4
1181 25 137
7886 130 187
1984 42 309
575 78 398
2730 53 59
495 12 31
213 71 281
449 11 15
2318 68 206
3452 93 370
14844 305 309
2975 77 98
61 2 101
445 13 35
291 22 66
316 7 10
1125 64 350
5144 77 467
7410 118 447
15762 338 392
2722 123 181
2707 81 273
2524 98 323
1185 87 99
5191 111 158
5595 112 119
477 16 19
638 31 395
2175 50 134
8490 158 186
35 2 54
4218 205 267
396 242 480
6928 182 185
2035 71 136
2465 106 391
21110 411 442
4951 140 187
162 37 286
729 26 53
5042 117 453
16806 328 472
3094 112 488
13516 228 353
6187 93 246
7039 134 178
1422 32 61
927 24 110
1256 19 368
9529 152 333
37 12 207
81 3 45
489 10 141
8725 157 451
7504 158 312
10227 179 315
6511 344 356
3477 116 247
823 215 292
2755 90 415
2485 61 116
5585 92 236
4492 331 477
10227 169 428
19854 347 458
1590 157 203
3654 352 355
256 5 124
13904 284 492
6534 158 231
16032 273 319
5157 86 101
1929 30 290
2473 187 275
4334 143 154
1069 58 98
7314 118 144
3676 131 389
3046 56 113
5155 172 244
2096 63 118
4592 100 192
26984 387 396
1288 215 232
2897 71 107
3161 76 162
13844 210 336
6061 101 116
17368 270 345
3386 82 141
252 219 231
4110 179 435
10081 220 261
3280 60 217
4922 87 317
3359 247 453
265 14 260
6003 118 396
2256 210 268
9367 202 211
591 42 198
3913 118 334
4330 69 204
818 45 97
3413 114 381
1006 18 224
313 223 352
113 21 486
100 21 363
9260 261 292
94 10 11
683 12 110
2824 308 329
733 78 182
150 62 80
898 50 73
6723 257 451
1397 247 309
4194 74 282
425 157 396
902 14 52
3430 105 142
613 12 309
1416 31 420
8377 230 458
8663 197 294
1766 32 34
1607 104 482
2825 50 414
6391 108 111
315 72 167
4092 109 465
17651 422 498
1 1 133
977 71 332
1398 41 393
1849 53 483
6931 252 369
9542 181 202
3175 84 105
16212 306 324
2497 78 221
426 40 351
1499 272 438
321 6 305
1879 33 38
5700 414 415
20073 290 402
188 10 299
25583 406 410
1440 46 68
192 4 195
2814 70 108
5591 119 421
11565 202 336
2807 80 132
6283 152 472
9874 296 412
3740 134 210
1882 45 137
851 24 116
1374 76 404
2424 116 190
6092 110 129
6836 105 242
8095 180 210
2651 39 159
974 20 334
7401 258 400
164 7 8
273 6 98
4122 214 322
1330 53 353
283 21 54
1772 57 64
20436 346 448
1212 62 127
459 130 412
11173 232 387
7739 151 248
5665 119 222
4587 134 346
2681 60 95
12409 299 403
8044 180 203
8116 163 363
517 263 264
3123 206 397
21523 382 443
2129 51 128
17958 445 466
5532 197 386
2163 52 81
44 2 157
620 26 81
14413 207 283
22745 396 436
2627 143 283
2548 93 294
22721 335 359
73 5 134
8693 166 425
51 11 100
1621 43 46
1286 67 131
