800 5000 8000
68 67 58 1 90 50 36 21 69 21 54 47 8 87 41 45 43 78 15 95 59 45 96 66 85 78 56 26 48 49 90 80 80 48 87 92 40 16 21 44 76 6 100 28 92 28 85 16 11 84 86 29 37 77 23 16 66 37 44 97 84 7 100 38 40 51 32 1 1 9 50 42 1 26 11 39 87 39 1 49 75 92 89 77 30 15 86 33 54 98 16 63 87 48 87 58 97 84 81 57 3 64 64 53 61 12 25 100 47 61 34 8 48 46 13 20 76 39 94 76 10 1 5 16 95 31 22 16 29 67 91 75 26 14 49 47 42 72 28 27 28 29 70 14 93 59 97 49 19 37 90 85 83 38 42 70 4 8 64 45 38 53 29 7 12 29 39 32 83 30 39 29 40 51 64 70 82 38 97 52 13 54 2 56 76 93 27 83 92 35 100 56 99 13 95 97 15 91 14 34 12 43 94 84 97 95 29 52 79 71 5 46 40 9 6 54 38 95 45 50 1 52 7 33 25 44 30 66 65 47 28 51 73 94 6 75 90 86 79 32 72 34 58 73 91 14 47 46 91 55 30 51 46 24 71 81 34 100 17 16 9 53 71 18 79 31 42 87 87 7 16 7 10 28 47 43 42 17 76 12 13 25 24 10 4 2 95 3 40 51 40 66 60 82 46 44 93 10 58 22 80 18 6 52 72 64 64 39 18 35 37 1 19 54 38 24 17 10 95 79 86 76 47 61 4 21 5 43 99 24 38 58 22 55 69 3 62 6 65 2 34 83 51 67 45 40 89 68 23 41 44 85 61 19 14 46 24 86 9 77 93 36 43 53 20 79 67 76 89 43 35 62 82 77 56 88 24 29 36 6 37 26 24 89 75 65 42 66 12 33 21 85 84 66 79 31 26 81 38 88 64 37 41 17 6 58 54 15 95 33 86 43 39 1 17 84 62 68 38 80 88 59 57 63 43 42 13 10 69 89 5 2 67 82 27 19 62 60 72 85 2 50 26 66 62 46 38 5 97 74 42 16 1 59 45 92 10 57 14 76 67 83 29 94 10 29 45 74 55 73 3 17 53 38 65 27 25 93 28 84 5 99 15 71 58 41 26 47 58 65 79 12 18 68 40 20 45 99 96 4 28 32 93 43 48 64 29 38 36 67 58 10 4 73 40 72 63 61 74 20 93 21 93 91 86 47 68 65 33 26 51 56 13 42 80 19 64 28 77 7 67 15 28 14 52 58 65 87 80 55 67 19 89 2 51 51 37 28 100 68 97 52 18 66 39 98 67 21 64 74 65 43 43 1 26 84 84 53 74 20 46 92 17 37 85 41 6 98 77 63 85 13 29 24 41 58 17 91 91 38 1 95 81 33 91 86 76 48 92 74 7 40 44 99 18 25 14 39 20 67 85 41 97 89 42 91 5 69 7 32 47 93 41 42 26 97 83 21 19 67 85 86 93 9 82 85 88 99 87 35 11 91 49 81 78 98 95 67 41 22 45 10 86 14 26 31 15 76 87 26 70 67 10 60 47 6 76 92 86 75 3 94 18 80 93 51 83 94 11 50 77 29 4 91 75 77 55 83 52 60 24 29 9 54 7 84 5 96 99 82 96 38 25 70 81 4 78 35 48 28 61 64 45 18 78 86 79 15 4 52 78 67 49 22 21 52 36 10 68 76 46 98 71 94 90 69 65 38 35 22 94 9 78 79 46 66 81 71 40 59 18 28 35 65 62 30 100 31 46 10 35 19 77 4 62 81 72 50 73 55 88 99 20 83 80 37 15 100 9 62 57 45 24 95 65 80 23 32 80
3881 76 285
13007 139 148
29095 749 775
4113 118 231
5075 61 306
14205 452 553
15634 210 640
1869 144 157
3225 36 95
24645 404 418
13039 162 467
2101 50 100
466 6 9
9160 246 337
7737 108 199
2776 80 321
53 132 177
2000 31 51
25431 272 295
4098 43 79
18344 221 256
133 5 126
43301 530 630
22987 244 643
14303 230 492
17187 534 602
5149 62 178
1490 28 340
32908 364 519
1727 44 221
1 1 7
32868 392 535
966 546 708
9845 283 302
9680 146 406
533 34 614
16697 171 689
35349 401 743
1643 164 430
1496 28 50
590 30 42
20105 231 412
46586 650 799
3567 49 410
5231 87 353
3036 70 256
16113 601 621
12552 481 562
464 35 82
31630 671 698
25220 431 543
3222 421 637
6001 173 198
1920 66 512
10588 158 202
12332 220 388
4875 75 194
23322 250 625
127 13 97
3082 232 500
3196 79 710
21 2 182
23224 360 703
3841 59 96
25130 307 546
2040 72 149
3201 87 361
3661 78 794
2123 159 185
2644 72 214
16814 476 528
14017 170 431
316 14 179
1466 165 306
11271 166 296
1841 111 137
29106 294 516
1874 36 226
1219 152 687
13269 216 287
18914 300 567
11728 337 342
24182 699 763
36444 382 732
1439 439 707
16857 293 418
1705 67 169
625 28 207
1121 18 715
5698 63 118
1 1 46
2692 40 566
12381 459 497
5866 138 355
26576 472 591
21554 662 781
20099 309 406
19734 207 465
7931 328 681
33467 452 643
4634 48 87
20842 476 707
452 132 544
885 19 796
26638 490 726
1906 276 283
62 12 97
1285 43 791
1144 21 36
6208 148 401
3154 42 115
3802 101 218
913 413 501
5307 107 232
1374 17 102
6565 270 644
37733 546 734
4788 70 356
468 9 17
14350 344 781
3026 40 390
2614 67 327
371 5 773
2576 62 269
7770 81 250
20608 326 438
389 113 304
61088 660 683
20374 298 605
2143 321 570
13064 190 483
4212 92 135
46112 633 717
1727 28 537
5334 111 497
1 1 473
8403 172 624
200 197 287
265 18 336
16391 289 303
2568 65 130
19394 239 773
13908 172 291
6716 114 746
188 40 725
8767 244 485
11247 572 648
2075 53 259
4588 133 527
6963 178 202
2504 162 502
5832 192 240
8610 97 490
7916 313 559
130 131 200
3803 60 200
11940 689 776
33335 576 661
7940 206 304
1810 23 281
20551 384 460
83 96 419
4287 179 428
36639 532 704
7346 207 532
307 7 11
1676 530 596
4402 120 235
975 65 587
464 14 22
191 12 17
11247 233 348
23039 654 722
35334 481 616
3949 97 591
23863 434 502
6787 465 650
894 28 132
25573 351 757
16691 398 684
6394 193 680
28075 476 742
126 6 229
1597 30 410
9871 188 455
2106 297 783
10515 133 205
1 1 499
20234 263 273
40523 421 580
15848 289 375
1963 31 42
1542 104 206
17195 245 268
3145 34 103
30548 670 732
2807 87 557
15489 618 697
1069 52 183
6476 470 730
12828 310 319
25285 417 651
300 4 6
14065 172 464
7438 78 576
745 13 21
3303 201 333
2383 27 56
3261 88 470
2150 41 69
1070 36 406
18088 388 645
246 119 293
28814 460 727
1948 61 67
494 109 123
15857 191 704
11963 333 611
16148 188 303
11285 137 334
2369 337 743
6564 454 602
5300 234 455
1992 47 94
11363 229 578
12466 322 432
172 10 37
1894 70 128
7805 150 406
448 19 682
1413 68 478
3489 60 349
11043 183 393
154 29 38
468 21 404
2712 220 375
9212 166 486
1084 54 425
9036 116 153
4298 54 514
3797 51 126
1823 292 431
4911 101 228
24259 402 449
10806 113 171
10663 227 598
9212 291 418
2429 27 167
8550 239 400
9292 276 666
17336 545 716
3106 37 494
21605 224 585
24197 482 647
96 12 89
13091 242 256
19737 400 566
309 19 503
4219 82 164
7471 127 212
5144 464 651
57745 612 616
9128 310 561
7862 225 531
2171 64 68
6045 62 175
146 46 486
3982 358 587
15330 217 303
919 110 461
3492 245 349
48271 495 581
15397 331 387
1277 269 308
5678 375 486
25958 424 777
3033 117 161
17526 727 750
1587 124 197
2382 377 488
4738 153 524
11473 710 732
1521 21 49
6035 142 294
147 21 55
40265 449 454
1610 30 186
2227 110 159
6062 409 456
2869 95 279
259 83 95
9286 653 695
11964 217 247
133 211 653
10654 597 682
46754 567 658
1625 260 659
4431 133 167
33735 661 682
4045 43 91
3532 56 509
2313 486 638
53 3 718
13045 500 765
17076 487 523
258 6 32
16357 221 414
1485 26 51
567 42 555
5501 275 797
34985 723 780
11796 262 268
1561 111 596
249 82 96
10731 257 710
21662 227 548
24113 321 362
1958 51 270
55053 598 742
438 30 67
1 1 2
3815 63 402
4059 67 71
4743 83 111
4813 103 148
587 309 404
9393 295 401
33115 514 546
1039 15 29
4339 58 156
28674 342 490
780 35 117
3796 430 586
1136 555 589
2394 59 454
6492 205 450
16037 210 450
2298 217 360
10125 136 747
6415 83 139
9918 600 707
1221 22 310
172 33 355
123 10 400
10777 160 161
140 3 59
1709 162 220
11292 210 438
197 6 13
6826 82 239
3598 74 200
6763 104 239
15786 497 619
4601 65 526
5891 96 368
10838 215 599
881 11 486
1999 197 508
10570 231 236
13240 426 573
36140 442 658
2374 137 503
21234 235 238
4204 93 303
23702 337 362
3232 89 182
873 87 125
24234 381 394
7086 132 341
7321 131 310
5005 64 170
10925 248 431
41593 441 587
1041 129 200
12719 240 367
2468 36 177
26282 291 454
1453 21 61
42620 482 748
1932 25 248
39247 642 738
10704 141 214
863 41 178
25645 342 504
893 48 517
21146 488 543
1 1 624
49201 611 792
14601 218 407
1049 72 106
29181 307 716
5634 70 470
1920 109 174
676 127 167
17255 323 613
3080 164 229
3709 113 405
192 3 95
2721 34 740
11998 238 265
4592 82 118
6283 83 717
11047 254 553
5383 182 282
5025 83 380
546 96 571
1928 56 112
559 450 622
4658 235 270
8044 86 108
3440 37 178
14516 248 474
16167 216 695
44 174 603
3051 151 773
63 5 90
1096 32 97
14264 201 272
4210 165 728
5998 492 510
23593 243 520
1139 22 128
2705 75 275
2366 51 54
9736 131 411
735 78 89
24970 602 690
2118 73 354
10265 181 442
12705 150 182
28677 353 502
42277 485 572
6273 142 176
12518 130 254
451 86 143
377 12 15
1287 22 297
13229 264 357
91 6 81
1514 23 361
1162 47 48
6869 205 585
19536 227 374
72 7 556
9876 176 773
4334 310 683
426 7 28
4028 106 123
2760 63 399
728 146 148
4597 92 629
24050 382 409
33336 408 501
44023 601 795
177 9 42
7150 144 286
32633 538 677
59 8 22
3096 91 234
26876 271 372
775 9 31
25271 295 386
4683 83 244
16224 329 584
1036 156 478
30622 452 677
43172 692 713
7401 146 278
47192 479 624
26194 677 780
11582 164 222
2123 136 162
9832 170 177
27857 497 572
10537 134 159
4997 239 358
51326 527 583
1950 88 140
3028 188 309
2955 60 455
2328 201 447
20432 238 575
89 2 6
44961 498 764
563 12 57
31603 584 639
2182 139 515
24914 679 724
1112 47 139
13099 374 744
352 14 137
1672 27 282
7546 111 220
633 18 470
22799 314 645
11877 178 414
5634 187 432
38096 494 629
412 317 553
4748 82 133
33 8 56
44 7 434
7120 116 461
108 5 34
6479 77 699
8133 292 346
318 9 169
18288 205 349
20144 296 778
46 2 31
415 111 151
2320 263 779
2541 195 255
3219 39 204
2285 448 476
41610 658 798
14158 182 556
1452 92 183
1778 29 74
197 55 182
2395 43 75
13347 245 363
3546 193 773
1081 92 701
32924 432 776
41118 460 608
3560 114 140
284 8 621
41160 449 506
505 43 290
4001 145 794
7303 357 496
348 5 28
4563 158 575
2053 91 174
8602 101 427
6392 113 492
2562 424 765
1872 35 360
11567 130 637
12948 292 734
2785 754 776
6346 116 214
30633 392 564
7633 124 153
9085 174 181
13214 275 383
8139 88 157
10967 120 389
535 7 23
15439 304 395
344 21 29
9762 109 166
29696 300 344
4744 167 294
263 6 14
1479 137 264
18547 203 463
13598 152 280
1962 71 241
4168 69 305
8888 538 595
7915 131 342
10314 241 401
13073 140 615
4201 99 125
1514 274 624
81 9 161
15121 210 239
14785 357 654
6133 191 264
12910 276 294
10799 312 583
986 14 17
4452 59 71
2699 36 40
7697 141 163
5294 54 747
37942 540 548
318 13 30
9968 192 394
889 11 16
9175 191 374
27750 318 637
31977 360 721
20660 231 572
4735 72 708
17117 200 581
10144 109 736
8596 89 122
46247 469 484
17188 334 641
5705 66 79
8682 144 301
402 14 110
1811 326 724
2091 413 438
3100 112 148
6732 110 503
5164 232 733
15193 237 478
928 11 783
22438 351 670
15753 220 304
5377 67 351
24363 449 505
487 28 30
442 38 50
2340 132 172
3171 34 64
14908 235 288
8146 174 197
18987 211 701
1789 76 248
5303 67 485
445 162 266
4595 421 652
2770 72 92
4980 81 216
1097 14 88
14624 223 288
10472 351 368
25522 257 624
2305 142 269
12476 208 457
39698 513 796
4089 638 668
23536 242 383
18178 287 638
9534 139 445
5659 100 121
6407 90 272
3390 44 60
586 39 98
32874 526 731
88 2 5
4251 95 586
1207 17 125
24851 651 680
8410 233 793
35188 419 524
4746 178 690
3606 133 781
2257 50 105
941 17 98
56177 709 750
5403 113 207
1154 73 316
9745 137 149
879 151 541
3448 95 131
3200 36 404
8168 163 639
4761 98 610
258 5 11
7079 116 395
1019 14 43
10815 240 769
9174 158 270
14378 188 642
10950 278 709
6910 73 84
11873 135 190
1113 39 497
1373 470 709
595 168 631
1298 25 52
37199 416 435
35347 453 476
1 1 4
290 6 127
122 19 370
2486 63 352
6402 92 105
384 486 639
15571 280 576
2830 52 166
17410 311 635
13 2 12
2845 94 183
3269 47 212
2315 84 443
6010 197 202
6258 254 599
487 7 9
36664 455 458
1626 55 308
30039 323 555
11761 199 705
5136 109 269
19370 249 493
1707 110 637
2469 192 400
10343 150 725
3857 69 77
5089 62 548
1105 19 86
1949 30 81
23949 277 384
8701 99 165
14906 171 217
1 123 329
5456 78 747
5959 80 119
9890 175 317
26036 421 436
6246 375 454
165 23 51
7791 91 304
26872 518 667
11626 186 552
9811 167 389
4988 331 557
4586 89 146
10345 272 344
4542 86 627
4688 61 261
627 81 85
13592 145 191
26059 475 619
599 318 410
409 32 483
332 19 107
14092 205 332
32499 464 526
2251 85 178
3007 168 759
289 33 36
2870 348 478
2428 91 637
32507 332 398
7049 111 612
9207 116 328
10120 244 769
17720 224 543
4967 60 125
3078 38 73
4741 53 345
49 13 43
3516 196 582
20572 245 609
17635 476 478
13815 143 144
2284 31 45
13355 170 252
23354 347 743
7470 199 739
1647 28 407
3107 46 65
30336 326 725
1866 185 187
506 18 37
739 9 670
4683 88 657
9819 120 128
3052 57 441
4173 43 98
15120 192 341
22884 287 594
552 13 15
26725 450 501
7886 183 540
3845 53 459
4362 45 229
1461 48 57
24842 573 692
11717 237 263
210 13 150
2322 39 47
4193 83 552
10604 207 251
9957 252 471
11913 409 753
54502 659 709
3441 148 151
11752 254 445
3101 67 119
32832 494 722
43 2 5
1393 22 81
57 11 13
357 9 112
1539 32 391
5489 226 443
2090 187 444
3974 175 567
31 10 11
10456 178 517
36 20 274
21635 382 414
3011 156 588
1497 111 497
10480 378 622
20373 218 433
27936 288 696
123 5 54
40021 456 567
8475 478 600
89 2 6
1029 15 426
16251 222 363
1229 135 188
4718 49 538
909 43 162
2003 32 67
3454 88 198
30739 324 395
1 1 4
3917 219 395
4456 48 124
48300 503 797
457 10 36
1021 43 84
5824 253 738
19591 219 542
17045 306 517
913 28 67
729 72 157
44 5 7
16081 233 247
642 49 390
239 5 19
15347 226 263
311 45 221
17665 357 462
21586 359 573
29857 426 774
32791 358 679
1573 110 203
7007 117 148
6285 186 799
307 37 322
1349 15 470
3470 430 678
14672 212 369
3965 49 394
19537 246 416
8317 304 489
1429 308 716
4902 190 299
1057 111 255
2893 94 534
2970 423 724
1314 269 650
24065 418 606
57065 654 678
15718 700 798
5588 93 451
13656 175 479
28500 393 544
8903 217 545
30075 385 404
473 6 305
31120 508 665
108 6 179
10787 151 590
1794 92 153
3817 265 392
1489 26 47
12718 154 187
310 23 112
22237 523 788
3730 102 213
2457 29 190
2891 61 79
166 3 18
3984 124 785
18340 185 336
6170 204 364
29987 420 652
30547 606 719
107 18 153
23054 267 518
475 18 192
47908 501 636
12298 363 445
28047 290 451
6788 105 193
10796 398 697
6851 202 553
4091 62 400
21928 361 777
737 107 735
974 14 87
14277 146 800
6668 642 746
21355 737 797
1590 27 166
25265 355 701
16112 245 779
1965 47 51
12087 189 225
4870 66 114
6255 129 221
17353 199 353
8884 367 614
3511 42 391
1635 67 115
2108 131 162
11588 230 774
1750 124 656
74 8 101
11894 215 564
7193 92 350
9328 623 773
4277 45 703
3789 84 233
20746 608 758
40 2 497
2597 65 142
32719 392 656
4792 111 334
39967 532 663
25855 289 395
7695 118 185
16657 226 417
1724 19 512
5231 218 577
541 14 41
643 8 11
18500 291 553
11722 350 730
1397 140 514
7048 144 390
1927 593 785
2824 182 402
8431 221 459
5360 116 438
52392 634 781
15640 225 437
470 10 41
4763 254 578
60582 702 723
28710 317 755
21445 331 552
9456 121 419
6977 95 709
5924 305 725
6785 102 203
13300 145 474
35084 574 715
1368 217 593
355 34 282
13214 248 512
540 52 81
1677 28 633
5130 148 473
9664 138 252
321 29 126
6629 204 433
14549 281 285
4675 56 431
4072 237 685
12744 168 263
38921 434 701
13443 185 209
16961 581 615
1999 183 601
23462 362 425
19145 378 444
37704 441 711
26583 431 508
27228 503 565
4042 45 62
15354 376 684
1387 43 759
274 10 15
290 156 567
12972 159 604
13181 391 468
2614 236 723
46 19 25
5668 231 253
3156 41 407
4682 120 357
1459 17 32
6493 112 591
2472 28 143
3705 107 323
208 23 47
17381 394 785
1637 44 125
60 3 14
1529 69 92
34476 474 543
5 116 536
1120 14 43
12377 440 531
1747 26 770
32628 442 583
16172 253 675
430 7 796
15626 266 660
726 13 17
425 13 65
5093 55 141
20510 227 296
153 9 29
29553 522 598
4004 98 134
12264 184 186
42575 468 595
7344 130 132
10146 293 674
11659 412 516
5951 107 377
41258 420 467
2554 74 546
577 45 527
41821 471 707
13670 203 289
2563 63 171
1483 28 46
1 1 223
34521 503 716
11981 160 189
2531 165 621
2957 39 109
7406 82 722
19679 234 573
10152 176 272
838 10 50
3316 295 731
52674 569 710
7533 210 546
6679 90 786
668 592 657
3963 101 387
5613 77 99
25 2 431
14783 420 434
825 62 586
30272 344 555
152 11 19
1015 28 121
4715 397 584
9955 119 189
495 45 91
1 1 254
4924 195 206
16701 194 220
36693 408 773
1219 17 157
17327 235 377
331 45 75
619 22 288
978 50 459
10244 133 269
167 10 31
13022 309 315
178 3 129
2059 65 610
6061 272 440
12107 223 671
22989 734 754
11 22 245
1736 158 455
413 34 499
2200 101 196
562 10 18
12868 170 767
1873 59 119
3095 58 697
2092 43 138
3891 117 127
22081 261 331
1190 63 103
1 1 15
6703 148 265
1089 46 76
13180 200 216
2529 218 752
2415 69 592
6277 414 657
17911 221 269
8258 246 734
337 21 143
13817 531 589
1341 70 244
918 82 705
28634 382 541
13991 317 538
24800 318 595
15482 532 650
3294 546 737
15776 409 428
12760 509 711
1396 26 32
25506 512 563
3861 199 790
12776 321 550
571 120 613
678 347 768
7880 114 242
9608 180 350
2924 103 121
4962 75 334
2547 258 259
33243 451 705
3590 82 137
5237 216 762
25308 414 705
9650 118 227
3455 52 728
17321 231 722
51961 597 783
7 2 6
11576 177 369
8879 397 425
14952 206 731
29053 442 654
1653 37 730
1891 34 91
24117 754 793
9129 174 456
167 3 92
831 82 190
26542 582 644
18218 314 364
6778 190 227
25421 305 623
8404 96 359
433 19 557
1 1 6
38876 393 431
338 5 670
5059 74 350
2414 40 93
14747 254 397
24678 391 487
7743 270 460
6325 128 295
17636 245 315
38 31 191
52320 660 717
7237 77 251
777 15 26
34296 345 370
7991 126 517
44 25 276
4102 168 192
3507 390 479
3966 147 231
1904 44 470
7186 127 229
9115 112 412
19259 330 343
33136 458 703
52326 574 596
19457 260 794
1218 14 333
862 326 409
43150 547 676
720 73 547
1919 51 237
3493 41 618
1556 17 35
14677 469 772
32 11 15
365 259 564
846 30 69
2792 152 532
11311 164 205
21464 442 631
9593 151 172
26549 606 682
1740 37 688
1401 37 53
1259 40 103
8240 129 282
1822 23 382
25632 311 757
4271 51 160
15159 483 699
21115 423 626
4117 80 533
431 55 350
16185 210 475
4632 592 611
10572 195 245
3380 216 307
1042 12 26
6858 99 213
14064 565 593
2477 102 210
191 4 129
18983 195 787
351 115 174
5659 64 169
202 65 148
10279 444 689
80 14 614
14541 476 585
14661 164 413
16321 517 546
9774 132 353
11124 420 429
11806 176 282
88 2 6
5497 463 726
19422 585 775
806 48 691
3814 45 449
3940 67 229
5990 194 679
18177 307 518
5672 62 160
19206 494 672
33500 339 605
5568 284 707
161 24 96
821 20 71
17113 305 668
415 65 303
33098 408 570
17393 301 557
5689 91 151
5901 151 384
8652 362 405
14999 254 444
470 13 19
15285 217 219
4851 116 223
1087 47 53
1683 110 451
13488 200 257
38394 603 779
8924 97 755
1367 188 738
4053 64 103
1 1 2
14027 199 298
3827 223 286
29912 336 402
62782 702 751
12725 264 469
5103 100 176
802 33 78
8531 106 152
231 50 509
27764 314 494
4410 598 755
541 32 70
6001 79 149
1051 21 573
2729 74 342
17 3 223
5042 85 687
299 149 162
20 2 164
12553 127 750
6371 113 202
18557 532 751
4378 517 729
4221 169 347
6760 358 610
875 271 448
439 86 148
8721 203 704
7977 222 715
521 450 494
1285 21 426
207 32 316
2587 31 364
605 122 171
47106 562 633
22291 551 784
668 17 114
6712 273 639
34424 405 737
2967 78 138
14289 471 629
14756 202 502
623 274 395
9 9 39
4659 188 402
20532 280 396
20273 234 291
11709 178 292
1422 21 203
34985 357 733
1780 51 158
10087 234 250
312 37 118
14263 182 227
95 29 34
3227 188 395
25050 487 489
6681 78 737
7812 128 453
378 11 156
6519 72 140
1874 65 394
38209 440 522
1389 17 272
7465 162 426
4337 119 353
1841 301 365
5659 124 567
958 12 17
15330 271 299
12750 253 270
424 6 11
3235 84 138
4111 415 569
4034 94 125
1417 55 125
28890 369 602
7658 131 244
1523 19 622
16027 185 411
669 80 364
7828 573 774
692 12 15
1 2 319
32458 331 631
332 16 28
37497 653 740
990 73 92
22018 335 687
5324 116 345
591 12 42
26960 370 424
6367 216 468
7200 240 433
5200 84 638
1244 61 346
11781 167 460
2668 68 377
6158 111 393
19474 240 791
1165 38 222
11914 459 541
4618 184 316
1144 18 35
14641 177 622
19341 278 408
3749 52 794
21610 304 660
1585 168 255
19620 216 222
16688 387 513
4723 133 149
7329 247 524
33764 375 436
42943 440 784
3838 183 423
34653 448 630
1015 107 243
11512 330 519
240 11 477
5015 90 354
100 3 6
198 4 311
39236 692 751
14320 287 296
4209 221 581
40588 718 790
62634 740 791
5035 193 617
26331 400 458
17658 248 455
1430 43 49
1355 49 90
5690 68 103
3569 44 125
23900 288 800
9891 188 225
2163 37 69
11578 153 370
33 38 302
194 3 523
13602 155 451
30921 351 723
23851 273 571
4266 56 102
2935 82 400
10869 154 273
3154 284 490
10632 121 404
33718 391 797
48 11 109
20015 249 782
20093 203 528
5228 60 65
51 7 18
53042 752 770
19996 488 732
11476 224 729
23827 285 602
28709 325 498
1 1 11
1838 162 625
28474 322 509
254 19 35
28 2 4
333 6 13
5997 74 194
5134 77 180
26126 277 648
40191 464 648
28620 293 689
3752 550 680
7774 175 228
7592 85 384
17742 200 624
1028 20 29
5599 212 277
7852 247 416
3737 78 81
7526 152 716
23372 520 523
11472 304 480
6750 112 320
18633 288 706
1417 80 445
815 21 55
285 21 33
5768 98 555
41127 631 754
22660 410 625
788 95 150
19744 221 736
1128 14 697
1373 162 426
8383 226 377
9729 349 782
20 22 585
6858 672 717
13937 234 244
21364 307 673
24509 331 391
60 21 384
12023 132 183
6074 199 209
1862 105 135
17718 321 430
1976 51 103
8033 82 124
15670 380 414
18821 295 439
37381 379 716
858 29 37
604 21 34
20981 393 395
4204 55 106
9648 484 507
493 9 242
3533 116 436
221 6 59
2654 239 654
1804 121 233
17617 325 541
4691 133 679
2346 38 56
1750 94 283
10992 322 776
4287 73 711
4722 89 393
4047 458 789
3468 124 392
27240 330 451
1050 12 27
1075 21 166
7094 143 360
7962 149 209
9092 469 537
821 11 73
618 22 63
4753 91 156
6261 145 344
435 6 97
2751 60 453
10734 633 695
35434 412 444
16817 206 583
6021 90 782
29315 325 431
5487 60 268
260 7 16
12394 301 411
5318 228 453
6280 99 419
2202 237 277
3637 53 56
24866 280 561
7712 99 542
829 61 613
349 261 285
9915 150 457
3017 70 103
35342 688 725
11531 141 192
5590 306 587
1958 71 88
9985 181 411
1205 18 415
7392 95 101
12389 198 207
8487 103 509
14808 406 484
536 60 327
20857 413 465
276 40 148
32329 359 468
4883 67 86
1930 24 132
997 23 315
13397 470 539
9362 118 325
182 6 624
3409 50 81
8145 301 559
7682 79 104
4677 78 555
1538 24 585
36888 397 406
3684 39 198
7443 269 618
36672 414 436
6093 215 218
5544 644 649
6911 72 118
2387 250 259
41947 483 584
7046 294 574
2248 29 163
5205 64 245
811 129 306
4833 135 224
15136 163 174
6511 111 150
8061 268 419
109 3 358
12017 305 488
18144 412 485
77 2 70
5290 138 561
1047 30 578
394 5 6
20470 582 605
5216 144 452
1778 103 126
2654 35 66
27484 360 564
3488 315 591
215 15 93
1 1 154
2091 51 95
1 1 72
2982 43 77
3824 50 109
875 148 577
72 284 659
2074 115 367
20960 430 631
4188 86 225
4532 63 596
2411 64 155
22609 337 799
10822 236 278
7175 127 308
20834 253 541
12660 214 218
521 77 119
5579 261 284
13922 285 669
27026 291 394
20441 335 520
13557 355 647
5754 179 275
5784 129 139
2309 42 100
7427 159 465
9657 122 208
11470 384 398
14123 167 218
2308 35 203
565 30 34
438 45 493
14596 221 361
62300 674 689
1491 35 246
9383 118 379
16644 419 420
27218 481 642
3541 47 331
19743 214 453
11430 429 671
936 31 92
56954 605 773
731 10 291
2540 54 360
4478 72 89
9657 158 161
2214 128 280
24252 428 610
10140 255 419
4120 193 479
2676 228 299
3232 38 49
31404 477 705
26646 386 598
1306 67 93
10031 154 187
17634 342 368
1991 64 185
54160 576 743
21718 386 387
2969 71 109
21143 273 482
2964 128 212
11747 469 614
1616 46 706
30890 522 625
6207 159 260
2349 69 160
66 2 91
7386 136 732
7111 205 577
11648 440 583
34063 406 476
3461 323 728
613 19 242
1753 51 108
2137 102 236
13971 315 561
227 44 334
49604 510 530
9964 548 720
10661 349 582
20792 321 416
5942 89 93
1211 307 678
4085 42 133
10417 333 420
5562 378 487
8577 92 603
2624 47 169
242 10 49
5154 67 150
8003 285 351
6104 150 656
269 110 541
2495 31 150
11294 168 284
7595 100 378
14311 154 279
4307 150 543
34272 460 760
3342 121 123
2648 266 448
21 10 13
14938 248 268
21302 389 410
5901 298 348
6900 242 502
32913 342 790
10048 210 517
1602 42 357
15374 211 285
25522 398 459
2177 369 615
5863 318 458
7174 89 160
3757 51 90
2739 105 241
17072 359 727
318 10 130
25754 306 392
1326 41 78
5846 97 151
4978 153 448
105 32 381
25103 328 408
23068 330 527
19141 258 284
3800 171 280
2800 134 168
197 9 29
2757 238 792
644 11 67
6213 93 455
1127 93 114
20170 600 631
2289 30 95
5140 108 549
2095 65 656
3204 47 590
57 27 107
60657 688 762
1715 370 464
2526 30 42
298 20 184
19728 470 572
30359 521 692
16089 434 670
4853 171 216
4168 52 343
2055 42 52
2867 61 82
15113 493 755
18566 298 325
342 7 100
430 109 141
2706 115 481
12451 319 383
5325 64 716
21832 793 795
2846 44 135
6037 146 277
1 1 3
22524 238 467
8390 190 505
7933 91 385
554 10 228
320 112 478
4833 95 129
22254 396 647
5013 95 224
4232 60 551
6390 266 651
5476 65 67
21342 270 288
13433 175 253
3993 72 205
25 2 63
4032 43 67
18728 262 687
12144 149 427
11302 162 398
3049 32 365
4726 49 153
8600 89 137
697 33 171
4418 124 339
3070 287 598
3086 246 699
12269 228 230
15092 154 745
9735 121 725
3718 75 142
17307 399 424
194 6 701
251 268 739
4325 205 755
19 3 104
2895 69 724
8550 161 692
1571 36 42
28748 547 776
476 28 35
37062 557 637
18584 407 528
5939 340 727
2174 25 495
1559 19 29
16715 617 788
864 21 24
5143 93 174
20693 432 486
1720 37 157
2303 136 313
10104 167 208
5442 98 391
29366 383 791
9295 369 680
3848 54 462
6386 94 96
27709 320 339
9801 201 427
1784 28 40
4342 48 82
4434 458 602
5326 148 726
559 66 394
14934 231 421
8277 115 711
9391 231 584
26786 305 577
6042 70 450
29210 447 725
200 63 235
19379 283 599
141 7 695
1575 26 34
1192 49 243
7918 90 456
5916 83 130
241 152 247
13951 474 476
16896 215 271
1698 33 54
13230 278 531
405 164 502
4717 78 182
1462 102 708
7010 73 297
645 11 352
7882 82 147
3338 183 207
1796 98 186
1123 158 544
19293 528 593
32883 415 562
2190 31 353
9780 228 502
430 10 26
5443 138 536
2105 34 77
18643 211 236
32669 493 507
56614 580 749
11234 633 670
644 21 27
10226 117 300
8775 210 348
2886 34 596
11986 258 556
2325 83 257
180 4 29
483 12 25
4193 52 61
9238 380 551
3879 58 162
18536 338 612
3247 347 394
6241 68 640
40208 561 793
43749 557 575
45897 590 609
775 33 238
1921 46 549
36868 595 658
8375 101 348
16877 288 530
2223 130 331
2742 32 43
6568 110 424
7308 354 519
2481 41 70
35297 658 705
3566 147 191
32213 410 525
6805 173 354
746 9 271
23255 243 311
15082 170 322
414 17 20
260 9 456
7820 422 472
25161 335 391
3030 150 346
7829 93 114
10389 707 796
12617 273 293
11736 636 768
202 39 182
248 4 444
3029 238 377
642 8 85
2145 59 194
3499 41 786
35 13 56
659 39 41
8328 152 558
13153 210 401
8425 91 290
11558 177 239
25895 278 420
9902 361 362
8468 111 592
60 6 85
3232 42 716
2186 157 642
485 8 773
1389 15 133
23237 453 544
2308 25 243
2801 218 347
2672 44 494
7563 112 578
808 38 393
3194 54 120
1392 20 601
19829 259 422
5115 87 593
2626 91 539
246 4 8
1088 270 321
2477 101 228
16454 233 317
7617 174 364
376 34 97
348 186 467
297 6 769
14642 209 691
9917 164 627
37521 380 470
71 2 7
1827 51 242
4411 99 134
13346 136 178
1012 30 274
7640 500 653
11194 302 452
19220 194 418
11679 126 312
7619 134 551
7039 217 640
46948 556 573
1 1 3
642 514 563
663 189 639
2921 51 618
279 24 202
4073 58 488
7719 198 220
123 14 540
25978 499 744
8353 125 154
740 350 531
332 6 17
9176 96 198
35612 536 610
3993 130 407
2258 63 414
546 342 640
9628 105 421
10679 301 490
748 20 243
275 19 53
1732 31 756
44888 552 604
13848 286 415
48507 492 517
5749 136 653
103 10 38
1360 59 75
3047 64 461
99 4 391
3709 46 711
14807 287 436
27367 441 781
3273 126 726
349 11 143
824 424 754
3270 151 265
5939 84 437
76 155 324
15977 239 318
18621 445 645
6904 295 754
4400 55 320
9621 99 415
17339 347 603
17315 278 690
13149 152 381
30856 480 589
2914 66 542
3723 44 195
9540 195 242
39354 466 534
8506 244 304
4007 63 261
3544 154 214
3074 44 325
4475 79 466
17218 262 295
4169 210 797
3774 61 165
2524 70 131
695 40 63
22319 428 590
13758 140 170
27504 278 767
24258 270 651
1692 51 56
6284 120 779
294 16 69
52 2 3
8539 90 361
36085 556 701
316 7 14
169 5 284
7451 231 363
14517 351 376
3593 103 226
373 19 113
22 8 141
7 3 303
24767 357 575
452 49 145
10826 457 470
25325 363 566
15185 208 445
4263 84 97
9912 157 585
99 4 201
7542 84 527
18388 598 649
1 1 13
3306 54 87
11686 148 383
8290 218 363
4962 150 791
1982 84 142
9495 199 257
12274 128 169
53 4 64
35972 777 795
6626 99 330
10388 252 519
26714 452 576
56744 584 676
29902 489 541
20666 225 344
2071 38 472
134 5 183
7826 94 237
124 3 19
8893 203 354
7713 140 265
9942 115 191
630 85 315
7647 86 410
4643 220 233
807 97 629
11083 127 525
8631 120 239
18905 193 762
927 23 141
10895 304 660
32572 530 786
1473 21 55
10348 118 352
34253 542 565
1 1 4
30 5 10
3857 118 342
7218 108 386
3325 347 749
29070 368 409
100 2 114
3505 63 212
601 10 25
1 1 23
980 17 41
2936 68 110
1082 33 85
1198 54 596
35260 365 789
1079 21 44
5772 77 581
3087 101 473
24309 275 288
9750 157 180
1612 22 160
1525 125 370
8608 241 448
1 1 24
7822 94 172
9153 175 196
14710 469 684
3913 100 206
22227 402 538
1934 48 171
13062 132 347
8776 223 332
54036 547 765
15796 177 204
2772 96 155
17154 298 643
1652 66 121
5072 90 287
14960 419 452
470 66 71
504 18 504
5461 203 378
2589 34 784
256 5 53
2612 35 168
864 102 210
26204 464 744
26883 285 366
38000 392 506
294 4 8
4187 272 295
2681 207 335
7020 503 620
5224 272 493
16492 379 581
34305 451 531
9229 310 517
1 1 6
12621 184 387
77 11 609
5133 179 562
3178 189 296
5643 58 69
3470 719 726
4900 81 114
742 42 54
1515 258 288
9547 221 462
817 65 88
477 45 235
9192 116 121
20344 347 795
1 1 2
1 1 99
3279 48 269
3543 280 792
982 112 177
538 15 32
6105 266 340
3505 309 671
2523 191 272
866 21 50
3120 245 522
22310 430 716
386 5 8
9243 201 236
7220 117 322
13751 309 419
15542 186 586
4075 403 404
4949 233 240
2430 111 420
24589 402 606
4131 140 225
14710 182 416
104 42 329
10294 210 505
10835 139 424
253 4 21
37235 731 764
16236 207 221
9824 145 184
563 47 93
9189 139 774
5448 580 626
6592 83 113
346 25 60
732 11 13
38211 489 674
8194 146 430
12196 161 344
9886 339 418
2048 60 300
1342 137 162
3980 196 416
8375 97 240
68 155 477
8300 280 286
3759 51 190
2292 44 48
4243 143 303
21268 243 343
20 42 237
3574 38 46
6327 93 226
10351 109 270
5955 82 146
5398 485 584
3026 84 795
49 6 185
3968 240 520
16832 206 210
3645 96 449
17791 496 548
2600 32 34
25349 338 780
773 29 93
6 2 88
306 14 50
855 49 58
6460 591 638
1792 80 524
6028 148 313
50788 732 786
25814 410 550
14419 334 432
7465 206 650
315 132 246
9961 137 185
9680 240 348
3537 173 599
7485 105 107
25815 400 482
30426 351 606
5310 152 251
2985 99 645
23326 676 722
3230 87 105
982 20 591
1101 23 92
11053 452 734
530 67 186
6123 170 515
463 13 81
1542 124 269
25571 349 444
31832 522 715
2424 141 228
14645 210 269
12900 332 722
19420 197 363
553 11 12
24085 323 375
2423 81 159
19842 585 654
243 36 543
1686 232 273
28731 345 464
9684 489 575
884 11 38
6064 73 82
54 2 567
1606 24 78
24180 467 779
2762 57 160
1942 95 206
36743 683 789
958 18 565
2590 28 42
8446 174 532
910 30 82
60695 729 782
2733 73 600
315 68 596
3324 66 221
1656 21 432
5062 244 259
585 46 429
6412 174 576
1259 74 745
20678 236 283
1406 17 187
1829 85 737
11525 298 688
2818 353 460
9274 95 126
2376 51 236
821 10 129
3362 582 701
5303 100 290
2850 210 661
11246 379 427
8161 209 344
5250 69 428
15824 449 769
11707 141 446
25344 539 780
31075 376 574
57 3 231
64 10 228
39081 423 476
15724 424 709
394 5 8
808 17 36
14659 212 359
51109 564 609
17694 193 711
19477 636 750
7737 237 440
5828 149 343
21941 565 675
1 1 11
7524 275 369
15325 181 257
8911 146 262
1695 53 178
14278 189 595
2016 143 567
13285 212 583
9359 239 790
3160 71 400
1571 65 274
3858 386 559
49498 527 627
5067 53 380
1174 48 403
4653 93 685
1159 95 190
1601 26 363
88 2 130
1114 19 106
9471 151 496
29269 322 462
4518 69 381
341 131 132
2122 56 577
1035 25 47
1624 60 397
255 8 73
3594 78 112
8325 415 459
1785 20 23
103 30 152
4174 69 189
1573 339 389
44 4 21
11795 126 723
16206 192 353
6081 147 290
127 4 537
1194 31 37
1409 20 130
11281 205 351
1006 564 782
12036 241 339
114 7 11
12672 231 776
32217 658 710
3042 312 739
2339 254 487
130 8 48
3784 43 171
10959 115 418
1026 130 373
19842 272 309
40354 445 638
340 5 10
2467 199 218
3723 74 103
489 6 8
7926 117 287
12125 127 145
1640 130 234
898 52 62
20018 577 778
27484 434 682
12739 408 577
163 4 692
2530 59 128
1478 18 136
793 12 44
1278 201 673
1739 23 54
11085 187 763
42994 569 784
31217 707 762
1009 16 37
1164 31 600
128 6 615
5002 634 637
2099 27 376
1 1 257
15944 189 357
4478 49 74
379 6 123
33980 363 670
547 35 201
1728 21 40
965 13 216
1592 62 96
26706 298 396
15639 159 258
10071 347 672
18792 428 673
843 51 560
10741 160 222
61 2 19
2415 194 572
8837 337 372
57736 598 747
4247 70 180
1959 323 507
1132 227 637
216 73 106
2266 89 596
6375 268 594
35387 543 761
1437 117 466
9396 122 431
211 46 349
4380 165 399
8029 244 302
5757 260 501
2738 107 384
283 8 146
2488 43 562
6145 64 461
4979 187 425
3862 105 149
1327 252 689
2519 51 88
3095 118 198
14503 375 471
1065 12 63
25674 342 595
3316 259 627
3212 62 75
20879 255 385
296 5 166
2156 245 465
5812 81 162
4982 85 101
8963 92 235
3533 59 785
2735 129 617
5662 82 674
42731 490 738
300 23 119
17424 396 566
1027 19 414
310 169 239
2050 66 492
10145 114 679
34693 467 506
1727 37 176
2881 140 485
2773 113 763
4006 45 201
14953 783 792
3832 45 99
37551 417 629
50015 693 742
1758 34 57
9773 127 347
4771 204 538
15 13 336
9147 190 762
285 4 272
1365 136 200
355 48 699
1308 54 218
26497 302 605
9330 352 488
4150 98 404
349 15 57
38271 539 720
23141 625 734
389 5 154
4319 59 799
1084 38 636
2139 26 526
31880 398 544
199 100 300
6571 128 129
3419 359 638
63 5 7
567 13 362
8778 291 371
5721 112 244
13617 144 206
644 28 633
809 16 46
2387 50 93
18504 312 388
44835 529 769
86 9 167
5602 190 522
6219 126 138
5048 94 203
27204 581 611
19524 322 480
1514 28 344
191 5 36
1729 42 160
8517 89 276
13209 433 606
16530 300 397
10682 163 288
5571 72 187
11319 125 209
416 7 69
798 42 117
18125 375 471
1939 158 425
634 24 283
9924 193 405
21734 354 361
28608 324 391
2374 124 186
11433 311 374
12979 211 738
27851 328 772
415 8 9
15567 256 648
21260 343 574
14003 477 669
276 128 562
531 21 205
23828 331 337
4765 114 327
21127 456 472
7468 161 190
18310 543 792
10370 124 178
84 3 154
561 66 302
18890 333 394
8444 90 258
18650 192 354
2888 70 370
6608 127 441
19310 483 547
36840 440 512
12369 149 182
199 68 453
8111 113 127
21920 541 672
85 2 182
20649 400 437
1450 214 353
2239 116 134
448 25 32
6469 211 426
6983 226 259
8139 90 133
13478 157 364
1366 24 47
19903 278 292
45486 517 717
866 15 57
155 154 207
14718 223 707
7456 88 115
26282 347 686
5446 256 397
3782 51 300
4921 235 272
1145 23 733
44556 604 660
13487 187 617
15164 159 273
6059 97 191
1317 56 171
3688 44 515
13802 207 412
9987 140 672
2431 45 244
5815 62 95
1319 17 34
6124 111 210
1941 286 365
1444 121 345
23285 363 541
15550 560 743
1787 179 293
5607 58 224
10633 150 170
178 9 27
6011 136 682
290 7 27
6181 551 676
3488 49 237
29011 356 548
13990 515 530
410 153 243
8466 117 453
18005 266 384
17455 178 597
3683 105 533
10279 142 335
3946 290 321
365 9 268
3140 51 94
19050 368 719
18115 571 793
4138 54 345
1 1 2
655 33 302
37218 604 651
3084 247 741
31647 404 496
259 4 114
13 2 47
14379 299 725
6656 97 302
6400 78 92
38533 488 768
151 4 24
2111 71 384
4343 301 311
5127 83 682
26713 542 620
3341 219 350
19836 354 376
8050 85 385
3770 66 292
82 52 259
2475 253 569
7376 123 137
3323 296 672
1638 203 790
7815 167 183
4203 78 288
1451 265 534
667 144 673
2684 63 211
17316 295 318
5406 296 527
2208 44 656
130 6 121
1011 29 272
190 3 557
11331 134 527
31767 578 757
1103 55 244
24704 276 495
27143 367 440
254 5 9
5752 116 143
13204 367 521
10563 162 232
2462 40 56
7681 108 291
29 8 32
15761 374 396
2757 37 403
19440 368 629
2027 141 229
4815 332 661
16319 517 547
1 1 357
555 12 23
18673 288 309
1659 172 310
11922 242 477
7136 106 507
6228 67 280
3283 81 127
15621 369 391
15080 160 184
10004 283 561
36824 470 500
773 14 55
13991 196 331
4073 49 78
1292 17 150
13035 154 492
13641 321 629
298 4 32
16739 188 687
10251 190 206
3683 101 102
5747 128 140
77 2 15
3810 241 276
329 359 365
2452 41 52
1251 83 362
10473 159 693
15201 306 309
276 4 23
3529 41 211
6943 85 369
499 15 334
4679 310 472
13447 209 616
1242 121 155
198 15 363
852 16 32
11276 126 159
187 3 424
1282 20 749
23499 386 490
45 7 162
2729 149 257
37322 573 652
25455 410 524
52762 724 765
10523 668 716
1250 188 778
1606 21 55
11265 550 578
3933 80 199
2318 109 362
1423 24 28
10474 142 328
26837 496 728
14574 528 794
36818 610 624
30260 356 430
19103 246 510
10936 123 382
135 7 36
1578 30 63
7879 103 237
4934 147 204
2772 130 220
26514 320 348
17240 175 366
629 13 14
13893 318 322
72022 726 755
12293 134 373
10306 174 230
28257 315 494
137 3 25
688 69 102
18167 205 336
1240 31 299
3770 80 247
3916 59 260
665 58 423
32780 377 451
90 20 40
576 43 358
876 62 134
7514 85 656
31581 382 540
12740 339 557
5658 82 325
15588 168 235
7084 212 521
4413 80 139
1209 43 62
15007 195 532
53 5 220
994 52 96
295 39 398
3011 34 40
20283 335 787
2793 33 38
373 415 417
20250 576 689
1130 176 194
447 427 484
8 254 693
34006 362 580
7955 627 747
23896 313 769
8144 177 203
1975 78 160
16629 365 573
957 32 54
11059 238 554
26972 392 476
25398 461 690
12420 397 653
798 118 272
5628 62 552
3386 323 626
29002 496 700
3683 122 227
26422 275 526
1926 111 126
20511 515 640
20797 312 447
4412 99 164
6415 104 304
1026 118 721
18230 473 477
15946 324 389
1794 72 177
48589 502 534
30815 319 785
3661 46 701
7823 180 446
1880 22 797
463 28 60
15731 210 713
13618 305 486
32565 464 730
18379 364 431
32274 393 749
5687 91 110
5648 84 658
17016 182 344
15700 188 190
9691 394 642
245 8 322
210 113 659
17057 222 736
3644 622 749
93 2 5
36105 445 749
18295 210 478
9165 123 178
10250 125 235
1774 22 31
159 141 178
12993 229 594
12460 268 557
1428 223 563
6533 136 497
6136 75 709
478 22 64
8109 510 716
83 13 109
5849 123 124
16300 605 722
102 13 31
2206 222 325
5046 215 365
1737 36 528
2480 558 775
1348 267 509
801 22 56
377 6 48
27361 320 451
14966 201 559
14055 290 322
10357 338 615
10454 356 666
28119 591 777
6507 72 158
25996 382 697
2300 28 38
11678 124 384
21377 383 488
907 38 724
5635 70 147
4517 51 469
497 6 147
3281 34 465
1970 45 61
32694 413 470
8346 180 408
37038 405 747
37639 613 731
6407 223 564
1420 67 537
1516 23 32
29530 370 514
645 194 654
8288 128 184
14402 158 529
17967 237 269
12926 265 363
14526 436 546
11934 123 300
37805 446 476
5273 86 335
1406 49 131
5556 174 195
93 4 415
14292 487 587
3985 99 520
1828 65 153
4768 297 555
2347 158 306
2355 121 189
8061 221 635
796 19 42
4631 256 590
6978 607 616
2567 33 46
1102 325 523
1171 32 140
1456 17 629
2287 64 107
6677 69 349
3054 145 288
10928 145 204
10280 128 582
6462 180 608
26569 410 486
25194 275 343
11072 114 130
5775 200 524
14781 334 797
4396 129 259
1510 28 319
3084 56 58
719 125 596
15242 226 268
7785 169 454
467 11 167
1061 12 21
6373 140 386
27019 704 724
11053 112 212
976 161 305
4742 68 653
7199 172 624
971 157 158
18146 215 301
9905 317 528
3115 142 362
9171 375 453
1397 72 229
4636 250 261
19555 219 653
15424 189 202
34455 361 662
9729 148 374
14211 338 742
10520 143 308
1168 15 38
855 189 231
9907 226 466
3696 108 589
12956 269 329
4583 94 536
927 533 793
1 1 116
14063 302 649
7605 175 747
9356 236 433
198 26 170
12285 125 193
2939 108 468
173 10 497
1430 71 220
289 155 375
38545 587 642
24109 281 303
300 11 683
1630 32 70
15496 199 306
11533 333 632
16165 191 239
37 3 119
9906 152 758
28973 429 658
2316 83 554
16036 305 329
33939 341 353
2697 136 183
1121 19 98
30087 342 387
1320 162 219
39328 400 742
33920 408 454
8233 84 129
10909 199 509
2212 82 278
13252 292 473
9111 359 433
1128 21 357
130 27 57
6722 121 305
3522 81 654
7804 115 237
49717 581 736
1626 25 347
5580 429 586
25221 319 460
17195 203 425
8798 113 177
5299 233 524
7836 254 542
6287 159 394
1519 130 324
38797 396 725
4680 60 422
18196 249 710
429 237 358
2782 31 62
712 10 309
27694 571 654
36065 490 799
5353 101 685
4930 61 659
22135 281 504
17852 357 487
21382 455 599
76 8 58
4948 74 219
14606 215 283
201 83 213
23702 349 785
6192 71 460
5740 295 370
454 15 29
801 39 629
3753 64 107
58 23 314
13427 214 379
22048 240 765
7970 729 791
7132 79 214
9025 161 688
577 17 793
34516 484 664
27766 465 774
39988 573 661
2578 42 287
11173 179 451
23724 282 664
1456 66 491
352 6 356
4341 87 100
31207 741 744
16968 360 788
5114 133 241
5390 189 225
12372 226 706
3913 46 384
6999 121 383
20434 304 572
8957 192 355
722 84 648
1855 628 644
2066 363 387
32320 682 773
22155 232 283
13432 236 549
3370 98 301
221 16 118
1922 35 245
331 5 707
15853 178 288
6570 234 420
15254 467 575
44618 552 602
1629 22 351
1609 87 174
164 10 21
11511 194 473
9524 341 654
20108 425 531
109 18 76
3646 145 190
4682 143 221
197 130 137
2356 64 92
2398 212 307
5256 136 194
793 101 457
9534 349 372
11877 175 298
363 5 18
2213 26 103
20328 242 466
1158 285 308
5696 248 400
5749 61 119
7796 107 387
40 534 734
1275 204 671
6954 102 265
32559 359 380
36603 533 724
2289 138 691
10732 212 684
5898 81 513
26264 375 678
4517 125 295
6067 155 168
19847 312 335
17215 383 405
371 7 16
4307 129 413
5036 65 332
18108 388 514
1703 270 500
1390 35 95
19398 274 321
19217 472 715
376 6 21
3222 76 241
20560 288 526
1 1 15
337 5 61
255 16 105
3783 54 272
2461 98 197
2394 67 489
29674 380 780
413 56 680
67088 699 709
2838 43 55
762 72 149
21660 493 654
23012 571 756
21202 216 491
8012 292 541
1960 35 56
1001 172 363
2309 94 394
1717 72 586
13648 296 712
3877 90 283
23996 368 486
716 16 260
56548 698 752
1242 49 116
81 14 94
2379 80 611
8353 133 291
40269 676 740
102 61 160
7197 97 103
10533 130 171
12132 420 681
9274 96 165
4464 78 631
17178 323 474
6075 107 150
4918 78 92
25349 278 392
1 1 7
22844 502 503
403 17 403
18311 395 483
17149 204 250
7103 123 334
1743 185 676
1 1 3
7305 179 258
1790 88 122
1567 150 165
248 725 780
10070 174 181
121 555 632
33735 436 657
7396 232 278
26128 294 410
6524 83 238
443 67 96
5073 77 85
279 13 31
18203 315 748
26192 494 709
3776 490 680
3569 84 451
2399 34 157
2486 49 93
25536 282 369
44724 601 623
954 13 107
7321 84 468
2910 37 541
31840 392 800
14320 240 627
1 1 30
18617 383 525
31998 427 694
4518 655 746
6199 501 698
9824 133 335
2192 26 400
3328 79 159
443 87 92
2001 140 173
27205 563 800
14612 235 428
819 13 18
9524 116 417
2436 80 185
1615 327 584
1218 57 144
2363 131 344
2183 276 773
8464 367 652
4144 74 106
16614 203 598
10097 279 700
13313 585 699
38053 418 512
3856 52 147
25853 327 553
333 6 8
152 3 37
1103 20 303
19595 593 672
25938 392 514
1028 28 406
4230 67 356
91 2 215
5934 92 701
488 55 93
11677 124 459
18702 287 609
493 10 47
3763 86 461
4624 50 185
1263 174 177
16553 287 431
12032 194 401
48094 490 578
7843 127 235
6841 91 185
7386 144 324
10003 174 536
2302 100 281
809 144 401
7446 78 644
7060 90 242
3694 39 247
28766 439 545
10916 140 640
1394 28 731
6294 366 732
32657 416 528
993 494 729
18173 295 622
562 11 36
10346 643 655
19162 235 601
13277 199 349
2588 220 257
5122 366 540
10306 117 193
1140 134 516
12699 187 220
28224 598 793
2708 145 226
56611 761 787
5009 335 476
22247 293 419
878 15 30
8643 339 772
778 14 112
3571 209 795
2266 82 106
966 24 116
23 42 76
607 30 489
5409 137 161
14495 150 721
8781 216 223
30910 466 541
5019 411 640
6931 99 350
4362 169 684
32413 527 539
15257 452 740
40008 454 765
22952 403 575
9029 225 392
4213 164 285
6186 105 109
1212 27 72
964 38 505
10736 315 433
46 18 372
2629 71 735
10233 570 781
970 12 775
1789 96 186
1 1 3
13906 482 758
297 23 407
3102 34 73
19312 283 415
379 8 360
23592 289 317
856 57 173
377 13 123
5941 370 405
1647 54 609
31239 352 406
4047 49 673
2145 52 683
13381 227 301
3473 45 60
2551 32 128
53681 546 567
5715 189 228
21955 358 772
41369 464 501
30553 520 540
13424 156 202
18801 483 681
114 4 11
29545 302 424
40193 581 678
8613 115 482
11366 364 445
1938 62 169
7221 212 234
28068 588 616
7620 106 336
976 31 37
28984 406 524
7886 434 567
2866 31 34
6895 76 140
24552 456 465
28773 499 502
322 31 76
3428 190 410
31568 387 700
9405 158 284
73 3 9
7806 109 318
415 54 286
1479 23 304
6060 296 393
311 46 451
44606 491 770
26419 417 469
506 109 274
1039 23 280
3178 57 549
6634 272 409
17803 222 239
1224 53 378
8592 91 237
2340 63 352
3179 33 163
1330 24 171
10803 170 209
230 447 560
3131 35 368
9634 144 342
6341 148 357
2290 345 478
3543 100 196
12201 230 349
19731 609 627
5018 76 212
2321 96 129
8810 454 780
13358 434 496
7010 130 195
1633 23 661
2430 35 443
4159 301 324
537 14 18
10233 187 745
3388 123 259
8152 196 297
12362 134 695
856 14 21
5256 54 298
1303 253 415
1658 179 303
8180 102 458
11846 329 394
2406 76 446
12470 315 782
67837 729 790
91 23 754
1546 61 512
9669 321 381
1 1 243
5245 72 330
531 332 395
40808 552 764
1965 545 680
790 61 414
2603 31 91
18071 370 680
6969 137 516
11403 160 598
14131 212 268
2285 97 234
3527 42 78
4284 140 589
49 82 98
9697 295 507
4153 50 557
476 94 131
5615 113 137
22508 330 371
1131 15 321
674 164 372
38664 557 606
275 6 43
666 364 465
3275 39 64
12701 216 252
243 6 17
8484 95 243
13131 144 154
27123 521 705
34394 577 795
13775 260 427
5998 78 122
19253 198 671
8364 89 673
4507 208 354
6316 119 158
1198 32 36
1184 72 145
37798 447 692
63191 677 740
175 3 54
2079 59 716
2691 66 163
160 7 66
4585 110 618
41 5 52
22986 423 614
29470 364 798
15507 387 607
50 26 236
5071 57 60
6043 160 502
6657 183 603
27199 328 763
25970 672 755
12121 160 309
18581 297 532
33256 419 427
44621 486 552
60 86 342
851 51 78
90 16 46
5815 138 247
14176 438 539
948 29 50
29338 311 389
1001 30 264
6911 315 386
6977 155 193
138 15 25
24294 270 388
30875 769 792
690 488 621
2983 36 243
6639 390 532
24535 310 736
1115 88 149
1198 13 108
3449 39 246
15134 279 348
903 35 196
65 2 12
801 15 54
5184 111 620
31206 360 461
33504 488 597
2330 67 698
6986 85 87
565 269 411
5477 56 72
1269 16 66
15158 280 457
937 16 108
44263 449 540
7665 132 280
28449 290 538
13575 237 246
2941 43 506
6135 156 208
8696 147 151
29927 392 728
20269 271 522
2766 145 557
836 16 346
3114 266 305
10554 148 199
753 403 595
1626 18 184
11890 121 201
9355 142 500
1995 38 589
13767 353 390
331 10 31
47676 490 574
4024 54 111
13887 604 764
13801 425 534
10075 112 338
8887 295 538
586 204 789
6106 135 163
147 83 666
4748 92 103
13206 150 374
3421 82 303
1495 150 416
15552 402 548
4618 84 757
7903 101 484
15116 302 742
327 37 106
4543 113 692
11218 217 778
2512 174 444
9869 240 347
35856 401 668
60 6 165
610 8 735
36242 391 598
2357 127 285
553 93 557
13194 234 419
14060 328 796
27250 537 621
21673 392 518
632 281 506
4711 304 368
564 13 14
3573 93 138
15538 192 244
6998 217 309
43154 530 616
10222 194 702
5616 70 492
15498 262 314
16918 473 797
1937 121 151
19403 389 442
1122 24 31
28 10 247
33380 366 723
286 5 89
798 121 336
23787 268 366
377 6 282
17055 174 366
2970 39 157
6098 339 658
11082 118 691
795 50 228
14601 150 561
8652 103 468
2592 113 198
3722 39 51
5346 58 246
6534 361 467
381 22 124
24980 340 493
91 7 10
41187 506 667
2939 244 701
10748 341 462
1387 53 79
35 45 734
5485 129 253
658 10 205
2001 90 202
5194 152 581
38093 591 688
889 50 200
20152 427 473
1736 58 492
1690 216 436
9726 239 457
712 27 33
47515 640 662
5910 239 283
418 23 372
359 54 269
27558 339 407
17250 200 222
1636 25 35
3279 147 298
8909 192 324
7299 290 581
17720 187 489
218 25 40
37151 559 666
698 9 24
8400 490 741
1464 107 337
79 16 51
3643 53 89
10747 356 594
11344 130 348
7632 137 336
1231 23 73
4543 74 513
2881 112 402
2830 44 314
11147 286 344
5104 136 361
2523 58 209
12421 217 228
1630 63 522
1 1 2
388 19 329
3350 89 341
26408 487 619
4209 236 476
914 39 52
28227 285 359
24 3 6
2645 224 673
8152 204 384
6352 114 233
3756 108 380
8169 176 330
2360 47 457
33995 593 668
5079 74 170
5527 117 370
340 42 442
26154 324 484
18333 252 650
1458 59 342
3469 82 229
1078 18 47
51101 526 730
32357 509 723
94 39 366
33156 395 584
834 101 112
9591 117 399
6260 332 393
9585 262 386
695 8 70
12661 290 708
31785 325 481
1456 243 314
8957 302 474
2485 246 348
3537 156 259
23089 289 476
52007 651 652
43 695 797
4157 49 738
302 12 181
13696 166 524
2784 84 206
609 10 45
275 9 374
8602 139 630
4832 121 231
27075 307 435
15650 446 478
3430 53 409
324 464 582
3725 142 571
12549 262 794
6738 145 269
9579 113 172
22002 570 609
7477 393 593
21510 443 550
55044 564 639
45778 646 717
1239 50 382
2873 109 258
25929 383 711
4235 89 394
3113 66 143
3253 84 643
3208 79 255
1060 49 84
858 16 346
1255 30 98
67 4 134
21 2 204
18519 421 757
23953 346 447
34 69 358
9721 141 181
9339 100 519
1222 33 86
3282 39 173
4863 472 614
33026 372 529
4647 138 203
47 12 360
12086 264 408
3780 46 49
17799 231 289
915 74 581
8006 361 428
2750 34 95
2044 290 709
16627 233 388
2513 55 136
1008 12 101
3141 326 407
7210 96 385
8129 113 281
12532 475 569
29866 343 773
4768 157 292
1835 29 89
3574 182 537
15871 223 277
407 22 763
56732 744 754
3806 49 387
30208 719 765
27653 459 656
7481 384 578
40499 445 558
1546 43 121
48179 503 703
17199 447 746
270 6 13
19439 634 665
3995 63 334
9797 235 590
1018 311 407
17858 240 316
20636 272 662
2841 47 50
26264 278 375
625 11 121
1118 16 26
12782 316 621
601 48 97
918 33 118
151 72 73
1 1 80
8167 83 178
4536 61 311
196 11 102
14666 260 570
1863 20 104
22382 307 556
145 54 107
13064 231 683
3527 50 218
6230 83 87
1757 30 329
15210 646 729
1352 66 352
79 70 291
9278 182 430
1376 88 738
5690 301 723
39944 426 691
2855 55 96
29963 347 721
10537 421 566
16313 183 564
5390 483 580
6748 146 272
17316 597 610
6345 168 247
351 24 44
7149 132 217
4186 99 160
1785 26 110
14810 207 327
1659 46 78
36 4 246
3638 224 327
10719 118 325
15555 307 367
3161 129 613
4347 73 576
855 73 605
10701 214 249
6939 132 355
8578 92 607
23909 480 548
6239 120 371
1514 17 21
43729 470 539
15438 437 645
13432 199 237
20525 641 721
5279 102 235
6662 296 425
92 11 25
28283 519 740
8051 98 284
7348 247 752
3931 48 750
6043 361 762
22700 251 307
4667 473 698
233 8 124
11042 237 371
1532 46 598
194 3 41
34803 554 628
914 52 73
905 280 355
26180 318 695
10622 341 602
14405 219 717
10748 314 605
62 3 4
1527 124 167
5038 109 305
18752 393 478
14494 210 703
3143 100 541
7224 157 706
5007 132 219
1840 456 646
627 95 264
15712 192 787
51 2 5
10080 183 377
8547 128 510
3 4 94
24953 356 512
15994 234 299
1876 33 349
3353 184 708
14408 252 353
10672 108 519
12970 493 730
20561 347 640
169 9 68
38047 561 764
8877 560 638
839 19 447
299 7 143
3939 502 532
3155 80 125
10783 114 512
7793 107 567
39 9 14
14287 234 759
15108 464 635
19163 235 297
2833 377 600
18259 519 576
8201 95 242
12126 184 352
11127 189 514
34762 597 656
65271 679 790
23055 239 395
9715 147 606
3304 98 191
28727 436 451
31335 374 385
3901 44 45
6740 115 155
21238 360 785
18315 369 437
1631 133 173
1282 59 197
4696 130 246
6809 218 347
64972 680 711
5391 305 505
4068 51 199
20774 449 740
5764 92 97
23680 538 692
13004 713 762
14653 159 497
40120 601 800
5122 83 609
4477 497 755
20041 233 277
3463 104 689
6918 83 232
1932 127 714
19353 282 516
5822 645 774
2476 26 742
23 3 7
13918 685 736
1530 62 252
11152 134 266
11587 169 744
4203 82 178
5037 255 457
12350 125 742
5775 392 574
10268 132 175
8473 270 313
1357 43 155
3719 327 332
4992 74 101
87 2 438
42264 571 737
3046 77 352
4994 139 430
11801 205 235
1972 73 214
12822 204 485
2847 43 114
21997 254 258
26483 267 747
1251 37 399
14 3 34
3612 124 262
576 42 119
10124 329 607
11919 138 178
5092 98 592
3690 77 277
6342 238 735
6863 81 421
1502 55 700
1414 67 343
25832 310 589
18706 285 306
17960 464 780
12634 440 441
5207 251 273
30003 424 656
136 53 196
11791 257 491
956 48 647
6511 164 302
5347 71 450
688 11 12
116 7 77
10355 124 667
3971 56 202
897 30 81
1947 111 251
17051 219 384
1442 25 593
9133 224 471
11 6 186
522 8 154
30787 345 707
6357 141 167
19018 234 299
18819 225 710
3773 44 265
20458 231 459
1642 45 294
6027 411 714
8442 273 609
194 15 65
18850 225 232
3484 94 380
1006 65 673
584 29 408
1969 383 677
43806 446 530
20069 250 346
9767 221 557
9052 229 778
18067 315 508
18512 384 455
5777 129 523
1405 30 493
6767 93 99
454 214 751
9041 136 640
15473 249 450
25368 287 687
3124 39 354
7269 78 213
228 12 13
10865 114 126
1 1 11
2421 188 360
13188 140 251
3619 281 489
1179 18 477
23242 336 437
4245 564 623
508 13 65
14237 192 265
446 73 108
1310 60 297
14039 377 515
3438 430 463
18861 209 455
6287 137 749
296 8 9
2943 34 41
6968 86 418
3028 48 477
8930 114 280
19635 253 641
6266 69 157
9562 130 643
2246 37 75
8780 147 171
12742 171 370
23621 272 530
63 2 3
231 4 9
14750 351 472
107 8 553
1816 283 290
35520 470 560
13236 211 792
7257 75 162
14185 157 691
2731 115 241
449 21 185
25985 372 764
44698 548 579
12240 125 423
9607 189 305
7659 80 333
5656 192 565
1172 24 26
789 32 605
2230 456 769
33067 366 432
3132 49 61
4709 99 697
2014 108 461
3427 54 707
2564 467 773
590 41 378
1287 30 263
13289 172 616
10679 634 663
14351 159 493
7952 196 541
10385 207 663
2612 34 90
25837 266 740
205 15 265
1931 58 307
85 6 146
340 5 294
3028 49 157
10355 121 257
76 3 181
10276 133 307
33020 448 658
1113 62 364
23120 517 602
1220 192 425
3559 38 105
1450 212 252
11056 360 586
16276 166 277
10632 108 396
5369 55 222
22627 377 504
3340 66 169
23858 532 686
1343 44 488
18773 359 425
9153 218 744
29781 536 621
7073 132 776
5320 102 363
544 31 132
11189 310 380
1589 200 288
1179 37 295
1594 32 46
1859 34 135
1162 19 40
222 12 97
52 2 9
5358 95 288
4840 255 287
2275 58 269
869 52 492
12346 208 324
45324 511 730
5612 88 188
5041 348 763
443 89 195
1569 111 144
173 109 487
5135 161 379
6951 83 194
563 9 59
9622 178 203
22552 269 769
1326 109 276
2900 406 700
30639 349 424
4897 279 456
17837 337 505
8653 124 551
1049 167 520
20973 304 627
19102 247 602
24171 334 388
27367 704 715
5137 75 774
1059 70 72
38989 707 754
39799 435 761
29480 299 759
83 10 90
2422 107 267
798 21 35
23775 239 388
584 21 476
11402 227 617
27558 472 512
8165 162 474
24409 472 590
372 19 285
17605 201 611
706 14 630
4580 253 309
4971 125 465
573 11 23
13349 271 717
18349 296 698
24158 292 710
1502 65 730
23253 247 263
11837 122 655
7862 264 746
22975 263 792
6669 91 717
41005 610 772
2735 113 236
10912 298 722
2749 499 622
716 11 291
5 5 11
7442 112 136
8347 115 205
15775 216 640
16164 260 504
17756 234 288
26735 415 648
598 53 98
4307 66 97
1323 26 268
4699 114 126
1242 164 420
1775 528 640
8744 311 343
8377 214 526
2010 145 540
34229 388 410
14559 249 330
721 45 117
1297 88 279
8684 196 206
24059 249 517
6201 63 393
5696 136 382
2811 42 358
1525 544 770
8477 291 330
1077 374 688
3912 62 99
11267 239 524
10072 119 655
2521 50 610
12943 141 453
5759 291 409
10995 157 162
59386 697 735
943 13 178
5646 86 159
103 376 533
11911 232 800
17262 306 417
474 12 16
1915 756 762
7675 277 476
22456 232 242
1746 82 241
3130 79 417
5139 55 81
9488 124 281
16416 514 672
127 32 168
11056 324 682
186 21 39
1615 95 723
2559 36 83
53 6 7
11687 315 701
2905 120 445
13305 174 475
804 11 12
36633 520 759
20209 554 653
4105 91 121
672 20 304
27098 307 653
56896 605 688
2956 32 79
742 196 448
1406 219 441
3219 121 790
21903 403 537
14240 317 713
2333 26 735
712 35 383
5669 97 251
1 1 3
441 59 131
1776 142 428
40487 452 704
8253 110 132
16782 205 614
6256 129 381
14496 266 431
1041 12 73
4166 528 606
38117 528 560
30371 492 663
18848 200 411
1 1 2
4524 155 461
53283 613 643
20473 515 518
9235 151 172
3425 221 327
41102 484 552
17230 217 450
2952 247 756
24855 304 472
1351 58 101
8116 131 273
14472 212 260
38172 395 649
2253 113 209
11456 195 612
717 22 137
9719 504 517
7364 311 746
35114 479 658
4537 67 294
441 480 662
63 2 86
11257 222 265
15025 309 420
4981 84 653
13712 280 659
20105 221 442
31204 381 423
2184 61 109
575 31 216
23 2 7
14561 215 220
4020 373 644
11304 169 371
2253 33 40
2368 141 245
8221 437 483
7939 176 497
9740 104 110
24066 354 777
39783 515 715
8088 169 253
2948 141 661
40622 465 475
1997 25 486
4594 544 622
476 342 617
1611 57 81
28689 400 681
1145 29 82
9656 483 645
113 8 111
10630 717 763
3119 43 506
7553 78 85
2830 448 585
1640 28 667
628 14 149
198 4 592
983 23 239
20326 338 520
425 14 17
716 189 395
7794 278 282
33382 404 420
5324 398 789
2603 59 101
4278 92 728
439 8 94
16393 265 304
1441 18 26
1007 197 240
17875 208 739
795 9 648
4901 87 561
7595 90 322
6349 79 741
1336 42 101
2466 39 56
5429 61 247
29023 506 781
26119 466 646
27770 689 733
316 8 268
13803 367 493
2174 128 697
2621 167 559
946 29 106
1127 14 315
1 1 13
5023 125 196
24210 436 731
3158 73 77
1005 14 350
11190 249 611
1892 75 108
43409 695 730
3415 200 648
1994 133 773
28914 313 535
30744 323 467
881 11 188
29613 320 731
1899 79 85
2938 31 243
7328 222 549
5674 265 700
993 63 719
4802 55 174
35099 375 742
3080 284 442
675 249 303
910 14 318
37534 690 784
743 9 69
731 12 77
11949 122 561
1220 15 18
512 18 297
16876 246 587
6475 149 264
17969 213 793
1826 246 402
10854 336 738
9985 228 256
5066 96 241
6259 156 353
1467 115 136
2143 106 162
1221 59 553
163 6 92
299 82 84
34348 413 417
33309 375 692
27114 484 523
12448 163 628
32555 376 706
23256 320 504
5635 74 226
1270 39 284
12144 127 283
3080 45 383
1195 67 130
16052 440 504
6186 271 461
8990 151 335
746 16 31
35942 559 703
933 13 68
6797 95 341
5812 64 157
7597 311 661
40038 602 638
14350 403 555
2106 113 416
39134 407 488
5051 94 303
7335 200 656
3820 264 480
11524 180 723
2970 40 64
17845 501 638
8745 213 529
13828 398 506
2436 134 491
2355 37 591
37882 445 716
12008 158 460
4986 86 284
50382 566 634
2256 393 448
1465 186 440
26726 284 317
1557 26 194
1497 27 61
42318 701 776
3894 140 238
14469 157 390
22518 576 684
1 1 14
6062 134 243
3074 32 169
15963 235 400
5559 69 222
8358 88 234
9452 465 633
1894 34 488
20315 279 667
1239 245 396
125 3 140
15534 208 422
1 1 11
383 5 367
9862 193 758
1331 46 99
2993 61 76
4588 57 60
11559 163 599
8297 217 250
3521 113 667
20538 237 372
3611 187 430
5739 161 162
116 7 25
279 12 356
4322 95 394
17775 325 736
17120 465 660
4566 69 142
29688 497 546
1786 39 244
307 162 393
9780 138 259
736 10 14
19178 281 616
12735 321 355
14884 407 450
528 205 404
1 1 106
599 168 605
4709 192 610
24743 355 459
234 74 107
665 43 121
771 148 481
5146 74 275
1347 31 220
6748 523 756
18431 247 654
77 2 63
18939 758 793
271 176 759
2667 35 41
679 11 640
25483 346 635
7138 134 232
2264 24 35
9541 101 245
17025 172 229
18539 207 241
2059 155 465
8099 147 167
42282 552 578
102 6 701
883 14 56
15996 381 573
6085 112 437
35223 634 770
5940 84 93
17459 296 569
70 8 23
18783 209 352
635 43 596
3428 64 116
1370 91 167
11315 138 201
234 11 13
29872 346 613
17384 229 393
18560 520 637
58 93 430
638 55 92
2054 102 567
22363 341 633
4083 349 479
9564 178 284
31074 390 443
2735 43 183
44970 605 639
3017 104 142
16859 295 497
2220 57 351
4791 112 344
19753 343 367
1622 57 375
18434 330 797
5656 83 409
44571 491 531
3405 37 66
8963 129 490
7141 459 757
3636 42 105
5857 146 717
19603 213 644
1791 21 23
30406 351 684
1511 165 305
18975 286 319
1272 163 730
1615 204 459
3207 102 660
14739 180 375
29060 542 702
35982 417 422
245 11 22
2455 27 140
6231 268 499
1 1 267
1045 51 497
7104 558 564
18354 371 470
12236 171 228
7884 291 408
17091 264 284
27629 310 400
7442 203 253
7065 152 195
5409 85 219
12552 210 234
6597 130 371
457 275 454
5586 113 198
4860 160 260
7174 80 534
7187 156 338
2928 53 54
78 58 95
200 111 357
847 15 19
624 70 754
15662 239 559
4671 52 484
10213 149 518
16635 388 564
2302 64 631
115 5 755
450 28 153
13348 591 737
40 34 209
27864 295 711
28558 415 493
2308 109 177
1094 16 72
277 15 244
5800 159 651
8520 297 478
4941 310 477
30253 455 533
11776 436 545
1285 65 242
3262 34 285
3266 181 470
12597 529 550
1102 183 566
27755 539 556
1909 199 344
1748 173 303
4718 57 77
17774 244 578
9721 405 465
7530 90 378
34409 559 560
45526 658 726
12767 260 661
4654 54 57
34800 354 725
16 2 62
8149 94 585
1177 27 80
103 3 73
16334 198 220
21732 619 774
12307 162 172
2374 58 568
13970 253 288
4762 75 164
2355 149 621
535 67 774
34508 469 549
763 31 391
46967 503 729
17179 173 246
483 96 470
528 23 46
1023 68 245
966 21 633
1465 696 711
410 8 14
44 2 671
8800 296 516
12108 240 669
13176 137 144
19914 313 726
267 4 148
2022 120 328
5878 472 520
2131 55 372
14807 373 647
5541 240 363
9663 240 578
19528 504 607
35013 666 800
34433 359 371
1787 24 587
2430 36 227
10867 185 447
13119 146 232
15192 210 503
17343 641 702
12190 357 464
2 149 163
73 15 43
2693 31 582
655 17 43
68 5 54
11439 280 422
178 3 213
27311 352 753
11913 490 609
6230 180 265
25156 364 580
2990 306 556
8577 92 233
252 10 184
9386 147 243
15976 219 323
43681 470 661
64254 716 780
4454 253 317
55145 575 720
3461 44 202
26691 299 782
32280 341 583
13539 166 271
118 48 406
9007 389 530
12954 211 225
40955 476 748
8266 264 491
24811 300 310
26300 323 347
40745 458 584
35225 479 538
6877 91 173
250 6 48
386 178 233
7629 505 696
216 4 5
7458 719 744
233 12 582
148 41 443
5893 214 254
50468 629 682
160 12 117
3631 39 197
2449 28 430
124 73 614
3355 68 88
349 31 33
22783 403 469
1725 54 596
14064 530 570
35066 355 469
23381 499 626
5648 179 717
15032 157 290
10366 527 727
11545 471 596
17757 238 690
25936 317 423
13480 319 787
1863 119 126
13243 173 542
6140 107 131
2776 57 149
3839 82 438
57025 747 751
12364 183 194
24470 276 556
1 1 4
7032 146 511
10255 105 242
62363 638 795
13849 196 365
8391 335 535
101 20 60
2908 64 131
4058 68 407
375 10 198
8838 290 478
393 225 502
4537 71 236
1809 169 404
6297 82 433
18498 263 792
1378 18 48
53 2 33
8850 287 478
7950 173 254
21358 299 302
4959 213 278
1905 26 230
1292 73 291
27558 292 757
2279 149 180
18510 190 550
391 34 108
29947 514 646
1036 111 351
578 131 170
11186 401 648
17964 440 650
35256 390 561
1289 19 56
34594 458 515
4067 476 744
29492 614 726
1044 161 429
16031 164 176
20654 694 743
11335 115 669
146 35 287
142 268 529
3165 98 174
1713 66 318
22662 373 704
31556 718 776
9617 215 491
1733 134 269
1 1 21
269 13 373
8645 192 267
2786 98 129
6893 251 316
1761 36 111
401 248 384
11608 427 523
23487 492 757
411 12 138
15064 182 303
31426 393 503
2344 25 52
2127 40 55
2059 31 80
5781 91 234
22 2 55
13925 243 563
554 33 692
239 4 5
10611 247 533
530 12 48
1707 420 613
144 10 282
978 16 185
4087 434 762
12755 185 310
20952 402 597
4367 84 243
946 350 400
22437 258 589
1508 93 479
5345 274 309
1539 57 405
13659 149 431
11872 573 689
1709 58 64
15295 177 469
7123 200 745
3496 128 413
367 7 461
14856 254 390
4327 416 446
2691 153 694
36190 399 404
5842 166 782
323 94 340
538 9 167
3317 46 230
1951 189 613
8603 118 158
5191 100 470
16268 171 564
4263 313 408
11273 147 442
498 76 511
18454 307 790
1294 81 318
19816 229 232
965 45 518
19032 232 788
11909 149 481
1492 50 125
43735 536 677
16469 301 384
3910 112 183
382 7 502
3778 74 219
2903 44 293
3346 205 709
1235 16 276
28101 366 671
187 15 430
17340 260 567
756 204 781
3716 57 410
567 86 98
1960 59 170
14131 146 725
1546 239 324
23547 473 652
614 106 174
364 74 97
11948 530 663
1460 206 559
485 6 251
152 132 213
3693 679 789
9127 96 551
1983 59 760
8471 125 549
13005 355 409
39286 556 568
13072 157 776
350 42 58
2990 138 347
3596 61 596
10266 138 634
66 3 555
15415 363 586
8035 156 359
9279 433 471
13531 208 459
8238 102 301
7563 91 443
3677 169 201
7427 131 505
13474 179 346
48373 644 668
7595 321 469
10897 162 383
6298 111 287
193 3 4
598 10 168
41647 496 669
6931 277 351
6954 587 610
2445 194 219
38918 550 702
1797 75 110
8717 93 169
2263 156 685
3478 74 501
3032 408 755
23118 235 248
4994 62 510
6370 192 226
2197 48 62
3371 39 354
22468 226 377
244 4 6
7769 369 584
348 155 200
49237 644 792
5929 134 606
3537 109 796
9301 124 542
18621 262 614
529 13 243
17476 176 398
5089 86 118
34510 390 454
17033 178 186
3126 42 135
4148 51 244
40976 588 730
9030 102 191
1996 35 43
1282 15 65
49378 627 673
2526 59 65
35743 610 722
19003 278 655
5296 138 729
220 6 13
1665 41 154
4279 55 406
4959 86 120
29346 351 404
20038 221 572
5599 98 215
9394 305 749
14210 432 458
396 7 356
10335 151 572
9398 103 248
6704 173 250
34566 394 786
10898 268 516
18848 371 391
7875 113 565
15415 628 743
4420 51 192
2255 40 790
12293 303 568
1 1 251
54 2 74
15131 319 698
754 60 408
11966 240 375
13453 586 732
1684 22 31
1013 17 68
47474 540 694
671 92 186
2860 40 359
9449 216 656
16764 271 303
6177 109 158
2827 399 413
9310 148 315
35826 710 731
3040 140 480
9566 100 224
619 20 315
4026 537 604
16505 448 654
22816 270 414
2358 187 292
17500 551 676
4269 322 357
20545 540 653
11749 403 669
30809 501 655
10792 332 473
3951 159 394
1817 44 660
5484 90 425
11905 255 411
32920 456 637
35 92 492
1422 41 129
4022 416 448
35326 452 694
7126 165 268
411 16 21
12889 165 638
2281 51 771
4222 135 670
18304 190 723
2468 30 94
1774 26 541
18746 286 318
27470 391 575
754 15 257
10210 179 282
577 17 132
34 91 191
1122 13 42
5691 359 680
115 4 641
16593 167 184
4901 55 82
2150 25 312
13896 233 664
134 211 370
3174 85 116
12596 425 709
2579 66 423
3753 193 278
281 38 54
8487 116 242
6700 472 552
2021 26 671
1255 149 199
1300 92 149
13729 310 531
5216 396 587
37 2 22
6305 413 424
4303 566 648
1036 137 152
7449 171 579
18140 323 529
1460 63 169
2170 41 348
4727 270 303
4153 276 557
811 134 297
1779 26 28
2819 79 187
30046 303 385
2418 71 590
24758 297 539
29330 492 594
20980 480 662
30987 421 608
1 1 4
1760 119 550
1010 14 59
2440 40 66
1840 382 462
6023 105 335
59750 667 751
4124 128 297
8633 293 495
1206 34 45
12001 122 249
143 23 520
1487 92 387
17608 463 720
7888 156 302
88 20 55
2775 173 424
5042 482 703
6526 119 704
7567 120 318
10561 115 373
96 157 279
280 4 16
3158 81 212
1906 42 471
290 201 745
9408 158 603
10034 149 219
470 53 481
2976 35 136
3806 100 368
22753 357 498
2102 35 73
878 53 456
130 3 31
3887 354 494
13367 498 543
6830 176 479
4839 96 158
2877 42 135
6561 82 319
7685 91 245
16597 188 753
1861 57 309
3530 92 166
1723 33 65
4668 266 283
2069 86 668
9775 109 522
21447 342 467
911 355 459
237 5 310
