50 1000 1
6 2 10 3 7 2 7 6 10 8 2 5 1 10 4 1 1 9 3 1 1 7 10 10 5 5 2 1 4 5 5 10 3 2 2 4 9 6 7 6 7 6 10 6 1 5 6 4 4
292 36 46
50 7 9
74 29 46
2 2 29
60 14 38
95 19 20
7 2 28
281 34 45
21 3 40
36 5 21
10 3 43
13 3 17
114 17 41
15 37 38
63 15 37
25 10 14
33 9 18
3 2 14
271 30 32
30 12 23
5 2 38
64 12 23
1 1 3
151 31 36
65 13 50
117 30 33
78 10 28
68 10 42
1 1 6
71 8 45
31 16 47
41 25 35
103 12 16
67 18 42
35 8 44
5 9 17
57 15 25
38 22 30
84 19 22
4 5 19
120 23 31
6 24 33
41 11 16
1 2 3
120 13 40
59 14 26
45 10 19
146 23 44
37 15 26
14 4 29
243 28 32
28 4 6
201 41 46
52 43 44
1 1 2
19 4 13
3 7 10
106 16 24
172 20 43
46 9 10
10 11 14
32 13 36
29 12 16
54 9 39
184 34 48
10 5 7
33 5 30
26 10 39
15 10 21
1 1 2
63 11 25
39 10 39
43 12 45
61 7 48
11 2 7
29 13 25
100 19 29
12 3 17
124 18 46
55 8 9
31 6 7
2 3 40
229 39 46
131 34 50
68 10 23
100 11 33
38 20 28
152 20 41
3 3 16
57 17 35
13 8 34
77 10 14
34 13 16
4 8 49
58 23 31
12 3 11
49 6 48
27 9 41
123 37 38
55 8 10
49 11 25
183 23 44
60 7 11
212 34 45
160 17 31
78 28 42
93 22 29
31 9 42
86 19 21
214 28 49
50 9 29
22 4 29
1 1 2
37 11 18
136 16 26
26 5 33
2 5 49
133 15 33
180 32 46
10 4 25
22 18 33
12 6 41
131 27 46
346 47 49
81 10 19
31 4 8
8 8 23
9 2 6
37 9 26
126 27 36
10 7 29
11 7 9
8 9 20
106 29 33
67 8 29
38 10 12
34 8 14
142 22 42
11 8 12
31 4 24
211 29 33
30 12 48
163 26 28
30 4 12
26 8 13
29 4 7
116 18 21
16 3 4
20 3 37
3 2 4
4 29 42
95 18 50
9 2 20
1 1 2
27 9 15
11 4 10
264 41 46
1 1 33
16 10 32
13 4 48
178 26 42
23 11 46
45 6 7
74 11 25
1 1 3
8 12 30
137 19 33
24 40 44
1 1 8
7 4 18
168 27 42
117 30 36
131 19 40
40 36 50
62 21 43
8 3 16
180 44 47
146 33 49
11 12 30
81 14 16
77 10 12
59 15 20
21 6 11
180 19 42
41 5 26
46 6 48
18 4 17
135 16 31
28 4 13
325 35 40
1 5 24
26 7 9
9 3 6
1 1 2
2 8 12
5 8 17
10 38 42
30 4 48
57 15 37
10 5 30
7 2 19
20 3 33
176 26 40
13 18 26
1 1 16
74 9 25
1 1 49
1 2 9
145 43 44
105 19 20
3 2 8
132 24 39
23 11 20
15 3 4
87 12 48
143 16 43
41 5 10
8 2 21
30 11 16
99 15 47
66 9 10
46 8 16
28 12 27
24 4 28
86 14 41
1 1 6
38 13 26
23 5 38
55 17 36
20 33 44
8 12 40
31 20 41
106 35 47
1 1 28
228 42 50
12 16 23
17 3 8
167 24 41
50 19 40
47 8 17
90 15 26
148 31 46
250 35 41
99 12 27
96 22 29
7 6 11
1 1 3
96 22 38
106 20 38
6 2 3
88 12 15
27 10 27
1 19 44
96 18 46
71 17 28
11 4 26
135 20 46
144 24 41
1 1 7
139 15 40
8 2 23
35 6 8
72 10 41
20 14 31
194 28 37
134 19 20
189 22 49
9 10 13
176 31 46
75 9 34
5 5 30
63 13 19
7 3 13
21 20 36
1 1 5
202 34 37
63 9 12
2 3 4
319 42 50
150 20 26
5 3 27
146 24 31
23 43 48
43 11 18
166 27 39
161 31 49
43 10 13
24 38 48
193 25 40
2 2 20
19 3 25
35 9 13
5 5 43
376 45 46
64 20 47
45 6 23
31 9 17
192 35 43
129 19 48
6 3 16
79 9 10
16 10 45
5 5 23
56 20 48
155 22 23
141 21 38
45 11 15
32 10 13
3 2 13
4 6 35
31 10 36
31 8 15
1 22 36
197 23 33
13 3 35
50 7 42
30 4 19
101 31 33
8 6 21
21 25 46
7 3 35
61 18 40
2 2 5
1 1 2
47 6 11
39 7 27
97 12 47
97 30 31
1 1 20
16 7 21
41 14 23
4 4 27
5 5 19
115 13 31
22 17 33
69 10 26
46 9 21
87 10 35
70 28 44
112 14 20
6 6 13
1 2 4
158 21 44
4 5 16
31 25 43
64 12 46
37 5 43
168 27 46
1 1 16
99 15 45
38 14 34
127 22 27
146 31 34
387 40 41
21 4 32
71 22 26
59 15 48
29 5 21
4 2 27
18 4 16
21 4 41
50 7 11
237 29 44
38 5 34
314 40 50
17 9 14
143 32 47
129 14 24
24 13 26
20 3 4
166 22 30
158 19 43
1 1 10
7 2 3
15 4 19
100 16 28
37 11 14
39 18 27
154 25 46
4 4 17
1 1 2
242 31 33
12 21 30
141 15 47
118 14 30
1 1 2
3 4 14
20 17 31
28 8 33
35 5 7
20 3 7
59 12 22
5 2 17
22 26 31
8 5 6
7 15 34
1 1 2
45 18 40
10 4 48
66 29 44
28 7 8
42 13 29
196 32 44
69 9 11
1 1 20
61 9 17
20 3 33
37 11 39
23 4 5
57 12 15
1 1 34
14 7 9
1 1 37
9 2 7
1 6 14
213 27 33
69 8 16
57 46 48
28 17 20
1 1 27
252 28 31
1 2 8
135 30 38
12 4 15
4 8 33
92 12 14
132 18 46
129 20 37
1 1 34
7 2 40
41 6 46
159 20 29
41 9 28
56 11 13
39 14 46
3 2 5
53 9 16
29 8 12
5 2 3
2 2 3
11 2 4
247 28 41
341 36 49
5 3 10
256 30 40
7 20 21
7 14 44
37 16 21
35 18 36
152 17 27
75 31 44
159 20 42
146 18 21
1 2 4
26 5 28
10 4 6
1 1 6
80 24 47
9 2 3
68 10 20
21 3 7
42 9 19
96 11 17
113 18 34
75 9 12
1 1 2
175 25 50
49 27 31
2 3 6
10 14 17
20 3 15
65 13 34
1 1 3
43 11 41
29 5 26
103 14 50
19 21 26
15 13 14
128 20 22
150 20 40
33 5 12
133 24 29
124 14 35
62 12 23
111 18 24
6 2 9
37 7 23
18 4 47
34 26 41
182 45 46
21 3 30
23 8 12
1 1 9
7 2 10
205 25 33
1 1 2
143 28 48
7 6 49
1 1 4
13 16 22
84 14 21
23 7 31
53 29 32
18 3 7
200 26 31
15 8 46
1 1 24
31 28 38
61 13 14
91 14 20
1 1 8
25 4 49
205 22 36
70 15 38
42 14 41
25 15 50
10 2 33
3 37 39
85 11 24
260 27 28
16 3 7
30 4 9
282 36 48
5 2 13
45 7 28
61 19 42
23 5 10
1 1 11
35 12 23
23 5 6
12 3 8
41 6 30
93 14 34
2 3 16
6 2 4
1 9 38
45 11 45
1 8 15
13 17 35
96 11 13
8 4 7
8 2 20
9 2 12
200 34 41
25 7 36
18 6 33
68 30 47
21 5 6
16 6 9
40 6 18
37 5 43
32 16 22
42 27 46
42 13 41
5 10 12
244 28 29
52 18 24
122 43 50
239 28 48
13 4 10
1 1 2
166 32 39
80 18 42
245 37 38
1 1 2
15 5 40
8 2 6
27 8 38
133 19 43
8 3 30
62 8 34
16 12 14
28 4 42
78 18 20
42 6 22
45 14 33
14 3 45
1 4 7
54 16 39
23 12 14
5 3 43
116 20 22
52 10 41
1 2 37
14 5 32
140 15 21
22 4 5
10 2 50
28 5 29
19 4 36
47 10 27
6 2 24
100 30 35
6 3 47
11 2 3
1 1 24
27 8 32
9 9 13
172 20 26
28 9 16
1 1 7
117 13 16
18 21 32
293 44 47
20 3 6
165 22 46
1 1 47
24 4 15
1 1 9
26 33 39
21 6 8
52 33 48
14 28 34
21 5 50
31 17 22
1 1 2
193 25 45
22 13 29
92 42 49
126 20 37
32 13 18
4 2 4
20 3 4
131 16 35
15 7 12
31 4 7
23 22 34
9 8 9
88 13 44
36 6 23
141 18 20
10 16 25
21 3 23
5 9 10
71 9 11
35 5 20
1 1 30
39 9 10
2 4 26
11 2 32
129 25 44
1 1 4
19 14 28
178 30 35
97 14 38
51 18 28
11 2 4
1 1 19
36 5 8
87 11 13
71 13 15
1 1 5
10 27 34
49 12 14
139 23 43
37 8 45
92 11 14
109 12 41
13 5 39
24 6 26
22 4 24
1 1 4
90 13 28
13 11 27
34 15 34
39 5 13
13 12 26
6 2 4
25 17 40
179 24 39
135 27 43
5 3 17
193 30 35
8 4 7
160 30 36
281 45 46
114 15 28
115 22 28
67 9 23
29 7 9
183 25 28
90 12 20
121 20 22
114 18 19
80 9 16
60 33 34
2 5 10
1 36 48
30 17 41
24 6 7
17 5 22
11 2 7
27 8 23
19 16 26
12 6 17
150 37 41
91 10 28
75 9 10
128 21 22
7 2 4
143 21 31
165 18 29
4 6 41
1 1 4
103 33 42
1 1 3
14 4 18
1 1 2
101 15 28
14 32 41
1 2 5
1 1 4
59 10 12
40 13 17
46 32 40
10 2 4
20 5 6
11 2 4
8 9 28
103 19 48
155 21 25
91 29 40
77 21 46
26 10 16
102 19 22
1 1 8
104 15 28
28 4 8
81 25 48
77 11 30
57 11 22
119 14 26
22 4 10
1 11 20
133 27 37
1 2 35
108 32 44
11 5 9
61 21 32
29 4 23
17 3 9
31 4 6
1 1 2
97 24 27
1 1 10
71 22 49
7 2 10
101 16 25
27 5 14
30 9 16
40 8 10
3 6 25
23 14 25
7 6 30
19 10 11
138 21 29
265 30 35
26 7 47
92 32 42
1 1 2
350 38 48
13 18 41
43 15 22
115 18 33
5 5 21
1 1 2
1 1 15
32 6 17
172 19 20
2 2 14
121 21 45
3 3 43
108 14 16
16 8 12
1 1 10
21 3 45
90 15 30
8 19 23
39 8 44
280 32 49
63 9 45
55 8 9
1 2 5
166 36 43
6 6 23
1 5 12
17 3 5
1 1 2
85 13 32
110 22 46
110 19 39
125 23 27
4 4 9
33 8 11
11 2 43
112 14 50
11 5 6
177 35 49
53 8 38
48 10 32
150 27 46
101 15 17
49 6 13
12 6 18
14 4 7
42 8 9
13 9 12
98 27 49
1 1 3
198 40 43
76 21 32
59 7 10
13 3 12
88 10 18
136 17 23
17 3 41
224 41 47
20 7 47
11 11 17
181 19 25
7 2 3
19 3 10
102 16 36
118 20 46
102 14 38
44 7 11
8 4 6
14 5 10
6 4 28
272 33 38
7 29 40
21 3 15
8 9 26
16 4 13
9 2 5
22 8 49
1 4 42
49 15 17
88 11 41
16 4 12
90 10 18
35 8 25
140 16 30
1 1 2
160 31 35
6 2 29
68 8 21
146 16 20
142 26 32
71 9 42
1 1 5
112 21 30
111 41 46
5 2 26
37 5 6
22 5 15
5 2 9
25 5 9
1 1 2
1 1 4
178 23 27
119 18 31
10 11 46
1 1 2
20 3 42
19 3 8
51 7 31
7 4 38
1 1 2
22 5 9
1 1 8
1 6 12
24 4 10
38 14 38
62 9 15
19 3 4
20 8 50
11 3 28
363 41 46
153 26 33
77 27 46
105 18 29
12 6 26
96 15 25
31 4 47
215 24 42
4 2 43
243 37 41
1 1 9
205 31 40
51 10 20
1 1 3
10 3 4
21 3 10
80 9 36
5 2 15
36 8 10
1 1 2
137 15 17
131 15 16
164 19 33
143 16 47
142 39 41
270 35 48
2 5 50
74 12 45
232 34 48
172 29 46
57 8 9
8 5 23
38 13 14
45 6 31
10 16 41
22 4 14
2 15 50
64 11 44
1 1 2
272 33 43
103 15 33
115 15 19
313 35 36
78 29 37
157 31 43
3 3 4
93 14 49
2 15 23
82 13 21
32 21 37
15 31 36
24 5 33
58 14 39
160 21 34
6 2 5
71 8 46
3 13 17
131 30 31
13 4 8
73 25 41
136 22 26
1 1 2
25 4 16
189 29 43
205 32 34
23 5 28
11 3 42
48 9 10
188 25 46
239 28 49
1 1 37
1 2 11
40 9 46
1 2 8
50 34 35
17 6 11
3 2 21
14 18 33
72 12 14
13 12 21
35 5 23
7 2 10
4 11 18
39 6 9
181 37 39
340 38 50
3 12 31
292 36 48
190 22 31
6 2 37
1 2 5
123 17 47
131 33 36
65 11 18
1 1 25
378 39 40
1 1 5
81 28 31
25 5 8
156 27 46
94 17 21
8 4 14
38 19 45
39 9 10
151 16 27
23 17 42
6 2 6
54 11 17
21 3 16
53 8 50
1 1 33
39 5 10
8 10 15
26 4 5
22 12 23
1 1 2
24 7 18
50 13 38
144 19 31
91 10 14
157 29 39
1 1 8
