70 200 100
3 1 9 9 7 3 3 7 3 2 5 3 1 1 8 9 5 1 3 6 8 1 8 7 6 1 5 5 2 8 10 5 10 2 3 8 8 4 4 6 5 10 5 7 1 7 2 2 7 2 5 9 6 2 10 10 7 5 2 5 2 6 10 8 3 1 6 2 9
279 45 51
10 4 12
21 3 4
147 27 28
139 25 34
11 7 24
74 11 47
242 29 36
144 41 58
84 16 32
185 24 69
97 15 22
47 18 68
3 28 36
4 4 10
127 19 47
113 15 34
543 56 59
25 20 23
18 8 63
20 14 62
29 18 56
6 2 23
1 1 25
80 16 39
43 27 47
4 6 29
124 14 69
238 53 65
4 35 64
36 5 6
454 49 62
1 1 26
130 41 43
22 6 35
124 49 69
212 33 67
29 16 24
3 14 25
1 1 5
264 28 51
197 24 54
148 37 66
27 23 69
49 6 49
200 26 51
19 6 21
27 17 32
1 3 21
302 34 45
39 9 62
107 14 35
74 11 61
77 11 20
60 20 45
5 9 17
289 33 45
29 4 26
6 2 61
64 12 22
11 2 7
114 13 43
48 6 24
175 43 60
19 3 4
24 8 24
43 47 53
29 16 25
12 3 18
43 12 63
60 8 16
108 13 24
3 2 38
87 10 45
67 11 37
279 60 61
230 27 34
30 4 26
12 3 4
1 1 3
10 3 4
82 17 35
45 40 48
84 41 61
18 5 23
419 45 68
54 17 47
348 40 65
1 1 18
83 10 20
11 11 53
13 25 49
424 58 66
32 25 54
47 12 17
220 37 44
10 21 50
77 47 67
73 57 59
160 39 52
286 54 63
75 12 19
99 12 25
344 64 69
79 10 12
37 5 11
65 10 42
1 1 7
1 1 17
84 20 21
256 36 66
43 23 70
96 11 22
59 7 9
84 13 26
35 5 11
223 34 66
13 5 17
24 4 9
56 37 38
57 22 53
58 9 37
49 13 31
34 8 22
55 8 22
158 40 46
33 7 10
149 29 38
145 44 51
49 19 48
527 57 63
42 33 66
40 31 47
85 38 43
3 3 9
36 6 25
268 65 70
97 57 67
123 16 50
1 1 36
3 4 35
76 46 51
298 37 58
63 10 32
50 10 18
139 23 41
75 20 39
2 2 21
305 39 40
207 26 48
102 15 25
16 4 60
32 57 60
305 41 44
43 12 18
47 15 68
31 4 20
6 2 3
72 29 45
2 2 11
112 13 37
128 26 64
250 32 44
184 24 60
3 2 7
56 33 44
1 1 16
44 18 45
10 2 4
75 12 21
52 9 59
79 24 48
31 11 23
30 17 57
169 20 43
28 7 8
213 27 48
28 16 26
7 10 13
108 16 47
3 2 4
8 2 25
51 9 34
17 12 14
74 36 57
1 1 6
3 2 11
1 1 2
3 3 6
55 8 47
521 54 62
74 10 47
1 1 3
185 39 50
59 15 36
1 1 24
33 6 49
5 2 28
17 3 5
340 50 53
