10 21
-5 -75 -48 -31 -81 64 25 -46 -12 -58 -31 75 3 -18 -74 -27 14 -12 57 52
-35 61 -80 -57 -38 28 75 -78 90 13 -31 -93 -50 0 -12 -72 -68 98 35 -4
-95 78 25 -40 41 -27 -58 -14 -56 16 -39 -57 -91 17 -31 22 -21 -58 -96 -10
-75 -97 -62 94 -77 17 3 -86 -58 44 29 87 -78 -38 57 -96 61 95 -98 -12
-14 41 47 -34 21 -78 -75 52 40 -91 -26 -78 6 30 -75 -62 -11 -75 12 -26
66 54 48 4 -10 -79 -24 29 -58 -85 -74 -37 -61 41 95 -9 -83 36 -34 -97
-28 39 -94 11 64 21 -57 70 -25 36 56 97 -79 -2 -91 12 -88 -53 17 96
-33 20 16 89 -41 -35 -90 27 -82 -63 51 -62 54 -92 53 -13 32 -80 80 -89
62 31 8 13 29 59 8 67 -55 99 -54 -94 19 9 49 -70 -48 -77 -71 22
46 -85 -85 7 20 -44 95 24 47 -15 -95 73 -17 -46 -34 -8 16 -63 -80 17
