50 101
86 -11 39 -10 29 12 95 -58 -85 72 -49 75 -93 -13 95 39 65 40 14 -82 3 44 11 3 1 82 73 16 -29 -68 -90 2 -73 -9 -59 -71 48 2 41 -76 95 -97 -71 -98 -38 -14 -86 -23 23 10 -23 -47 -39 -65 -5 -43 32 28 7 20 -43 -82 11 -23 93 30 88 -29 -24 90 67 58 -16 37 1 77 -79 -87 -21 -12 -39 -19 38 -52 55 -53 16 30 -55 22 -8 -68 -14 5 58 -89 15 31 -24 -26
-27 59 -39 57 20 35 42 -62 -58 -78 -61 99 99 23 22 -5 9 84 -38 42 -86 -82 -24 73 -74 -83 -48 91 0 -90 55 -40 30 31 13 -53 18 -54 -25 85 -92 9 51 -45 -67 -5 -97 -51 -22 90 25 -72 95 62 -40 26 -23 20 1 20 33 -29 -72 -82 -37 71 17 73 -30 -88 -20 -13 31 11 -31 17 39 -50 13 32 -57 47 -99 -60 19 89 0 41 64 -78 -89 15 -19 -90 -49 3 19 -17 70 94
49 -36 88 -23 53 5 -45 -40 70 -72 32 30 -85 -20 -12 45 -4 -73 3 36 43 68 -6 10 -16 16 32 -66 71 -89 -28 -15 4 24 -17 52 41 -92 71 75 -43 -39 -3 96 -70 56 -13 -74 -84 -8 -68 -10 96 -51 -33 -46 64 -36 33 -4 23 -58 27 37 -39 -97 5 79 -8 79 -15 70 -90 73 95 -52 57 -20 -96 -19 44 -7 0 -48 -67 91 -55 11 -81 24 -29 40 4 -99 39 55 27 -94 -57 -14
31 -84 -35 66 17 76 70 70 -12 -2 46 -76 25 -71 75 34 -6 65 51 -38 -75 53 13 84 -28 -44 -81 -39 86 27 42 -31 11 60 85 2 43 -25 15 -88 46 98 24 -16 83 87 78 15 45 79 9 3 -62 -99 80 -91 -86 14 79 -7 -1 -51 -1 89 -87 -10 19 32 32 -36 -20 89 -18 7 -49 -93 17 48 -17 -62 -19 -14 -54 -55 91 8 48 64 45 -76 35 -96 6 48 -36 73 46 26 47 -75
-93 28 -36 -19 -25 -5 46 -46 8 82 16 -87 26 74 -8 16 -6 4 -57 62 7 73 6 -38 -74 -11 -59 -86 48 -68 51 66 67 -57 -78 -65 31 69 29 -99 13 -49 58 -85 -68 78 81 59 -63 -89 -53 -19 72 -9 -88 -49 -45 -70 -13 70 83 -93 -84 56 -8 76 -38 63 -15 -20 -78 39 -34 -94 42 -14 -24 -33 -50 -68 87 -59 -6 68 -63 -52 -20 -28 67 -84 11 64 45 -4 -70 -89 36 -16 -56 43
-100 18 53 -22 -19 89 -47 32 -32 -43 -61 -91 90 95 -29 -68 -68 -44 -63 40 15 85 -23 86 -44 81 -15 63 35 14 82 -83 68 14 51 39 -50 -67 32 25 42 -100 -10 79 70 -32 -82 -51 9 -36 15 86 -72 66 99 -10 -34 86 -25 -40 -99 -94 -58 94 8 -61 48 63 -58 -38 -29 2 64 90 49 -51 27 -59 28 62 -46 66 -52 -43 -83 -23 47 98 -47 -24 -2 64 26 -13 45 -50 66 -94 82 3
6 -11 -84 68 23 62 67 39 43 -9 48 -23 -23 92 -27 15 68 29 -56 -5 -78 -44 -46 55 78 -23 63 23 20 -33 90 -70 -33 -80 65 -9 42 -7 -6 85 74 81 77 -33 -82 18 31 -62 46 -80 -35 -66 8 72 -53 27 4 -13 23 21 72 -84 -85 29 29 -50 71 6 -33 97 -13 41 -42 -32 -31 71 46 -44 -34 -80 95 41 -61 31 73 10 85 90 30 -82 -96 14 55 88 -98 2 -26 -35 39 12
-24 31 4 73 7 -3 -72 93 55 -40 -76 71 34 75 -54 70 -92 97 78 -31 58 61 38 39 27 -44 -99 67 -36 -59 -74 -23 -28 94 7 -34 16 -95 -86 3 69 27 -44 14 65 -8 -78 99 30 -99 38 6 70 98 -89 99 78 -65 61 -45 -64 -53 -57 -69 -11 22 -40 -82 53 20 40 -64 42 90 15 90 -37 56 54 34 87 30 83 -42 -74 -98 -39 -38 -76 -17 38 -85 6 -62 -43 -28 -14 -5 32 -56
68 60 -31 -6 -48 27 -43 -43 86 19 -16 53 54 -68 -69 -3 -37 -64 -19 -38 -92 -5 -10 -89 71 -34 83 62 54 32 -7 75 88 -67 -79 42 10 55 -60 -16 -34 -74 6 3 33 99 -95 -88 -2 54 -86 -2 3 9 -22 23 1 -33 93 31 8 -8 18 -44 17 -61 67 -86 50 -70 29 60 -84 -89 66 -6 55 59 -68 -94 -77 -99 60 -64 11 2 -35 46 49 -27 11 -30 -5 -24 84 49 38 -33 -68 7
-63 -48 -13 -12 26 -2 -34 4 80 -17 -61 -2 -88 -88 69 6 -42 93 18 90 44 -97 -88 42 86 -75 -28 31 12 98 -7 84 -35 -42 85 87 -37 -95 -41 74 -5 84 60 25 13 -87 -54 5 -97 -59 -91 -17 -8 -32 -71 70 84 21 65 -5 80 4 81 76 55 -71 94 -10 -26 36 -50 -86 15 12 28 35 -43 -80 47 94 -70 -55 -89 65 79 71 43 -54 -82 86 -50 50 57 -54 -20 76 -46 -16 88 47
84 90 -98 96 84 60 -17 97 -52 -59 85 2 -47 47 -1 -5 68 3 90 25 46 -17 17 -80 40 -24 27 -54 41 -17 47 -75 95 52 25 60 73 -37 66 91 72 -27 -79 21 -88 -74 54 -54 -99 47 -39 -69 53 15 58 -56 1 -62 -87 -90 -79 -71 51 3 -13 3 -14 -89 -18 93 20 -85 91 4 -27 10 -24 4 59 8 98 -22 -2 -48 53 -72 69 77 -6 65 80 -38 26 -38 84 -20 -81 -90 -96 20
-60 65 -5 82 46 14 11 -6 -56 44 99 -17 -43 58 -3 39 88 -95 51 92 -53 -18 -74 58 19 -34 34 66 29 33 -49 23 1 -65 -60 -79 55 -28 -43 -37 41 -51 -37 -6 -47 43 6 13 -72 -28 5 -27 69 -97 -1 -79 -11 -37 92 -9 31 -78 -47 21 -49 -2 10 -23 -83 39 89 73 -80 -39 -56 75 -60 -23 -73 -41 72 -4 -64 -75 46 34 3 39 54 -82 -49 -2 18 18 -11 -18 -99 -10 -39 9
-94 -36 35 45 63 65 37 -21 -48 -2 -84 25 -55 83 53 -37 41 -29 -7 67 -40 -66 8 46 62 52 -11 -61 93 89 -46 -6 -25 91 -22 -34 -19 -14 -60 -29 -3 -68 -20 29 -97 -20 -31 -78 98 -99 -22 25 80 57 -36 10 13 46 -61 -9 93 -87 -48 -79 -44 -50 53 89 11 -11 55 36 65 96 -19 52 27 75 97 52 -63 1 -79 98 17 72 21 80 96 -87 76 -97 0 -82 -79 -1 -41 65 -52 31
-81 79 86 70 -78 97 33 40 -71 -3 55 15 -43 40 -64 37 1 -95 85 -37 -81 55 91 -97 38 5 31 50 -30 -52 -94 -23 -100 4 42 88 -87 35 -96 8 -53 15 66 94 33 -25 92 -41 91 24 -34 81 65 -33 -70 88 -40 -87 54 -88 57 -95 -78 77 -23 50 33 21 -40 99 15 32 -51 39 -48 -16 -78 -42 10 -54 -27 36 -24 -30 95 33 -13 19 47 22 -33 39 -38 29 -57 44 -1 46 73 -88
-35 -33 39 57 -71 20 -58 -4 55 -74 66 46 -39 89 -68 84 -49 -71 -85 -77 -93 -47 -53 -100 -92 5 71 -39 45 -41 80 -78 7 12 -97 94 11 -52 65 59 -55 11 -14 72 -1 71 -49 -8 -51 19 17 91 79 -32 -22 -20 -5 -89 -41 73 23 99 73 -71 -58 93 -12 16 46 55 -45 -87 -20 -66 51 5 57 13 55 -23 -13 -40 49 84 28 -33 43 -19 1 11 16 -7 67 -84 -24 -76 7 -38 -74 -35
13 14 50 -81 28 7 96 -13 -66 84 -30 39 -62 99 21 -77 -54 95 -67 17 -17 -37 2 97 -60 0 16 14 14 62 3 -52 20 -63 -12 50 34 -68 -92 -69 57 -6 -76 95 55 74 -5 98 -43 -67 37 22 75 15 31 -70 34 81 -78 24 -44 -74 -40 36 -97 -22 13 96 21 2 26 -88 82 -5 47 -25 -30 13 89 -35 -90 -93 -50 -58 90 6 -32 0 -33 31 -73 92 1 -24 -11 -32 25 -68 -30 63
93 -99 -56 -29 92 79 -26 26 90 -65 70 -57 -18 80 70 -59 -81 -37 35 -18 -12 63 -32 72 98 -72 -65 -54 80 32 -90 -30 28 -96 -91 -84 -1 -21 43 -90 2 -51 -38 -80 79 -42 -1 -3 -69 -92 4 -85 -29 -70 82 -64 -27 -15 97 40 85 -44 84 55 84 74 -80 -80 -59 -33 95 5 72 55 39 46 36 87 -62 -95 -28 49 1 6 21 -76 12 -32 -70 44 28 -16 -9 18 -53 -29 -3 68 -71 -78
88 57 72 5 42 -56 31 -60 16 53 96 76 -32 -11 -94 26 69 80 4 -30 50 89 -68 -20 73 -25 -41 -16 -17 -68 44 25 34 3 22 -80 34 -3 -82 84 -92 83 84 -66 -78 -83 -49 -88 76 -28 6 59 -5 -1 67 91 -64 25 -19 -21 -68 -98 -78 -100 4 -98 95 73 -52 86 -65 28 -70 44 -87 -79 -84 18 -78 -35 28 -84 70 68 3 -60 -56 51 -88 6 78 54 16 7 -24 -19 49 -13 -56 -94
60 -26 -29 -15 31 45 0 94 -92 62 -44 56 -57 -32 -51 -55 90 -30 -71 56 61 -4 -83 -76 84 63 -30 71 51 36 -76 -25 27 -86 -35 35 84 35 -35 -74 -62 14 -53 17 65 -76 -98 -45 51 38 39 -31 -26 -85 -30 -80 61 80 24 -65 -83 -35 97 -49 82 50 -86 -76 92 4 31 -96 -80 27 -62 48 66 -78 90 76 59 -18 -56 -81 -33 -78 -89 -13 -47 58 9 -94 -16 32 23 22 36 17 63 64
-14 -20 23 -68 49 47 -72 -85 47 39 -23 4 65 -67 -32 99 84 18 18 88 42 -15 -51 81 17 34 -32 91 82 -62 -87 -70 26 37 -29 -70 -4 8 68 -53 -64 93 -70 -51 -3 -90 89 -32 -100 43 -30 -1 91 42 21 -75 8 -88 -98 -24 -15 31 17 66 -1 84 -95 33 -88 36 63 41 90 44 19 39 -36 25 -65 54 -85 81 52 -87 -62 1 -42 67 -22 -57 96 12 93 0 -17 79 20 73 62 -8
25 48 -31 60 95 -8 18 -85 50 80 -9 -55 -41 52 -50 38 -100 24 43 -99 -23 -52 -75 49 -71 45 69 44 -67 -2 79 -28 41 -49 -2 30 -37 -23 3 -65 -81 -33 -8 99 -10 -80 -47 0 -27 63 -88 -13 80 88 68 52 -3 51 -11 -100 -91 92 -1 -44 -54 42 -88 -54 -65 -21 -46 -28 13 68 -71 38 92 89 -44 37 30 60 -43 53 -5 64 -96 -98 -23 -3 -91 50 48 28 64 -59 1 10 29 -35
81 -80 -46 15 -50 57 43 -50 81 2 53 4 24 -50 -80 -11 53 -82 -80 -5 -72 -48 47 -32 -21 -79 -76 -60 -53 -66 18 13 98 63 -12 -31 -70 99 30 88 98 -55 -56 -26 -16 57 97 52 17 32 -99 46 87 75 77 -13 56 -74 29 -18 4 84 -97 -21 -88 10 -54 54 -72 48 39 -29 13 43 -68 31 18 95 -60 66 75 -71 -60 80 68 16 -77 -89 -35 39 32 -88 68 -81 60 -80 76 -96 20 5
97 49 73 -17 25 62 -79 80 -87 -29 49 20 47 73 29 43 65 -83 -36 6 -83 97 -9 -10 -85 91 17 56 -27 31 -95 75 -29 -62 -15 -24 59 9 21 37 -68 -20 -18 67 -23 69 65 -8 49 8 31 6 53 -24 -34 91 -2 41 58 -25 12 13 -1 30 59 43 85 64 -30 -69 -57 36 17 10 46 -73 -60 61 49 -96 -30 12 10 -91 41 -6 20 -94 48 1 18 29 31 18 4 -48 50 -20 -66 30
-58 -84 2 25 -10 -63 -95 86 38 -64 84 69 -45 -60 38 -20 79 -90 20 -57 75 -7 85 -63 96 -50 -75 41 11 57 -55 -80 83 93 -84 -29 -51 30 -27 -5 1 -82 -25 92 -91 97 -94 -51 91 -78 34 -77 -34 33 2 -18 -98 56 70 10 -14 73 -13 48 34 31 6 52 71 -52 18 69 -13 -24 32 95 -83 76 58 11 -71 69 -64 -14 88 -78 63 14 -29 -76 49 89 -2 -84 -20 -9 -39 -61 -4 66
10 -61 -37 93 -16 17 67 -83 40 -39 -8 28 -25 33 2 85 84 56 -84 47 54 81 -24 23 49 -32 98 -6 -40 69 13 23 99 43 81 13 4 88 -3 -91 -82 -73 58 -74 -62 -67 -90 -11 76 20 -38 63 -70 -5 69 72 -84 97 -32 -34 53 -89 -12 -48 -49 92 0 -57 92 -21 40 -59 -30 41 58 98 56 -69 -58 83 65 -10 -44 9 5 76 48 14 -42 65 71 83 -7 -3 55 94 53 -94 -98 -37
-81 19 -83 -3 -8 58 51 1 93 30 -16 -31 -72 -68 6 -5 -86 74 -63 -60 -91 -76 -62 -15 57 -100 -51 -92 -27 97 -80 -83 -18 78 54 -24 -42 26 -54 -40 -57 71 -77 61 23 4 -30 -100 -80 78 61 58 84 16 -43 -20 55 32 12 68 -43 68 -59 15 10 -34 -21 95 20 81 -95 -36 29 -62 51 -7 -17 -47 64 -33 -86 -81 50 91 -27 -26 -34 39 -79 47 -14 65 -72 11 6 34 -43 35 -77 83
-90 53 -55 68 98 -45 63 12 -78 -82 54 4 16 -30 38 78 46 -79 60 -1 -80 39 16 2 88 -89 -93 -85 8 -23 20 -11 -65 60 -66 -7 31 87 56 -20 30 27 60 -13 -26 -58 60 -26 -48 72 -18 -35 44 -57 53 2 -83 -59 -8 -34 -28 24 -92 -26 -16 -88 -4 -76 32 -62 -69 -23 -24 0 -46 55 -38 89 56 49 -84 -70 -68 -95 12 -66 49 1 -27 66 -41 59 91 -51 -73 -84 -80 -92 -96 -87
35 -45 -8 98 -93 -52 -36 -85 -15 3 66 89 -58 93 -37 55 73 29 -42 -48 92 43 62 33 32 67 -78 10 -12 39 88 79 -96 23 -55 51 48 -29 68 36 73 18 38 -6 13 45 -22 -87 3 84 -60 21 -12 16 -93 93 90 30 39 -36 8 -13 30 3 28 71 -98 -37 -97 -39 -1 57 88 10 18 -17 88 -37 -64 47 -93 -3 -44 -8 54 -76 51 7 -10 35 -73 2 -21 -76 64 -65 -74 64 -25 -25
53 -1 42 -20 -82 -7 -40 -11 -93 -86 49 87 17 -95 -29 66 -41 93 8 -88 84 18 -59 67 80 -89 -22 -10 45 13 80 44 -42 -41 36 -27 77 -75 -84 58 -15 57 -20 -68 94 -13 -47 55 54 41 43 -92 -49 53 -64 13 66 -97 13 -54 -41 -35 -62 -57 -45 -96 -28 -29 -89 -100 46 -45 18 40 48 -57 27 63 73 -9 -37 77 -26 63 2 -42 72 13 71 -57 63 50 -29 11 70 59 60 88 -4 72
-7 -44 9 -39 78 2 23 -52 33 -8 -95 -80 -7 -99 -28 8 71 91 11 -46 6 -34 75 12 -87 80 3 -3 -33 -45 6 -58 -78 72 -29 69 17 -27 -71 43 57 74 27 -97 -73 2 -38 -59 23 -50 -82 39 -39 -4 50 10 -57 -58 65 -24 48 -59 52 11 -72 -35 -2 -9 62 73 43 -13 -29 52 18 17 24 60 22 27 -48 -26 63 -14 5 -50 41 87 -51 11 -12 30 -47 72 -60 76 67 94 60 -47
23 -87 95 4 -22 -94 64 -44 25 -52 -17 -7 -21 -59 18 30 -15 33 -45 -51 -54 -63 -92 11 11 -37 26 99 23 60 32 98 83 -5 67 -14 8 58 -51 27 -53 -73 28 -65 51 -28 56 -79 -77 -57 -48 -29 78 13 -37 -15 27 23 20 7 -88 3 89 82 7 -89 -3 90 -84 -28 65 -44 86 48 94 -86 -54 -73 -43 -76 24 67 44 -7 16 -27 94 34 87 49 -12 94 72 3 -90 80 -65 -56 -26 -63
90 -48 4 80 14 -44 73 -45 71 9 2 20 66 83 97 -81 -40 -10 46 55 -47 28 -56 18 75 82 80 -20 -11 68 -60 15 43 -59 -39 -43 -16 84 6 50 57 -43 -25 -94 11 -39 31 -81 38 79 -34 -39 66 -58 60 5 -84 2 84 -13 64 -54 91 78 17 -75 -63 -44 -74 56 91 -43 -34 56 -37 -5 -7 -40 18 30 -94 95 5 82 -55 -43 58 43 22 67 -90 21 38 -67 76 -56 -19 -71 -66 65
48 87 78 -2 89 -72 -43 14 -72 29 83 -45 -51 -67 -83 -39 -13 36 15 90 47 -81 52 -83 -35 76 -3 99 36 18 -43 86 35 -17 68 61 -58 -63 51 7 -90 9 -95 59 78 -69 59 -41 67 -71 -41 65 71 -58 -96 28 76 -91 8 93 6 -100 14 36 52 -61 -82 2 72 -12 42 -66 10 33 14 -23 -66 66 -9 51 -62 -23 73 57 6 62 -36 20 -18 59 -81 -59 46 -78 -82 -50 -59 -56 37 39
52 -76 29 68 76 -79 -3 6 85 -46 76 29 32 -87 93 -82 -11 -57 35 76 72 44 -10 -76 39 72 83 75 23 -27 -14 -41 86 -67 16 2 -63 -14 91 -88 28 54 81 99 58 59 -93 66 -13 -8 21 95 -88 72 -65 -9 -5 -21 -73 77 97 -5 82 -88 2 -60 -92 40 -2 32 -14 -75 -11 66 -25 85 4 -71 -43 84 -7 -45 -71 90 46 41 -77 -46 54 -89 71 37 39 -31 -9 15 60 12 -84 5
43 -48 28 -61 -81 -72 -69 23 -64 26 38 -77 31 -81 71 -10 -2 -60 -26 91 82 -21 -61 49 3 44 -63 -50 -54 -44 -48 33 33 -69 12 -84 99 21 -75 -31 -2 45 98 98 -50 -88 61 42 69 49 -39 -53 74 -66 -41 26 24 -40 93 -34 -26 -79 31 -21 -90 44 -10 83 -60 -35 -65 -9 12 71 39 89 29 -98 16 5 -63 -62 12 -70 -46 -35 -39 96 11 47 -13 75 88 -5 73 11 -10 56 66 -67
-22 22 -56 -25 77 -19 -87 -58 -24 -1 -45 -43 60 69 -93 -83 -27 -95 -21 0 -45 28 -100 57 57 9 98 12 -29 25 -5 23 79 95 -64 20 -27 41 -71 70 -76 52 4 89 73 -8 79 47 -90 26 49 97 -77 12 66 57 82 -69 32 -17 -74 96 -13 -23 36 -75 -99 44 -45 -93 48 51 38 52 -13 -91 -11 -49 14 -71 73 42 12 -38 60 -96 72 -15 -11 72 -97 39 -92 -93 -94 85 -30 95 28 -22
-42 28 -18 26 -91 -71 35 40 1 78 51 33 98 -95 -91 -16 -11 -5 58 -83 34 84 42 11 -52 -13 67 -99 -67 31 -87 -30 -4 42 -1 -94 -45 -45 -20 22 78 -3 -16 98 -52 10 -12 -32 13 -30 -83 95 -100 -41 84 47 54 -46 39 46 -100 -4 -46 -17 -42 -22 -81 -35 24 -57 -41 -92 -33 21 58 -74 -84 -7 97 -64 -88 -98 97 -74 98 28 -34 8 14 -82 45 7 -20 95 -49 -4 13 55 -86 43
-8 44 11 69 -5 -43 -29 -12 22 -73 89 -77 -58 58 -4 -17 -32 -34 -71 72 -7 79 -40 -66 5 75 -92 3 9 84 -89 -54 -38 -47 77 -8 65 98 76 17 13 -70 19 -17 41 92 -33 5 77 -15 -84 -66 -68 -72 -88 46 -62 -79 32 14 71 65 -10 44 67 -97 3 76 61 30 -23 14 -33 -42 -55 -16 23 50 -84 95 23 41 -26 2 -45 46 84 26 69 61 -67 55 2 -9 -19 76 65 69 -63 40
42 32 -66 44 87 8 -70 7 -20 -30 -97 -75 28 28 54 1 -40 -96 -91 22 18 -37 24 -32 84 43 72 -57 -54 -33 -69 -84 46 69 56 40 -94 -81 39 -47 82 78 -62 -72 -55 -18 7 -28 24 66 76 49 -71 -66 -77 8 75 -7 0 -86 -75 52 -60 53 91 0 -90 -1 85 -32 -62 -63 -21 -7 -12 -94 54 79 -8 71 4 -15 -74 -14 80 -77 47 49 14 6 57 22 47 -79 21 -87 -29 -26 -89 -18
13 76 -100 89 -4 -77 -29 26 63 36 66 -30 -67 4 53 -21 71 -79 21 -22 17 35 89 68 -16 -88 -65 78 58 29 -69 -80 7 2 -2 -46 -61 68 -42 20 -91 -90 -8 55 23 -42 -97 40 35 -44 70 -99 77 25 93 16 37 -99 -54 41 -95 94 94 4 -88 -54 -90 94 91 18 -27 -13 -43 -100 37 31 64 -28 -22 45 30 -99 22 -65 67 -89 21 -2 -66 -92 22 15 39 -8 -24 97 -99 -50 -83 87
12 -47 -5 -12 -2 -56 -32 -85 25 62 31 -63 44 66 -91 16 -63 19 -24 -92 32 91 33 -76 -32 32 8 -79 75 96 -99 -75 -57 44 -46 55 56 -78 58 42 50 -67 69 -77 -8 3 -32 95 -86 65 16 10 -84 -50 -48 13 -23 16 72 69 64 -95 -51 17 0 54 -65 -19 -23 54 81 62 66 -16 -49 78 -82 -94 35 -63 -94 -43 -47 -69 0 -75 55 37 -69 36 -94 -3 26 -60 -48 -13 -21 -66 -27 -74
39 -100 -84 -60 -27 -99 -10 -60 -7 6 -47 -74 96 -8 -52 65 -76 -2 -77 70 69 76 98 27 45 6 2 75 -47 27 61 18 -52 -38 -56 -42 54 63 -48 -84 -83 -21 -35 58 -52 58 -81 -31 -42 90 38 -98 13 9 91 -53 -63 -54 -5 -64 74 68 -60 -52 37 81 49 -89 -33 -61 56 75 -82 -61 -80 -54 3 36 -63 -31 -2 63 -14 37 -40 -2 -19 10 43 45 31 40 -27 -20 -93 -28 67 40 18 -86
-52 88 -25 -47 -48 41 69 20 79 -7 23 -45 -28 -80 56 95 85 -100 -84 -65 33 29 12 75 -43 79 13 -86 28 -38 -57 -8 13 -41 34 -47 -96 80 64 -77 73 -10 -46 -18 31 4 40 12 -56 58 99 -93 -95 64 43 -57 12 69 59 -37 -62 -90 17 91 -46 95 11 -59 -16 93 -36 -83 -39 79 60 72 -41 0 34 39 67 -90 -15 -24 -14 -44 33 -38 2 48 1 72 43 90 -63 69 -56 -75 -62 51
-65 -42 28 75 -4 -99 23 12 -35 -68 36 -57 -33 -19 81 59 -71 -46 93 65 70 -98 -51 -38 16 46 -98 -98 -69 -27 -100 82 24 -9 -80 91 -92 88 78 -46 88 -35 -53 8 -70 90 -51 -64 -81 -56 -61 1 36 -92 -35 -82 -40 64 16 79 43 50 34 98 48 -49 -95 70 -91 62 14 17 -8 5 -27 31 23 -57 4 54 65 55 87 -65 -1 -66 63 -10 5 -30 86 8 -15 60 -68 29 -68 37 54 -65
85 37 -28 85 -27 -100 20 -74 92 -60 -88 -73 6 57 61 47 -64 40 12 -4 -90 -69 20 9 42 -3 38 70 -71 89 39 24 2 16 49 6 -46 35 -100 -77 -41 -31 -5 -67 -90 -40 -17 -67 -99 74 -66 -82 60 54 31 -80 75 -55 48 83 19 -14 -64 92 -95 -4 91 -3 84 -61 -73 -32 25 10 27 -84 71 13 -20 5 28 76 -98 -96 71 -12 35 94 -75 79 -86 -5 -87 50 23 -93 -85 -40 99 37
-58 81 -82 -80 68 -65 34 -14 -88 -92 -15 91 -73 77 -54 67 -15 -79 50 0 9 65 39 -3 46 41 -16 54 32 84 29 74 -64 69 -6 -43 48 -98 96 -83 -14 -22 -71 32 88 98 45 86 73 -18 -2 21 -77 59 79 -51 -15 -38 -98 -65 -66 -64 -13 18 -100 52 -23 -30 97 -34 -52 -49 -30 -7 -51 88 78 -49 -66 7 34 42 -96 59 43 -92 -56 -27 24 56 66 -35 -21 72 35 -51 96 -77 -6 -33
-69 67 -26 -6 74 -33 -14 -68 -57 38 99 39 -4 -88 96 -72 -80 -50 -3 60 -17 5 -32 -23 1 40 -15 -91 18 -90 76 71 40 38 14 19 32 -46 -18 54 5 -47 -18 -40 -87 -58 6 -41 85 13 54 63 13 -66 -99 17 -88 -22 4 -94 -18 -13 -46 -78 95 3 -39 62 -91 47 84 -40 68 78 -26 -91 -32 24 -32 0 47 16 -16 -96 -9 8 -35 -50 -97 15 13 -84 -62 64 65 74 -57 -23 -39 29
96 -17 41 -30 11 -12 24 -4 -25 -9 19 12 94 -32 -90 -31 -77 30 59 53 43 71 84 79 61 -5 -53 -3 10 63 13 86 -86 -65 4 21 -9 49 29 92 -29 16 99 73 89 -31 6 -91 -55 48 87 22 79 56 43 99 -46 -26 43 77 -100 58 -33 70 11 -79 -70 66 46 15 44 37 25 13 54 -22 76 10 -98 43 -83 -53 -44 -34 36 71 71 50 49 -66 99 15 -5 47 -70 81 -37 -4 -24 72
88 33 73 33 32 35 29 35 76 -28 78 -47 31 55 -24 11 18 8 98 -33 6 -50 -38 29 57 7 60 83 74 59 -95 23 -89 40 76 52 -82 79 74 70 89 28 70 88 4 -62 62 98 6 -52 11 53 -86 37 -16 51 22 5 -33 -90 -22 47 82 -83 -15 -37 -35 29 33 80 -57 23 92 39 65 -38 84 7 -72 -15 60 -36 49 77 88 -49 20 -71 8 -1 -83 58 34 -61 74 -30 59 -81 5 64
-43 -86 91 -51 41 -41 -95 -45 46 -92 95 43 -84 -80 2 -29 72 -11 27 28 -90 38 27 89 -67 -46 53 12 -41 19 15 25 -99 -3 79 21 70 33 83 -87 -9 -67 85 61 -8 69 17 37 40 -12 67 27 0 60 67 33 90 -48 -8 88 -10 -39 -35 -57 99 88 -32 -73 90 -7 -53 -53 -48 10 24 42 -20 57 -10 -61 -9 -74 -97 -79 -71 96 61 -18 50 33 69 61 -65 34 -19 17 17 84 -75 68
