20 41
-42 90 95 -51 -18 76 36 -49 75 -28 -82 38 31 59 69 20 -84 -55 24 1 -76 48 -72 -93 58 87 -35 -3 32 -27 28 -82 -37 -39 30 28 -51 -60 -26 62
18 26 89 -39 15 44 34 32 42 -48 -2 -31 -100 99 -21 -3 52 62 -24 -24 55 76 85 10 89 73 -73 -78 18 59 94 23 -85 -44 -55 39 -7 -93 -57 -76
-37 -92 -37 -66 78 34 52 -28 -42 38 -19 91 -27 97 -26 60 -11 -39 41 -16 -71 1 10 -20 61 -95 -23 -1 -19 12 -17 -96 91 -62 -80 -25 29 -13 -19 78
-23 97 -32 -52 -15 -87 53 -72 -69 39 19 -81 -15 -39 76 -22 65 -6 -32 24 64 47 -19 -19 49 44 60 -75 89 -84 -60 62 28 99 12 5 -43 -71 -82 74
-2 0 98 -14 56 -37 -13 -33 52 -76 -11 -52 -10 32 4 -31 81 -91 -35 -31 -38 11 44 -24 -58 82 81 -26 21 76 7 -36 89 14 -96 -2 -22 60 -20 1
62 -29 2 59 -27 -86 -39 84 42 91 7 46 -86 87 -50 -25 68 64 33 18 -26 17 0 65 -81 -69 56 -81 -49 -68 29 36 51 -8 61 98 93 -34 0 -55
5 29 -48 47 -19 -12 54 -83 70 38 16 -44 79 -61 14 49 19 76 -38 69 -57 87 53 -69 92 19 -91 59 96 -7 -89 -24 58 38 -49 19 -38 -13 93 -38
-72 -22 70 59 64 -41 11 -10 -67 54 22 -82 86 62 -92 49 -29 66 -18 -11 -7 -75 -75 2 -94 -87 -49 -42 22 -15 -55 -25 -64 34 -76 49 -77 -76 -9 -36
25 -51 26 91 77 21 -7 55 -8 -79 3 -11 61 21 -88 52 67 -75 85 15 91 -90 28 -77 -95 -64 -2 -96 -84 5 -6 54 71 -78 -46 -35 -20 -43 46 -82
-27 -47 -10 13 42 69 -17 -42 76 24 80 96 66 -81 -98 76 -37 -9 4 53 -32 -96 -98 -59 63 11 -23 73 24 91 -53 -90 49 -92 47 66 -56 -16 90 -45
85 40 53 57 10 -3 66 7 -50 84 -57 -19 70 51 38 -87 11 -65 57 96 4 72 -84 6 69 -89 -27 9 41 9 27 81 60 77 -89 -91 -51 -43 -39 -7
25 79 -92 23 79 3 -35 60 -61 88 -53 74 81 -22 -87 84 -2 64 54 -46 73 -84 26 -22 -19 -79 -49 16 76 40 -33 14 61 16 81 -30 -84 47 86 74
85 -55 -10 -5 -19 -88 40 -76 -81 48 69 68 44 5 -38 90 48 34 61 94 -48 -85 6 -48 47 -83 -64 62 -30 -5 46 52 -94 57 -81 4 -6 9 -62 13
27 -79 86 -31 25 -96 -52 65 73 -42 -79 13 99 81 -60 -7 87 -21 37 -4 93 -10 -71 93 73 53 59 -4 -21 31 -10 -64 36 -79 66 -70 -49 -31 -60 -47
84 -89 0 -3 9 62 -28 27 2 -23 39 -78 5 -98 60 99 72 43 -76 21 -41 -34 -81 -15 -28 62 57 76 26 83 -66 9 -73 -10 -41 21 -63 12 46 46
-73 66 87 40 91 -71 7 -25 5 11 20 82 -78 33 -11 -47 -20 -62 2 -14 -83 60 -34 90 62 -30 48 15 -96 -87 45 -56 -86 -22 17 6 0 -3 -25 31
-9 23 44 -64 21 77 5 -62 -80 -80 -69 92 -45 40 -87 55 -37 -95 -91 60 97 -25 -6 -79 -69 23 -44 -72 49 -39 12 -22 -38 20 81 89 -22 -28 -90 -62
-35 -43 -35 77 -59 91 93 -32 -78 -74 -27 -6 70 36 59 77 59 90 -79 -33 19 4 5 -70 68 23 10 6 77 22 -8 58 6 -24 -81 80 -62 10 64 95
47 43 65 4 -60 -38 -55 18 96 45 20 -62 -42 36 85 6 73 -69 98 -99 -30 -45 75 -97 50 85 94 92 77 -79 25 -94 59 -58 -4 32 -10 48 99 51
-42 -67 52 -92 -23 96 19 -74 -42 -79 5 -58 72 -70 -72 -17 18 -35 86 -43 -47 78 15 73 98 -9 -29 -28 72 15 -92 -13 73 -23 -95 -1 56 -48 17 15
