1000 100
71 26
34 59
82 30
23 19
1 66
88 85
12 94
57 8
10 3
68 44
5 5
33 1
37 41
69 82
98 76
24 1
26 12
83 81
16 73
26 32
18 74
43 54
52 62
71 41
22 19
65 10
68 65
8 53
40 56
40 53
24 70
72 66
16 58
34 22
10 72
19 33
28 96
13 88
34 68
98 45
29 44
31 61
79 78
33 78
60 6
74 66
44 11
56 59
54 83
17 48
63 52
83 7
100 51
54 37
10 89
5 72
79 23
42 52
65 55
93 44
52 57
64 45
85 11
68 90
54 31
62 38
29 48
40 75
35 56
90 64
47 73
77 66
87 35
75 50
39 16
18 51
38 33
25 58
61 85
13 77
36 71
53 87
46 69
28 52
44 10
34 13
39 39
69 75
42 38
97 13
34 90
83 35
8 83
74 93
38 61
74 62
22 95
40 73
7 26
94 85
