1000 100
58 3
99 79
96 97
64 24
28 10
29 55
43 95
35 41
2 67
30 28
86 14
56 11
27 86
9 50
85 63
13 69
65 39
46 62
51 10
31 49
99 22
56 88
97 60
11 7
65 9
63 34
67 8
6 80
80 17
84 71
85 55
49 17
71 9
95 32
72 26
58 18
23 21
48 86
14 47
89 55
100 61
85 94
53 16
27 54
58 84
50 100
68 11
70 87
81 57
66 85
88 45
43 18
57 61
31 89
77 39
3 29
10 7
26 77
62 4
87 47
97 67
32 62
17 29
100 66
26 47
66 28
9 95
24 66
19 13
90 72
74 21
98 60
92 87
36 27
28 66
58 36
29 93
38 56
32 12
99 31
2 55
88 6
58 36
7 97
24 61
93 88
77 71
86 68
69 49
84 23
95 64
83 52
51 40
96 19
22 87
98 81
61 41
13 71
99 32
68 72
