32350
32369
31647
32344
32151
30386
32223
32214
32161
32245
31874
32302
31925
32051
32007
32290
32209
31725
32389
32335
31966
32113
32417
32194
32419
32464
32149
32442
32274
31735
32383
32310
32387
32301
32485
32113
32383
32264
32105
32310
32240
32384
31798
32323
32212
32206
32341
32264
32264
31819
32194
32051
31893
32301
32417
32240
32149
30798
32326
32338
32250
32209
32411
32492
31412
32021
32442
31604
32175
32231
32396
32046
30874
32223
31872
32341
32301
32264
32276
31228
32113
32264
32143
32082
32218
31604
32323
32206
32442
32283
32360
32014
32375
32379
32300
32323
32442
32231
31966
31464
31910
32323
32403
32087
32106
32217
32133
32360
31795
32194
32023
31886
32007
32317
32123
31928
32442
32143
31617
32143
32113
32351
32122
31909
32422
32360
32341
31684
31909
32174
31910
32040
32191
32326
32387
32172
32442
31567
32211
31798
32339
32442
31567
32396
32007
32234
31893
31798
32371
32301
32379
32339
32149
32363
32417
32046
31725
31995
32221
31695
32046
32264
32403
32327
32407
32194
32367
32046
32020
32014
32301
32356
32417
31873
32163
32149
32151
31873
31843
31883
31919
32194
32393
32383
30384
31910
32302
32480
31919
32014
32112
32230
31843
32245
32234
32417
31521
31966
32245
32194
32417
32442
32443
32379
32528
32301
32209
32209
31521
32184
32245
32356
32395
32396
32056
32351
31798
32091
31829
32301
32281
32379
32206
32037
32379
31286
32383
32395
32007
32288
32383
32480
32345
32014
32206
30386
31997
32386
31798
32023
32145
32143
32345
32290
32007
32403
31883
31695
32040
32485
32408
32020
32393
32352
31103
30874
32339
32196
32335
32283
32113
32189
32264
32344
32283
32356
31850
31829
32300
32387
32341
32245
32283
32419
29966
31798
32379
32029
32113
32206
32288
32442
32351
32316
32204
32360
32143
32395
32316
31850
32316
32261
32365
32379
31633
32245
31928
31988
32234
32341
32354
32379
32396
32472
31228
32231
32379
32232
32245
32290
31968
32061
32442
32149
32151
32442
32237
32113
32327
32341
32194
32304
32130
31286
32149
32240
32323
31674
30386
32341
32030
32317
32323
32417
31666
32451
32345
32384
31801
32327
31850
32240
32341
32123
32411
32323
32194
32145
32061
32149
32305
32111
32017
31819
32194
31684
31893
32301
32196
32345
32379
32369
32480
32396
32338
32029
32422
32417
32363
32341
32341
32356
32197
32075
32386
32061
32395
31464
32383
32112
32014
32375
32371
32172
32002
32379
31957
31633
32009
32276
32341
32196
32194
30874
31919
32345
32007
32189
32339
32021
32212
32234
30384
32304
32017
32321
32300
32379
32091
31201
32301
32335
32245
31950
32209
32101
32191
32209
32243
32369
32379
32234
32221
32014
32200
31932
32091
31697
31604
32056
31627
32149
29966
32283
31875
32341
32407
32323
31893
31873
32323
32015
32356
32384
32387
32417
32321
32290
32356
32245
32360
32001
32290
31521
32143
32322
32301
32417
32245
31968
32442
32348
32305
32389
32356
31997
32046
32348
31893
32369
31957
31647
32191
32184
31950
32316
32112
32170
32276
32143
31893
32245
32480
32301
32396
32149
31862
32302
32123
32360
32090
32184
31950
32323
32029
32411
32296
32435
32017
32301
32301
32113
31666
32209
32371
32109
32302
32387
32316
32442
32075
32341
32375
32014
31567
32301
32197
32029
31875
31899
32323
32356
32138
31950
32007
32214
32341
32310
32017
32243
32365
32143
32323
32326
32209
32204
32209
32396
32209
32014
31995
32367
32386
32014
32014
32231
32113
32288
32021
32351
32301
32113
32528
31925
32020
31919
32592
32075
32389
32015
32371
32395
32323
32112
32379
32245
32362
32341
32442
32061
32355
32362
32417
32442
32341
32381
32442
32227
32122
32032
30816
32408
32301
31830
32081
31945
32194
32151
32419
32396
32379
31873
32017
32040
32323
32323
32341
32356
32341
32350
32002
32194
32379
32396
32194
31872
32243
32067
32149
32245
32422
32261
32321
32017
32245
32133
32138
32383
32267
32316
32007
32369
31886
31919
31647
32264
32111
32043
32082
32173
32348
32020
32339
32464
32143
32345
32343
32352
31201
32231
32101
32288
32356
32401
32243
32379
32408
32245
32143
32335
32023
31887
32148
32040
32017
32276
32245
32043
32395
32136
32234
32386
32379
32184
32234
32442
31988
32341
31966
32425
32326
32301
32387
31697
31873
32015
32189
32322
32189
32020
32371
32143
32231
32418
32020
32221
31886
32240
32323
32301
32443
32590
32231
32323
31939
31464
31910
32517
32341
32091
32014
32417
32417
31875
31871
31228
31695
32234
32113
31951
32191
31286
32311
32387
32283
32175
32492
32149
32339
31957
32264
32326
32328
31725
32408
32531
32316
32082
32338
32112
32037
32603
30384
32153
32240
32348
32395
29966
32339
31537
32396
31697
31985
32395
32175
32341
32395
32113
32290
32384
32245
32323
31537
32209
32350
32323
32408
32395
31883
32401
32379
32130
32225
32396
32439
32405
32106
32276
32014
32341
32301
32240
32017
32011
32290
32221
32379
32192
32014
32431
31604
32014
32341
31893
32408
32379
32234
31286
31464
32210
32442
32184
32061
32310
31633
32417
32371
32112
31910
31735
32061
31899
32323
31968
32149
32341
31666
32204
32234
32345
31795
32341
32067
32408
32218
32021
32417
32396
31873
32241
32401
32067
31617
31966
32090
32017
31871
32379
32021
32029
31939
32014
32341
31886
32417
32389
32070
32408
32345
