32386
32027
32265
32283
32159
31878
31826
32159
32433
32420
31453
32171
32105
32283
32118
32295
32326
31074
32025
32386
31411
32331
32352
32229
32202
32266
32226
32339
31949
32365
32326
30649
32273
32096
31684
32386
32338
32226
31857
32273
32327
32408
31922
32386
31684
32000
31981
32179
31971
32383
32378
32116
32283
32274
32283
32134
32177
32171
32326
32171
32352
32223
32223
32326
32130
32338
31547
31972
32320
32337
32383
32383
32326
31738
32088
32420
32158
32420
32378
32408
31779
31903
32111
31621
31949
32009
31949
32383
32357
32386
32266
31756
32454
31621
32295
32015
32275
32188
32199
31912
32386
32357
31738
31621
32107
32204
32273
32320
32208
32378
32363
32400
32317
32378
32226
32317
31912
31706
32326
31633
31971
31621
32283
32225
31890
31892
32223
32303
30426
32363
32378
32190
32386
32327
31883
32304
31689
31826
32218
32378
31981
32433
32027
32283
32177
31921
32283
32343
32100
32226
32420
32159
32132
31822
31878
32229
32275
31698
31890
32134
32027
32357
32283
32134
32229
32283
32132
32027
32273
32134
32209
32260
31756
32179
31888
31677
32199
32338
32433
32096
31797
32378
32236
32193
32320
31458
32330
31890
32250
32400
32378
32283
31972
31689
32283
32357
31903
31628
32433
31962
32075
32386
32323
32140
32228
32378
32228
32152
31883
32339
32226
31857
32107
32092
31857
32304
32383
32283
32378
31998
32092
31768
31962
32347
32378
32326
32283
32339
32378
32134
32378
32229
32378
32378
31756
32324
32339
32420
31940
32190
32180
32408
32433
32383
32326
32223
32420
32067
31303
32283
31819
32208
32378
32132
32078
32378
32078
32096
32310
32378
32140
31983
31890
32088
32403
32326
31044
32118
32386
32089
32408
32126
32223
32407
32148
32270
32330
32218
32271
31878
31798
32383
32378
31585
32171
32117
32408
32193
31266
32304
31744
32333
31890
31746
32310
32025
32304
32320
31552
31949
32320
32084
32134
32229
31332
32326
32068
32197
31937
32021
32570
32075
32314
32171
30426
32193
30426
32127
32433
31826
32100
31940
32357
31798
30088
31746
32458
32283
32199
32171
32159
32426
32100
32448
31380
31934
31887
31372
32236
32339
32339
32027
32127
32190
30426
32096
32260
32190
31890
31620
32100
32171
31898
31976
32229
32386
32027
32005
32378
32386
32378
32134
32283
32338
32134
32283
31567
32273
31332
31892
32383
32053
32304
32159
31998
32159
32352
32199
32278
32326
32194
32339
32378
32134
30426
32094
31411
32420
32378
32352
32073
32274
32304
32137
32228
32378
32158
31879
32400
32132
32326
32116
32211
32283
32190
32420
31966
32291
31891
32260
32140
30649
32339
31553
31904
31971
32236
32291
32149
32179
31411
32244
32101
32148
31628
31891
32283
32204
31976
31934
32132
32378
32295
32199
30874
32378
32134
32073
31074
32403
31677
32179
32196
32222
32326
32190
32245
32075
31912
32194
32149
32088
32338
31628
32263
32339
31855
32223
32096
32027
32357
31553
32310
31418
30649
32273
32297
31612
31798
32378
31959
32127
32283
32339
31976
32229
31922
32197
32229
32027
32134
32291
31698
32084
31567
32134
32130
32326
31983
32378
32383
32229
32326
31903
31976
32378
32171
31976
32331
31966
32270
32415
32204
32400
32275
32158
32426
32349
32378
32096
32364
31962
32236
31819
32015
32378
32179
32400
32250
31959
32229
32275
32273
31988
32236
32104
32274
31074
32073
32365
32448
32137
32378
32149
32027
32194
32027
31981
31879
31949
32386
32105
32461
32070
32295
31934
32315
31898
32378
32130
32068
32057
32339
31878
32383
32357
32159
32260
32270
31677
31912
32134
31061
32223
31570
32199
31855
31677
32386
32405
32140
31971
31698
32266
32263
32349
31768
32134
32229
32386
32446
32378
32378
32203
31910
32225
32378
32225
32078
32273
32383
32276
31976
32283
32166
32075
32107
32378
32374
31976
32149
32100
32193
32229
32386
32338
32383
32275
31890
32250
32260
31966
32107
32317
32229
32433
31418
32339
32094
32291
32378
32271
32084
32228
32149
32068
32378
31822
32021
32137
32270
32280
32199
32278
32323
31912
31607
32134
32171
32273
32100
32250
31612
32171
32260
32330
32448
32320
32166
32283
32134
32094
32134
31620
31768
32397
32283
32420
30874
31458
32349
31689
32177
32149
31640
31904
31453
32219
31998
31706
31768
31966
32021
32199
32359
31660
32338
32101
32349
32338
32199
32198
32357
32250
32323
32383
31418
31976
31607
31380
32067
32276
32388
32483
32057
32398
32283
31914
32116
32134
32027
32280
32250
32320
31854
32303
32056
32008
32378
31660
32218
32188
32294
31903
32283
32198
32200
32349
32263
31962
32378
32094
32339
32274
32193
32152
32171
31822
32073
31744
32300
32229
31640
32166
31640
32326
31380
32339
31418
31855
32015
31887
31892
30906
32378
32326
32386
31633
32111
32357
31628
32454
32295
32200
32420
32453
32094
32294
32386
32330
32107
32152
32171
32127
31883
32363
32222
31890
32229
32197
32275
32084
32218
31901
32283
30817
32241
32223
32297
32088
31453
32378
31912
32200
31266
32273
31912
32326
32194
32132
32420
32132
31228
32420
32194
30649
32100
31621
32223
32326
32199
32266
32433
32378
32182
32229
32378
32326
32104
32068
32134
32326
32283
32383
32096
32364
31892
32320
32320
32420
32053
32339
31983
32140
32208
32386
32179
32075
31620
32130
31847
32209
32218
31547
31910
32268
32229
31912
32422
32420
32420
31824
31890
32314
32386
32323
32517
32386
32283
32140
31878
32118
32094
32326
32339
32226
32295
32075
31547
32236
32252
32107
31892
32294
32386
31228
32015
32317
32386
31903
32229
32378
32330
32134
32104
32400
32347
31971
32383
32254
32270
32015
32408
32385
32225
32229
32226
32320
32383
31890
32134
31633
32134
32386
32105
32315
32094
32218
32304
31888
32226
32203
32130
31892
31903
31912
32378
32094
32159
31332
32250
32104
32075
32057
32159
32378
32326
32294
32127
32236
32378
31411
30088
32069
32209
31947
31423
32149
32159
32317
32386
32027
32159
32101
32057
32116
32193
32197
32378
32386
32140
32199
32105
31607
31767
32388
32365
31857
32128
32304
32565
31914
32294
32386
32193
32223
32159
32534
32140
31959
31847
32378
32159
32378
32420
31411
32180
32100
31854
32190
32432
32199
31879
32283
31903
31824
32349
32451
31890
32317
32273
