591 6063
238 533 20118
264 499 11716
159 52 20738
336 398 19267
103 566 16729
427 74 24755
395 78 30608
320 252 24569
104 341 17722
481 436 30069
125 163 8103
403 289 650
400 130 16725
343 100 3970
156 201 29247
459 172 20392
426 216 16100
42 60 17387
477 544 29733
474 299 1901
558 72 19008
524 41 11973
365 223 21402
485 567 11749
510 464 5144
110 36 16856
551 460 11308
313 389 13021
554 476 20207
24 452 14472
162 41 23764
190 493 11501
443 260 1243
257 551 23811
10 515 19537
114 14 29635
437 177 24956
177 363 2731
547 102 14275
388 131 9649
195 333 11321
112 90 6598
541 522 26507
272 509 25721
38 135 28353
466 534 8291
282 177 26209
352 338 21847
521 66 961
488 221 13455
483 249 5814
164 20 12367
150 33 2530
497 235 7096
15 242 16971
432 439 27320
80 32 30470
417 21 4961
514 417 18
334 145 18697
439 516 18370
515 490 7942
463 25 3140
2 582 25570
132 321 1822
493 514 1873
101 349 28354
137 256 27742
152 304 10891
73 251 30334
223 591 2992
384 572 15254
254 308 32292
288 269 24076
16 6 31312
110 315 31096
483 246 7464
569 277 4517
363 458 15899
221 431 26314
464 507 12983
486 75 17230
285 500 15909
189 301 5753
458 354 32460
293 545 19665
519 453 5810
228 2 8742
340 20 23419
165 104 29290
584 142 8468
159 316 9714
346 561 15979
484 39 2737
377 401 19911
445 350 3976
131 156 29333
89 499 14279
333 194 11470
215 66 3179
416 488 1598
432 245 7620
286 213 16463
575 133 9090
195 280 10545
561 553 16991
6 439 30061
153 458 17888
253 587 30529
368 468 478
561 448 24421
375 4 25304
325 370 27390
47 203 17728
149 254 4331
310 171 19265
66 381 29878
22 524 26025
100 90 12230
499 345 28677
16 328 29103
491 568 26893
181 336 7850
401 329 18415
448 241 32674
129 362 1056
214 446 22869
250 467 26805
535 415 26745
536 506 3452
418 409 24300
387 5 8004
379 534 8781
240 449 19988
590 149 18071
176 67 4939
52 96 8090
369 350 23256
525 477 23130
472 21 16905
517 166 27588
278 396 25512
88 154 21558
331 584 23642
223 354 20430
244 484 9086
85 24 6528
579 11 21504
534 178 31576
369 564 24023
505 569 4224
296 527 9262
188 289 28122
313 470 5474
179 233 27725
63 434 8538
85 368 7198
285 284 26603
325 504 2791
577 428 23618
182 204 3587
126 164 15241
270 149 16789
590 538 25663
528 110 28784
172 301 10502
438 14 13185
305 127 29897
48 287 22421
214 271 20366
350 199 3729
578 30 23115
563 482 11625
370 192 32155
235 585 19079
525 487 6696
405 8 2143
260 429 23327
239 370 18011
293 242 10765
227 203 26218
555 327 243
430 299 24535
112 399 17017
352 323 2100
535 269 10623
539 497 24948
17 330 6281
197 176 26777
587 325 26283
377 213 25204
349 587 2823
525 368 3178
117 175 2309
465 460 30017
529 135 3765
128 462 9823
359 279 9266
284 491 16388
106 332 26070
394 41 19292
152 162 23705
361 390 23431
208 172 28414
551 209 13032
436 439 27213
164 5 5199
142 398 5914
511 288 16361
345 356 32060
42 61 27125
289 404 15042
26 122 19877
176 254 28309
515 133 26820
304 150 701
449 549 31989
433 381 27518
372 195 14745
50 545 2005
171 405 32202
453 275 1270
142 273 1014
392 453 18908
183 533 4325
13 347 20744
536 528 32359
335 390 17918
102 8 15826
388 258 2353
35 109 18712
233 444 14409
305 84 31014
518 485 21010
201 42 28343
248 236 21625
407 187 14073
48 525 6232
58 370 10119
403 355 520
42 18 9637
40 215 12011
574 276 15045
123 9 26485
180 322 3263
583 183 6742
586 21 6719
180 235 20692
415 461 3157
348 62 13687
503 346 5169
42 527 15766
202 484 14441
140 174 7015
481 348 14178
349 64 8601
130 226 19630
246 571 682
285 570 17791
433 378 9586
90 512 29825
484 565 30106
355 105 20407
353 169 29177
366 384 25386
477 276 5136
434 233 22935
36 512 21269
205 135 14420
537 552 19028
472 564 7718
95 136 15817
197 414 27849
476 371 10566
226 142 21316
233 580 1407
501 72 17265
218 138 19405
376 581 1855
292 262 19604
105 571 31372
241 560 30080
584 311 29878
40 421 31779
445 163 14639
341 316 22163
259 315 26802
386 56 20245
408 449 29948
413 504 8452
306 459 5890
94 195 15464
272 520 19493
262 5 23301
572 283 30935
457 135 19647
497 89 4002
129 499 6827
124 311 4511
61 148 10026
242 168 31153
387 285 5847
92 536 13861
366 52 24887
62 227 19598
108 422 14693
155 79 12777
367 264 24120
495 216 21876
265 3 7827
578 83 26301
137 42 18902
89 39 4051
481 128 11699
270 20 17056
53 542 31190
24 245 25810
159 262 14100
284 524 10206
403 481 17193
264 134 17159
58 476 17197
348 442 9064
462 43 3642
201 217 2676
568 261 32522
181 203 3440
407 584 13939
11 17 2245
508 567 29180
374 528 28744
184 298 272
115 265 456
103 65 26747
73 117 20860
461 158 14120
91 473 45
423 253 16478
212 424 14637
239 464 12024
346 280 27262
48 572 575
344 358 5040
134 51 20594
336 226 6240
468 583 29735
404 109 18791
385 128 24837
387 412 25611
55 87 4481
287 552 10462
366 212 8877
442 411 29703
381 255 5181
231 420 32552
147 359 4670
367 509 14632
521 249 31554
227 223 31355
386 56 20717
385 34 23755
231 373 14873
258 328 13066
492 448 1311
297 468 6993
498 292 32216
496 205 30242
277 184 15989
336 162 18140
495 102 13131
317 379 12168
182 519 10519
65 118 28233
451 393 14953
314 557 3345
302 375 7231
475 419 25709
403 92 29429
263 211 14465
318 97 20489
178 476 9106
406 383 3698
498 579 17321
169 102 18041
102 402 18740
35 20 21325
240 77 8891
222 374 13261
496 263 9719
469 255 15685
483 324 20720
448 315 29188
453 34 7660
428 95 10013
236 582 31580
450 192 19374
231 293 21765
399 567 27012
229 398 19984
432 460 10742
508 569 25557
462 27 6980
331 111 16241
365 337 29164
538 42 4235
367 41 24233
509 571 30167
135 581 7447
519 137 18480
305 58 26676
111 398 9065
350 554 22842
430 51 21536
194 219 10880
330 212 29751
563 155 15205
35 315 1990
250 566 21363
75 66 27288
17 535 21055
75 249 25243
86 553 1705
233 41 17862
445 439 9106
92 75 25184
335 591 285
248 172 20151
76 473 24854
174 41 410
384 284 4633
480 440 10045
492 337 24706
244 240 7758
280 443 5471
452 100 30560
396 386 8912
114 98 17662
447 16 23192
396 498 5371
107 505 30416
209 44 7139
76 201 9724
417 136 405
23 326 751
161 323 27243
217 298 13890
224 516 23169
455 447 16968
429 320 30965
103 413 31690
364 362 5944
273 85 16619
58 513 17611
76 356 27912
377 564 12789
295 366 9069
23 508 17503
584 117 9267
503 390 5778
209 303 17840
8 13 14282
555 270 12846
65 22 29602
348 157 31986
220 379 16769
115 9 21174
488 213 18895
375 320 18715
381 527 17241
466 412 28109
534 257 21876
498 516 323
325 504 15292
156 265 4709
474 116 11902
25 384 18306
581 179 7981
11 63 22096
261 7 14975
195 336 20476
216 553 27129
586 204 18279
228 201 19731
249 274 18219
434 506 26174
536 378 23033
212 14 4727
305 368 25454
234 468 25121
179 295 118
560 83 8294
141 312 28113
429 111 21067
339 95 22620
204 101 18742
21 200 19999
512 54 7333
19 433 6240
319 104 3379
168 557 26149
390 124 1875
512 395 11232
77 568 17979
201 132 18504
128 538 2037
215 146 10120
500 160 27035
91 96 5449
554 474 28444
470 130 835
566 434 31784
328 371 3415
221 197 11274
479 13 17764
568 508 5280
550 94 8277
168 141 9390
427 8 2837
585 528 2113
389 132 2412
373 498 24031
43 84 6655
49 47 7594
377 115 16852
248 565 28631
457 174 26425
251 133 25074
253 165 22239
463 335 753
514 551 16246
94 326 31751
65 172 28486
198 441 20646
456 171 31850
185 260 6728
16 325 2999
574 441 25797
393 551 29564
64 399 22116
512 442 20125
482 287 6898
41 317 2482
511 346 11125
18 253 22322
406 499 5217
542 332 6360
453 218 23127
367 149 31682
279 308 8658
465 269 4594
477 255 22606
458 403 28481
14 517 24015
455 299 2276
577 76 9175
141 550 7696
9 553 29476
430 120 5472
584 512 7118
75 279 19978
521 220 19359
235 406 13583
494 235 13505
325 382 19925
345 531 8969
479 525 6914
22 84 10386
541 299 16231
379 345 14948
453 42 6234
183 157 31827
363 212 18902
262 337 10085
500 167 2613
298 74 30813
267 541 15972
590 507 31796
236 557 30940
140 89 28338
497 561 31946
171 521 17250
296 136 21546
485 181 27540
551 553 8899
98 78 3114
333 72 31039
540 141 11365
64 63 21212
408 562 748
416 525 28006
505 199 30913
421 516 7802
205 115 20966
589 459 31299
498 477 14809
380 275 24363
145 100 17972
481 2 5952
370 144 27666
403 382 2865
85 147 29962
565 96 19512
438 185 18142
390 333 20812
141 554 23855
389 265 31077
429 560 14041
167 27 1991
518 215 16572
89 372 12423
548 3 1574
323 239 15045
56 92 13078
73 543 2901
126 385 20235
246 220 26060
375 476 5929
247 332 11048
373 129 5323
220 95 9361
127 225 2534
294 523 19941
337 534 7875
582 525 26373
405 67 29950
40 533 9258
208 173 29128
90 226 29857
382 104 17887
80 89 21692
77 365 959
67 379 19181
27 499 1263
259 237 22832
416 163 1405
451 133 9046
128 339 18695
69 268 8153
460 391 24288
587 402 11313
121 47 17202
446 139 7921
371 418 14638
311 103 16650
431 237 24230
64 511 17674
535 111 13228
104 169 11826
59 14 12546
127 59 29365
257 567 7810
253 485 19335
171 551 14026
580 551 26996
313 181 22478
437 552 31365
157 150 6175
354 83 23517
586 263 9990
196 388 21388
348 508 29122
125 98 2831
526 226 12946
453 303 3699
531 245 24139
389 18 7514
233 18 27561
106 552 29262
582 142 15269
211 15 6697
52 75 3179
548 142 22651
237 520 26828
155 307 14130
212 130 1087
562 522 3826
372 133 30666
515 496 25313
62 583 28271
160 313 9678
521 504 4079
311 28 14336
314 256 28417
99 320 29718
254 185 31824
327 185 18091
115 47 4567
60 261 24528
135 275 8833
549 556 24179
564 289 2058
489 292 13639
413 95 23957
329 183 17873
250 73 24450
182 234 6555
72 33 31062
514 257 2764
278 51 4313
261 73 25738
241 477 18881
286 457 22765
480 531 32626
257 357 28029
580 211 6852
509 495 99
288 281 18388
552 64 6102
554 6 29754
277 23 6770
114 547 30795
576 510 10871
298 116 28199
428 185 30497
13 404 4033
251 370 16021
440 328 4399
80 499 16419
248 532 24281
509 108 20927
471 117 32604
185 6 32005
525 366 10060
197 366 18217
374 207 24849
387 28 25752
316 69 5512
41 460 25661
204 344 21064
72 417 10144
416 282 28806
78 440 5219
429 215 19475
140 363 8382
501 587 7148
375 61 15
328 358 18001
384 411 5531
491 221 18531
379 225 17164
492 211 3503
545 248 30038
171 469 28217
134 95 19975
542 2 2529
321 299 16430
408 434 28217
248 525 16222
488 146 28705
167 126 1139
407 210 29898
539 358 16169
174 109 7657
347 55 7337
531 590 31558
482 91 10889
53 147 6124
41 489 6910
451 263 924
90 155 6704
432 246 26969
94 183 3566
129 449 27176
62 83 4145
260 325 24403
256 266 2611
218 334 27089
447 50 22793
553 388 23723
250 48 9714
524 269 11876
301 176 27628
379 249 16863
463 480 20772
207 305 4400
372 117 22100
164 297 9559
238 427 14145
127 75 23522
186 320 32455
243 442 22494
572 187 5683
453 229 11682
484 298 19176
344 121 29022
32 313 13945
56 54 24174
439 495 29888
543 268 25055
524 574 28826
487 255 31925
126 207 6989
450 477 17090
181 311 27596
148 340 16694
424 493 23115
380 462 25657
510 231 485
106 76 5403
145 532 30018
214 549 21257
258 405 29825
229 524 1616
546 508 25040
170 76 21123
137 542 24436
568 485 17961
3 387 15671
494 310 1728
115 449 5234
431 87 3636
387 574 31017
299 574 19228
471 82 19452
28 48 1882
538 403 19410
166 250 28916
155 216 22413
357 329 3900
571 153 12070
397 328 25251
228 331 16644
98 187 30668
76 3 31596
401 234 26297
472 397 852
230 49 7465
220 376 26891
12 408 32637
233 574 18539
546 327 28095
125 213 1427
560 461 8869
315 207 22623
107 414 16543
447 77 26638
432 239 17748
578 508 9694
584 204 5659
495 521 12424
28 368 30804
231 270 9175
226 493 7846
285 507 7900
284 94 4244
532 517 20581
253 580 9194
45 563 19648
258 494 6116
6 404 8443
264 273 12329
162 40 22291
489 348 494
89 59 15317
47 345 4056
584 180 613
416 515 24951
6 127 10909
463 311 2424
116 316 9927
505 273 6615
511 89 29277
251 565 26552
253 166 28372
71 564 18614
11 237 15524
78 331 12744
96 8 13823
114 363 25608
410 575 32251
285 578 11775
95 12 4639
141 238 18507
549 538 17802
194 310 2736
69 295 21559
573 64 13054
25 19 8710
123 458 18761
248 411 3210
573 553 25956
4 357 18397
127 369 18348
501 516 24031
403 281 27514
297 574 25764
547 573 978
525 70 11280
223 116 17205
526 62 19392
351 397 30108
477 148 29144
11 296 24576
505 385 26707
468 413 6908
525 554 18909
433 147 18036
530 248 8297
328 454 4676
531 89 30459
486 333 15449
411 76 5475
131 241 24269
203 525 30675
94 503 18653
590 348 28066
368 310 13260
21 349 29076
117 163 275
500 61 4983
381 35 24943
156 48 32264
2 421 23726
123 38 5450
562 29 16447
541 205 10465
270 337 3837
111 513 4874
270 331 14001
209 586 10308
1 490 8233
180 64 25812
521 151 13581
455 468 7318
55 255 17070
150 42 26342
449 561 17283
80 363 25478
500 104 8471
571 280 5829
130 284 32395
327 475 19034
15 164 8190
483 238 28076
227 9 7548
244 55 11134
194 534 20546
17 131 9272
524 327 24431
259 269 17225
583 200 3465
76 201 19281
362 138 31318
353 234 18449
447 253 1272
155 220 26203
90 488 26711
250 2 4466
48 401 8241
80 540 29341
32 148 12142
213 481 23258
245 104 4237
261 161 4583
74 19 27653
217 411 18901
222 408 9115
516 532 23841
163 289 32207
161 363 29139
226 294 19964
399 211 6528
343 389 20467
130 476 25478
526 247 3457
25 62 29603
183 235 27399
361 141 1696
331 480 21683
198 444 12785
508 275 3630
116 445 19616
238 396 9440
313 491 7912
179 566 2328
62 56 825
410 168 27834
75 524 24234
336 221 17983
422 44 4095
519 144 19760
169 556 31689
491 386 351
419 126 338
30 582 24716
296 173 14161
228 21 26166
118 284 8335
272 453 24525
457 310 26645
296 220 4989
219 234 29045
294 465 16966
370 184 30015
433 338 15910
446 382 19157
387 228 13175
523 16 14354
49 121 28886
214 87 29821
447 228 31530
152 114 20737
161 446 9125
275 34 30309
125 263 13266
112 116 15349
221 390 10260
139 251 1306
12 310 27423
405 397 12250
399 418 9550
349 327 14187
93 227 2277
155 238 5482
445 379 8355
208 514 29010
48 520 6190
402 20 8510
317 360 20033
501 216 12325
258 31 20125
402 331 23825
400 584 9779
485 511 9213
18 353 28165
314 130 11350
127 418 31135
209 173 16997
15 468 23625
523 181 6141
123 441 1083
452 110 15942
6 85 3446
37 182 28033
496 194 13841
56 297 4369
450 169 7198
85 463 32053
24 137 12659
6 474 302
208 88 11254
588 220 975
71 116 14656
174 462 20901
393 36 29363
165 77 2869
132 236 2904
459 101 1803
564 336 800
151 25 20103
61 572 25436
176 179 28078
103 445 13955
93 200 28012
223 381 8618
397 401 19715
165 292 20530
186 201 31392
435 507 21144
144 314 29774
523 9 14192
28 293 12733
494 153 4591
270 535 3219
27 166 25485
211 383 24649
17 86 1706
148 497 23485
121 389 22077
123 565 19968
232 450 29423
339 220 25869
177 336 16439
19 49 12387
225 63 5197
433 36 4804
498 507 11281
531 375 10765
442 522 25606
504 53 30031
379 161 188
229 94 19924
222 135 24990
333 194 14272
341 355 24708
41 586 10492
129 294 24118
465 363 28209
58 398 27149
374 581 13716
404 7 10481
167 75 5754
171 390 28560
149 94 32226
201 488 12780
501 316 1916
348 370 7813
281 499 18387
160 74 1492
578 348 14249
82 212 7895
548 4 6562
405 220 24519
303 386 10963
130 324 3689
280 147 972
127 365 28011
574 546 4920
193 508 5325
511 51 23603
342 122 8525
353 379 29134
127 259 2883
366 312 22160
183 334 12156
365 200 16843
124 141 29936
443 494 9757
77 234 4197
545 410 31608
545 180 17247
428 240 5251
364 293 9711
278 585 31287
388 232 9020
415 108 14849
127 329 24281
114 395 4561
46 473 19790
485 29 17117
233 288 29779
125 510 24324
268 174 6069
446 31 28175
476 93 7644
52 290 8012
205 566 17253
579 228 12587
574 11 22363
525 155 7152
115 188 16866
204 159 11663
408 215 5503
393 358 29775
263 74 28477
199 213 25294
513 349 1115
226 195 21356
121 204 31822
459 25 19035
8 256 11324
249 8 23736
125 201 1331
233 43 1441
440 428 12048
535 436 24144
559 591 16978
96 242 32489
535 526 21883
184 347 18403
280 540 11065
549 155 28117
108 515 9183
563 57 6031
146 430 23285
124 432 25727
147 140 8576
239 522 30604
562 533 31515
93 419 8681
343 261 22588
202 409 9880
110 173 29236
462 290 6793
154 487 32204
472 237 28322
490 147 28565
28 280 2066
337 267 22843
279 11 16567
53 430 2431
218 270 3204
341 128 8358
586 528 8748
133 341 18810
438 500 13430
227 23 19253
458 16 22284
179 295 17133
576 33 25762
6 368 4953
186 352 30147
393 1 4098
106 296 32433
282 29 9542
362 436 20491
82 327 20664
329 362 18759
565 116 13747
420 66 23831
516 46 2121
345 412 26449
177 564 31952
494 211 4350
113 534 29885
77 433 27278
243 525 20872
305 378 19818
108 19 15566
354 433 19803
450 182 24824
197 577 22400
157 586 4095
98 101 24515
148 173 15919
518 355 32529
240 401 5367
515 467 29638
126 570 17958
456 590 25346
327 145 16930
67 110 21736
120 72 5121
289 499 32504
588 178 31882
423 80 22269
62 494 391
199 542 28232
572 502 6386
70 33 2099
528 17 28639
531 535 4125
197 579 6964
589 25 21088
25 512 21645
468 290 30955
49 172 20444
163 169 6028
462 302 18091
184 576 23827
114 590 7172
124 513 5569
251 516 2155
501 492 24790
584 116 8050
525 388 7698
565 273 18636
443 4 31102
465 285 1263
5 94 27369
80 159 6555
444 195 19403
315 177 7401
473 238 8597
94 36 21933
107 393 13211
245 64 7756
22 478 19218
289 122 29530
241 289 24797
556 219 10652
368 136 20507
456 243 32572
113 171 13751
484 356 27222
378 20 17517
399 163 15145
358 156 20981
72 150 29321
28 216 3421
87 163 7533
450 152 30645
478 581 11439
71 297 12188
198 301 11340
526 60 13648
422 525 32720
91 52 20552
202 546 29111
75 551 139
344 472 474
250 227 13623
446 293 845
318 340 12030
220 186 21562
538 383 20607
513 296 23188
380 583 30659
520 472 1726
14 270 9033
384 408 31095
42 173 27234
59 135 7342
536 387 982
38 104 5891
298 585 1788
298 14 4135
416 410 4817
520 559 20573
314 359 25526
506 563 28603
223 447 27607
158 423 6663
472 225 2920
589 204 29254
505 258 23876
510 275 27987
312 164 391
309 440 7443
274 586 13119
481 286 28199
257 467 5966
475 572 22575
457 44 25095
424 436 1266
287 158 32307
286 502 3339
520 582 7039
440 523 10478
224 129 17288
409 160 11096
362 442 7160
118 19 22167
388 547 8560
134 198 12319
16 243 14909
133 192 28266
129 328 20740
530 499 2847
188 193 1764
550 508 30690
337 322 18886
7 469 32362
248 147 1747
391 440 1199
359 292 6725
37 311 21570
581 383 21776
512 319 12344
10 365 17937
135 540 1841
189 2 14285
123 396 30548
533 414 21729
78 176 14438
61 75 29875
482 445 25667
340 413 32515
271 156 4183
277 553 28781
309 91 19186
475 347 8963
229 562 26003
534 309 25976
531 380 4464
338 443 28830
426 570 17895
351 84 15913
341 77 16554
243 6 29928
441 112 15797
587 249 24062
17 390 22894
81 446 29628
292 582 31120
256 53 26153
162 129 10655
99 138 14948
585 554 7706
275 501 16729
268 116 7604
214 477 22408
22 138 29218
126 66 715
200 298 19062
2 156 25692
26 169 14073
564 101 25745
522 307 11001
123 21 19204
369 363 19220
61 543 28961
148 47 20186
13 146 13899
433 203 29415
91 542 9248
60 350 29883
442 127 5764
488 373 25599
321 169 3695
386 477 19708
237 117 26559
213 419 28257
439 443 18807
114 124 24763
166 198 9520
27 54 24610
530 252 17840
545 290 22797
157 553 5595
62 102 32583
116 85 16503
134 332 8829
513 172 24196
70 206 13791
181 250 27921
70 559 10437
9 401 1237
405 499 19549
148 73 7418
6 136 9930
312 187 20433
22 512 20026
186 280 29554
304 222 18141
559 97 12664
364 19 29899
534 206 28746
450 366 3888
118 252 9659
568 323 13407
217 236 24042
307 40 22166
578 395 12961
366 142 18332
240 154 28326
282 220 15743
12 153 30138
350 218 21787
563 48 5442
111 374 26419
552 579 27332
443 148 2881
275 93 25794
286 318 28492
412 555 22428
88 150 20063
313 230 886
63 205 22393
275 499 2406
590 569 21773
180 573 32070
130 111 26992
54 266 20223
288 138 20162
177 287 314
326 475 18739
167 403 23714
553 8 28856
436 179 22092
246 73 13192
535 540 1241
168 229 1278
193 29 4977
4 267 9394
367 397 29351
111 287 22494
453 116 26340
578 526 25460
267 483 20723
468 321 8049
569 131 30901
42 519 11335
332 198 2870
423 155 14719
291 537 13458
71 78 30938
449 30 4968
513 379 23451
218 17 1748
565 325 8138
530 478 22822
352 422 4479
544 382 22732
137 476 18594
254 390 24104
294 432 9636
279 239 22607
14 502 28693
60 236 5090
553 546 20517
571 132 22143
188 163 30841
548 110 28281
139 45 18389
406 88 18907
153 589 647
299 559 22760
503 458 4510
59 574 16265
28 299 2641
119 165 30322
18 544 10780
168 541 18402
5 173 1155
463 401 23882
279 224 25977
264 349 10814
42 272 30685
159 77 13952
511 67 8587
313 479 27649
508 136 20208
195 326 28462
258 147 9771
437 95 30438
217 485 24088
152 26 26339
519 103 20439
539 408 27274
275 355 22969
96 303 18255
316 16 24715
33 36 25915
114 146 14525
568 569 28976
584 464 4828
351 430 20481
239 75 16204
487 485 10876
242 309 19285
304 171 31213
310 173 11725
46 73 31183
321 162 1045
423 272 3745
374 127 20510
89 100 23318
100 505 20137
191 14 13344
248 245 26895
436 128 14716
466 307 2086
551 130 23510
191 331 13859
476 510 23189
290 78 7050
529 211 4842
55 311 1929
220 401 9929
365 372 28244
475 154 24003
233 578 10328
344 150 31490
261 4 21345
444 98 27352
547 580 4874
332 491 28568
465 26 8201
439 426 10427
524 383 11835
537 522 16508
67 65 16250
364 19 2920
497 253 3490
381 478 17059
42 369 24660
556 296 3274
336 86 29519
204 460 4789
436 210 6276
428 317 13454
234 586 3366
55 1 26869
82 302 7013
359 441 13099
430 56 10907
360 275 15987
172 398 24084
535 419 23601
277 257 26287
255 174 12144
586 371 17939
64 285 3025
250 170 554
492 332 18194
287 41 15904
437 367 17325
320 379 27162
345 477 8264
551 41 19799
295 368 2785
274 186 9867
265 122 2046
331 329 3206
231 546 23889
405 381 11655
516 590 3205
186 403 5584
49 13 13876
114 509 22096
308 177 9788
206 108 19077
248 242 481
489 241 26844
136 423 25987
148 582 2879
476 201 728
125 132 1425
493 462 20961
163 24 15936
136 311 30227
24 96 24897
166 356 26227
531 430 16395
263 108 654
150 460 4456
312 243 22423
563 360 6720
380 341 16403
129 295 25764
372 459 3544
342 587 7356
262 165 24907
125 545 884
224 336 541
341 237 13553
458 447 19713
138 2 21812
285 529 26381
350 108 8066
419 472 12985
250 48 25944
243 527 19397
172 160 20513
527 194 26224
341 585 17640
468 534 9148
315 117 11181
258 500 4020
531 290 9275
153 229 24565
198 23 28807
160 179 30696
99 391 8439
171 108 1383
376 301 26932
587 446 976
472 441 1096
439 286 27817
14 588 17720
20 344 9315
38 289 27999
357 493 5857
556 117 13361
482 122 19152
441 588 9262
587 399 17390
199 356 7986
310 425 11216
149 136 4193
491 272 13780
565 263 7265
160 234 24111
163 10 4255
458 382 19815
184 247 30931
139 352 8341
127 492 11778
166 514 27706
73 386 29862
308 139 21145
134 363 26579
79 200 18378
281 589 3424
481 417 27911
408 253 5001
537 224 6630
334 144 29319
415 24 1392
561 124 3332
475 230 23137
331 67 129
180 214 10482
591 121 13061
225 97 28154
179 247 23981
48 157 6729
521 324 27633
490 289 30347
277 244 5569
269 369 16150
127 355 11974
272 313 12400
441 81 20326
390 490 18543
503 94 19549
560 538 2362
95 30 30737
155 211 25254
533 87 29921
489 271 23444
330 452 547
505 221 30813
561 212 13711
236 563 31861
360 190 4420
20 472 21705
355 44 27311
2 43 1415
528 333 12540
107 532 12614
538 470 25042
430 324 2262
389 553 29074
536 551 31259
581 275 10317
146 355 6588
400 47 1833
413 197 22158
513 385 16885
136 402 22283
359 495 18199
123 10 16427
110 427 17435
459 478 25212
284 502 8072
386 142 13648
11 355 4298
172 306 29015
31 139 25939
296 556 21244
497 144 11839
385 96 25187
524 378 5148
199 411 25049
146 252 30377
143 18 1296
323 559 23722
354 162 8839
287 317 7202
43 470 32226
332 465 7562
419 51 25897
125 237 15596
261 186 29728
50 565 8676
70 219 14389
271 442 1007
467 568 29885
480 245 17052
8 172 14967
419 53 4466
266 434 13958
566 437 17836
545 497 23655
424 444 10265
156 188 11149
242 179 6080
16 394 7340
305 93 23070
179 3 3029
383 266 15378
581 238 3055
554 126 13011
290 8 17726
65 109 3720
315 578 9189
366 539 6232
517 307 31922
458 192 13323
331 326 15766
573 443 24984
148 34 3216
404 88 21802
133 546 13043
145 513 23689
402 504 11352
303 114 32494
422 158 30615
403 116 16547
532 225 11671
506 71 17919
544 282 13532
560 90 18848
192 301 31253
40 428 2039
73 324 13601
364 304 30326
351 36 16189
370 340 26374
259 355 10841
235 148 10386
495 231 29388
107 149 23494
397 315 7127
79 148 8021
31 211 7357
504 330 31072
134 71 1880
585 435 3027
577 307 4723
335 590 16351
278 136 337
552 53 14538
50 145 3880
66 404 6355
522 439 24698
166 381 736
510 416 21909
367 504 23081
178 101 16538
562 363 7457
127 183 18146
538 280 27465
579 142 26772
198 363 23992
421 532 6863
359 416 26737
163 587 24498
432 356 3819
442 147 9507
500 62 24657
256 390 15920
84 407 92
589 301 21589
461 495 2022
218 242 1292
573 193 21629
75 179 21880
542 553 155
512 544 2316
288 581 18004
477 426 2412
517 342 3229
354 509 15631
179 155 25457
382 35 14146
317 335 19838
498 130 26519
6 201 30251
193 130 10223
321 267 26893
251 341 3990
27 541 7201
137 433 5940
345 133 12403
310 227 11385
291 381 17648
358 496 9676
412 262 9617
399 386 25970
35 427 5425
328 306 14551
306 12 31385
589 146 27657
323 327 27061
140 74 29319
345 479 26603
545 170 15845
77 568 30468
409 228 12296
560 572 29746
3 439 22999
198 204 16658
451 243 14516
261 58 2750
552 564 13351
22 507 26435
446 304 2679
160 585 31778
411 90 30242
526 368 161
386 142 28542
581 472 17681
75 296 21731
2 530 1116
45 434 18727
2 150 14197
262 164 2913
12 404 31361
476 242 15397
478 532 25040
396 171 17337
375 470 28926
26 221 10738
223 477 20695
67 524 31676
494 578 28886
486 89 9082
441 508 1868
8 92 12475
5 532 28576
18 334 16644
454 520 18460
575 503 24210
503 137 31045
90 540 2915
74 459 3769
369 574 7666
210 406 3577
314 360 25181
216 432 20920
21 139 28147
473 317 28794
396 444 3163
319 335 27565
232 271 29913
533 145 24712
306 289 23378
407 211 17990
496 375 17445
431 525 32164
10 500 4849
50 3 9126
258 562 27614
380 175 19980
385 117 31755
200 444 8707
318 67 26913
260 23 9717
415 381 20806
252 509 21890
154 171 15334
545 321 27402
428 334 28933
550 23 5202
383 307 12309
262 458 28709
247 481 146
408 211 20743
191 589 9672
240 328 25932
170 325 27791
91 283 7992
69 434 25825
228 109 6126
72 524 29342
487 37 15963
546 550 18383
310 312 32606
171 222 8270
200 341 18143
350 172 18845
241 17 20879
380 573 29512
335 123 21898
55 449 17211
574 281 7185
5 76 1723
422 559 20757
81 477 25615
519 378 7500
176 156 31236
405 325 9733
464 347 12734
530 568 23035
389 315 31905
165 96 5323
144 347 6967
102 353 10986
544 106 11096
10 328 28191
428 238 27393
91 25 16115
508 309 10914
416 165 22937
572 216 9414
159 228 19765
259 158 10845
270 68 656
18 204 6687
81 512 29591
318 447 16050
162 185 18231
12 315 17056
97 282 32124
260 384 14915
448 23 17909
151 464 8998
259 472 3783
354 499 30104
455 428 25859
586 572 20576
455 435 28433
360 415 12235
88 440 12364
248 205 22683
325 259 28969
275 225 29810
231 458 10624
244 405 8402
114 160 13004
219 461 13005
196 98 26234
148 110 245
553 233 12453
95 17 29232
482 186 6612
429 442 11128
495 271 27271
243 455 20402
567 49 25031
570 446 11295
90 421 5097
422 119 12566
455 125 31047
197 589 2567
511 324 3234
574 267 22777
98 65 10078
217 97 22776
333 169 7653
456 135 18492
432 134 2248
501 293 17898
486 4 14206
392 275 6324
203 264 4047
98 549 27348
382 546 10573
113 327 15632
535 54 22121
473 396 30140
182 111 5379
367 253 21001
514 363 7823
219 435 28411
269 305 5148
309 262 27856
276 401 7392
114 364 10960
271 125 19996
46 185 4788
247 563 26997
147 558 12840
80 566 31501
74 154 17938
362 97 13062
496 587 11947
541 493 3640
287 581 21634
511 329 4158
481 521 9737
11 104 1315
560 348 21055
587 298 2906
3 178 4230
300 433 5834
102 257 28374
476 46 17416
503 57 5827
586 282 16160
568 352 3857
577 206 17277
228 115 718
178 210 25288
256 311 22565
193 111 24279
556 369 12396
469 578 1807
275 6 6171
546 423 17334
491 32 2214
416 500 23085
492 568 14203
549 405 2837
538 582 21649
407 487 1980
422 209 8255
320 578 28269
569 431 29538
285 575 5496
417 329 17910
425 23 31500
545 319 16305
40 220 17464
374 327 15159
81 439 24498
383 180 12299
33 344 12589
323 118 73
113 344 12396
80 402 32446
57 220 13145
316 412 30479
156 479 15541
19 15 25824
163 556 12625
485 109 10297
40 282 21450
121 27 13472
170 337 27446
19 436 17831
437 72 4941
519 157 24273
77 231 29936
186 157 5664
289 452 7197
273 77 12212
397 117 23725
559 65 13876
478 89 18804
202 516 20228
27 589 14745
549 572 23150
159 174 17985
240 346 20295
270 587 7902
243 365 32446
343 290 7367
302 522 22611
140 33 11998
127 289 12069
233 55 7286
432 534 14622
564 324 19119
378 412 21921
492 450 12808
420 166 27850
384 490 6615
350 324 14683
411 483 3551
268 19 24303
187 374 26185
403 363 6927
316 170 13470
72 538 31531
31 546 2206
311 348 6842
63 445 22021
151 543 21479
189 42 24727
154 146 21130
38 54 1554
493 58 27755
304 185 5587
283 94 21249
301 20 13396
16 52 29220
443 487 7372
165 417 27755
215 382 32145
587 511 28980
343 415 15383
440 375 29059
315 94 13211
433 38 20539
154 359 3548
315 248 24416
150 107 14191
362 114 8035
157 306 14739
544 541 5797
551 235 399
151 210 1713
239 494 25088
101 557 4584
195 307 29856
11 584 24458
127 210 880
91 396 17762
470 175 22087
14 365 17795
404 387 15924
494 409 5079
408 205 2623
240 380 10861
134 493 18782
221 197 1224
461 93 27582
160 305 14752
520 118 2490
253 36 10199
485 476 24842
94 383 5767
287 533 2319
560 265 20858
308 503 1366
368 176 17004
182 548 18839
585 264 7395
32 174 1249
284 204 13701
233 128 12731
64 366 24366
238 423 1873
400 41 30526
398 566 3091
6 203 30668
188 216 17484
207 370 16839
464 54 22428
146 364 10798
345 67 7768
326 72 31968
503 488 25659
422 406 27830
82 549 24564
407 57 7140
97 439 30578
516 42 22746
320 576 30455
396 500 11027
91 201 30048
7 403 10393
7 280 18984
170 311 6180
133 249 18942
392 329 27938
232 584 1309
160 16 522
580 521 3736
579 467 27330
554 404 30295
226 586 7174
567 179 10121
286 86 17934
237 270 23454
98 175 28653
495 524 22074
2 249 28242
254 104 14490
265 564 3002
346 219 31580
452 535 28984
237 466 5043
533 427 26198
297 398 1380
9 531 9148
150 585 13609
50 96 1958
242 228 18247
26 383 19535
419 519 17526
414 7 16341
475 537 13175
487 326 14921
170 239 24547
519 543 31203
559 375 14108
181 40 30356
45 409 2664
350 442 30062
448 363 12695
522 195 31126
201 498 3017
559 105 29631
248 187 17459
305 75 4702
273 425 7918
67 3 9239
448 429 30253
221 254 27410
457 326 2689
121 6 23354
312 545 26855
146 165 22168
107 120 32717
437 525 25149
541 502 6247
291 577 21379
366 87 23510
586 199 26764
144 160 25621
245 32 28735
386 203 9908
395 336 25918
126 268 23477
305 311 31872
39 24 27956
254 280 29595
61 46 3234
123 405 13287
43 162 20656
202 469 30446
157 227 19276
426 420 19958
453 172 26926
7 304 4487
587 567 13555
277 466 7989
141 207 21944
503 265 15124
200 210 26020
512 158 14245
174 528 5882
296 165 545
103 251 7796
89 304 10852
517 321 4129
268 421 17644
303 454 22524
516 133 27298
520 420 18929
412 204 28013
223 570 32020
58 446 27075
447 215 21544
486 476 31909
211 43 18899
285 459 25300
424 176 24850
190 45 28966
283 267 2758
559 484 32563
131 73 30573
449 137 21730
102 457 14447
544 65 16506
463 77 22143
52 368 32312
522 57 11008
573 235 23468
234 30 26740
58 297 20540
436 55 25176
511 223 29090
73 41 24316
324 221 1605
369 223 7741
430 582 20662
587 173 22053
283 402 22204
186 568 17115
238 545 11185
115 140 6517
285 153 31011
496 307 17789
401 217 29170
240 11 26443
534 174 23395
542 577 7561
54 466 13536
74 196 20087
551 299 4698
554 430 30145
202 541 18065
26 292 534
219 510 20900
239 216 6584
390 476 32186
213 350 16307
530 79 30376
293 514 23442
589 545 19161
292 95 9115
302 459 29414
291 87 28159
160 173 2721
70 575 1920
265 474 8575
439 463 28281
22 452 16806
495 408 18257
380 273 21509
289 430 7100
308 69 11592
398 114 2136
502 29 8836
49 161 29830
515 390 21988
267 535 24212
287 140 19152
34 412 14992
464 544 3641
402 588 27736
246 591 11024
525 487 5579
408 8 3096
500 551 22564
440 130 9098
481 566 21471
248 425 1615
576 95 13507
423 14 27569
131 539 32736
68 220 982
65 321 14245
408 427 9836
561 163 20051
306 509 18491
514 310 22910
568 575 16807
152 279 6496
227 574 2378
493 486 15646
420 531 27935
142 217 26967
311 228 23040
491 439 30866
304 542 13417
190 30 17768
443 259 30386
376 89 7292
115 133 2116
381 522 18590
251 305 24185
105 30 5551
347 148 17184
165 353 14109
246 508 26080
361 502 17678
497 271 29934
568 338 3996
579 578 11984
364 200 27046
89 230 553
124 411 21796
537 534 12730
487 83 14601
366 310 25124
557 4 3338
329 410 17414
89 195 16877
501 311 2197
459 521 11562
516 513 18364
508 50 29956
162 74 18018
546 38 30309
207 568 28785
537 302 28701
182 177 11690
117 369 30556
178 387 18803
490 238 26491
221 547 17686
347 170 13165
35 333 26935
541 300 18804
218 40 5730
285 234 10733
181 402 32257
66 434 30797
591 406 25638
327 198 14760
251 17 8149
70 127 13909
214 462 4841
351 433 7317
61 487 5022
401 511 8256
395 257 4455
333 581 30686
249 490 27549
403 146 20933
443 462 19489
129 427 15375
311 119 12563
474 363 4218
581 3 30757
27 590 20892
2 34 817
457 419 6382
491 445 16671
132 352 19864
121 508 22335
207 561 27144
313 235 9888
555 256 10931
155 86 17931
484 106 10910
534 362 5293
44 503 17013
560 242 4756
470 92 1369
367 48 907
460 86 697
81 175 22007
354 136 5831
101 123 10952
421 222 7019
195 546 31897
426 482 18881
153 325 5005
163 235 8325
135 432 149
348 353 15871
510 434 5666
286 55 23623
556 316 3432
3 507 5369
513 79 3777
351 74 19893
14 120 30938
79 270 16640
402 172 21919
135 35 3926
491 179 15663
576 352 12955
198 454 17976
208 238 8746
405 590 24718
323 140 38
590 359 25050
37 379 22764
103 338 30128
271 449 25513
481 63 22900
317 270 24456
214 573 8653
474 373 10998
102 78 2720
522 539 6879
279 411 21443
5 565 30213
381 475 15341
277 519 23737
34 40 6280
35 499 24467
356 493 9329
141 347 10250
438 211 14546
158 328 27640
206 171 2702
153 298 361
280 539 3075
518 403 23112
200 551 1540
539 294 1997
74 99 11354
226 72 13230
366 335 12599
369 356 20873
498 494 30807
286 55 13572
136 134 21953
453 161 18825
104 434 3438
535 427 28341
179 565 24635
185 556 2254
250 391 10223
449 340 14039
371 13 10055
440 10 26663
126 134 5173
298 521 18820
273 383 20961
472 34 17969
372 291 7437
141 146 13176
291 320 26854
273 175 15760
406 248 9065
563 512 25328
134 52 24548
522 576 18286
553 202 19269
432 326 31425
497 92 8484
238 526 1588
302 527 27096
546 556 17334
293 556 26869
87 588 13448
324 409 8446
184 244 22575
368 325 31802
290 117 29830
560 98 21477
559 371 26103
377 331 1590
114 289 31553
427 180 24822
137 146 8804
468 280 10646
146 510 21628
286 120 19718
432 223 19637
499 551 4287
167 397 15012
371 574 19389
133 318 23207
489 128 2393
67 17 16145
529 236 20805
455 278 11096
474 192 30491
205 219 15998
372 50 6454
555 353 23649
197 201 10712
20 353 24005
252 565 20161
175 257 7470
5 456 25290
208 448 2782
377 520 32303
236 309 30926
87 439 9669
533 104 29060
451 240 9079
100 184 15972
482 240 31380
479 111 25826
21 424 2932
394 477 25005
485 193 26597
589 338 31588
253 395 28354
479 513 28768
162 255 6112
452 157 1713
278 437 20699
179 270 29095
251 279 24678
506 167 17014
119 61 18724
161 187 16859
174 71 26178
448 442 11976
149 411 19260
201 169 643
484 36 10706
584 158 17260
38 565 19328
135 289 6722
106 140 30681
295 51 7552
455 405 29255
131 458 22138
321 164 17144
454 503 20690
71 444 25795
179 335 7552
582 69 26490
308 242 27447
301 560 7634
352 495 24893
557 569 13663
235 149 26119
42 3 31843
120 230 19769
80 391 27742
192 344 8412
289 185 8604
307 397 26606
102 69 1848
336 253 140
470 42 31817
238 526 28267
80 194 25150
63 434 28259
392 590 11656
411 228 17964
142 311 2341
386 460 13221
549 269 12978
126 255 8505
190 304 14344
450 495 27971
150 581 140
130 303 12413
270 282 23485
264 23 5083
166 536 31662
306 88 104
280 412 7517
184 174 21494
150 68 31282
364 458 23495
328 580 17677
36 282 12924
208 56 15008
259 421 20706
588 32 18
553 379 14715
498 16 31769
542 511 13527
11 337 22036
179 120 10520
428 126 9155
31 54 16693
157 270 22960
215 205 26837
380 587 7028
70 306 10204
358 482 24644
519 202 13572
54 574 21921
213 571 14611
207 365 19702
522 348 17547
319 356 8839
591 411 30698
187 132 15110
242 576 25305
442 103 17051
313 71 14546
65 431 4949
552 79 14887
85 408 25135
531 53 9849
396 99 22836
294 436 18931
88 73 27238
361 420 18667
513 407 14961
45 582 17850
542 59 21338
424 293 27366
251 45 11935
421 564 22516
212 35 25482
55 444 31101
497 26 12708
66 330 1365
418 215 2184
459 364 14831
157 273 25993
568 119 11329
20 187 13539
285 77 29129
61 46 10109
349 312 23695
178 388 28498
81 111 23866
98 244 25641
528 246 898
563 499 32547
286 172 4021
59 367 14139
335 448 10244
23 137 25058
446 451 6861
31 214 8748
15 591 13093
251 330 30284
464 323 5964
281 586 26196
43 325 210
200 527 2165
457 145 27796
205 336 20016
131 192 13529
68 167 11064
318 111 29242
71 134 29170
111 396 4124
563 178 2783
320 54 18400
499 104 17226
338 222 16916
53 102 9490
402 188 32594
42 259 27763
413 338 29321
336 182 4613
388 223 29924
323 397 20095
170 202 32656
502 49 19164
354 486 29194
511 205 10982
546 357 11204
27 330 6498
365 175 30264
502 479 17485
263 525 14536
329 441 7402
318 108 16892
380 302 659
270 261 10748
582 541 4228
564 516 88
472 220 26145
371 368 11134
288 385 15972
343 505 10853
344 155 22130
307 349 22883
293 347 19598
177 584 293
338 565 6112
181 323 25398
468 582 20166
135 101 14759
48 146 29872
70 401 18352
365 443 18870
420 168 14177
161 478 25952
76 558 9401
16 549 4961
24 338 28873
556 264 17456
545 163 22431
107 313 15559
485 359 23092
92 156 22510
153 20 27029
329 530 28889
239 29 29427
575 210 16902
174 220 1134
316 357 29854
278 326 20652
367 524 7112
56 485 27546
94 279 13478
411 72 17653
219 510 20219
76 231 13664
21 92 2991
229 452 31030
238 52 30115
276 36 16477
308 108 11926
475 405 7360
499 40 19726
241 183 8508
313 521 27007
468 205 296
453 280 2084
585 311 1207
289 172 6727
26 182 16617
309 476 3311
212 53 16845
29 25 5162
418 543 19513
264 191 26984
7 556 6213
567 319 22704
317 421 30763
36 253 2948
246 258 22370
277 455 20956
385 317 27653
415 206 2175
162 326 26855
332 86 31127
584 27 2275
170 116 32615
13 443 31821
239 578 6745
91 105 10124
264 548 25322
496 219 20034
310 299 5402
24 327 18580
302 477 13924
132 117 18534
374 118 22648
239 114 4786
493 555 2595
352 296 30017
252 560 29992
143 26 15202
15 253 17148
265 577 1158
159 83 31649
110 443 13758
412 515 30996
233 399 23438
161 374 3847
485 320 17305
232 510 31207
572 69 28175
40 348 22869
433 423 17629
126 431 14748
505 132 23323
582 229 19662
564 354 24870
476 588 16268
372 105 2657
143 102 24229
238 172 26527
188 131 23055
12 87 17822
400 271 9962
373 486 283
137 29 9609
184 11 2660
423 140 4535
299 245 4214
330 518 12980
158 358 4110
265 589 3483
461 355 23854
575 393 22575
102 342 15875
28 340 25414
565 219 25660
156 246 31559
410 305 3626
376 200 8822
255 417 27448
2 14 23557
372 232 6060
248 299 20513
301 560 12716
482 104 12408
462 407 15856
341 398 16867
360 591 23735
98 527 6979
349 138 16339
318 5 21162
297 475 30950
137 270 18792
581 495 9000
489 312 23711
400 530 11854
285 424 17238
368 295 14447
94 135 9302
106 78 750
371 538 15665
539 407 13016
209 502 8505
447 23 18243
127 256 29280
290 155 4218
360 342 20273
494 272 2347
264 445 22620
466 504 20175
160 209 30102
426 171 10494
20 237 13495
171 304 10099
241 589 3929
401 100 27882
331 76 25194
25 139 20765
3 273 16495
540 421 11918
31 313 21091
309 117 221
316 142 1152
100 288 32474
9 110 4942
305 522 10135
270 41 720
462 515 23589
108 182 27811
581 50 10175
475 267 13164
238 324 22159
333 434 22768
89 90 32598
469 533 16792
527 462 16025
28 124 27495
74 197 8740
190 53 22393
124 198 14850
223 570 27818
419 502 55
215 83 16126
458 303 23267
567 552 15061
91 205 29851
99 79 1043
297 498 5389
585 118 14540
129 89 6234
80 249 1033
271 332 11682
348 333 22726
215 566 13750
490 257 5695
138 383 242
126 210 3609
263 559 22437
12 120 14869
365 448 14999
82 387 12871
379 227 12685
108 195 30226
33 556 23507
159 324 10569
310 427 23360
103 511 21587
378 31 11305
53 421 20763
135 89 7482
533 313 10294
149 431 28729
401 447 2184
309 129 18712
111 17 2375
569 300 736
476 79 22838
570 12 23132
440 412 12138
85 563 11408
547 173 4340
286 293 23391
471 179 7241
332 363 21740
202 321 22082
544 137 19094
157 314 15872
255 65 27303
52 56 1057
374 273 31753
355 543 30470
416 413 7581
154 490 22812
426 427 13071
112 522 14174
82 329 18226
86 500 17814
495 143 28750
183 123 4863
438 517 7402
373 262 25941
154 532 12274
517 341 384
153 331 2377
282 72 28751
328 5 5164
578 460 13063
231 123 18157
480 174 11956
394 100 14318
189 294 9843
458 72 6633
469 351 15419
95 196 9700
203 570 27848
491 176 17251
451 86 9904
514 72 12213
289 169 17882
300 459 2928
499 154 13245
56 575 8570
414 373 572
368 182 32047
336 78 23032
325 548 3455
569 165 22123
64 429 12579
579 238 14638
289 450 11320
55 556 2870
332 310 16853
367 408 7661
333 355 3206
269 562 14192
249 163 18090
98 202 23639
299 152 4138
97 537 28376
202 404 28929
526 232 3621
113 478 28809
586 298 4680
342 556 10128
176 214 32761
427 354 18337
125 204 11548
292 497 15360
440 556 23016
386 200 22859
562 553 3045
392 47 5830
174 2 20295
587 77 6322
6 44 30798
538 526 30020
244 583 25012
258 123 9747
590 99 17998
187 243 5663
33 368 872
541 265 16566
296 429 7823
508 43 28642
330 448 9403
465 256 26924
192 571 12829
297 433 19923
379 517 30968
528 463 12234
348 478 17234
229 280 28437
359 505 32354
397 268 27493
386 95 12288
115 310 1023
375 412 5510
73 207 21582
541 355 26848
436 425 9658
37 568 13250
408 118 16272
531 514 570
390 575 9249
243 54 32021
377 212 30312
112 240 18901
429 326 17876
345 159 20776
70 486 26117
286 8 3617
77 584 22174
551 179 6045
414 76 9088
19 446 674
13 235 8200
164 564 22423
334 438 30
179 313 28063
422 317 10301
435 212 26249
157 38 10692
167 504 2827
161 215 21280
446 268 14915
134 262 5050
529 106 20659
486 104 16811
557 583 10809
343 439 9124
555 443 32681
414 123 2954
29 471 11285
426 175 24252
228 369 12016
426 27 12024
134 344 22400
159 114 4948
577 587 15208
240 183 21208
119 515 15660
317 183 14987
43 389 18683
21 542 14103
127 446 23845
342 501 3663
157 322 16648
424 433 28480
161 94 18520
438 281 3986
398 148 31247
103 416 17248
396 159 14692
195 407 30928
411 37 29853
21 556 21275
397 49 12448
171 303 22720
129 507 22906
335 300 22287
114 406 24428
205 354 20825
500 470 9489
18 231 7272
411 559 28347
208 490 14087
421 129 11295
570 178 5827
153 485 27872
294 226 3118
49 436 26015
405 453 9288
357 80 28312
363 415 5343
331 446 9716
511 169 24578
205 471 12120
521 515 32473
442 216 14168
144 330 7809
19 22 15576
344 248 22978
509 133 31620
396 199 28850
358 485 31199
159 337 23462
207 327 672
524 23 18686
17 54 1104
424 586 11695
219 317 17260
584 579 7840
174 120 19061
422 304 15654
427 562 24751
197 86 11083
454 12 23434
565 96 19626
52 223 10208
44 550 7932
183 195 16268
444 138 16814
239 441 13586
479 585 26139
77 508 25155
287 245 27192
54 259 26661
532 356 24024
483 122 23949
575 272 14039
65 282 5930
499 93 4804
553 549 12013
461 174 9445
119 477 10774
464 360 26030
52 499 9299
312 368 21758
505 384 2986
523 173 12992
357 495 3116
78 292 2496
204 89 7073
450 477 22233
123 271 29869
138 443 2756
502 238 3612
100 93 12076
347 251 1627
259 551 10203
511 575 25674
115 58 28440
397 216 17886
488 551 22668
414 392 27226
252 174 26698
525 504 18694
218 150 13262
366 326 26277
326 332 8465
233 421 11038
218 187 15362
33 265 26135
430 362 21761
538 47 19568
205 123 15155
426 164 20958
129 396 15306
357 12 10520
22 578 11152
463 583 14933
155 478 12889
169 343 21260
16 9 26665
30 528 818
212 560 8752
430 454 23403
229 331 8681
476 64 23790
160 275 17154
146 404 14086
277 161 21716
177 542 14197
17 553 4754
344 278 27180
265 393 14721
280 137 6670
538 208 7884
123 290 1977
81 43 28377
529 248 3212
72 425 32292
463 394 20321
435 15 22544
484 99 32182
29 152 4654
62 109 30520
31 189 27364
212 105 21234
9 441 28799
345 118 27781
582 584 27157
270 173 3384
517 422 3522
105 348 6088
190 93 18468
379 523 12086
544 194 1821
280 45 28681
278 51 11855
543 524 20671
590 148 9670
232 458 26978
19 153 25547
270 162 2937
43 189 30944
62 216 2767
28 494 4419
378 233 11463
484 574 8602
309 552 14132
54 330 7313
282 41 22771
222 549 11658
439 91 30127
459 300 6331
420 562 2975
85 461 6982
194 299 17695
385 39 1584
112 53 8557
530 413 25924
561 575 18164
287 393 24387
294 497 22252
576 359 12019
94 412 19768
410 145 11495
306 563 26821
555 564 28697
334 97 6109
416 342 8108
549 324 16679
393 354 14959
591 410 19785
581 142 26874
382 411 24175
31 583 30074
211 298 31263
383 304 20619
117 46 24347
258 580 11436
554 342 9295
238 197 16942
97 73 24305
114 469 19386
181 323 15712
532 530 20409
269 254 4458
310 397 25919
295 122 32763
389 222 25423
186 439 17764
484 475 24466
204 126 1211
541 405 7635
98 324 15880
261 197 9187
325 379 6708
477 385 7596
522 304 3320
13 212 11164
102 586 11329
338 232 10682
455 60 22972
54 240 2038
24 520 18065
95 102 31895
579 517 17006
286 508 16345
169 43 32372
513 582 11282
131 245 16804
202 143 8185
124 360 20449
394 245 26856
332 210 17822
144 457 22829
3 561 14795
327 522 4804
48 390 25776
323 395 2322
183 8 9637
72 335 23673
571 534 23281
572 573 2272
277 311 26163
409 494 31870
211 317 15652
587 54 7819
328 96 22931
378 80 9641
176 83 3302
336 26 27677
437 414 31371
24 61 17456
200 582 6680
560 214 14674
482 402 27923
96 171 15068
218 125 23951
2 167 29557
462 60 21029
542 116 7310
448 110 14586
431 111 32633
520 459 28356
406 443 7671
110 12 18451
191 373 14939
182 54 29258
195 220 15251
213 536 12040
374 513 17334
332 329 26613
440 528 20454
371 27 4651
254 46 28327
300 86 8116
485 398 5626
550 210 8920
311 197 29922
288 274 6702
548 171 21528
400 258 28071
122 148 18453
57 160 17428
132 561 10949
299 301 21971
109 241 7548
106 68 3239
535 515 17408
315 412 27113
350 134 4037
397 141 9099
93 123 24249
25 26 32179
117 494 29477
21 167 27086
149 467 29331
145 45 13670
400 452 14267
305 56 25139
184 224 26590
218 573 28171
29 360 30244
161 15 11459
388 67 8143
146 401 12075
113 117 606
224 412 22934
8 511 18689
162 189 4541
69 444 8417
455 181 7901
234 182 15408
571 95 18516
212 52 14843
337 509 15923
227 493 23859
459 506 13443
489 434 10092
122 588 9509
431 19 15418
583 278 13716
208 114 30786
101 187 5374
320 174 29513
99 368 7273
569 67 18165
582 204 24024
272 481 31733
115 374 28850
332 122 32197
581 420 30943
558 475 31069
24 243 29520
206 350 9555
74 304 3559
244 411 12906
277 537 2567
147 153 6526
89 518 12336
277 175 14410
507 96 106
73 236 16512
352 540 24184
310 129 29993
143 392 18947
268 437 8264
582 215 4674
489 256 7985
434 571 12738
173 587 28185
438 149 27236
239 489 19396
30 356 8872
431 121 29795
258 330 15574
102 561 7928
249 452 30132
578 118 27360
414 111 7097
431 287 21331
236 166 28940
80 500 7411
198 574 6566
294 255 5576
294 393 25711
155 123 31292
208 140 22840
522 164 29168
433 322 3801
425 224 28031
38 131 13276
50 304 19084
396 294 14712
380 78 5558
421 238 983
460 519 6715
96 261 13263
24 341 15732
258 566 23959
331 246 30839
223 452 7464
107 316 11388
43 422 17470
207 411 7893
500 313 10046
501 543 12193
70 483 9579
51 394 27261
32 173 15914
284 41 29407
481 289 10315
9 46 5607
18 516 16782
71 453 2490
148 383 7136
31 551 9943
166 20 15104
85 121 16855
307 117 4239
480 126 19610
497 256 15801
39 381 7128
306 2 26864
475 367 10881
463 474 23422
34 29 1660
379 273 28113
225 117 19102
175 284 23245
273 231 14326
45 526 12683
370 138 13501
264 553 6731
485 233 16780
222 460 20105
308 403 26021
440 367 19821
101 242 14707
85 134 19733
139 221 8848
237 466 32357
524 35 5866
108 492 15460
217 15 25831
233 112 335
410 339 7317
142 405 19172
102 50 23106
68 82 17564
178 405 27931
505 306 27077
416 274 13470
169 9 10941
448 462 9730
111 134 18373
156 356 18144
206 516 22804
221 99 7369
336 136 12095
582 541 10634
209 340 10263
103 555 6726
193 542 4982
131 587 25531
60 87 8389
97 375 12354
221 439 22814
441 262 21612
540 231 13133
40 228 1362
554 62 9771
233 266 22505
517 156 4860
531 116 13048
188 542 17629
221 284 25997
156 486 25447
290 235 4601
182 449 26123
75 459 8641
413 346 8922
62 2 4352
79 197 20143
25 421 8246
542 260 32255
166 218 29044
143 41 15538
352 260 21089
287 225 30930
521 112 1686
137 507 3833
1 486 24119
299 268 6340
319 165 21213
64 442 31920
79 277 22825
14 160 31789
397 267 8085
7 275 26580
34 209 9058
260 562 2807
409 45 27318
246 359 5894
354 22 24383
244 91 11400
237 510 18177
173 203 25230
555 123 16655
390 174 12015
417 528 2657
499 562 8366
133 66 13068
150 105 19282
130 121 26240
212 72 23848
109 473 2456
556 196 29591
73 499 18343
405 264 10257
372 198 17340
496 511 21841
96 41 5594
147 298 2007
161 318 5085
104 321 15852
23 129 13363
232 292 23184
113 58 11456
576 359 19484
450 239 23166
531 157 12933
16 35 3775
319 330 6786
189 468 9494
458 567 31230
545 561 20812
544 324 20384
69 475 30462
34 163 27215
166 405 9383
238 493 16126
259 470 2627
370 500 8738
283 245 2011
311 420 1949
350 470 19088
178 284 26375
148 435 28414
150 17 23451
403 495 22034
9 69 24120
466 418 21929
143 106 23848
577 134 16526
143 401 18609
299 304 31156
19 514 15528
295 246 29887
188 591 3695
284 316 14902
470 259 1064
410 500 20469
179 212 9479
517 352 22204
467 369 15366
270 483 21482
153 135 7531
82 389 2759
557 42 21724
232 265 2791
71 135 25848
93 329 16780
5 483 685
472 541 31255
548 255 1474
226 67 24039
267 432 30034
143 318 15915
167 276 29219
136 79 21151
67 531 6693
211 167 11822
66 269 10113
55 379 1760
231 360 21231
480 128 8361
28 331 13406
170 478 17140
59 29 19983
182 169 12026
107 167 28070
9 321 8516
502 82 27628
10 489 4849
422 311 24372
278 26 16271
404 21 23964
304 38 31404
559 127 17317
301 507 11369
57 391 26836
183 20 28339
318 228 3936
248 372 19701
271 60 32018
533 23 9814
503 187 23269
81 246 14054
224 131 1545
80 521 26182
502 20 14421
55 260 15027
13 276 10061
68 373 17778
211 340 16450
92 193 6681
426 444 19775
527 302 29732
427 399 25016
565 184 9942
121 175 16185
448 581 24924
328 57 16779
369 60 17827
346 434 7933
270 511 23146
432 330 13538
132 191 4465
170 231 347
274 512 209
240 4 8963
1 139 6888
248 341 3105
465 90 12891
150 429 23136
534 515 28
252 412 17735
520 345 16248
587 235 9442
580 574 22673
437 17 32603
185 110 3036
450 414 10101
11 351 12658
496 237 3881
226 118 30040
568 584 22739
435 103 5644
51 46 13998
431 486 7415
516 69 7061
496 502 24720
513 243 28991
418 374 28251
302 286 18294
304 179 20233
245 203 3317
542 361 346
362 417 11753
374 171 6299
413 257 15707
39 174 12756
26 449 26078
428 546 32509
344 297 4954
482 117 2518
188 202 27344
514 511 6200
492 515 1636
120 554 23028
530 508 23314
177 509 19617
288 451 31455
58 102 7139
461 261 24923
360 546 17684
397 242 29139
547 356 31573
42 422 5518
112 150 17777
510 549 19927
270 68 8473
261 253 24782
14 49 12124
309 273 22840
538 588 7282
232 63 12481
149 6 10544
228 106 31083
414 110 1718
232 395 1571
305 435 9539
348 496 15285
123 496 15659
447 16 10894
428 290 17760
196 259 10007
200 151 19741
199 465 6536
528 72 22145
365 155 32639
277 6 28227
550 564 26829
374 431 24780
125 11 26157
389 347 10067
323 471 15326
202 346 2001
580 471 866
111 448 30947
199 364 3786
540 508 14081
39 570 9551
30 419 10883
540 34 25658
12 428 22128
499 261 60
143 406 5655
154 342 8898
203 376 974
571 389 31735
102 172 3449
389 94 11623
531 174 2979
323 55 14975
199 40 13902
226 582 875
177 168 7882
231 413 17393
480 521 30760
470 303 29536
185 260 47
446 458 946
164 536 22749
568 524 11627
64 191 9932
277 88 733
398 182 25382
152 57 16599
4 202 4065
285 74 3055
566 195 29562
139 502 20702
329 231 15730
463 159 9136
130 429 1836
1 75 3251
390 513 7430
185 290 868
285 44 27075
466 19 14035
519 221 21149
214 370 50
586 385 23705
456 532 18316
529 117 9201
304 99 3028
145 308 5302
350 57 30413
204 512 32753
328 345 14975
51 451 10990
370 55 14639
3 63 24186
72 269 31252
344 83 23096
143 550 31812
465 95 29784
532 551 26248
131 470 10321
456 532 11807
487 400 30588
76 522 26513
85 561 21649
107 111 23587
154 208 28542
572 143 913
175 53 10509
373 325 29967
117 589 20052
455 270 5063
181 291 2541
149 521 31306
127 45 19796
115 144 17843
61 404 24334
381 305 11371
488 235 19047
78 435 5577
436 546 13275
327 68 32523
208 209 8591
416 89 12121
378 298 10599
50 261 24526
293 209 16027
567 167 23998
529 182 5839
307 380 7343
384 517 25383
65 276 31429
67 183 29646
428 2 30092
194 140 23770
205 421 1632
591 458 27041
317 82 9457
181 81 10203
514 356 21387
5 573 9757
167 473 27688
383 316 14740
438 396 30333
39 470 19726
449 228 28287
111 414 28586
362 320 24594
371 293 9169
571 441 26588
195 533 24380
493 566 21112
371 248 21300
219 243 2687
238 49 90
142 196 6936
465 236 23437
57 353 4118
500 206 29128
117 554 15815
438 313 5912
483 516 18949
361 512 20723
530 425 32045
199 16 26261
505 255 15606
546 491 25139
412 301 27764
204 26 25634
354 359 5024
342 80 1347
26 28 30261
91 201 14421
125 546 29908
271 499 12797
331 96 1182
271 544 28061
278 252 2252
463 517 31065
235 250 14056
247 392 24026
49 402 14774
81 387 18088
510 412 20472
438 201 5690
580 384 31615
102 95 23820
579 286 19027
279 58 19797
81 295 9948
258 385 19770
401 214 15687
322 330 18316
125 55 13215
366 55 24435
279 50 32599
362 481 17822
336 591 24119
198 190 11712
60 324 12774
5 569 22923
33 72 1159
389 234 27244
466 286 8743
220 51 15789
460 180 17899
556 399 3783
278 4 11075
376 460 2579
157 365 12936
345 588 28184
178 131 1484
366 4 25632
270 574 5587
42 520 26850
219 243 12385
472 518 1124
157 131 10340
289 410 15451
353 100 23970
545 34 11962
4 318 13563
240 121 10794
227 186 4950
175 72 30882
95 34 31954
524 430 29791
75 97 26331
233 265 31200
222 54 26405
419 37 27063
427 541 717
98 285 17236
313 492 18431
34 179 32272
485 471 25081
21 399 14364
70 531 19015
102 424 11050
241 580 27523
252 273 9447
372 509 18698
516 336 5535
91 277 23638
325 353 12700
452 103 9225
555 501 12836
382 351 10700
382 569 2347
89 480 23429
455 69 26369
565 289 18846
57 313 21425
39 133 32586
519 525 26062
120 547 2829
260 12 24275
565 219 15609
390 359 14703
464 318 27985
250 500 4179
71 55 6554
303 80 17489
378 369 8001
64 506 32502
22 170 8800
325 401 10982
550 441 5188
410 352 19866
217 329 8382
124 357 26206
393 205 23159
527 286 9362
520 468 7595
510 451 31654
248 406 7711
154 181 25925
204 304 16433
577 128 4773
198 329 1616
544 563 29702
169 427 21308
346 248 27061
132 507 22238
146 11 13365
525 249 32416
172 50 24927
228 476 899
255 345 4758
30 85 32619
200 138 7259
204 390 8274
103 164 14832
116 505 27500
48 460 28615
40 298 23387
84 314 19945
48 454 19458
296 465 8102
587 437 27551
110 279 18464
319 476 7210
253 535 9115
198 39 8502
192 322 21388
160 459 30147
16 506 28645
251 417 701
56 542 16916
447 271 31267
368 19 32413
525 253 9221
548 161 30830
549 324 16863
583 478 5423
316 532 8698
472 227 27708
422 587 24534
235 2 534
451 359 28625
370 130 4196
299 261 17279
212 193 20187
395 442 24949
438 287 19375
389 398 1651
369 560 8783
407 515 7986
215 282 21924
330 105 28989
185 459 20232
240 230 28322
310 499 5542
385 571 17249
568 278 18969
385 413 31960
150 121 24652
266 541 2730
517 5 1556
141 139 5579
73 207 12032
65 84 5559
439 228 28228
64 88 29956
192 256 11739
97 99 19911
169 89 32295
325 194 7051
210 432 15294
590 221 964
224 205 12586
110 471 22286
559 181 14516
59 237 31886
180 158 18087
216 259 26194
367 138 16007
201 183 18569
394 60 5667
518 43 26334
56 111 8096
441 156 12905
320 140 28611
381 501 30694
272 557 18467
553 216 20796
22 181 17680
250 234 15989
259 389 23883
63 551 2487
368 488 5612
467 502 14046
353 259 14082
500 359 2757
373 57 24019
292 151 32612
523 277 4036
274 114 4428
493 54 32085
267 38 2087
215 311 1716
444 529 32578
172 387 23506
120 453 21586
188 504 20479
460 589 4592
539 324 15736
534 475 14466
220 119 12145
106 114 17285
356 113 2426
148 165 17016
268 403 6485
511 232 9181
196 447 31890
94 146 13826
80 472 5520
500 530 13458
250 347 952
287 207 19238
513 170 16640
389 295 5187
245 141 15139
117 261 6544
295 416 2322
239 533 1316
201 346 19840
532 455 23869
432 225 32161
470 180 6854
339 160 12145
37 268 104
528 282 21782
185 534 6951
557 567 29512
93 364 5813
12 235 32445
53 554 24317
300 254 12548
558 330 13724
566 578 24420
461 584 15678
479 260 16012
532 16 22039
398 99 5177
373 196 19954
317 81 13354
16 88 11150
388 539 22501
293 537 4157
54 383 31049
84 335 7170
191 135 26084
401 214 16295
385 433 21874
61 461 17784
59 346 30759
63 312 25773
208 324 16772
252 574 15528
322 216 15084
41 343 27789
91 325 30003
427 358 28902
243 58 21211
75 444 21581
342 136 27843
381 284 24912
3 2 20837
245 328 13068
272 105 25348
329 569 3896
237 174 13145
568 287 12173
451 76 31632
30 396 22995
525 92 17863
21 542 11520
553 241 6468
506 253 12067
373 477 3353
393 449 15123
324 323 7420
556 250 15905
419 277 2670
537 587 5433
524 8 2194
71 293 5679
502 453 31545
94 265 15672
537 105 16919
53 367 24508
278 344 28442
277 491 31992
89 67 29523
113 361 6712
267 88 20476
117 410 23434
445 162 16763
101 120 2874
6 477 14447
44 14 20855
168 554 22833
3 346 19183
405 400 13383
57 284 18506
80 543 2752
168 356 6597
409 272 18293
334 486 12639
335 83 29336
394 165 27480
110 349 22308
404 91 16365
564 229 27143
403 330 21148
157 178 20759
84 422 4689
354 1 15417
556 388 15179
21 105 11586
454 438 22173
465 96 23410
285 439 7313
388 425 9638
464 26 13920
237 352 4745
246 516 4342
233 506 16497
502 388 5559
2 230 28328
552 391 32651
532 543 2133
197 411 29076
54 240 23873
571 514 16984
441 336 3879
526 396 26957
87 181 14931
319 413 30212
141 445 5820
449 207 16231
37 144 19166
460 125 24261
497 230 31744
190 15 23971
333 392 24484
370 383 3722
281 451 16471
130 10 10313
575 167 7201
527 311 14438
339 390 19767
14 228 11444
574 277 7627
460 169 23872
419 321 19974
49 556 30493
197 302 32654
250 69 15800
139 16 15408
45 148 7084
45 155 30082
25 196 15708
585 379 31116
232 452 16060
148 295 31982
116 78 8971
280 61 5361
352 450 10349
324 493 23681
264 123 25256
410 201 5395
190 116 12143
57 366 28879
218 158 23555
437 211 26018
140 585 1805
425 478 265
39 306 15107
225 443 17061
89 342 15479
532 589 6144
159 213 25880
393 444 15891
533 155 28500
190 328 7516
433 536 8160
472 269 15282
283 576 4487
575 482 11032
60 289 23831
221 556 32564
249 251 14913
84 43 23361
440 231 22468
357 77 10383
170 556 22599
297 409 2543
51 265 28320
553 456 15004
143 16 20356
241 256 18306
261 112 26569
73 30 2035
68 74 19921
552 32 30497
414 416 2472
185 200 8708
247 262 25346
576 51 21872
185 86 13600
20 470 9849
587 277 10293
115 360 25488
200 427 27895
80 464 1740
549 482 598
396 486 29276
7 569 30345
261 94 9763
544 261 19446
554 207 18912
375 270 32682
164 69 26995
120 151 29261
143 164 10525
447 558 30171
247 435 5588
59 257 20876
502 197 6651
260 189 31408
223 184 6433
243 313 23656
395 511 21902
512 310 8576
357 472 6355
167 176 23267
58 461 13453
64 379 25167
429 250 25374
303 13 19548
445 151 26639
222 255 28152
232 37 7757
180 423 14553
551 411 30344
64 358 20381
448 7 21082
503 33 32146
302 298 14594
575 111 1875
425 128 10449
439 418 24769
521 38 21663
304 210 2569
476 456 32486
239 91 30889
171 490 27726
284 277 21177
131 524 9683
114 314 12773
198 132 1740
150 400 28882
524 219 28023
272 332 242
347 294 25822
449 77 16356
394 272 21804
534 560 2814
26 537 17356
270 373 13453
254 364 32488
493 22 20977
532 339 18464
362 55 27299
50 79 16534
541 243 12219
136 556 3231
266 125 24738
225 155 28598
309 201 11488
249 520 4488
198 404 3159
99 555 17203
522 576 32322
426 273 2059
512 233 13517
527 19 26500
395 128 13869
569 433 13836
74 480 15735
483 514 8453
578 409 29864
413 25 28185
555 123 20127
366 108 6295
240 122 8953
500 247 22440
567 43 1806
241 589 11893
591 86 1657
286 326 916
406 55 8956
558 100 28505
476 411 13978
347 337 2266
376 525 17465
576 394 1999
88 93 16949
470 210 9615
513 426 18332
342 557 20952
339 346 4120
374 40 8229
99 546 21420
262 550 22722
264 373 18127
243 547 25822
3 386 3213
445 488 28485
442 390 18353
540 92 7056
416 50 6444
208 424 13282
147 456 2350
103 12 12698
53 282 26030
76 2 8056
222 67 23639
264 124 5157
130 268 20245
224 1 31271
53 84 27054
99 352 5791
422 388 9267
110 78 21097
366 393 28975
238 161 16757
505 362 10195
28 239 21102
163 502 6558
289 561 1295
231 109 37
192 290 4023
436 100 23314
541 397 3345
140 118 16234
259 130 12533
414 204 20673
296 171 12239
324 246 29153
265 196 1571
364 155 32269
71 581 13840
343 255 23793
55 517 28385
376 478 21199
407 297 30471
100 542 23447
86 129 11027
95 554 31458
153 301 1166
515 314 1041
20 23 29114
572 18 17651
260 347 25508
48 286 714
411 475 27153
14 365 11399
87 383 3369
284 188 22152
176 31 25323
560 66 21325
185 562 13015
74 247 22997
328 476 25675
245 283 30117
471 343 1155
64 167 17834
426 209 30533
109 310 9840
78 154 29077
181 364 6498
393 310 16404
9 87 24089
513 421 8901
483 352 5085
386 515 18043
484 8 10467
129 93 10264
159 228 10738
342 80 2143
519 142 116
279 396 5913
423 417 9754
228 378 12965
19 574 7329
143 108 5467
182 297 23898
243 171 7241
320 143 18300
91 294 2861
52 321 9585
104 39 24511
448 176 155
450 543 31391
418 127 30786
418 22 11918
132 471 31658
75 167 14005
484 57 28803
446 566 15145
225 114 17971
87 327 30442
99 496 2983
483 438 21776
407 531 8364
188 590 744
226 275 23816
189 511 4903
179 198 22209
257 452 29317
396 561 7768
370 179 10325
54 84 8931
150 58 15872
210 511 18761
274 312 15969
502 572 26896
128 152 6779
320 38 9850
198 91 29448
210 400 21732
571 132 24252
225 250 32165
19 383 21346
407 32 9952
17 503 27679
172 79 21254
171 81 29046
262 315 15609
430 60 22495
252 92 24078
340 175 28698
159 197 8803
193 384 20613
257 580 9544
97 268 8464
91 455 12959
363 194 31663
292 48 27530
429 255 4446
385 331 7106
31 123 18438
568 454 23136
454 305 8173
406 133 19464
252 347 28537
50 418 5557
444 562 31333
412 448 5784
289 535 9662
270 494 9410
122 589 7239
120 371 7064
390 235 12043
54 203 23612
463 178 11339
389 120 16244
534 309 23311
68 355 13752
385 507 21499
274 585 15722
113 439 8247
9 338 16481
394 27 28048
388 521 8537
479 150 21278
355 23 5853
19 91 9228
348 214 13514
325 78 13908
39 571 1660
567 461 24983
85 386 11070
554 352 24147
280 54 21410
395 550 10270
131 44 6586
533 448 9662
328 182 18294
371 74 12330
15 477 1424
264 193 11739
415 474 29387
96 255 27133
417 349 5744
571 115 10067
312 372 21070
536 294 15603
50 177 14254
453 282 24360
556 279 16369
125 117 8470
528 551 13524
52 242 19446
476 94 23958
511 306 28418
173 167 7531
332 38 5997
338 57 25855
349 282 507
494 169 31749
5 131 24590
16 532 2293
136 383 2123
395 122 11405
255 148 12068
564 422 21431
99 297 7649
538 108 24019
208 233 24326
129 2 11941
91 468 3367
196 451 2642
566 229 28042
327 222 32556
238 127 21027
286 172 29764
351 432 30412
277 506 1268
399 400 15313
125 111 28903
416 419 21536
359 215 25928
201 306 18366
329 404 3857
378 408 6996
286 389 4037
398 587 5096
513 292 25841
540 328 31274
262 197 26693
438 504 725
500 359 4391
575 536 10772
266 89 25101
52 435 28146
228 449 15111
414 93 30770
134 436 30774
231 585 557
310 356 7721
125 264 7560
459 424 12121
367 520 8917
358 332 27956
25 363 25475
155 168 3197
577 7 28336
549 145 6123
76 236 20654
229 379 11589
284 542 17246
136 523 16504
105 51 22960
549 187 27989
18 575 23277
229 17 27639
356 332 21129
517 107 17668
298 228 24508
337 514 14917
75 575 7181
102 81 19784
333 371 4756
204 238 12554
304 458 18848
383 405 5341
387 292 24323
301 217 26116
227 506 15155
118 86 12983
444 497 31227
358 497 5269
531 212 26494
498 574 16810
588 173 26283
334 184 27279
513 182 21119
91 139 12631
325 437 32157
256 316 6206
274 381 27698
328 380 6233
98 484 21009
422 87 28599
10 23 21393
533 145 29616
268 574 4504
254 383 8031
30 28 14798
93 391 32621
457 81 14835
508 231 21437
97 334 25038
272 124 5278
579 496 16685
97 448 19588
540 9 30697
240 304 14460
33 399 3063
50 21 12507
101 127 15840
505 398 18643
499 577 20035
278 249 12015
414 107 18207
98 193 29105
415 267 12835
313 573 12987
50 519 16692
114 21 22609
111 65 24802
487 411 16405
220 437 1166
354 459 10057
349 300 19043
431 7 15356
315 124 27001
557 552 26610
368 425 18105
358 531 12577
551 265 7513
188 233 21783
209 388 28168
148 454 23475
18 469 29734
577 203 4834
53 521 17051
210 455 2158
255 384 29223
380 469 30722
454 131 2373
383 168 4837
65 388 2546
87 25 21537
587 264 27644
520 187 3855
66 341 19107
569 93 24452
38 182 17074
382 394 27152
93 499 31323
446 409 16387
279 380 7798
221 490 3656
293 268 22779
235 588 20268
37 111 29387
171 414 22177
112 273 1826
322 222 3506
104 136 31048
171 548 23828
564 5 19812
82 34 28699
338 584 11121
50 63 28797
256 530 16331
212 581 28841
365 168 28372
372 520 15776
380 51 31122
443 163 4744
554 91 20326
76 282 30586
306 221 27936
329 172 16953
414 130 25630
280 302 2764
422 216 1090
346 387 16190
310 263 14802
269 92 10469
285 293 3244
505 444 31494
288 61 24658
76 554 13743
467 558 11442
372 173 6426
471 347 30147
139 424 25852
550 389 23618
167 57 31880
85 250 19517
102 264 4882
475 11 7717
122 80 3728
520 86 1446
382 345 9332
397 391 30070
523 2 10893
74 94 16848
480 121 30961
524 136 21346
146 509 23333
364 276 15057
495 482 15858
376 68 31009
115 457 21683
511 300 27554
268 526 11264
180 384 2612
178 225 22772
187 573 7419
321 87 31635
356 138 19168
278 176 28657
164 99 29805
209 19 7458
379 181 18154
195 544 8748
401 306 25024
204 440 103
306 320 23699
149 557 8205
372 476 1678
38 106 30449
288 28 26582
540 91 654
304 195 29728
95 64 32239
577 59 2528
207 348 4389
14 442 23432
558 123 31547
549 218 18639
11 551 14577
116 398 3071
15 11 14757
375 238 943
152 486 8488
270 194 23424
398 271 12417
321 76 30385
369 227 2240
206 241 21924
192 508 25202
123 69 19373
130 171 22876
168 384 19648
183 81 24440
115 276 29402
396 364 7033
226 446 10556
204 447 13880
114 242 16332
47 44 14296
14 204 4918
518 179 24714
192 95 1709
529 74 12845
230 96 21079
207 256 30536
560 522 13759
47 209 18697
136 585 32756
167 475 14676
305 106 10001
442 406 9989
507 547 26471
523 119 12778
490 247 9857
469 580 4399
169 293 12463
455 72 2600
242 136 26609
511 177 16057
254 342 12614
359 275 20954
84 582 27085
407 262 17887
140 490 32578
412 101 19338
76 240 32700
501 155 18969
156 421 8879
267 532 1991
207 460 420
274 309 22401
591 154 299
503 266 23477
39 149 23268
347 516 6022
124 462 24514
387 549 32469
395 203 30157
18 464 19154
302 171 5899
115 347 23573
26 490 16225
544 414 13432
272 203 21890
325 389 25114
79 271 16206
28 456 25185
530 374 3112
548 471 24269
513 516 45
348 544 32503
487 361 24921
407 384 12835
168 396 17398
57 533 6163
223 402 17900
63 369 25648
134 24 16583
113 529 1828
537 193 2192
95 362 27246
249 425 25045
111 113 26273
246 12 869
136 157 10314
457 223 18610
202 416 16560
208 308 16346
400 481 30447
481 350 2752
77 76 25367
540 503 11462
420 554 16470
265 519 26357
487 537 1122
581 74 17096
320 506 31117
359 346 28624
201 20 9813
530 356 13026
325 503 2119
113 543 26011
159 107 24979
213 485 31572
479 293 24484
63 527 15586
46 403 1679
532 578 32438
5 258 24642
210 6 3379
231 347 16307
407 37 31064
9 37 18308
319 108 25622
2 507 8399
244 591 28894
80 564 14880
555 121 14415
382 44 20420
57 75 31254
438 549 13806
388 107 31058
490 35 12912
68 13 28956
47 476 30447
513 487 30470
586 45 19931
574 590 32688
188 394 7067
208 512 7614
568 218 17059
240 372 3542
155 66 5232
578 101 17012
369 34 4772
192 291 30895
25 484 10935
137 215 31560
269 2 7148
368 505 11159
253 333 10904
415 331 16439
489 2 29917
125 534 30591
231 353 31840
257 72 20511
437 360 5539
445 421 17547
343 42 14608
482 2 5619
204 23 31448
368 578 31215
130 564 1578
100 57 2618
390 72 11637
372 360 14342
127 86 17591
252 323 19661
187 522 23548
186 188 16563
429 341 24476
429 409 29392
168 539 28899
296 436 10748
469 311 17694
79 154 17649
369 72 21059
531 325 14051
562 297 22450
519 340 27103
14 435 14016
385 79 29319
361 243 25097
389 191 14605
533 370 15291
121 279 27004
94 503 23131
191 416 12712
446 309 10422
356 346 7527
7 107 243
310 258 20950
377 468 3078
137 515 3804
516 442 9722
545 195 18992
138 104 7359
352 397 31099
81 484 8840
4 188 18816
554 492 3548
540 508 7752
64 153 20711
337 71 23742
382 332 16046
125 120 14411
55 554 4138
65 252 8008
23 383 29830
492 192 30568
289 489 7918
243 337 14177
60 499 2469
157 62 7552
273 234 22894
419 514 23276
356 117 15715
176 475 6599
342 114 9933
134 515 22633
349 188 4511
440 501 15975
258 570 8606
364 58 24624
577 13 24934
399 534 27734
238 207 18360
571 51 2539
77 302 7398
259 567 20852
376 146 15672
279 8 21081
207 406 22164
466 18 5352
113 131 28374
190 184 3392
342 54 3483
438 57 3515
458 56 8044
329 44 1971
325 560 24967
525 203 24501
326 477 11459
138 161 22149
51 424 6963
23 52 6775
326 496 6047
584 29 3341
158 558 14064
402 401 14042
435 97 6926
391 6 22555
58 154 23542
84 576 3718
308 268 24300
567 577 14649
31 395 27918
361 541 10709
200 378 4538
35 140 24101
71 103 7808
254 78 32745
365 182 30112
265 396 20622
176 211 15674
115 451 1291
315 91 11455
335 58 31247
15 344 4930
544 240 9030
330 509 20667
590 126 14440
577 549 5470
164 59 31043
246 46 8584
269 293 32259
6 431 17920
423 578 31591
396 105 22388
363 185 15014
90 535 31095
1 107 21290
520 354 25717
168 559 2164
187 546 26451
420 471 6330
350 405 12468
499 588 22825
281 158 13592
479 556 17104
418 135 7769
63 513 8085
164 380 26151
470 60 26833
118 526 24728
521 554 12633
519 467 23784
103 40 13096
439 281 29179
24 45 23777
334 326 22844
250 414 5601
226 4 13809
229 469 28577
28 119 8225
70 362 12682
244 334 4503
394 291 10387
188 7 14502
198 214 30278
420 443 1989
274 559 21232
55 227 27154
216 345 25906
252 366 9307
469 558 1325
542 119 26447
519 169 3067
119 90 17101
455 275 16440
322 497 21404
235 385 5823
282 207 31725
30 367 27379
313 156 3186
487 77 5156
34 462 18167
145 501 26097
523 577 25782
263 549 18359
483 531 6626
304 501 13167
178 224 15648
57 9 9863
240 181 5348
586 289 28565
439 509 9706
381 315 23040
351 19 1350
98 41 5357
318 272 30141
128 44 25868
141 534 19305
564 102 18723
231 426 472
524 143 18279
496 242 28697
23 356 11774
521 181 25473
213 256 15170
330 279 29968
457 116 29342
541 395 30384
296 75 26908
330 314 11469
583 12 8440
66 413 32249
189 433 11740
113 199 9623
136 154 25486
276 423 6074
180 80 8192
94 539 30077
286 180 22584
439 373 31367
120 265 11879
474 232 21352
467 498 12564
43 322 25372
226 35 30590
227 234 5400
136 426 16585
192 118 3988
113 344 1180
303 87 31680
513 354 28605
435 77 5601
221 311 10113
56 338 4240
433 549 17717
27 423 32130
468 319 22222
333 56 13225
137 292 25714
456 218 23954
103 79 4807
21 26 19523
285 251 8228
132 337 7511
543 370 29779
383 200 32253
110 224 27720
113 88 20433
256 30 5497
147 515 2859
108 252 4340
48 533 14114
47 348 23141
488 251 2058
404 550 3789
366 72 4902
580 144 13171
230 481 10109
271 241 28146
227 122 1291
436 91 17521
535 506 8903
40 119 26995
84 55 18746
225 389 22709
547 351 19093
105 113 13076
76 403 25224
40 367 25979
351 505 5964
232 346 19266
64 447 8861
25 107 13956
568 306 17556
276 520 10581
97 45 15267
468 3 8427
380 23 17444
485 251 12296
235 110 18227
306 179 22601
363 486 5071
101 527 10805
212 486 28284
553 469 16908
106 71 17103
397 42 19412
421 65 8116
325 194 25364
362 205 12880
155 115 29493
127 401 31939
559 416 17295
268 511 23871
561 442 9853
422 263 28461
157 531 25878
323 2 13140
428 322 2398
529 430 3392
173 48 9991
211 323 21341
155 217 18202
39 2 15487
47 486 13604
383 379 12493
287 406 11449
344 451 15693
399 108 23660
25 446 28804
384 12 28553
128 256 3037
117 146 25145
207 231 2271
556 197 23511
26 22 16984
553 518 14746
43 27 28930
475 526 26603
42 399 26704
31 209 13042
226 351 27492
244 11 26440
234 301 23396
271 338 465
405 434 14236
123 285 23076
118 325 15668
587 158 13586
103 535 14187
514 422 5413
183 143 4744
421 394 32053
406 37 21257
459 499 15710
148 435 32699
415 43 23806
160 316 10419
77 118 21641
317 424 20076
569 327 8270
278 178 21364
438 588 20869
277 458 10343
501 535 13632
22 247 21810
138 589 273
43 125 13265
471 226 17287
59 61 28668
478 201 10954
313 538 31890
477 30 7686
219 328 31379
96 287 13922
390 445 22279
4 347 27312
575 86 31798
548 169 19746
79 563 10216
575 276 7330
428 417 7089
434 14 13218
420 473 15734
521 109 7294
516 530 11688
174 440 22470
284 516 9705
57 302 15113
5 411 28191
250 32 20219
388 302 12056
497 222 18952
227 397 12621
511 102 16563
234 181 31594
338 452 30551
544 248 6050
260 567 31005
500 160 22524
407 221 17994
540 220 4374
271 413 8233
523 459 16403
251 436 17223
479 532 15283
111 215 20667
453 95 14787
199 57 19876
45 565 26980
7 150 3118
8 303 30688
267 329 5053
455 482 22784
382 441 17931
468 337 27940
86 567 7513
153 160 28305
323 401 1034
448 578 15522
435 507 62
151 510 30441
349 552 20041
94 182 13162
296 382 6930
500 22 16999
491 152 27594
250 388 14205
387 269 29301
272 418 8965
290 468 10034
471 371 22515
470 262 3163
520 130 6565
130 144 6080
142 328 27242
144 380 26030
481 122 16029
23 150 10891
30 574 25009
384 315 24099
347 450 12672
106 25 26624
51 570 18868
506 231 13916
326 61 7214
279 447 12698
555 119 5290
573 236 31807
337 410 5405
375 152 29666
561 419 9597
162 174 405
432 526 27881
233 207 2217
101 576 17273
154 462 14566
116 571 13082
356 40 17796
232 455 25400
392 565 5266
69 418 32308
44 268 29320
221 166 28877
446 417 17459
116 441 17156
32 278 9543
524 35 1839
134 471 27698
28 295 18217
18 16 15370
518 11 16615
418 238 13224
414 523 31456
109 305 30032
269 275 3581
204 376 17527
310 591 17940
495 382 24453
3 357 15135
97 588 6567
281 507 5285
21 574 7430
327 419 5650
382 85 14341
357 54 11767
540 450 14421
366 313 23390
131 163 11513
158 319 9149
430 574 1176
136 209 22836
205 32 28584
138 179 25607
183 169 18008
99 229 29602
127 274 74
527 464 14986
430 384 8310
248 185 30202
106 216 25036
170 222 19758
3 427 368
436 495 23935
105 174 18857
197 226 24541
486 453 3286
182 554 2385
479 52 8709
150 498 27529
141 565 15622
578 168 31643
128 54 14858
544 108 21630
23 120 14639
416 289 6138
575 50 16519
546 464 19434
586 333 7044
404 214 2863
99 415 25798
165 141 10410
475 131 9150
26 387 18440
439 462 14765
419 164 17238
44 76 4568
73 473 17803
166 260 14103
291 203 8590
227 93 9478
565 124 27236
115 319 30068
112 521 31878
539 385 31478
552 3 20880
434 390 32671
333 356 28367
23 321 19274
9 430 21579
255 337 22270
310 247 21863
355 489 15188
451 399 1334
564 460 1504
5 223 12291
246 455 17939
495 257 2252
387 90 23570
106 116 3227
3 316 29805
200 466 30470
458 93 12739
496 160 18999
138 39 25006
478 333 12876
365 48 19609
388 53 16120
462 385 18497
321 443 24479
37 517 17171
273 426 3433
516 283 4781
347 40 27652
256 120 31265
508 310 13575
200 38 11474
402 473 19251
36 407 6401
48 302 10765
22 418 4452
481 294 23424
6 350 3932
396 112 132
359 334 20391
562 341 6921
394 398 2464
71 194 30347
54 289 1387
148 80 6688
164 371 28575
115 65 27107
580 237 2378
479 293 22266
371 486 18792
28 17 1213
471 315 16673
338 305 28313
541 350 9829
178 256 11719
557 341 24779
579 494 20214
406 120 25270
122 298 1907
178 189 3364
545 245 22131
203 284 26316
427 155 2698
574 91 7997
190 582 3199
506 60 15688
499 280 2033
232 460 988
336 462 24458
376 541 6932
541 506 7610
483 51 29495
29 427 5163
447 214 13763
13 124 27501
14 562 31984
317 162 20879
419 354 1062
4 191 4503
288 487 9298
468 191 30500
251 169 17710
559 373 18580
579 115 2253
12 414 10118
516 180 26889
377 137 6809
424 204 22191
462 84 13481
103 161 14455
570 204 3332
350 92 31780
124 249 22855
457 244 22124
189 103 17639
349 295 24176
400 16 27532
94 16 30699
251 218 29393
557 361 2922
134 256 29952
144 452 28193
280 141 4575
190 407 9019
150 586 23476
315 564 24256
315 484 17922
585 178 30296
286 437 2224
326 233 18078
387 315 26002
173 505 5053
65 217 14235
453 261 8845
242 225 31251
573 239 17259
477 110 23467
269 272 23164
456 118 17479
538 67 10531
325 466 17871
397 268 19150
13 501 3956
25 536 2915
394 147 30746
46 435 2042
503 405 24565
107 104 31393
148 518 21107
77 466 14435
326 17 18694
332 295 21702
419 496 1146
490 563 8313
464 424 30155
447 298 24813
73 571 28861
183 442 15632
177 207 12706
345 334 32605
502 499 27931
17 416 2047
297 264 31659
418 21 10691
564 385 3191
156 286 17148
148 312 29076
521 431 16307
133 535 23969
476 323 25783
541 364 7592
450 385 23393
405 93 19328
65 512 1076
229 407 29722
516 552 10907
413 479 2692
535 580 24173
108 464 2958
90 380 2058
472 505 16203
228 71 21031
137 271 23784
488 38 20649
5 285 19089
140 116 28180
560 540 5720
238 421 12677
7 94 26205
509 9 27946
539 39 19877
453 389 27061
539 393 104
190 274 15682
277 462 7609
144 111 15516
446 536 32209
318 146 27636
460 494 31597
54 172 4190
576 130 21502
275 306 5553
34 456 19862
548 524 29855
296 66 8917
388 286 13089
399 489 5199
336 22 3459
9 6 15388
178 354 24766
562 215 11144
138 441 7905
320 322 17452
326 299 31920
244 435 29903
474 87 13257
449 227 22492
552 12 14059
493 400 29789
441 192 7737
310 531 25516
572 258 28551
530 371 11619
255 224 19226
349 418 6192
398 307 32607
145 420 18837
499 173 9856
507 532 10175
65 377 18156
408 213 22519
273 518 3106
234 414 14685
552 12 8035
500 241 12007
166 277 23
329 131 15589
419 215 2572
261 565 15723
55 205 11218
371 233 3194
484 100 14820
468 518 22460
13 490 23392
497 531 1838
91 430 21366
582 263 19218
150 19 30432
266 257 4339
461 443 32502
516 448 17585
87 174 13378
40 260 9154
184 589 10399
102 449 22579
102 113 32067
190 529 24074
37 508 2893
47 246 12567
453 558 17831
441 62 14939
104 319 24925
39 260 15242
64 353 19897
208 530 23635
129 296 22468
351 167 20596
395 387 3328
324 383 7880
202 379 8046
569 298 12486
70 61 16706
569 98 20278
509 439 14552
68 466 23554
585 300 23998
242 536 17002
431 187 22000
195 76 3594
584 262 22180
186 171 11887
156 565 28204
90 475 28717
558 42 1240
567 438 30136
147 318 24809
352 85 18798
435 328 7656
42 546 20367
183 551 16901
321 317 14871
146 265 31818
481 18 31165
99 11 11455
220 87 20094
374 334 13273
201 135 24442
560 60 14541
428 28 29973
479 313 11922
444 351 24982
576 314 28094
332 109 9144
472 385 19850
571 33 11240
66 302 20626
62 539 14386
282 3 18995
453 93 17399
487 456 26519
64 492 24591
566 322 21455
267 279 15591
355 8 20614
579 19 5033
77 223 9523
58 539 15525
285 317 17629
304 248 28781
469 479 3777
194 536 15958
508 457 10366
188 426 32365
105 494 12447
479 200 15868
376 2 32393
403 105 11562
203 131 24892
424 192 14697
221 319 24693
254 547 5026
113 71 31748
276 570 12904
87 128 21365
366 197 16280
59 394 5218
394 334 7721
194 337 6153
228 103 8227
413 222 18678
137 490 28142
325 332 20450
347 72 22393
158 228 13080
85 223 7411
177 385 5627
259 393 32765
137 321 11916
242 321 28578
100 261 25844
3 103 12421
493 244 30085
391 427 20471
523 259 26545
379 369 19440
318 371 19679
306 429 29488
85 364 4147
139 369 26600
17 265 15513
17 535 13496
415 3 4278
271 348 22259
425 496 4240
274 87 21077
440 570 4874
72 77 8639
216 223 7554
432 300 30097
128 423 18998
276 569 31662
109 364 1601
548 410 13925
479 203 14922
116 498 32416
34 8 32054
117 227 812
25 502 21124
30 556 14848
56 367 15897
298 551 6598
19 524 13734
178 106 24849
489 479 15342
96 137 32266
568 71 19606
44 477 9337
569 501 16195
498 90 6513
91 557 32566
254 120 782
438 72 28839
533 199 28672
121 419 12165
197 166 7647
365 25 2925
446 468 5750
128 68 21238
458 552 23429
115 137 13474
138 400 21942
589 120 17936
244 334 26284
197 62 12875
130 136 10102
106 442 13894
49 408 21468
367 411 32483
561 44 30761
473 229 15896
133 522 31371
192 157 29972
145 245 23081
410 481 3946
537 224 19816
266 265 4020
3 33 5672
103 545 18468
172 561 15840
38 140 31233
165 35 17624
408 416 19722
557 214 30453
495 486 576
385 590 29285
411 140 23066
229 56 20697
506 423 5072
591 14 5636
510 328 24393
292 200 3154
408 198 15147
282 168 516
183 560 21502
120 511 31092
333 496 30376
147 343 31277
567 332 27172
500 497 19189
326 414 12945
201 164 31823
487 546 29663
76 37 10288
168 503 29893
159 267 30414
142 166 13004
536 181 8660
408 525 7824
50 334 9835
132 368 895
510 195 27595
565 400 24777
457 404 10069
128 228 8506
457 568 2152
198 12 15917
487 483 1391
22 273 32234
212 4 20693
520 504 14331
191 311 22499
189 228 27238
168 280 1723
489 159 208
423 191 13286
206 337 2794
516 281 23346
495 446 20931
491 297 717
23 62 21457
176 117 5866
412 295 15812
436 473 1872
300 455 2705
222 388 20378
274 202 7985
356 496 7709
322 215 1788
246 217 22185
1 345 31674
60 403 1440
195 370 12469
207 4 19738
129 405 31350
207 368 14608
11 189 29936
140 319 2237
160 83 18501
325 408 10940
331 45 12397
299 443 13971
177 348 1639
325 122 27031
84 76 18870
552 319 26241
222 208 8029
51 115 32258
31 198 30616
463 371 27704
148 176 7679
57 523 2521
300 208 28638
219 189 16739
64 411 25310
139 55 30655
312 423 31316
142 194 21778
233 318 21467
368 302 17837
311 550 9211
388 317 29798
10 498 25096
50 282 14008
231 240 3721
160 190 14461
182 122 446
212 534 30754
16 471 6179
267 363 9632
47 9 28927
173 548 1444
281 83 22365
402 20 26539
334 415 26637
443 459 22778
282 16 10098
31 302 22460
104 516 4170
126 94 12462
289 302 16575
54 122 14110
429 27 23890
172 404 31272
590 324 6533
591 252 19319
297 492 9302
187 297 10998
101 93 2783
264 165 18480
168 302 3515
202 75 5464
258 415 30209
279 510 12581
541 26 15603
503 44 1038
163 564 26034
94 157 8845
112 28 19098
640
21 551
479 348
42 250
118 158
450 201
83 531
341 419
347 359
190 148
195 514
248 392
515 450
437 591
403 161
342 162
304 288
570 115
150 392
125 27
253 84
77 415
181 281
417 485
157 585
180 374
335 193
466 283
197 96
359 315
195 112
129 301
383 485
90 270
542 259
505 406
407 453
412 274
302 198
198 563
587 403
590 317
490 358
199 29
324 152
583 105
413 198
65 421
211 512
192 110
412 109
160 104
212 520
391 590
288 154
443 456
107 247
225 65
382 183
462 111
225 251
229 158
382 324
422 481
487 164
292 124
53 165
44 510
403 424
499 552
328 348
344 542
1 389
361 178
20 415
440 204
268 318
30 490
568 130
294 160
256 317
302 90
108 519
525 437
129 466
536 477
112 254
345 390
425 276
10 181
352 358
505 554
485 571
300 209
210 303
556 36
588 370
442 462
62 404
534 122
567 60
146 235
269 263
304 208
147 437
396 139
119 97
180 273
240 209
11 213
80 479
577 472
116 274
571 260
469 367
386 507
386 95
258 109
532 371
548 449
224 511
17 196
380 47
375 294
530 496
15 559
187 30
588 368
21 211
130 291
72 427
206 413
346 109
463 392
264 572
28 169
254 40
372 182
250 225
563 348
237 300
414 204
232 490
234 380
555 589
371 460
390 205
321 482
147 4
257 541
491 135
2 242
223 37
433 337
373 55
546 215
534 486
297 350
70 43
347 92
56 274
91 488
14 506
147 287
266 497
360 222
357 494
550 343
106 236
263 191
566 275
271 47
154 442
42 48
170 157
585 189
69 587
226 42
575 224
352 169
56 432
543 560
539 520
578 195
63 400
31 340
140 566
143 508
50 572
523 266
433 587
217 284
290 259
504 56
510 93
362 60
103 458
28 332
490 66
114 157
506 191
10 410
531 150
449 73
577 192
29 411
322 432
358 301
339 148
363 555
117 449
465 66
132 532
44 37
472 561
438 308
462 93
116 171
242 20
295 22
173 293
563 299
177 231
26 474
549 161
332 530
307 117
362 410
54 313
151 120
114 16
344 119
256 353
570 131
296 508
305 43
221 321
98 549
426 129
283 429
126 431
453 233
46 152
90 177
230 542
16 190
316 52
468 353
205 137
381 418
226 438
126 66
124 275
321 216
403 5
94 230
168 205
83 258
356 292
216 471
157 151
328 458
290 54
272 574
420 150
45 190
508 334
394 70
261 384
400 539
57 526
270 450
518 136
393 33
50 276
396 408
305 140
240 298
456 393
339 328
277 143
29 457
590 196
438 79
474 55
522 338
13 581
52 265
352 517
427 182
588 299
28 331
20 554
388 214
468 55
406 456
522 94
576 143
466 350
251 100
4 563
130 291
397 438
459 341
14 423
184 226
303 357
551 303
211 156
135 3
591 457
412 6
52 539
590 351
549 134
356 515
380 258
215 168
435 363
154 210
500 76
426 490
177 247
128 42
335 431
194 525
591 582
369 439
380 206
591 298
157 131
430 507
36 412
294 146
101 553
168 569
230 253
576 588
164 157
475 558
230 71
467 423
253 528
557 240
252 411
349 1
405 400
418 223
84 160
452 289
570 284
30 387
45 451
488 21
238 406
358 545
383 100
430 587
373 590
342 112
371 77
394 475
392 8
205 385
579 374
89 542
417 539
127 191
580 197
123 207
399 129
585 125
481 58
325 346
585 6
280 13
513 452
509 60
491 125
11 249
317 384
219 205
338 523
591 491
160 97
530 409
209 493
458 383
201 242
432 356
284 445
12 83
378 320
253 393
568 539
392 369
383 72
254 108
1 492
575 4
55 396
170 40
105 300
472 27
326 451
148 235
199 93
369 113
113 270
273 430
516 575
265 32
75 470
303 172
149 239
484 252
540 517
368 495
21 253
532 235
53 257
292 472
166 548
413 270
121 527
468 459
313 281
199 408
590 473
579 466
298 146
403 310
106 305
123 358
310 531
223 71
276 570
209 124
41 516
3 376
134 362
252 321
551 291
42 26
418 451
19 349
513 201
356 483
584 493
509 201
361 584
319 153
566 300
202 562
97 17
315 100
403 456
62 394
205 319
245 350
276 83
294 246
356 452
440 4
313 2
472 83
373 257
89 164
220 159
89 410
433 50
299 211
443 9
241 222
569 12
78 525
341 457
353 400
331 160
100 389
53 84
442 406
240 49
580 487
430 298
515 479
249 499
159 343
353 224
320 278
464 392
1 75
256 394
369 477
439 487
562 308
356 120
34 76
207 259
155 46
342 47
391 538
544 521
106 243
416 232
261 527
114 249
153 276
247 257
421 157
441 32
37 190
383 372
149 377
16 136
137 109
75 77
307 374
105 194
554 165
184 509
461 486
487 469
87 24
198 504
101 316
122 412
352 509
404 476
415 375
88 236
344 216
3 568
369 378
435 377
215 473
117 116
368 216
538 34
478 98
116 574
289 467
8 420
584 274
415 561
300 202
211 263
10 549
489 219
196 364
102 487
432 335
534 312
327 181
492 288
564 406
260 198
65 267
324 422
210 581
466 194
496 397
391 377
412 416
570 123
560 228
130 329
130 145
168 353
322 535
270 470
441 510
287 519
256 241
460 322
355 207
402 286
220 4
1 210
205 352
65 289
173 403
380 167
336 18
368 245
382 328
469 343
541 413
239 281
478 405
554 88
113 75
385 271
439 246
276 380
20 287
487 229
282 550
279 3
49 376
306 290
506 267
69 523
317 361
147 553
126 65
435 408
359 438
105 463
581 132
172 513
298 524
383 540
530 542
127 556
182 247
325 163
404 89
44 439
146 321
230 11
209 577
24 260
463 477
166 160
243 127
182 172
435 492
526 533
73 133
316 310
6 412
563 357
286 331
73 506
84 369
365 445
132 96
444 263
63 535
369 462
