32108
32031
32289
32292
31909
32285
31997
32310
32078
31724
32239
31788
31725
32263
32423
32386
32108
32265
31168
32331
32204
32010
31896
31600
32237
30447
32339
31970
32352
31997
31984
32330
31941
32266
32356
31917
32331
32292
32339
31999
32081
32071
31375
31885
32145
31723
32319
31997
32068
32031
32339
31790
31090
32328
31090
32197
32331
31989
31872
32284
32356
32256
31152
32204
32308
32319
32133
32312
32356
32340
31989
32331
32055
32184
32302
31872
32339
32314
32283
32339
32329
32319
31989
32312
31723
32107
31986
31821
32190
32331
31949
32310
32132
32356
30270
31787
32061
32258
32331
32284
32513
31090
32093
32323
32207
32036
32243
31738
31755
31724
32087
32036
32331
32005
32124
31989
31464
32331
32130
32087
31997
32130
31949
32072
32316
32130
32339
31464
31492
31989
32184
32352
32256
32240
32266
32283
32331
32340
32081
32204
31932
32061
31487
32140
31655
32331
32238
32112
32237
31822
32005
32237
32292
32299
32292
32302
31567
32147
32319
32319
32339
30958
30682
32046
32299
32047
31793
32258
31909
32022
32319
31793
32319
31872
32263
32386
32447
32555
32285
32319
32331
31787
32265
32386
32197
32227
32047
31990
32319
32321
32231
32331
32237
31916
32299
31487
31567
32140
32299
32319
31970
32339
32124
32331
30733
31932
32356
32352
32331
32331
31150
32356
32316
32339
32330
31866
32258
32333
32270
32292
30270
31896
32036
32285
32115
32331
32133
32474
32022
32042
32359
32207
31969
31898
31221
32046
32285
32237
32283
32244
31567
32228
32302
31896
32046
32391
32151
32263
32146
31970
32047
32310
30591
32331
32133
31919
32239
31917
32323
32386
32127
32093
32190
32314
32243
32302
31308
32301
31928
31989
32283
32292
31989
32331
32223
32319
32108
32321
32356
32184
32239
32084
32166
31528
32128
31760
31723
32331
32331
32339
32036
32032
32132
32093
32032
32331
31997
31787
32082
32266
31909
32231
32331
32301
31795
32204
32133
32331
32352
32005
32352
32312
32087
32301
31973
31464
32331
32292
32232
32257
32331
31760
32093
32112
32031
32237
32128
32339
32046
32072
32116
32221
32237
32036
32112
31957
32285
32046
31916
32323
31997
32284
32171
31545
32231
32204
32331
31898
32133
31909
31898
32315
32319
32314
32070
32356
31898
32331
31090
32284
32319
32046
31909
31821
32313
32229
31917
32339
32331
32400
31725
32244
32292
32047
32331
32331
32072
32128
32184
32331
32133
32319
32330
31883
31940
32331
32205
32319
32107
31898
32171
32332
31818
32285
32285
31822
31600
31931
32238
32356
32227
32292
32171
32036
32339
32359
32285
32323
32299
32127
32319
32032
32024
31487
32258
32042
32352
31821
32319
32292
32070
32237
32082
32299
32475
32319
32312
32319
32022
32447
32322
32046
31916
31941
32331
31916
32130
32192
31691
32087
32184
32284
32133
31691
32207
31898
31809
32372
31787
32071
32251
32270
32257
32190
32356
32314
32071
32047
32285
32237
32167
32130
32314
32258
32356
31916
32285
31909
32103
31919
31746
32319
31909
32123
30958
32259
32127
32122
31941
32034
32251
32319
32131
32292
32024
32285
32316
32227
32190
31970
32184
31093
31909
32359
32339
31977
31696
32166
32204
32319
32127
32319
32139
32258
32252
31621
32034
31724
32205
32331
32115
32046
32222
32314
31874
32475
32319
31375
31099
31932
32386
32107
32131
31350
32292
32331
32285
32280
31573
32151
32322
32239
32204
32116
32331
32310
31909
32223
32330
32524
32292
32011
32359
31994
32302
32237
32319
32316
32284
32181
32437
32423
32285
32265
32293
32205
31898
32071
32331
32292
32359
32022
32240
32107
32103
32319
32432
32078
32238
31425
31785
32024
31755
32265
32319
31820
32130
32313
32115
32256
32104
32323
32237
32331
32174
32399
32323
32031
30682
32259
32031
32289
31977
31594
32145
30447
31723
32302
32138
32046
32061
31250
32107
32314
32036
32301
32319
32078
32115
31928
32032
32447
31898
32278
32317
32321
32141
31746
32166
32331
32312
32328
32331
32022
31977
32128
32234
31989
32319
31820
31723
31820
32070
32115
32339
32301
32340
32244
32068
31814
32293
31821
32046
32288
32258
32034
31916
32133
32130
32206
31561
32225
32237
32310
32331
31987
32112
32229
32178
32083
32139
31932
32284
32240
32302
32331
31898
32315
31874
32331
32314
31656
32423
32319
32423
32206
31987
32005
32339
32204
32331
31375
32009
31872
32421
32331
32292
32243
32234
32356
31250
31630
32005
32071
31963
31738
32055
32285
32070
32108
31375
32244
32073
32299
31822
32331
32270
32352
32331
32285
31621
32227
32285
31989
32331
32314
32046
32047
32128
31656
31544
32285
32386
32331
31795
32319
32046
32284
32319
32339
32292
32167
32331
32173
32331
31909
32283
32078
31696
31916
32312
32331
32005
31464
32036
32167
31970
32319
31969
32366
32184
32166
31909
32311
32316
32112
31723
32072
32123
31567
32331
32339
32301
32339
32352
32032
31528
32046
32423
31909
32331
32319
31723
31914
31093
32192
32042
32352
32331
31915
32292
31168
32319
31788
31464
32302
32184
32107
32319
32284
32104
32240
30733
31966
31909
30447
32331
32319
31946
32310
32081
31950
32359
32047
32243
32034
32022
31898
31820
31990
30733
32131
32319
32116
31990
32238
31984
32231
32256
32331
32046
31425
32352
32231
32453
32005
32087
32071
32108
32130
32285
32331
32068
32223
32319
32047
32356
32047
32005
32205
32323
32078
32133
32250
32312
32283
32331
32262
32356
32310
31250
32299
32311
32123
32070
32239
32244
32285
32036
32036
32331
32244
31917
32356
31425
32244
32184
32227
32301
31918
32181
32302
31948
32078
32174
32319
31814
32244
31821
32234
32130
32319
32204
31425
32108
31883
32339
31898
32352
32319
32497
32032
32083
32258
32359
32243
32330
32319
32239
32331
32213
31656
31497
31919
31986
32204
