637 7054
562 126 11178
469 256 27343
208 523 12553
287 412 8518
477 398 29758
444 348 13921
623 503 5897
274 229 8468
276 248 23960
332 88 7102
77 312 2673
424 453 31945
571 390 27173
349 340 24964
241 613 32508
100 345 30023
357 184 7193
299 290 4939
337 299 31946
267 433 3005
424 289 20476
213 536 1255
60 290 6412
164 373 22414
284 427 32371
400 223 29148
91 583 29681
504 334 20068
614 287 29007
442 89 29986
252 460 26576
410 135 23183
386 97 14298
32 575 21786
248 123 21909
210 329 23458
455 283 26208
167 550 24527
123 604 14960
36 343 27984
514 543 27901
98 205 21360
547 434 31420
160 477 4227
450 606 4517
303 241 3853
507 282 3629
95 151 4797
521 442 22904
101 592 1937
192 109 31037
577 400 20404
228 271 27975
428 554 15615
626 352 16344
38 137 10536
267 591 17761
344 252 11248
459 205 15685
455 445 20742
46 310 10402
198 320 30541
453 229 3415
222 256 16834
373 55 19134
73 370 17992
440 153 29396
394 12 240
290 83 5577
309 313 4768
478 366 26405
125 482 2084
424 292 27402
208 193 25364
242 232 16191
628 522 28684
108 180 26369
364 503 11815
497 258 4561
356 283 14795
65 89 29878
354 592 24854
560 570 19118
162 267 21143
575 53 15427
304 581 18199
4 75 6012
347 396 11669
588 586 14500
591 77 19667
190 142 6557
159 620 4084
71 267 189
97 453 23589
73 129 2398
556 220 27464
409 407 4012
367 104 19475
379 269 13917
591 576 25128
162 112 6224
390 531 8460
271 3 4415
574 352 21258
329 597 12313
351 365 6499
586 212 10899
126 469 1373
555 333 23825
176 221 16907
376 416 21248
460 393 21735
45 578 21290
35 52 3988
23 581 18613
486 398 30561
357 297 27850
618 338 14181
591 355 7698
376 121 14416
500 398 10900
342 555 17723
203 248 17810
233 582 18213
154 423 18040
97 498 10466
291 184 28411
569 527 29592
22 395 9724
576 546 14385
176 246 8649
583 138 29761
426 256 14284
48 315 24907
542 460 16599
354 24 4983
266 588 9207
413 236 9356
581 315 1021
605 424 5755
459 217 20420
593 347 19553
522 625 8700
199 371 642
267 257 32316
279 635 29457
272 9 23060
474 42 28702
424 302 22886
209 438 20582
554 259 30984
208 172 5850
126 369 21474
442 588 19196
540 123 11778
505 142 3165
190 203 20055
184 128 5604
450 117 15134
408 570 13735
176 153 30236
4 7 17532
188 261 11577
149 393 29836
542 111 18724
204 101 28813
154 197 9979
113 500 19824
88 490 27439
360 485 20133
132 621 2850
108 568 324
192 521 14382
140 519 19639
634 209 4624
50 235 22464
340 593 16374
494 563 5872
578 48 5783
128 52 5601
404 92 5928
66 181 7899
139 487 9732
563 534 23718
374 467 10591
354 298 183
600 228 8041
386 334 27654
16 48 30875
22 351 25368
523 124 28206
383 354 1588
176 553 30189
571 136 11452
454 181 11226
309 392 28437
407 252 24419
155 213 11439
158 484 13597
612 158 17409
56 78 20278
439 12 4257
371 576 32289
615 500 9449
557 56 30980
600 594 18678
79 569 12052
576 18 13861
191 533 31315
148 239 29064
362 130 32751
162 69 20180
601 342 12748
407 228 15696
394 413 31312
439 500 1085
404 238 20873
549 274 15774
616 60 2817
47 406 21609
92 300 12948
28 469 1929
421 578 29726
26 535 1338
328 200 7408
51 551 10917
368 285 5944
114 177 25030
554 294 7913
142 2 3075
564 213 11463
470 25 29177
312 413 32671
17 319 24941
567 633 5333
553 585 2154
504 89 6352
242 456 18658
261 414 11496
124 573 17020
620 323 9189
348 118 14415
249 610 22320
371 16 22200
70 194 17983
346 226 16784
125 379 7921
608 173 19817
580 557 26819
262 312 26278
296 503 9778
154 463 32633
146 155 9891
307 175 31289
529 346 18598
1 528 30603
121 621 24430
295 66 18512
503 149 8153
86 379 4441
480 392 14427
317 19 846
67 57 21663
71 524 29519
329 606 6353
182 396 12591
417 140 27065
286 370 15975
593 244 28217
259 18 5380
392 201 27593
499 485 4166
421 282 17159
108 79 20652
210 440 12920
87 495 13207
459 287 29957
547 43 15060
2 361 7909
386 579 6823
352 151 5859
208 599 9521
81 514 847
415 218 66
57 311 18684
478 622 3835
266 364 8198
499 464 19148
311 379 5481
607 60 32684
403 479 24974
415 275 3490
392 529 6987
384 133 1529
388 280 19477
453 80 17586
477 562 5460
321 308 5905
267 71 16407
530 630 9817
418 50 1943
271 18 18964
165 27 1102
176 261 10108
571 550 8336
473 114 11222
221 65 16607
178 419 3561
361 550 6518
383 49 9940
238 581 22466
449 263 11503
234 614 8640
345 230 15222
371 110 18034
161 274 10299
410 246 8693
518 115 1159
169 584 31958
534 407 22772
259 421 25016
76 449 17393
417 594 21870
406 57 12570
615 51 23826
323 369 29629
290 425 6849
407 12 14619
469 387 21761
96 241 5961
432 413 17925
15 523 951
410 288 26433
122 302 18634
403 617 25360
134 236 13333
158 408 14682
489 137 16133
15 24 17790
369 191 29221
199 231 746
6 560 18249
134 334 31523
380 74 26935
618 283 819
37 205 28591
477 242 10163
72 250 11484
285 541 11751
494 319 23957
151 84 13743
500 256 8188
337 423 6962
460 74 3160
373 188 2193
1 413 14904
606 171 1800
257 211 28752
459 587 7227
516 62 18306
604 472 27568
637 587 14864
65 535 15773
585 412 32250
285 62 913
31 101 13790
387 117 18597
109 149 1546
131 58 15931
242 187 881
146 363 5996
392 576 20675
450 33 29880
303 81 8681
53 441 3741
77 340 22650
156 255 26900
475 378 3091
107 246 29480
250 264 10142
239 530 23850
136 300 24797
415 50 29991
263 300 16860
590 196 19632
247 606 21527
489 170 7184
198 130 19317
97 576 5765
481 14 25451
166 627 28
346 222 2782
288 423 8505
214 27 2975
65 455 31990
395 598 8345
448 213 18141
79 226 31241
250 127 18856
581 562 4434
58 342 5132
292 225 30290
575 585 8641
109 294 32317
592 615 9785
543 327 110
161 155 27594
178 505 10158
355 278 13627
345 374 24282
635 192 2283
166 237 5625
39 294 5141
33 423 6424
387 513 14809
279 307 1163
522 469 13578
517 577 6759
537 472 17666
158 553 27465
225 497 31968
518 511 30919
41 596 18939
334 387 16936
298 58 29044
554 271 7212
166 139 28201
154 117 23309
102 340 3966
164 313 16897
134 102 20142
578 167 28134
300 250 21413
122 414 6367
173 136 25494
307 619 13065
25 269 17093
576 412 28814
203 51 16449
434 204 10187
477 591 32127
160 171 14908
441 293 23827
490 156 22884
8 579 11010
153 438 21756
495 349 22106
193 513 20994
299 553 18200
633 431 25217
326 408 19583
379 263 1067
416 42 8051
544 621 8219
499 34 20848
108 134 20567
369 113 3128
317 50 32753
142 483 3917
496 132 205
55 70 12236
121 304 32383
606 608 5201
361 32 22462
41 50 18910
252 408 28755
41 107 28674
68 493 2975
468 428 27060
551 543 17411
65 182 3483
630 27 19914
165 443 3001
551 153 29809
487 576 30649
116 448 14168
35 607 28231
558 551 10050
112 616 28996
393 630 14392
37 323 10673
155 98 13211
134 225 4000
85 196 25748
296 134 22420
473 134 3358
410 582 16916
39 223 15460
614 261 21854
476 131 20260
594 285 29306
560 185 18770
120 207 28190
366 519 25660
197 216 11048
16 348 11985
195 572 30606
122 61 1507
552 541 28189
32 500 2168
377 440 11870
427 240 4228
429 520 10607
17 470 12963
79 285 24002
360 627 26545
296 371 29939
489 410 22860
136 346 7741
538 206 26275
453 432 1326
305 408 26918
586 295 14255
598 633 6383
632 470 32636
340 507 16123
334 453 29340
85 285 14218
208 462 7038
451 177 12615
328 100 25790
9 1 9727
322 47 15816
200 392 20500
309 161 1230
134 310 27630
336 369 30667
294 219 30487
558 591 4494
6 424 26312
205 575 6400
58 90 3595
600 37 6170
591 38 12232
490 162 15701
145 159 4941
548 141 9584
253 114 29237
140 226 1244
78 57 19641
530 429 28476
395 574 11733
554 533 24753
98 65 15043
273 123 32744
561 177 8628
415 151 8491
430 371 10712
205 151 12771
600 630 23318
189 359 12614
579 269 32247
591 77 1584
558 552 9401
356 362 11088
322 167 5258
410 517 8754
437 328 21071
344 234 13011
426 61 22665
180 440 182
502 200 9274
441 286 16321
211 353 25809
633 259 8769
606 216 16265
446 30 18149
47 21 20673
12 241 18587
303 242 30259
48 423 27529
390 466 790
81 322 2460
371 303 23442
508 350 9828
328 571 9992
635 105 17717
600 469 24866
23 53 3526
3 451 8101
425 244 19137
483 466 30586
21 9 11013
603 604 5484
35 210 14732
421 252 28554
361 565 2345
562 204 31277
482 614 26787
467 403 6165
394 296 26839
101 403 7967
534 302 25054
569 56 21361
415 328 17787
560 47 14658
381 341 15403
612 440 8574
70 452 6072
493 612 28663
478 390 24861
499 293 23012
442 270 276
388 531 20956
49 159 2484
165 539 4752
215 223 19679
27 460 19437
327 32 32366
549 618 28272
543 61 29283
393 505 32472
80 19 26253
203 108 20590
300 129 1106
176 406 3743
218 164 12969
209 396 11945
39 571 14700
406 426 18548
154 388 28281
634 240 506
241 391 31343
242 612 15056
364 11 1502
558 374 3494
447 454 8515
315 131 7125
380 539 18736
131 607 31583
69 401 21861
14 464 6630
433 39 15564
592 314 1920
99 9 12692
159 429 29315
545 461 32734
260 333 14729
349 610 7866
525 9 27497
371 58 22122
5 574 25816
195 434 4125
109 503 2537
370 424 8864
601 177 28074
563 490 3269
328 570 9352
175 376 22881
521 493 3664
554 314 12847
189 200 10968
453 27 15884
89 356 6325
283 326 7219
320 526 16277
347 244 29069
24 390 28687
554 76 24115
319 228 259
301 151 8360
180 149 14052
163 239 31109
435 358 7046
378 123 23938
249 271 27968
584 179 32033
283 125 642
47 300 28784
593 597 31540
43 461 14990
73 95 27508
109 467 11267
314 131 25489
215 379 15369
623 353 26449
224 172 4178
473 397 6886
4 63 26615
491 620 13854
165 365 18826
14 330 16054
559 583 32140
248 589 12496
61 316 21940
119 221 10494
219 461 22204
194 376 25958
473 613 24005
551 102 7142
7 464 7010
275 248 16707
93 283 3562
316 435 453
569 451 20911
501 325 26064
480 509 30997
173 333 32090
187 344 30676
425 21 850
345 334 21443
202 76 17993
553 625 4850
64 302 22024
254 201 4623
190 560 3539
44 393 24385
582 253 8584
179 65 13563
545 521 26586
15 564 3455
484 402 18010
544 69 21245
445 102 29715
97 429 14747
137 476 19925
129 157 10184
546 46 17292
38 72 1697
35 150 2106
551 380 14172
379 142 13921
325 352 3048
526 38 6414
111 86 20560
595 514 19898
598 441 32635
188 99 3516
291 78 31070
271 160 11784
419 86 18884
100 26 23146
322 335 5678
182 441 19840
168 290 28286
514 179 22810
551 38 20327
582 431 2774
506 636 30428
319 55 9989
129 508 2547
3 320 10302
577 361 18677
306 510 31796
138 418 31122
583 563 26271
32 320 6258
534 308 22879
25 264 6817
143 341 15641
226 397 23675
551 24 10249
618 212 7979
134 558 26810
366 404 30430
557 375 10459
632 375 6960
177 172 20603
132 371 30849
6 575 19521
384 109 31796
288 605 31105
434 277 12041
591 414 20803
185 534 6155
166 128 1937
93 264 26571
406 99 18085
208 329 24291
519 424 1491
630 9 5106
529 108 19009
452 531 31890
169 231 29642
481 492 14833
196 99 8867
271 569 29984
511 119 21139
557 106 24619
213 111 3813
592 32 2199
528 165 11868
80 35 23777
139 567 26828
249 424 27146
280 399 24616
247 310 14171
209 338 29987
225 513 5603
429 568 961
543 244 1626
69 363 32344
5 179 21361
444 457 24060
413 100 30652
632 326 5460
138 484 11696
293 220 12084
190 409 28016
249 192 5279
291 79 28506
629 507 11776
475 261 23452
411 208 16819
99 114 28207
545 431 9782
7 559 21516
291 63 10399
97 241 12673
232 490 30757
572 11 27358
421 202 3552
44 164 16386
150 3 29709
30 255 24683
206 197 4731
523 341 8400
485 191 19938
44 334 15480
453 290 26206
207 457 23489
467 263 9538
27 254 18077
387 378 9464
127 508 1259
443 619 23987
579 106 2036
444 617 14358
513 556 8055
509 551 17185
541 215 16901
437 64 23808
55 413 25510
535 417 13974
288 534 1777
513 294 10196
488 539 13347
218 129 24379
572 283 24285
326 344 8481
69 637 20107
501 130 7054
138 200 9889
272 195 22983
267 623 825
25 591 12005
443 536 5041
635 345 4365
352 415 87
535 306 26402
24 126 2379
277 531 18691
112 64 31777
344 388 14007
184 5 10978
293 18 25882
121 529 19067
542 564 32477
140 150 22473
23 19 12033
212 512 10678
348 621 1552
241 216 31779
267 426 24001
615 192 21149
187 167 22221
278 342 25353
171 33 31515
336 444 6086
204 470 655
133 575 30205
576 434 17185
103 133 8215
3 244 1286
294 217 5518
160 278 23059
86 55 2198
116 625 17306
140 270 30540
422 291 29819
300 314 31093
338 607 25887
566 340 13550
149 302 19851
32 421 31325
409 188 32217
72 290 30913
216 348 1973
297 522 4601
45 43 19378
462 309 29524
155 530 21388
45 430 31941
561 31 32441
309 67 1633
345 119 30938
357 603 1816
162 535 18910
1 416 20733
279 582 7681
399 255 22128
263 429 14316
126 122 2307
634 575 27030
62 352 11773
373 253 198
408 187 19901
123 367 23099
160 397 31343
199 460 23269
350 167 24531
149 419 28860
601 65 12547
352 239 1297
176 585 27257
113 128 2157
543 454 19915
468 1 1118
523 465 18899
261 150 31170
429 58 32061
162 133 21098
343 191 31404
58 470 25391
519 284 15614
79 239 30676
629 55 8023
106 79 13378
162 82 32751
444 309 20223
530 307 17892
458 204 22270
434 583 8568
377 636 27400
572 150 23431
555 410 4985
471 13 13332
49 212 24324
395 606 31044
615 163 2488
429 433 30493
477 188 24958
44 216 30175
299 236 24009
237 110 32729
517 181 2096
451 482 26882
494 468 29218
229 544 25028
193 37 6144
542 571 2992
357 360 19513
313 546 25118
232 634 9533
102 546 8681
505 435 32611
224 289 695
41 539 26
536 507 22941
572 290 14833
299 591 28666
218 35 10602
16 346 19158
107 281 20617
326 231 7736
619 116 19357
228 17 1313
70 406 25537
43 31 8758
267 151 29690
207 359 22077
182 89 31745
608 324 4344
404 567 2078
398 524 13830
34 632 14234
557 258 29390
257 263 13236
406 589 931
196 164 26401
632 36 5536
546 325 19061
548 633 32750
467 547 13329
332 142 19062
72 478 23139
598 510 12579
362 318 11680
145 201 23114
537 322 27201
139 317 7116
398 4 22497
500 626 15889
496 459 8277
114 325 31980
542 503 6426
238 506 26118
88 108 19809
52 271 29034
6 152 8551
626 256 7225
418 528 6111
621 464 14015
127 502 10383
50 340 20056
574 465 17275
608 46 28898
536 140 7718
236 243 19132
110 518 20693
589 564 8563
40 181 10211
383 364 15542
316 282 29047
336 370 15399
582 393 2627
331 315 29723
332 431 3092
258 584 1139
540 587 22365
121 445 17421
473 481 19715
628 130 8316
106 144 8
163 450 1291
67 263 32506
400 48 3389
381 360 9002
383 276 1595
297 396 10254
228 511 24569
307 267 14178
343 391 31222
142 224 9962
184 400 227
51 67 27354
426 425 10644
248 405 19535
445 478 19211
470 440 21861
316 217 31865
452 544 11467
240 568 15755
622 504 22752
511 167 7776
424 265 9917
625 50 10738
594 535 19398
536 349 20710
151 184 22664
94 220 3056
248 367 18963
622 202 13401
254 101 790
73 429 30275
43 112 18526
267 610 5057
256 242 5264
562 181 16609
82 329 17713
53 498 47
377 358 22363
309 324 25702
588 284 13483
172 68 18245
63 305 341
462 20 11967
120 284 601
219 630 4357
129 504 8016
607 172 15639
234 215 17744
231 54 12510
223 423 6351
135 572 26370
631 134 655
615 588 30196
610 19 18431
86 61 1768
276 526 6547
483 298 1710
492 553 25079
32 440 19379
253 632 14138
541 392 4997
19 481 11060
451 261 32699
587 64 27356
332 510 27915
167 120 13391
122 490 28912
387 127 14759
148 100 18746
601 461 6912
142 617 26186
574 130 19514
475 474 17406
136 414 2903
380 319 20077
428 43 4741
231 472 26372
432 414 32056
172 71 5024
542 247 31199
433 115 17603
396 81 27159
375 416 16624
595 554 4456
213 400 29387
127 306 30453
303 272 25759
220 387 14497
90 144 28493
528 2 20122
316 449 23506
614 454 13385
397 52 15851
488 188 10259
489 350 29563
311 621 17785
468 554 18369
93 459 13678
194 326 2691
542 177 7938
6 458 19123
623 208 30389
426 302 8508
449 406 21766
443 460 25592
307 34 11560
378 472 517
566 154 8917
549 65 486
114 93 27325
625 117 28478
19 287 8969
125 412 18688
582 78 31196
333 30 621
539 637 21988
228 41 14397
302 358 6487
527 471 10417
409 533 4585
570 154 6297
472 31 18599
182 592 26728
322 113 15032
200 162 993
486 571 8301
403 134 23579
367 252 23086
170 2 3771
165 316 29479
169 124 3761
152 627 30653
15 431 25075
113 38 12850
595 242 9428
353 67 18952
207 360 20236
210 485 21248
524 513 32670
204 12 7874
467 56 11270
415 85 12441
353 367 17543
507 70 5319
368 451 620
83 34 9559
57 562 30354
135 180 1147
584 257 23969
139 347 22749
584 205 3254
17 143 12898
54 445 17516
447 147 32344
99 312 12682
416 464 10240
85 254 10688
409 528 32505
421 574 6196
103 89 20211
585 238 24784
277 22 19633
188 187 4755
305 289 10830
122 183 24658
312 494 22831
17 610 32071
527 202 25837
9 29 15669
536 214 30152
611 342 372
298 119 3955
230 327 27506
496 431 31578
5 56 17765
358 131 21679
352 381 13932
156 342 908
13 613 23123
356 618 4526
214 215 12854
106 25 7143
106 84 31350
96 86 12175
27 61 10176
395 90 17823
351 458 28690
482 185 21826
476 390 9732
631 630 13809
202 525 7105
68 59 19844
492 520 4209
623 148 24761
268 312 9730
303 481 23833
309 213 22167
554 405 10578
595 504 10242
552 607 1356
531 145 16660
554 377 21937
332 431 22442
357 122 28324
635 338 32702
124 33 8132
99 366 744
325 318 30695
489 529 25873
309 544 264
569 152 26177
593 23 9556
290 486 31450
614 456 5225
194 483 10903
388 115 27675
569 317 23588
257 289 10845
455 628 5686
162 402 5664
536 75 98
11 284 27459
351 406 15653
438 425 14833
92 185 25566
145 417 9208
561 480 15530
136 171 772
111 98 14689
395 220 6331
116 213 19998
160 70 17972
598 626 4387
198 634 31298
247 56 15603
402 378 7806
8 34 8436
349 535 22812
506 617 3074
295 153 3575
626 58 6571
363 55 13129
2 401 22041
157 452 24336
575 212 13775
621 26 30743
396 272 13764
152 180 16910
131 219 28036
126 590 7743
604 626 16474
521 204 25283
39 546 31671
422 614 10304
179 330 24651
85 1 29329
148 596 8332
497 126 13050
634 613 6824
126 29 25249
357 474 19719
296 477 27277
477 152 3058
249 92 19039
107 538 9210
412 231 371
79 77 10279
471 634 13880
353 12 31790
389 344 1499
593 21 2570
25 26 23191
366 453 20436
252 88 12617
508 311 23986
369 15 26396
134 21 17709
327 285 3691
265 380 12886
154 417 30238
173 92 15480
569 78 4412
385 488 16214
356 254 21604
370 566 3868
155 31 32095
222 122 26764
86 106 7454
446 86 27669
566 224 14005
251 444 3539
383 177 26153
383 384 32163
627 360 22592
234 205 29144
178 363 30852
14 339 17457
259 7 11579
419 495 17440
237 481 20748
527 381 21123
233 424 26745
361 519 6746
637 199 25983
595 5 22307
13 616 13821
485 113 25830
404 132 27055
131 125 7949
348 526 731
266 2 10916
182 272 4357
381 174 32152
139 428 5965
194 613 6145
138 425 2105
481 465 17831
335 143 24345
151 148 11583
616 98 9039
631 573 16401
547 349 31777
472 268 6148
495 506 31701
202 11 19277
488 265 32587
338 437 1062
446 165 31578
444 609 4193
538 558 25491
328 118 28596
128 634 3633
212 423 30988
154 327 10093
575 186 20040
365 400 31335
150 233 21297
427 98 8287
267 528 1931
626 234 5889
138 399 19846
26 613 25823
636 560 7432
249 568 24442
173 185 14717
606 595 26730
377 613 821
534 434 8060
354 592 15987
26 150 9701
477 521 31166
161 352 13020
361 630 27159
103 45 29751
621 31 28435
251 267 5595
14 193 18972
384 163 24870
462 157 15157
16 507 16795
388 210 31521
169 194 11890
518 358 15805
338 527 4319
120 635 22751
353 607 19759
217 108 11053
572 22 10503
426 305 15253
38 9 29543
135 572 5498
525 236 9034
270 171 28336
545 347 10224
334 38 31704
178 238 29237
175 248 19647
230 6 24714
30 29 28104
421 557 16227
515 40 11413
565 536 3644
75 317 3423
129 275 15742
499 19 3007
278 527 13295
459 90 31960
548 394 10869
57 232 8744
471 319 25419
332 485 861
414 159 32254
402 318 19209
11 375 15313
100 157 29969
617 285 78
85 540 28438
603 123 18489
99 406 10848
88 188 17687
483 500 23527
47 26 22029
189 467 4746
422 252 18114
45 193 13476
394 175 9093
564 68 11629
295 77 7662
517 473 26612
636 391 32677
541 521 30867
69 205 4392
179 35 22311
162 521 14485
140 145 7035
316 8 30955
572 176 6817
514 571 29760
631 528 24363
419 110 13274
119 4 3977
192 370 20271
230 25 15605
562 104 10043
134 392 6834
471 201 23975
189 430 4233
631 307 1975
409 595 19657
531 572 27392
37 111 14651
591 341 26191
312 226 21439
128 219 4936
198 78 13973
479 246 15778
11 108 25977
535 479 4888
52 326 3103
26 415 31581
214 305 4022
579 55 27060
135 570 30829
298 57 16897
378 264 6464
215 458 10601
515 567 19306
103 355 24284
471 464 24662
363 624 4643
383 285 26595
161 471 12353
385 326 25175
477 450 21069
286 238 15447
34 227 30730
290 366 22707
634 436 2541
299 256 16124
14 205 22096
514 354 5903
45 404 27647
537 121 14612
234 302 26728
549 359 5814
62 567 6672
234 401 28017
58 382 18464
623 66 23367
232 226 5662
403 35 26182
370 539 26426
617 95 7324
192 35 26287
248 624 30256
420 283 808
554 433 25080
421 76 18736
250 622 14468
592 155 11529
512 368 31349
116 326 3727
54 140 7386
396 469 8676
437 115 32427
194 65 32283
267 578 18905
615 285 28451
390 15 18340
51 52 23194
246 48 25412
302 353 8018
366 236 1792
614 548 26027
113 519 32580
90 630 27416
63 339 27747
224 19 32094
188 90 22264
479 107 10869
463 585 1063
23 26 12305
37 1 32314
431 472 573
254 32 15166
274 416 25229
146 573 11954
221 262 2516
56 469 13416
121 234 25697
509 167 29216
206 261 25899
455 560 23190
380 351 3709
211 241 14310
385 570 3834
404 147 23709
485 570 18449
71 95 8660
283 416 20286
166 150 32286
492 41 3495
228 297 5175
246 127 6645
174 391 27060
300 316 22143
31 149 21795
182 200 21016
71 84 28767
249 612 29738
181 351 18176
427 195 11481
136 500 25136
224 420 18537
46 500 2642
172 468 12574
64 632 27701
178 196 27975
319 441 4813
321 569 3901
178 37 10151
349 605 11124
110 570 31640
288 274 19704
560 482 18001
310 564 23268
322 230 9952
504 94 443
452 292 2115
356 66 2472
358 216 29856
426 220 7955
561 224 26296
15 234 1292
258 635 7342
346 24 370
57 633 8260
69 584 8433
126 505 30729
271 538 17697
585 548 4673
87 399 22891
153 538 17761
55 217 7045
6 10 2938
520 613 10910
452 284 13543
287 35 7317
433 490 1048
205 397 15060
438 181 18263
465 68 20635
422 372 26317
302 84 13027
266 195 19522
285 454 28202
178 128 22335
10 234 24765
85 596 2975
254 193 2143
578 83 8631
372 489 88
152 559 26260
612 596 10587
338 90 16394
322 296 18112
153 342 31617
587 387 5375
524 79 8135
107 533 2937
158 212 6478
55 363 12265
146 409 5537
355 577 11290
272 158 3573
555 359 18095
268 529 10782
446 381 1574
483 403 7249
417 186 12635
257 512 11136
406 523 9005
405 308 9513
595 581 3878
118 461 12531
233 48 29475
123 266 20343
509 452 5751
75 250 31480
405 447 12544
572 557 15357
607 30 13598
183 551 23824
389 92 19864
238 65 4106
350 123 31948
590 431 7341
243 566 31932
329 534 25480
229 488 6102
8 132 29013
450 627 16528
367 339 24137
248 252 16938
59 580 4631
578 339 3886
245 613 4242
56 520 657
312 305 31794
459 428 28284
210 384 21224
578 48 8230
75 449 24323
21 549 8778
575 275 14618
491 383 4118
189 225 22832
39 332 18607
99 558 25743
366 578 22425
465 445 29458
106 416 164
610 102 16848
106 448 7728
482 626 615
472 120 30433
326 120 32088
442 103 27679
584 144 25399
550 222 29943
88 628 15258
490 155 20781
519 224 12806
500 555 20142
485 566 24659
151 248 28571
570 335 29500
515 267 18848
288 198 28946
418 90 10081
484 75 21457
588 474 23318
616 419 24324
90 400 23983
432 605 28475
510 488 22562
336 380 17412
52 144 7331
268 238 18076
464 271 29693
305 522 24289
200 527 1863
503 223 21799
173 29 10402
45 497 23282
36 302 24013
464 97 28115
614 325 26026
330 437 11991
356 158 3597
442 508 20035
285 540 8554
458 606 7825
589 543 3134
5 443 4851
508 91 10314
519 470 11460
512 416 28659
307 621 30887
466 343 18024
155 246 1867
86 217 4441
399 592 5904
434 458 10093
187 172 15100
556 492 8879
387 129 192
614 182 2221
15 288 15037
573 99 517
231 99 29775
624 206 6533
496 68 1479
14 97 16184
481 59 2766
348 73 9713
19 313 31032
529 201 4653
223 327 3948
24 192 26476
570 272 6367
216 363 15692
576 96 27750
357 570 6156
225 300 23363
148 330 6208
420 536 22835
294 420 9181
323 297 17652
311 131 16108
456 315 13808
46 381 5245
467 32 24342
242 337 8368
350 360 16393
163 606 4856
516 50 21802
618 513 27613
1 125 3112
19 581 7141
398 76 17950
76 49 4468
142 343 29026
409 412 16832
346 415 5271
392 231 23846
491 134 20896
554 382 6538
69 241 17021
564 43 23944
603 146 27466
462 411 11678
89 189 9160
442 462 6294
340 503 8250
226 539 4822
532 257 10274
66 574 27940
463 525 14208
498 516 5700
96 177 24706
223 505 20426
326 329 29890
211 390 4004
397 283 27839
100 458 12551
195 151 25006
126 569 487
247 567 21063
4 618 25536
509 151 18955
609 307 9738
590 171 32687
590 177 2794
608 346 10933
528 572 22274
368 453 31068
76 412 29546
505 33 1895
60 468 5434
427 307 19312
19 368 8238
165 637 29636
151 249 8779
413 555 27895
38 90 25740
635 20 7084
581 579 12541
227 289 82
385 101 10458
414 241 22205
420 436 25982
408 120 7394
427 516 13645
598 74 4902
136 311 8673
456 77 3576
300 248 7958
153 418 9139
82 77 23257
210 350 13052
515 260 13242
163 197 15637
2 141 28853
391 394 27869
609 628 32434
26 179 11890
232 542 18591
631 103 17592
495 210 17731
88 45 8492
26 521 8720
360 324 14283
375 515 5278
140 535 27637
132 498 25750
413 298 21659
463 326 15930
608 329 17683
379 487 25034
395 582 5475
297 228 24177
599 246 24559
306 115 18315
164 447 9152
46 563 18777
500 211 16868
473 5 15999
601 607 29082
85 69 31204
459 484 23109
385 245 28875
30 218 21333
624 65 24379
352 368 10671
416 477 29969
298 478 1848
364 622 9302
81 217 1168
357 461 22954
215 331 22045
468 626 19936
629 42 15607
483 548 19493
349 385 14682
538 314 19017
559 277 16286
514 615 6398
182 348 12782
213 355 20523
331 425 28724
485 67 32674
91 468 15599
328 459 9953
479 354 20719
270 493 5795
158 413 4403
244 295 13669
404 274 16722
587 621 15416
570 149 4668
154 26 29546
52 227 24634
433 570 20215
381 359 9321
401 547 6330
271 141 23855
435 208 10965
35 275 20058
254 601 9937
198 60 17640
234 378 9821
468 365 21411
411 575 10425
230 503 5407
308 538 3119
265 379 13493
341 144 17703
19 265 9110
578 96 19644
562 558 16393
137 621 32471
221 43 9321
520 491 25663
418 38 8333
42 410 16164
308 232 23445
341 169 12542
307 360 5459
333 293 1770
529 54 17865
424 145 13762
241 560 15991
395 58 24992
445 222 17515
307 114 1172
135 418 11088
484 243 30384
588 426 6381
210 520 19897
610 37 5595
151 557 21785
52 436 15186
515 548 20207
587 236 30563
31 108 21831
25 27 22523
232 224 7912
347 464 25205
570 65 11570
43 196 182
79 473 4358
89 571 19970
20 228 4789
487 576 23816
533 333 11608
300 138 15830
177 375 2096
156 469 26041
594 58 30933
2 214 29752
59 432 12128
20 497 30624
302 616 2519
420 150 6370
91 423 15997
624 482 18864
281 334 9433
548 264 291
443 173 29588
545 198 4675
548 429 23924
59 6 1361
516 594 8743
111 443 26534
415 432 30615
515 478 3956
162 484 14082
1 501 10212
367 279 1286
415 132 20273
277 43 20063
268 253 29654
93 221 31509
113 199 16116
493 556 14397
113 623 2410
458 608 15525
506 537 26208
153 551 1789
119 230 2355
99 79 21598
99 201 1531
145 243 1086
137 538 29489
124 145 23341
12 101 6165
108 9 10233
221 190 18812
341 81 14787
220 414 3276
100 146 29806
19 288 9092
610 252 25874
498 84 15507
541 303 31877
338 339 6420
103 236 18561
390 12 25903
378 423 14956
593 560 12660
199 15 31988
494 104 18482
581 356 13009
172 409 30578
333 32 9029
1 485 29601
258 481 10556
119 23 13
289 110 16409
401 415 25024
253 314 21898
624 162 5730
265 495 10754
627 119 11296
200 73 4519
170 448 14550
401 48 26070
431 297 7654
384 520 31627
299 265 21380
327 495 3406
224 386 12638
57 310 18294
634 196 25577
621 448 7137
166 447 17599
526 20 15983
483 455 29133
147 351 15842
557 269 4671
127 126 9465
134 168 2420
510 389 32216
70 159 14170
554 628 1559
523 226 8965
404 504 27677
226 202 22366
542 62 7811
163 396 9017
325 106 7353
111 593 9530
65 249 25642
17 450 24904
245 4 6016
383 633 24711
170 217 26090
115 295 24080
613 578 5738
184 33 4567
524 600 32654
62 19 6279
466 481 11825
146 70 4669
96 247 7689
414 417 11106
382 118 15664
561 474 10780
526 511 4082
337 413 8198
488 359 15483
600 559 21300
91 621 7744
486 272 8879
557 37 20282
463 226 27113
272 512 26950
315 136 990
454 160 11338
264 621 22997
314 360 17905
528 344 13063
228 76 15894
331 632 4497
564 91 5951
305 36 7802
248 25 5297
493 566 18879
455 448 24578
49 538 9362
519 593 1592
81 578 27483
109 200 2262
513 563 540
219 113 6503
419 510 8514
68 494 5728
90 403 27146
95 301 5752
167 623 24834
380 505 19400
593 416 12888
405 93 23107
295 436 30436
602 230 30072
627 620 16957
163 503 18323
609 269 24887
345 379 22549
453 363 11669
454 163 29381
174 455 1758
404 175 32701
588 1 10638
239 43 25511
106 302 5404
36 310 27523
275 176 18065
245 515 2447
391 501 4254
557 211 20775
242 361 7027
6 87 15801
358 524 26057
154 58 29978
117 449 19932
146 500 28645
17 562 1093
580 383 21169
225 615 9206
528 491 22833
219 181 20937
231 383 4263
43 148 2905
70 345 20787
365 372 40
483 232 32216
435 339 16694
350 81 8538
206 567 4763
203 60 4668
424 259 1987
485 86 29318
321 257 7761
206 421 12321
110 82 5350
377 373 12517
594 319 4660
118 561 8620
560 259 9764
28 626 527
248 372 4605
250 425 3730
309 391 26059
522 188 10597
536 202 12410
546 581 26130
24 183 3421
126 387 30374
131 562 5405
450 217 31029
426 461 28992
107 244 6866
524 453 22728
84 267 16713
524 333 24995
529 108 32579
355 621 9688
308 477 3738
104 54 3251
83 540 31496
432 228 26479
63 254 7027
574 216 19967
18 604 644
174 74 5125
582 585 16212
248 396 5927
308 43 11591
608 591 24369
49 446 15988
528 224 24011
136 184 11820
185 262 24243
344 21 29049
183 127 15026
255 403 6579
617 405 28358
67 362 16758
201 115 9785
501 190 5792
422 346 24996
600 221 13349
209 364 32255
18 556 21715
455 227 18009
113 232 1125
135 333 16334
106 399 26218
322 518 21195
208 172 757
580 202 9675
241 476 22292
397 22 15625
229 560 15218
56 254 4065
189 242 7608
146 240 4052
604 73 6542
358 62 26218
264 3 17478
79 60 18027
432 582 2706
328 57 25119
499 479 25052
345 598 15258
497 246 22294
549 155 25921
433 251 17180
450 250 14340
268 492 12542
115 504 21000
367 361 23755
498 109 11184
519 258 12727
121 403 2635
175 367 25773
503 233 24274
79 93 17586
584 269 1137
338 156 11424
572 529 9691
433 491 14881
95 93 8599
282 256 7159
408 395 25794
390 171 32241
75 163 12545
326 182 25369
390 455 28052
102 49 12039
546 50 19654
46 14 17753
415 45 1593
184 340 4798
190 293 31671
161 215 5399
334 252 8584
280 80 8351
12 570 17551
373 103 15895
443 28 6030
452 250 8802
592 383 7777
203 269 31264
423 177 26906
376 601 9252
107 602 27197
271 111 3032
445 34 23180
321 403 12522
478 99 25124
323 265 7134
574 52 29150
81 53 5974
456 121 10541
230 535 5161
615 416 9202
175 288 12968
293 560 26872
426 523 5536
525 119 15646
18 605 29687
468 504 10323
305 55 25593
322 619 20725
224 30 10159
207 34 18219
108 626 25558
64 497 15702
20 183 13134
475 7 19381
522 265 1821
136 345 3258
575 495 18266
409 608 27868
519 29 17303
211 527 17338
612 448 16805
21 438 1516
355 228 28619
539 570 26079
351 32 15300
551 540 24447
183 529 8732
326 44 15789
73 435 460
121 268 31144
596 69 28193
100 31 13297
429 152 27983
231 198 17245
592 126 7236
42 63 16969
495 50 24726
26 85 27434
342 395 14238
339 331 19701
419 63 24095
480 55 13587
514 361 3600
387 345 28636
166 291 30809
57 223 457
542 60 32421
340 561 2785
534 553 5534
544 526 29457
298 434 12839
254 67 6503
157 477 17521
394 530 22896
258 534 6655
534 267 8482
468 217 7160
198 592 22299
68 148 20818
129 41 17440
103 228 25787
130 250 25629
342 24 15448
618 3 16918
176 450 1438
413 12 8137
321 160 510
234 180 29935
318 153 28956
377 170 7010
383 526 15295
494 31 5266
373 516 3781
55 335 2568
310 167 30655
63 569 19954
367 121 23802
605 93 485
99 375 26920
83 218 31067
320 413 18150
280 318 15001
544 272 25289
332 185 31739
46 10 27327
592 598 29922
447 628 30700
175 486 8366
424 589 19518
378 292 30607
238 68 24438
518 219 29711
415 496 12124
159 8 19878
399 298 30021
377 134 28603
579 189 5965
586 63 12755
134 67 30150
5 370 230
151 620 9665
449 168 21267
428 25 20436
97 316 13859
551 573 22105
176 484 24225
88 195 10456
630 241 8304
112 95 21096
109 62 31521
339 405 28446
503 88 13184
145 85 22763
258 562 8459
96 205 5748
606 489 12620
443 53 30409
454 94 31833
47 272 23305
534 143 27868
552 448 2894
432 586 17267
343 72 9859
7 532 28753
379 592 21733
201 492 12122
503 447 29537
620 48 21046
621 311 533
225 250 275
377 42 19091
341 177 17928
12 7 702
276 66 16470
559 595 14167
219 616 13314
235 360 5523
470 84 8055
546 499 19797
260 347 25645
5 52 19930
568 591 12435
72 625 7422
41 131 2216
521 525 3427
626 197 22527
376 520 12833
547 29 13107
506 257 11974
490 531 10221
225 208 30926
485 380 514
283 109 23520
554 196 4448
499 340 9327
171 300 4031
554 276 19599
365 120 5713
165 520 29987
523 603 29408
504 584 27052
223 312 26913
434 598 30557
343 198 22571
319 617 4169
566 504 9538
277 335 6589
219 392 1158
559 103 28972
498 260 3361
146 181 13614
257 452 18946
204 387 18570
347 530 31061
228 174 25408
163 338 15402
420 238 27143
264 119 25869
361 196 16071
82 536 12168
2 195 23790
407 49 17335
241 423 27316
510 253 20601
544 625 1197
232 589 3053
138 599 31538
489 326 23857
271 504 4499
26 83 9124
458 578 7428
380 5 20241
164 161 13772
280 185 6550
432 525 5918
333 396 32551
410 494 23195
381 511 22511
80 538 641
578 129 4614
53 612 20954
393 345 15415
360 84 21595
115 330 14023
558 424 16303
41 299 16511
107 598 5726
425 169 1375
388 580 14480
538 143 8654
52 26 26975
362 412 2083
315 205 20345
383 550 12238
481 51 11827
95 121 15512
88 448 4203
319 597 12722
504 542 28870
468 348 6015
404 598 8999
436 32 3178
188 338 29052
129 523 22560
42 56 4651
596 482 5641
174 75 26827
377 306 14038
307 74 29165
19 405 17013
37 521 24857
421 62 15067
166 531 25686
223 150 5457
144 530 17107
268 321 17236
550 607 13441
1 56 1319
496 61 28365
432 389 3999
275 462 1717
200 207 15322
402 563 737
11 607 21211
253 468 22687
631 415 24650
625 428 9410
200 449 7865
516 603 19923
175 370 21831
529 124 28448
480 388 12673
597 570 1157
205 198 6587
487 367 23810
114 145 29543
111 109 28291
386 181 13843
634 380 20319
566 28 12046
300 636 27253
247 523 25325
354 173 2301
278 533 20829
455 155 6489
65 522 21768
468 39 15502
538 409 15489
138 28 11320
207 462 23143
121 337 2312
67 595 31298
228 578 9773
203 439 13511
350 205 68
24 370 22922
522 173 20120
559 229 23875
278 352 5082
77 106 17202
181 303 20382
163 254 7493
247 612 1083
433 602 21007
335 351 15587
173 194 10416
301 605 11790
598 431 31292
132 182 32394
77 492 9546
478 289 20944
169 152 19369
444 474 23661
34 149 19311
600 29 12710
598 357 7139
62 369 9625
570 313 3059
425 76 8581
134 78 8997
317 377 12300
317 358 26455
616 21 25989
615 415 22688
206 595 11442
164 99 25135
347 10 31361
627 434 6662
245 541 2972
327 318 17106
173 110 9458
23 50 27228
363 266 27778
227 79 1091
432 200 25100
185 513 21504
9 431 22395
449 2 10847
337 217 5914
495 352 14840
35 518 14842
458 68 25416
108 599 6934
525 634 9341
635 274 25612
92 497 8721
554 131 30348
401 575 21703
56 319 463
56 123 7850
132 26 30128
557 370 11290
11 232 19766
386 159 26381
488 625 26812
376 221 12816
599 620 29691
343 270 28073
388 590 11919
314 464 17960
88 96 28131
132 311 16654
410 282 25987
332 278 18575
367 464 16184
320 225 22746
541 383 24206
611 131 17965
616 153 25476
546 391 9187
238 7 11931
398 50 29683
255 36 23690
195 437 17317
30 28 31274
316 571 1379
604 572 8585
252 324 8429
205 321 22310
184 142 10847
606 297 27316
317 599 17862
91 24 24838
145 341 16438
252 413 5356
375 501 10403
517 260 23334
121 132 491
329 13 6591
507 169 21710
143 605 32103
73 131 17352
480 184 22437
434 135 7184
583 464 18180
431 537 1571
158 388 9849
330 123 15777
568 217 29623
63 391 27502
595 337 29749
367 387 11857
568 358 28428
186 542 23940
606 580 26098
586 211 28151
425 236 25092
8 56 28210
560 549 14622
104 89 5658
460 585 14061
290 308 16132
195 61 24831
253 390 3550
629 243 12160
446 178 31826
277 107 7271
563 559 3888
415 587 26939
108 583 14217
177 352 32696
507 555 26932
306 255 27648
280 513 11453
61 368 12059
25 14 11246
292 112 7918
303 43 16239
350 341 17660
4 469 10544
183 429 16255
100 166 15003
623 93 8392
362 156 30403
470 313 14051
575 197 8197
356 557 6634
597 594 24024
590 91 27035
242 591 4804
196 504 21250
62 139 25520
171 206 23896
272 447 10510
503 384 10599
328 531 22410
121 125 20757
204 629 12613
82 258 31968
146 10 4557
385 20 9074
520 275 13890
299 258 19357
409 45 20597
479 414 9043
418 425 20193
287 58 24187
154 546 23746
544 41 9913
137 591 1228
152 216 376
451 372 26143
2 22 991
395 453 24204
91 286 1140
381 236 15952
289 202 18584
217 244 22732
196 584 42
403 158 25311
323 334 1485
348 392 25784
15 222 17528
226 309 28489
238 314 17233
96 48 12814
513 588 1259
76 305 6439
43 302 15825
98 215 24663
369 265 19926
598 277 7095
475 110 27526
213 439 17355
290 498 28864
429 217 11622
95 629 25566
446 394 11041
483 272 23292
475 83 22863
496 602 16184
256 571 5817
430 88 21507
413 188 15234
381 9 19166
472 626 3335
61 30 9744
126 298 2196
636 158 19778
81 274 14402
227 188 3325
77 559 11367
478 262 22141
386 442 14669
486 305 1885
516 575 3129
271 16 22788
463 188 23525
271 92 26074
536 327 14322
371 243 1708
623 349 6156
246 60 13519
328 151 5802
12 23 11743
471 153 3252
12 147 23593
584 102 23161
216 162 4896
37 167 24495
478 502 4474
363 126 18307
501 584 700
604 138 11990
18 530 30814
551 16 6722
131 291 5841
508 586 32376
511 24 3346
345 61 6421
468 448 28036
139 394 20741
457 354 13649
593 327 7432
590 382 19326
516 192 21499
79 279 4977
334 164 7654
330 173 26280
399 37 19983
421 385 30654
1 154 3452
341 322 21798
12 279 15007
361 544 3094
263 273 3631
516 55 23704
26 137 15959
142 147 5574
436 541 20672
402 483 7567
630 150 24866
575 520 27043
270 116 9566
157 596 22349
73 379 14675
378 422 28267
396 348 3052
545 71 16321
126 358 29716
147 550 18780
224 269 20371
215 269 11202
257 27 26382
507 600 4373
348 427 31115
86 438 906
167 41 5976
521 371 8877
402 114 10022
231 509 16244
341 276 24997
75 472 29970
511 343 3869
301 91 26873
22 350 12201
155 369 1699
132 559 16926
462 126 23528
198 185 26315
138 455 16655
506 58 29332
588 176 17381
235 444 31761
4 42 28528
292 211 20409
231 208 4644
394 291 22855
408 610 8866
106 594 16345
30 108 26469
273 451 32625
122 637 8169
36 623 1512
606 637 11826
398 492 4723
360 635 13762
499 253 7751
398 480 24919
539 353 14847
591 212 4873
546 188 24273
621 312 15010
561 331 958
465 139 31820
621 359 9772
540 605 17884
78 108 12993
93 570 31597
397 421 9806
2 435 5127
587 390 10281
20 532 25982
169 397 5709
443 192 2776
131 276 20756
222 523 21208
550 626 22379
540 543 3191
301 291 17867
208 604 25981
320 480 22881
256 482 17211
304 497 22357
576 2 15965
450 15 18054
306 4 8934
104 359 13479
370 416 9065
512 632 21038
428 293 6863
218 524 26298
120 617 26047
123 282 11097
422 375 14222
306 559 18999
247 434 22910
188 447 29413
452 533 14714
355 318 31161
486 477 27021
398 475 7675
309 267 17350
458 582 9684
270 68 24143
330 214 20541
488 185 27096
43 447 31843
464 343 2215
335 180 9011
170 123 14060
462 12 11029
115 531 3375
609 256 1783
313 295 3050
291 293 18745
31 162 19379
355 479 10271
576 256 28547
60 266 13513
225 518 7923
214 266 1771
539 294 11410
38 21 11957
589 135 28826
527 460 11183
395 560 23216
486 377 17009
620 257 23928
399 554 9346
507 119 11544
137 439 17601
19 603 26119
184 435 14375
11 545 9149
245 73 30147
348 262 26397
206 92 31291
112 629 31402
25 435 4669
265 123 22253
141 202 11423
440 95 29593
434 413 24615
596 510 579
561 576 6696
228 466 21973
469 345 635
599 505 17920
537 256 22149
367 259 16468
1 205 8251
506 19 211
617 276 3951
61 348 10767
149 16 10948
20 628 14648
551 530 23319
199 98 11428
198 17 20305
126 521 13238
202 487 12236
594 334 29999
175 528 24530
560 597 30036
481 544 28907
225 158 30565
45 414 16110
181 525 28252
392 3 15628
374 562 16113
632 254 6997
26 435 18771
230 371 26986
329 490 31507
466 583 1611
401 509 6711
201 120 22162
345 481 8309
342 245 12657
107 127 27130
524 424 2638
465 73 15696
460 153 24534
256 95 23103
614 457 15059
615 271 23487
403 350 22077
520 389 23891
34 499 14122
497 628 3682
149 629 22191
543 27 15982
547 251 22747
28 137 823
533 51 29508
440 381 30250
465 589 27360
233 283 14516
43 629 17453
399 328 1859
229 170 12744
208 442 12584
468 2 19717
554 17 24465
270 498 298
21 64 16466
108 260 7513
304 346 31042
468 136 2637
299 607 20290
609 531 30836
14 338 14427
564 269 20500
279 226 12912
437 293 4207
64 214 16496
203 189 27694
358 95 28186
68 536 8313
322 359 16034
383 339 4478
147 289 1250
435 181 29283
154 249 25561
20 69 30664
245 333 11431
276 341 7022
276 464 2883
315 273 7325
341 164 1442
246 509 31832
199 411 18700
92 197 1416
31 587 12229
251 243 20644
405 382 23902
426 515 28537
159 27 23119
637 306 22824
426 604 18332
144 183 6001
216 557 10675
542 15 28124
374 637 30170
56 114 2158
373 163 4011
584 178 737
562 46 19614
210 499 6809
413 423 29079
317 478 27856
144 507 733
390 13 4013
512 30 14619
536 598 28740
62 594 3632
505 183 30890
133 388 10999
155 83 26794
270 253 6998
144 335 20667
605 3 8232
327 208 4678
96 365 20206
187 549 31075
188 612 32064
543 573 17289
345 240 19060
30 623 1006
144 637 1026
376 240 8594
579 229 12668
37 548 29719
428 188 23361
531 365 7169
338 191 11054
35 197 26613
577 281 26874
588 129 15363
31 101 7170
146 162 20779
349 596 23215
465 182 4761
517 269 5052
340 167 11087
304 482 30725
241 264 21035
212 113 11177
385 141 23450
272 339 7072
558 541 24398
434 304 20762
283 437 9680
195 117 28222
618 10 25809
518 624 14369
401 508 25202
34 500 16402
480 136 14093
166 28 29322
465 74 25122
325 425 7266
15 577 4717
490 210 26396
358 113 10838
280 431 29540
251 455 315
275 103 9489
200 240 30528
37 175 30292
514 114 29868
56 171 20434
425 92 12028
223 245 473
180 45 23854
210 579 7927
524 11 12795
386 552 12953
73 399 19952
34 174 11902
216 575 13486
608 516 26
90 462 30643
574 355 6985
79 360 3702
576 14 31195
561 412 1743
104 266 10205
531 215 10700
51 93 691
391 579 12424
590 339 25945
578 584 428
317 511 9832
472 258 31634
286 102 7348
303 117 22598
319 376 26003
497 179 4065
288 225 29754
540 440 4839
348 545 5042
374 594 6581
149 101 3400
149 372 26404
585 60 9102
98 211 3045
631 283 5702
253 579 17737
247 461 32207
502 86 19819
72 153 3301
236 634 11264
19 547 15836
182 610 7728
380 90 11418
444 79 20805
418 593 28920
256 637 16153
590 53 17754
483 467 19593
293 517 13210
452 189 10578
526 385 30359
349 522 11812
325 215 18700
217 498 24792
288 379 2682
589 394 12288
305 467 2374
356 253 11852
424 225 28001
342 121 27523
438 217 16652
283 400 19446
299 370 32155
237 37 16572
432 254 24645
571 574 21015
300 159 12129
327 123 23249
247 261 4766
546 45 28276
426 625 16664
234 273 32168
144 66 7775
404 507 13087
329 571 31685
314 252 2260
408 595 9612
466 118 2183
218 384 15312
485 521 23489
462 565 9535
123 113 3778
19 602 15869
480 287 1827
24 41 20293
12 526 31257
302 365 27815
284 232 30619
211 452 6646
34 353 14036
109 567 10558
382 430 1450
128 400 8793
452 484 24647
336 27 19970
94 329 5851
170 262 15479
92 69 22300
228 579 25601
563 554 15404
575 117 19967
87 490 738
326 304 18766
317 24 31164
635 484 20250
605 415 2774
276 330 17282
470 534 9146
268 151 3472
346 614 4593
328 515 14967
315 140 31885
466 317 3612
547 406 16945
407 174 5955
259 399 63
113 452 10251
566 342 13099
609 580 883
49 415 2351
10 291 14107
574 618 30673
340 50 1161
175 447 14839
113 501 32657
331 452 24447
205 441 12215
433 597 22681
130 375 8348
617 76 13900
171 179 29148
75 83 1777
604 588 12521
101 364 4239
466 521 10174
220 288 1110
83 33 24966
552 349 28079
170 401 649
75 343 25746
186 496 17148
69 496 15918
468 614 29832
501 171 26628
425 65 2214
594 439 6392
498 222 8738
538 19 24850
123 191 26199
496 233 11239
128 42 4886
96 191 21205
165 235 25644
321 300 13210
147 459 8186
441 566 13567
276 324 17582
104 119 1656
408 148 22513
247 209 2319
218 253 22827
480 21 32511
254 90 23211
182 299 11448
304 154 24661
237 302 20817
391 40 25250
558 357 5518
545 346 19227
68 74 6144
462 359 31634
419 209 25073
22 358 967
545 461 9240
101 619 8505
64 387 16600
494 536 29350
92 34 15976
415 551 31831
518 534 12407
112 561 30630
361 301 2858
66 393 18494
523 77 547
300 86 3496
49 561 8283
444 564 16740
618 606 30716
422 55 27180
93 494 8921
258 271 2292
288 343 22425
57 336 13449
76 471 24756
160 223 24289
164 384 6605
613 244 2924
318 476 3350
437 17 24590
64 390 11704
457 244 656
231 67 19831
278 325 12961
376 454 6929
38 7 5311
533 292 1026
472 363 15524
336 606 4018
443 286 17928
448 47 833
427 28 16604
222 378 9316
502 343 29250
304 362 5904
273 387 32237
104 65 25836
633 247 960
115 290 3775
179 574 11183
268 411 26453
496 417 3669
599 284 13449
333 566 29386
302 189 32383
619 122 2698
298 272 24116
418 468 15000
312 33 21479
403 177 11550
96 222 777
450 75 26939
327 541 29880
35 385 5822
253 108 758
159 318 29180
445 208 7698
319 407 22533
610 104 2817
49 312 19942
446 350 21658
355 444 1462
345 239 17136
43 58 15010
499 270 4930
634 367 22840
631 511 12341
210 552 23445
430 21 7512
371 313 6481
232 249 31263
546 79 6455
259 99 16340
623 174 18214
439 357 31550
578 181 23222
323 84 3550
367 53 19315
218 602 19478
212 128 30155
174 98 25758
423 394 8198
163 601 13064
371 280 28891
177 497 16968
131 2 12673
57 94 9596
87 367 29521
456 380 15462
171 384 30031
623 75 18003
521 599 57
174 11 8551
630 333 28647
68 327 3467
368 316 22305
101 16 4456
616 339 10048
389 504 1331
489 278 5932
274 327 6721
320 74 15763
562 173 18321
282 180 119
76 181 8915
52 599 12376
72 137 10898
240 117 28591
395 206 12688
40 396 30586
38 589 17521
610 334 28658
183 499 26551
221 414 18984
363 155 8069
637 310 8959
178 159 9277
226 257 20573
155 218 17780
139 558 29132
454 87 29606
469 73 4322
549 93 20077
176 599 4086
59 513 20424
296 448 17526
563 449 2397
460 456 1719
477 144 18949
561 119 16217
574 127 28933
183 623 16018
533 206 437
56 256 1011
56 41 1421
45 603 7572
86 598 17359
466 453 31653
500 302 7497
562 81 4558
323 218 16346
366 429 29165
108 64 14538
393 83 17425
134 551 32275
274 551 11712
27 500 9768
290 94 28395
79 442 735
119 583 17699
511 277 32653
281 537 5602
538 17 19315
353 172 1803
376 184 20741
635 274 6383
56 361 4032
274 87 6006
486 257 29060
463 363 24637
336 485 30116
169 87 6602
103 154 23352
581 504 7203
142 513 8527
143 57 1389
274 49 3856
6 379 21854
525 270 20210
545 357 164
308 429 20364
446 112 18834
199 400 25006
115 263 23984
156 623 16070
405 279 20483
488 83 5051
278 60 5670
4 224 11200
545 556 17039
509 145 13271
424 600 24719
401 351 6896
492 308 9967
470 488 7153
293 84 15424
445 127 22025
621 400 5166
176 372 19734
165 600 3962
498 325 3851
452 379 4201
26 374 23707
579 141 13253
352 361 25229
254 34 25288
607 366 7819
76 542 3208
621 27 17737
188 413 5564
354 203 14674
385 48 1005
213 111 10472
468 173 9593
489 488 3754
195 82 2547
493 237 25614
346 54 5814
517 529 9670
6 67 29140
113 88 10664
517 193 29091
531 466 701
73 340 18840
281 586 7029
100 547 23851
402 416 5945
330 537 2041
196 488 17362
106 497 22123
418 506 14431
601 255 11386
74 328 714
416 627 16498
467 194 17920
76 343 11714
604 361 14941
551 554 18489
180 208 28417
12 134 21053
392 55 17935
336 565 22756
560 352 16135
628 362 20213
497 219 2484
543 49 7226
128 297 24935
297 540 18605
608 175 9082
516 444 17250
523 153 17740
78 359 4927
377 394 3383
45 79 5088
210 532 3882
90 157 19255
198 211 14579
541 20 29902
321 363 866
512 2 9647
475 100 29880
146 541 30814
566 2 22069
335 538 4717
550 375 8601
538 156 7567
630 552 3309
59 206 3130
421 80 2560
292 38 17966
27 39 23626
136 625 13188
541 69 25404
391 261 7440
335 181 12330
293 590 3895
16 303 17993
526 467 26765
181 42 18556
222 212 4055
368 153 11234
625 69 1343
209 67 5990
402 301 12513
456 129 14276
111 35 1276
389 582 19636
462 308 21604
302 219 24388
184 443 11792
607 120 14980
455 351 13530
57 20 14099
108 174 22207
488 485 32559
418 504 2379
252 277 29775
130 54 22778
107 441 8314
503 17 14245
52 468 27854
223 232 6752
180 56 1021
387 29 12629
54 567 8870
57 404 25719
48 241 28882
591 164 22057
92 378 9984
10 624 2346
164 135 1665
79 615 31081
227 586 24605
579 293 3974
459 405 21803
181 263 25906
141 372 32424
160 619 25776
365 56 757
83 454 30742
52 260 11838
424 629 19754
197 565 10935
269 561 14577
547 137 19771
89 619 4678
551 439 24550
171 29 32014
562 564 14278
533 56 10218
82 219 957
116 76 31866
455 108 29214
41 356 18053
403 219 22450
451 10 28838
494 270 15910
150 186 13649
34 30 30999
600 436 6467
342 565 26671
84 20 16586
449 113 12815
443 193 17242
457 54 22276
47 214 6509
564 46 19379
22 474 11946
341 525 11067
290 72 5813
571 145 19845
426 87 27973
1 546 31162
583 152 6738
261 249 22036
64 258 6509
133 371 28039
336 367 4011
494 249 30960
427 304 32172
212 264 23764
175 100 17303
222 113 19920
284 617 2865
17 368 7498
451 11 4182
597 326 7426
401 359 14962
335 528 9108
53 201 6613
459 414 21778
41 503 12798
152 20 14895
17 167 5667
424 422 13757
6 335 20386
287 98 23408
166 253 24109
362 2 23575
614 180 28608
610 531 31445
184 273 17089
250 532 7163
167 367 3819
293 150 18832
458 344 25026
36 290 21171
85 202 8645
415 265 4509
56 272 1544
268 211 28747
233 350 8322
220 75 6338
184 101 19830
508 489 14267
213 307 604
545 266 23309
397 114 29035
8 419 32269
451 269 26952
595 616 2949
610 402 2761
517 471 30252
450 457 31413
166 576 2522
466 329 5016
132 396 9976
357 598 32765
312 359 1745
417 362 8101
386 153 17109
369 352 15011
243 256 29167
626 341 23385
44 633 5751
618 254 17613
4 248 7273
315 561 27862
5 579 6891
371 140 14851
365 233 15690
51 487 4951
119 6 30441
121 317 9257
430 175 17125
117 248 8392
555 343 31577
113 546 26810
593 431 7549
473 76 10660
19 359 26402
551 373 12870
35 544 28466
301 538 1807
297 397 32314
2 131 4654
538 355 19758
365 417 1843
624 161 16362
28 180 22173
122 448 32273
56 196 26591
269 383 18528
526 88 20681
198 504 24985
486 594 30557
423 281 10619
7 433 1899
200 424 28053
385 589 30611
551 375 18130
327 498 4475
455 459 27659
470 401 8028
133 251 261
228 393 5424
10 536 26279
425 109 22056
6 102 15432
405 84 10039
482 637 27494
106 340 1490
324 182 3628
440 468 1586
602 10 5763
265 452 7873
437 596 7855
397 158 28275
341 433 3490
69 235 10817
372 75 2183
577 523 505
117 96 22587
212 38 1826
379 275 17578
297 618 171
573 308 16712
507 337 11410
174 578 27936
125 205 19667
211 504 11825
325 185 3895
584 419 25357
315 610 30685
398 57 5879
412 131 1168
483 495 9208
458 321 21328
274 139 2975
461 157 16525
409 153 23137
111 25 16907
601 25 29409
218 64 18796
439 311 30083
318 43 17860
84 580 28177
208 126 32214
308 630 21605
44 96 1214
20 282 3661
296 542 2361
159 453 20518
324 185 17354
161 77 18151
393 28 25191
543 152 12681
320 244 4224
44 337 18708
582 110 12399
363 115 23998
609 166 6077
587 282 13526
251 238 12731
405 31 18035
538 520 25695
19 201 19238
25 440 363
64 397 26906
94 506 575
275 279 3429
246 625 22256
153 250 27004
286 199 16751
106 437 30213
30 529 7147
4 488 4990
401 242 5556
235 475 13939
220 291 29767
15 139 20530
584 621 20038
413 378 9799
497 120 5268
102 12 23072
78 144 8646
130 88 20398
569 490 678
51 118 15574
231 169 19072
510 286 17686
251 103 7277
554 216 27565
271 95 12001
257 584 11291
588 404 279
486 15 31709
47 265 21050
177 245 10673
382 115 14436
521 355 19907
627 307 2487
353 533 7058
544 22 13384
628 637 12657
551 486 12697
529 339 19178
39 200 2246
493 280 21110
137 39 24251
551 585 1089
144 517 30219
251 527 30447
104 420 18499
204 508 16552
459 309 8393
113 49 24014
382 482 26023
396 507 19494
388 28 5334
54 558 18536
271 19 31971
517 428 5477
259 444 28164
233 602 31557
337 355 7416
277 170 4760
312 92 17218
541 107 16931
275 85 16551
4 477 26543
288 70 12275
86 165 17227
26 532 5486
632 319 14781
239 79 6030
626 211 11800
365 49 8899
258 611 23465
598 305 32630
38 203 4291
414 270 19855
181 158 16403
565 130 6939
532 147 24948
560 13 29677
456 471 23688
126 117 26193
78 484 1670
171 391 7459
348 426 27114
519 37 27119
169 156 27161
316 406 31201
634 415 11801
2 277 1707
4 111 25821
494 60 12472
82 182 15077
269 532 25141
96 330 3101
308 348 13020
584 492 20024
241 310 21137
171 287 12041
378 384 5406
403 166 16255
589 451 25529
519 348 3912
18 521 10531
416 316 9816
74 21 21363
163 317 8381
75 593 21225
123 322 9858
470 558 8046
43 616 23704
280 250 22140
436 10 3328
416 116 419
517 484 29600
228 3 6644
22 463 10895
183 264 30442
42 72 27583
361 444 6066
271 274 5962
285 591 11227
393 513 29902
92 334 31962
319 48 19355
565 442 27623
617 203 162
545 348 12307
283 537 14949
102 421 28342
46 17 27222
604 287 15485
90 13 22638
613 546 8130
494 8 14554
128 196 23795
328 369 15634
229 595 15412
321 358 18620
173 338 9090
388 285 18469
298 434 25341
260 141 26933
334 146 31016
161 516 31016
58 178 29496
523 389 14454
157 184 29137
587 28 25519
187 213 21695
611 45 19252
595 436 12430
505 253 27921
286 121 1803
143 144 27505
407 340 22551
292 517 16209
270 211 4689
50 167 31372
387 500 17283
412 522 7500
17 205 14041
461 309 17034
558 203 837
55 424 1060
77 600 30368
336 138 17062
307 324 23146
630 71 17900
205 438 21809
528 90 17175
580 131 14352
569 573 2452
167 343 27072
417 120 15393
565 36 26921
319 136 23574
185 465 8072
26 571 23647
64 198 32369
39 407 16097
451 62 16485
295 455 14926
616 461 8877
334 619 24453
104 362 9652
182 350 32027
111 256 23845
311 55 25760
546 412 11114
544 307 2225
624 579 31843
480 372 31752
190 182 16755
173 313 30973
38 325 9517
104 96 5689
48 530 14156
635 192 30852
8 597 16831
237 371 31488
627 31 7651
287 98 15912
397 414 19789
268 275 9064
578 420 23470
126 455 15925
91 537 14264
518 218 1252
225 437 20234
3 437 23218
149 248 23950
486 258 14782
83 535 6869
438 614 7909
574 310 20551
143 380 12991
609 555 31054
221 241 21031
83 360 27326
188 363 24095
319 104 12587
170 209 28138
538 53 28141
468 31 28590
269 382 2299
335 484 17159
563 587 8685
112 470 13891
148 84 21694
24 188 23116
357 121 14124
294 531 10853
138 352 31170
578 361 23621
446 514 25583
576 29 8760
512 556 1216
579 486 3145
63 123 31243
119 143 22185
247 126 11830
150 496 8904
196 1 28895
430 265 9692
133 126 26886
498 608 4819
101 464 8085
355 118 16085
127 587 22352
598 232 1772
303 168 9113
104 150 8806
251 13 16780
56 376 8463
244 583 12120
113 583 9560
33 485 27626
33 34 18943
258 386 15677
38 204 24540
308 119 26093
267 429 7125
129 469 25320
294 466 13875
491 328 12357
392 174 13255
425 286 16560
49 438 26268
327 196 21741
239 328 30517
195 94 18779
226 19 18558
454 491 19845
294 89 6137
83 64 24092
575 35 10454
52 346 21489
239 525 25582
578 52 31437
306 636 28642
581 204 31026
509 1 11201
411 361 28269
452 512 31757
43 60 7812
306 250 19703
332 560 23516
258 18 24093
464 537 11447
467 267 11071
602 267 32469
412 61 25243
565 608 9682
118 431 9465
410 310 28971
55 463 5251
110 601 27877
475 366 20229
478 450 27719
359 467 9517
131 374 24622
64 302 976
42 604 17121
428 460 25978
59 236 8559
181 141 4508
190 507 3837
566 570 15425
466 627 10382
440 382 5136
42 314 20520
365 2 17915
153 439 31853
623 100 17663
269 577 30196
289 116 2477
492 635 11787
618 472 20604
593 62 4785
154 167 28438
280 90 29147
491 176 30749
110 32 12909
428 80 25113
72 366 29540
548 278 4494
7 554 4653
141 41 20332
607 398 16154
427 445 11353
56 274 13164
212 473 26241
66 48 24186
44 376 27380
196 171 2003
70 541 19637
395 473 619
600 334 23307
354 356 12602
417 443 11703
399 438 22484
631 327 22799
470 426 4575
95 47 21818
625 345 25209
538 550 19198
469 478 10469
236 373 15837
518 535 31258
356 618 15988
303 359 30479
588 534 16729
526 616 17870
155 565 13810
145 629 26557
485 272 21997
277 231 20892
564 338 12653
603 198 31270
311 440 1286
540 157 6747
126 306 15897
461 527 9943
515 298 1843
21 199 11210
268 93 6519
525 270 15723
596 627 12615
457 484 11506
429 609 13212
353 367 13963
354 332 7887
464 76 30395
86 515 7363
495 123 13865
15 276 17846
594 187 4301
336 560 10774
272 182 14840
287 267 24373
346 303 12457
333 476 23992
130 21 12334
120 5 20993
411 56 5895
196 3 24085
174 634 29309
283 355 2479
468 161 26481
622 473 2158
327 349 24910
439 574 26474
28 606 22048
567 590 27294
466 524 6975
555 333 14296
348 9 18454
569 195 12338
100 387 3295
303 389 23113
439 54 16764
225 429 20136
262 44 21672
541 400 1313
181 509 15933
293 314 32006
574 183 14141
269 288 21383
350 520 20706
299 7 17054
229 316 8165
15 175 2126
23 29 9135
243 115 10528
377 440 26950
607 29 12835
555 389 14335
75 272 24032
320 124 27237
524 297 7416
320 301 32732
416 552 20072
259 260 989
436 293 15535
317 216 11746
48 55 3136
490 445 10590
265 379 32010
437 50 22357
91 4 1021
587 208 9065
148 434 8914
185 529 17536
468 432 21383
531 397 1354
158 10 10822
91 273 2895
573 294 19375
496 388 4949
49 615 20166
613 560 20527
276 355 26864
477 128 5476
126 387 10175
624 481 18725
311 451 20355
398 161 20879
272 88 1753
513 62 24365
14 153 5801
9 197 11053
495 131 862
532 200 2517
93 575 28468
42 167 8715
401 102 24301
106 222 16665
529 470 29015
256 8 11755
3 430 12128
421 366 8576
267 400 7599
95 540 12864
361 467 31226
591 286 7798
208 13 23953
276 59 1575
230 277 11221
414 1 24300
553 319 3733
397 367 19624
567 459 7050
180 450 8237
315 61 25954
325 293 6445
215 322 32
628 271 15107
72 61 13243
97 342 7234
561 392 2362
402 363 9994
160 294 24009
241 418 21646
58 498 1148
279 153 6227
106 190 2731
434 82 17
546 522 15421
495 594 4924
430 450 23611
68 435 18847
208 321 31603
108 124 4750
10 561 14882
325 126 28316
138 134 25306
80 618 7127
328 509 31774
468 521 22776
520 523 31590
199 367 24074
238 459 32657
381 586 26989
322 592 12779
546 552 13908
595 165 29773
584 387 28152
220 154 10250
329 469 14144
5 635 27806
136 287 149
484 24 1630
345 603 3597
148 247 31896
477 94 19006
74 41 15335
116 290 25167
14 246 29859
475 216 26149
127 104 22198
248 246 3012
206 196 835
601 500 24880
264 362 25049
480 589 14968
521 230 18988
544 531 4533
496 18 29833
322 485 27931
208 534 12933
257 32 17270
14 267 24210
156 243 20897
295 357 3195
262 365 29662
473 606 7681
81 241 27675
577 104 17929
447 10 6781
242 610 2580
611 193 8148
405 250 17669
100 492 14785
441 146 24414
524 384 30383
450 442 12398
119 318 13303
274 70 6457
274 215 17088
319 530 13556
170 65 8320
576 322 17520
321 12 30248
516 371 4297
282 554 7511
201 626 14124
565 441 19765
122 633 29350
576 192 22722
371 437 23071
517 412 9913
143 288 30751
292 486 20311
534 140 28399
467 248 9898
497 577 22315
459 575 31282
25 315 32741
623 535 32507
203 493 32493
401 267 26996
521 624 25814
629 26 31417
243 96 15304
251 307 1791
379 158 2385
560 442 10088
189 287 10915
499 165 32111
117 462 24585
450 210 14495
628 42 1912
505 527 32603
458 323 12164
250 586 481
307 189 8995
382 337 27340
264 184 9220
412 533 8894
64 376 3176
4 84 1277
576 301 21173
559 146 16682
272 433 14404
320 257 19029
92 536 6680
68 117 28189
286 262 13688
33 585 3745
362 467 2990
119 325 4203
258 270 14163
592 168 27030
36 526 19177
130 101 29156
144 18 959
490 353 11141
567 188 3407
208 604 19119
523 68 4238
341 570 22112
627 295 10223
450 104 26339
570 53 23558
243 508 22252
362 547 22025
492 199 16999
569 19 19625
205 322 31304
280 61 9464
535 485 14090
346 467 9289
519 40 23454
553 243 12642
64 515 6373
301 32 21068
385 292 17959
459 415 8610
475 618 23793
44 113 12603
430 395 18275
360 555 2421
544 497 9699
171 465 31633
547 22 28057
526 484 8932
244 158 21327
402 348 962
476 102 28301
468 24 2160
72 635 28413
341 530 31624
18 582 12928
420 115 23684
111 405 5253
158 338 22133
255 35 32621
428 531 2583
83 51 12081
15 487 5045
138 17 16513
438 205 2720
486 26 10770
356 3 31523
468 448 9691
497 202 23870
134 498 28259
60 165 6543
118 7 6276
77 564 6951
200 161 19486
329 47 2125
33 134 16049
356 443 21841
542 526 10461
62 231 19456
374 444 3127
558 223 10079
293 555 4338
134 150 22184
631 72 6990
294 35 11213
119 512 1737
493 258 30953
480 191 18825
392 158 15711
291 531 11388
269 320 20126
256 537 21781
197 393 12742
254 156 9143
38 617 29342
81 507 30257
228 45 31124
557 275 16334
140 129 1484
149 550 12525
284 58 20834
91 155 26140
298 108 21860
236 398 23334
306 536 28734
259 94 14494
16 265 11396
248 56 4801
444 501 24410
109 174 26319
45 23 7416
269 160 8230
188 226 26354
624 342 16581
37 177 19274
368 497 255
372 606 15486
170 225 26764
552 60 2569
429 196 5938
452 13 24088
328 296 15809
400 340 20569
514 608 14363
315 192 18223
534 103 24434
38 385 22459
25 426 6158
629 125 27245
157 552 24629
409 438 27933
136 428 19980
53 625 7396
254 42 2183
611 439 16676
48 573 27588
170 160 24192
219 608 17254
553 184 17336
408 337 26060
194 196 11176
219 490 4401
81 122 22225
578 544 18464
400 105 17462
341 27 7359
196 620 25728
65 105 29402
505 227 5017
536 334 20157
500 288 9280
213 356 23347
372 587 9800
18 547 31564
204 239 7037
67 450 3257
194 359 22633
24 56 1498
536 304 9573
539 347 26322
81 546 10689
353 8 5952
341 579 3566
480 364 21104
543 619 25311
158 87 16924
521 497 3111
510 374 27670
617 223 30595
34 373 12657
302 423 10179
324 156 24074
207 288 21076
10 190 15740
615 203 21986
466 91 26331
557 374 30146
210 515 728
437 459 22818
15 98 18454
606 516 7736
332 63 22485
313 51 12517
477 451 6468
569 433 20870
35 404 15380
499 422 9188
58 542 15142
426 70 1933
301 468 7782
270 203 12788
300 153 26419
428 254 22571
407 27 5350
54 564 30999
365 207 5970
132 532 23144
465 362 25429
311 79 22981
45 233 16852
542 154 8418
251 441 27573
479 331 26235
562 300 9652
278 203 32629
31 472 25896
24 609 27269
387 147 8977
241 43 1583
107 275 29961
611 303 5127
630 244 23531
347 280 23922
287 478 1611
376 44 3410
180 362 6429
124 493 28522
313 584 31506
424 24 4452
196 292 12186
367 277 2737
323 175 5263
520 21 18368
548 461 25067
616 508 27200
177 622 11552
50 255 29551
158 5 31208
498 519 20121
566 102 8359
186 291 16726
133 41 5814
483 496 5170
400 68 32554
130 587 16826
611 632 27392
36 23 29476
477 280 26028
152 234 22800
384 247 26489
314 148 21523
373 155 6474
238 618 13321
605 443 3473
508 459 26208
571 391 16536
283 506 2781
563 554 26230
316 553 25485
462 77 22333
413 503 16342
386 226 23117
403 471 11247
172 136 14285
427 437 9504
481 80 25521
522 291 10394
55 217 22501
572 435 30160
67 293 23404
246 470 7817
342 316 4749
197 430 20017
149 633 22644
553 637 24333
526 456 7369
518 322 12118
3 150 24616
65 127 375
404 119 128
416 551 23004
231 588 25291
302 367 4616
386 407 14738
209 446 3070
593 588 16448
348 454 25112
214 178 20788
262 433 28383
338 37 20743
96 596 25989
197 537 5006
85 420 16146
221 362 12151
118 364 18783
574 331 15255
328 531 31854
381 519 15677
594 256 12240
390 46 12590
180 113 11536
627 457 8468
567 572 15696
595 317 13693
598 109 32688
49 317 14534
166 440 25354
296 166 6538
102 146 22824
172 603 15202
219 554 4744
498 76 23326
84 517 6465
286 396 1983
583 143 18086
268 549 17370
447 182 8895
597 64 23344
236 603 3508
85 150 26262
310 407 29359
424 318 27784
332 11 237
185 188 5884
560 246 21232
556 75 10064
198 43 21783
474 390 14181
403 485 29696
471 353 839
222 545 28795
363 312 30963
160 209 31240
169 514 13338
292 37 12807
70 421 27119
214 318 18729
89 333 11620
19 246 21953
251 347 28260
548 245 7431
329 118 14056
33 369 8815
590 603 32508
253 541 14230
360 196 3340
271 387 19587
169 346 18969
543 280 13092
592 291 18841
575 267 14924
64 197 4919
271 274 17319
335 381 4273
200 14 5466
634 555 27776
155 515 29512
382 142 15888
452 454 21809
379 517 9904
402 153 9775
636 221 3719
80 216 12082
535 210 4907
470 223 29071
534 256 437
275 568 6085
622 241 29788
337 599 4597
462 32 28678
32 514 16587
398 349 14416
362 18 3277
235 566 4337
507 1 16706
585 26 22930
593 354 18740
411 612 28012
325 499 21049
630 181 584
544 203 11269
541 142 31411
48 21 19703
162 574 19854
623 114 797
106 225 22842
158 104 22118
435 87 17170
188 487 19441
157 193 29680
445 367 25541
8 216 26864
552 208 8530
423 300 31669
214 79 1165
505 524 1999
457 576 23679
575 30 31516
136 418 7587
496 526 32059
123 169 13675
466 343 32357
490 626 447
573 553 14405
623 141 28240
409 124 2996
127 29 4891
451 296 15449
340 149 22132
491 382 26519
367 432 23136
103 119 18014
444 338 12345
95 522 25015
278 537 16077
396 124 28692
620 191 18026
204 230 9692
246 461 19368
291 534 28073
578 343 15556
180 136 19750
491 406 12009
80 196 16796
369 5 26563
313 79 11145
457 147 23844
334 37 726
483 549 14254
612 31 5513
600 48 1719
488 555 4358
351 187 741
403 103 6711
267 363 18997
284 609 21308
240 228 15209
574 353 28011
474 486 20497
156 41 23752
485 428 23468
31 383 32323
309 538 15246
537 337 5204
619 286 5786
169 557 30171
456 513 7398
355 247 14656
431 163 5862
265 89 6733
154 544 20664
146 292 25405
70 45 22937
232 79 20971
458 15 30903
96 262 22573
130 279 28632
241 65 17083
89 477 31120
114 42 21561
17 63 13302
375 17 18995
594 575 10779
532 307 8242
224 363 15801
373 571 18741
510 59 8134
63 133 4652
339 99 8688
287 117 77
262 428 17469
515 372 21592
30 248 18741
595 394 30761
279 373 8285
168 565 3618
193 211 27134
95 3 12888
163 503 2139
396 367 19339
72 353 29161
153 229 7751
147 211 5423
484 343 16072
616 548 27208
213 539 3704
248 55 5958
197 356 14362
35 316 9195
11 150 10755
517 477 28264
43 109 28655
32 522 13869
143 305 5714
432 434 29415
569 485 32569
212 513 7489
357 277 21784
318 448 23560
270 555 8718
515 421 957
505 106 4754
585 203 20406
3 215 8321
372 323 870
299 421 24577
134 323 1892
164 496 31167
507 133 26942
32 299 5735
445 514 13891
602 124 11629
396 557 18635
384 110 23936
499 435 7332
189 508 16191
446 38 27305
575 400 4867
516 567 29871
174 152 20700
127 276 25170
435 251 3610
609 520 9285
632 276 28145
402 635 22315
36 628 31518
540 136 24625
109 455 26259
280 53 19667
486 40 19350
73 547 11414
581 161 21466
32 234 30375
108 224 30322
101 27 26260
567 550 8890
485 128 25241
388 11 1156
583 615 17212
170 439 16676
172 430 1841
59 258 9534
193 422 28598
269 160 18781
473 37 227
216 206 18354
351 190 16048
519 158 18333
212 601 2707
617 301 29638
118 255 3849
230 175 30187
19 219 32102
358 29 24502
14 254 22461
303 341 2615
592 108 25546
218 75 32207
467 345 1299
145 432 29368
308 210 27591
66 273 32361
372 487 4869
217 253 7303
162 61 17544
84 218 549
412 563 4336
463 177 8316
614 159 13092
564 494 30824
6 246 31356
142 312 29256
297 621 27313
219 448 26135
247 549 4556
457 62 28115
288 635 29578
481 382 4243
202 52 9961
137 334 24280
104 560 11743
38 91 18679
290 34 30828
572 251 24254
82 518 15230
552 85 21392
373 442 6506
417 492 9400
167 258 23777
204 134 10141
583 538 2212
608 7 9247
589 613 3447
461 215 840
551 446 25839
341 334 5390
573 278 27446
193 395 4067
403 504 27360
218 19 17214
420 26 13664
121 468 4710
611 37 10172
576 298 16164
102 229 28308
269 10 25641
360 93 3486
40 266 19784
588 401 28184
41 168 12253
132 584 21737
439 484 12264
615 433 27749
362 459 11984
113 200 22256
342 212 9933
407 375 22260
250 409 25185
5 335 19940
95 396 16748
628 10 30535
193 503 1472
587 137 9725
155 260 24384
416 357 14649
297 475 13291
514 230 19435
517 585 31334
318 271 7306
464 624 32228
65 117 9343
493 20 6265
475 81 7589
350 114 27959
441 13 6548
367 539 32175
462 538 8627
6 274 11947
401 609 26692
571 22 32308
131 42 12773
322 469 24903
156 486 7240
581 38 2502
634 105 4605
46 383 17800
338 634 25774
521 109 19857
422 581 32286
464 94 18655
423 18 11713
198 187 2124
594 540 7125
502 525 10608
159 490 11317
126 370 27796
559 201 27239
336 548 11785
103 408 17810
209 453 11656
386 628 15963
408 549 11873
626 602 482
248 55 4517
284 429 5195
504 272 26513
302 317 29341
631 169 10210
10 572 18150
623 146 22743
629 411 15060
347 274 31503
350 368 29769
220 582 9353
221 203 9372
185 300 24426
64 229 7807
576 37 12630
629 390 28605
314 2 13954
545 197 21333
389 172 1988
527 50 17819
59 396 17744
58 196 26467
90 304 10214
496 60 32356
515 13 30867
286 579 4183
437 172 21340
12 34 9082
392 344 13163
591 236 27267
219 89 1936
392 274 23331
354 292 1081
110 566 13737
279 530 9262
297 296 10606
476 195 23477
380 122 21765
43 294 31204
145 21 12904
141 499 8783
52 310 24219
204 466 15707
5 24 27007
99 494 18379
467 115 17859
368 285 6772
407 301 23094
556 448 10519
329 504 27889
431 141 25543
69 476 30218
320 464 26735
593 364 10953
226 147 6744
157 510 5027
326 504 5044
133 192 3682
403 238 18843
27 626 2878
311 495 13576
60 99 28376
82 282 29610
254 87 7257
545 555 10669
142 376 4632
158 579 2501
260 408 2208
520 257 23327
252 260 30440
411 27 11530
73 539 4119
298 592 13935
436 460 3637
403 461 13173
247 431 14984
438 315 32226
519 556 28576
227 355 11545
405 20 6703
27 458 20681
239 626 21834
26 87 26015
443 538 29604
452 436 1442
253 450 27358
540 564 7680
358 543 30472
608 473 12912
127 605 15327
53 178 31358
505 357 30323
161 337 32599
209 159 19764
223 102 24808
581 505 17820
276 525 8058
56 206 11761
155 57 17166
522 240 11978
7 33 3096
598 353 2918
244 416 4481
94 329 10489
98 180 24037
357 523 5229
606 291 21135
568 114 15184
277 133 24742
555 78 14319
517 34 6525
345 336 14786
545 536 15632
512 427 2743
532 193 23046
354 240 18179
595 260 21729
96 421 24699
275 354 21524
89 226 18349
221 542 11582
423 20 25640
140 293 5053
391 629 12979
596 335 847
568 361 15213
72 74 16768
224 530 27397
617 530 26392
87 356 393
150 254 16064
428 284 3716
49 306 30874
220 258 9560
448 539 19073
567 453 26151
98 454 9002
425 592 30364
621 345 10849
22 433 25454
147 146 29456
575 249 28296
447 154 5080
548 581 22279
462 480 24931
389 439 32658
145 311 20915
72 491 19646
1 637 12835
137 101 30841
11 74 25038
513 207 14506
351 484 16535
533 417 18067
86 63 1808
270 209 24981
37 70 21992
55 145 9052
173 139 2988
489 381 13483
240 273 26110
36 317 31035
395 577 12181
253 443 28262
587 345 20122
493 475 2967
417 165 32578
405 506 17592
634 273 29877
535 226 11801
552 322 3747
292 38 32378
610 390 23575
604 13 5955
619 195 21602
532 586 9236
460 101 5434
509 385 6705
464 393 8542
158 259 13678
298 37 7520
563 513 21421
18 128 28772
207 157 4374
276 436 3314
378 138 5753
43 548 2608
21 534 30897
552 588 12315
514 509 8920
626 513 14755
452 218 24230
72 234 26021
466 322 30046
93 173 3140
490 529 26889
42 521 24595
269 80 14584
379 49 23292
192 589 21957
487 623 9470
72 11 10302
166 450 5901
375 602 11277
67 298 26292
486 513 27127
202 474 5972
2 276 26371
302 62 5134
519 297 13549
278 618 25023
190 410 1450
238 25 14993
162 136 18162
407 202 11536
206 400 11273
46 192 5832
156 382 31538
104 284 5843
382 49 16800
59 68 28384
629 115 3003
379 341 18844
579 573 14607
477 621 4996
308 561 19017
92 407 3973
84 404 27908
478 327 8955
613 626 23638
400 441 3303
418 540 15972
130 26 27263
254 489 18017
164 476 8023
273 172 24509
491 53 479
292 193 21118
469 163 7396
256 156 31212
451 323 32087
112 314 7710
587 351 28558
598 305 5642
592 8 20910
88 412 23327
561 185 18697
305 567 30875
423 320 18065
118 544 4118
303 99 27314
186 506 23033
408 418 4910
27 379 25563
410 525 15825
246 11 10237
608 587 276
172 128 16469
622 117 14352
32 198 15599
378 8 12618
427 334 22664
28 157 18491
542 212 14255
114 51 24493
232 188 24027
626 40 18234
200 101 24869
64 28 16527
197 614 28846
623 263 10571
513 316 19173
526 220 21644
537 606 6171
136 530 27523
194 338 4902
529 427 20142
171 238 19723
551 375 31111
134 379 31205
602 558 26820
228 125 25724
412 206 1925
37 234 13140
366 42 16894
268 453 25873
261 540 7289
144 17 9096
330 209 9165
31 344 5082
580 437 18590
144 85 28514
594 556 18681
617 332 17509
281 412 17457
570 39 3774
53 290 771
634 500 14340
376 212 29292
590 231 19418
334 277 22972
38 2 6240
192 70 1217
460 94 23560
490 294 294
413 531 22846
597 567 14934
628 538 32151
395 561 16778
57 275 3471
356 426 30657
634 63 18174
133 503 11738
223 493 31678
143 131 13061
345 382 4938
9 439 17480
183 619 32053
308 61 28620
158 106 14281
561 495 21798
189 365 30000
434 327 18405
370 155 28406
252 528 19456
413 533 27334
32 147 15359
617 115 9383
636 64 14071
24 371 4660
373 323 18599
328 317 3958
538 49 10336
318 409 20844
322 635 31615
461 177 17260
100 31 20124
324 40 3037
599 176 1216
225 419 10740
491 514 24121
261 475 16771
81 405 241
105 573 2814
409 605 10826
40 368 19762
220 493 30440
311 232 4977
434 594 1795
388 447 19999
408 241 17922
211 92 1239
310 120 21144
26 169 2223
389 256 158
388 261 31299
548 226 16470
59 291 19075
611 61 28383
277 269 28292
59 465 16897
70 56 7619
37 366 13729
73 592 28560
451 54 11120
6 555 22441
576 305 23995
430 143 11050
91 556 27751
491 539 20049
574 370 14199
579 172 16597
587 71 31924
196 82 16831
583 13 22094
350 540 1278
49 405 22157
175 618 17457
34 303 8424
495 534 8548
222 526 6951
119 73 11686
540 522 12627
132 88 16074
353 317 15770
327 604 26286
237 227 385
376 94 9183
106 270 20467
255 13 5748
570 625 8199
99 274 30061
66 608 20122
301 193 8
359 565 26900
567 59 960
157 50 1511
364 362 6897
429 181 32687
319 76 20825
2 587 28159
68 280 13042
104 632 820
599 620 16083
485 482 6387
68 176 6939
12 1 15632
178 241 2069
302 300 3866
258 100 16403
191 508 17084
118 323 32440
46 160 13741
39 198 9636
240 193 18423
71 298 11706
117 268 7076
447 155 7047
142 193 7495
593 534 21092
616 550 18641
302 387 13680
486 112 5809
258 199 22136
621 614 27450
243 256 21084
82 42 22198
73 537 14239
412 616 32443
53 317 16154
114 365 14737
193 151 2065
499 200 19163
597 450 16408
495 186 23728
118 77 29829
90 483 21229
613 63 3694
256 120 32367
62 531 31579
281 618 5226
478 457 5167
473 525 12827
171 311 16647
254 20 12173
350 383 29679
437 19 9254
9 155 11712
232 513 22064
297 520 10128
565 132 27302
168 596 16489
202 356 7398
591 477 16977
575 314 7699
611 132 17087
417 179 2648
184 103 8727
157 417 13889
195 429 19140
519 461 228
382 479 7165
623 372 26523
304 128 13674
190 251 24179
286 357 28698
92 117 31905
537 524 1667
54 631 28314
250 45 4242
339 250 26532
235 92 23016
21 145 2804
25 44 2015
246 74 2239
102 51 20968
588 259 1470
283 548 2656
626 612 25624
115 460 12019
263 461 15028
556 525 32546
356 400 17496
431 126 31879
54 87 25130
546 118 3053
175 547 1383
209 458 32601
195 492 621
259 542 28817
633 506 876
133 239 20679
172 36 7003
417 479 15730
591 635 27140
308 141 21373
234 406 26688
446 49 12625
441 617 24513
568 591 28006
63 526 21491
43 199 19037
198 189 18917
479 94 13013
122 355 31537
53 5 22137
374 174 9311
286 9 28404
615 352 22841
12 392 3791
498 236 10757
521 605 13676
341 167 31400
547 170 2708
573 104 18707
174 363 26965
269 532 21142
605 63 5405
301 102 8164
485 584 25951
621 558 3568
168 370 13090
228 345 32239
14 238 12609
10 541 280
523 514 25425
330 437 9476
326 267 28769
369 472 3002
605 40 26133
275 64 18118
1 98 30149
550 240 3824
88 47 6312
165 503 31339
617 377 10553
118 539 20889
83 106 12118
616 32 9907
246 54 10690
289 602 28405
91 326 23315
425 263 7206
273 76 22849
447 614 11141
78 404 9792
23 287 23441
316 551 15723
413 48 19489
522 285 5305
328 178 17602
5 295 25064
454 238 19290
170 532 21281
432 149 10626
537 534 10185
501 107 2322
169 69 369
423 614 210
164 318 11823
261 266 20568
213 84 25790
107 252 13930
602 466 16440
421 235 20360
225 84 3146
136 122 21103
300 590 29741
37 207 24227
398 429 13774
594 79 30067
302 533 26602
513 506 12267
537 467 32006
55 278 25777
159 567 18061
568 97 18115
430 296 8828
435 103 8841
155 614 865
293 503 9036
166 312 1257
535 71 2778
282 498 11426
364 368 25010
287 353 29939
187 500 28541
201 230 15090
376 479 23046
375 504 10407
295 246 14622
589 142 251
315 194 31407
53 540 16807
626 121 12583
167 243 31384
307 316 23181
412 122 30587
606 570 14545
59 260 17272
559 566 1082
314 586 30781
285 277 9988
506 460 235
324 321 23941
574 151 20099
29 14 6260
430 187 16104
522 543 26411
115 296 30861
316 556 3576
239 593 3170
382 68 20695
507 222 7343
166 186 29997
38 211 25292
410 357 7516
230 239 1792
454 546 30539
227 155 9450
178 616 21297
617 476 23619
30 321 10822
375 94 16602
449 607 29996
271 210 11797
8 271 40
267 55 16738
211 529 16259
171 256 23639
469 592 4269
631 313 23162
99 2 25855
400 532 28638
525 569 6432
218 534 15644
369 425 18561
235 602 23129
425 216 20084
121 65 15947
600 190 28346
342 301 18306
271 332 23974
396 348 7521
116 108 9254
144 430 27527
491 606 13905
100 535 30108
629 6 4937
7 357 31418
342 262 31634
7 200 9963
42 121 18221
410 7 13943
503 254 14109
310 206 16885
459 590 22043
475 316 15190
178 223 10912
492 486 17259
478 494 12440
453 586 31890
177 77 23383
126 361 10894
287 588 20643
209 463 6328
275 27 13296
399 324 14082
395 582 17708
372 573 29586
436 544 22688
466 176 22997
553 194 21974
478 524 16725
566 573 2438
477 29 9674
332 546 15089
474 227 28426
262 347 12095
538 501 19178
178 590 9650
358 633 5178
440 162 28105
601 186 26957
5 190 5300
204 161 23004
4 450 22940
582 341 18212
548 249 12467
290 90 643
147 438 11014
439 155 13834
285 147 11654
364 286 32706
270 331 3015
5 422 13196
57 437 27485
602 201 16611
13 267 23277
118 447 4341
231 547 21564
521 549 9928
313 608 752
184 70 11871
611 378 12728
522 346 18721
558 393 15888
462 71 5366
533 56 30448
355 19 30927
529 527 25838
530 551 31886
600 470 15053
434 94 11158
272 414 9065
5 247 2151
253 414 24189
180 356 15625
186 6 12219
558 88 18239
266 324 7212
446 54 12466
50 240 24531
114 541 17049
101 440 31236
425 279 24961
41 296 14580
271 443 10571
376 282 23911
83 93 19063
576 572 21902
633 273 24909
567 381 14955
81 293 21651
417 59 15707
492 571 3264
414 131 7062
304 512 22011
450 395 3006
175 93 20029
241 519 32219
490 612 11886
181 390 87
399 417 22623
447 256 15571
488 537 11496
283 203 21994
394 623 5267
144 125 2879
94 342 10903
394 473 31601
267 515 27934
485 408 13246
437 465 1790
513 237 2943
79 606 1646
55 361 7626
174 55 29031
167 586 7639
240 296 29605
138 194 21240
21 632 11149
107 590 20300
67 200 12898
557 245 112
443 43 12681
500 287 7130
155 370 31186
229 244 12458
50 362 29437
167 557 26373
636 105 10487
474 375 14698
602 177 2431
49 361 20082
365 116 24630
229 345 6653
327 590 6216
491 203 8899
451 30 4647
536 591 17844
277 415 16669
153 254 8887
324 561 6040
359 297 5793
581 175 23164
536 412 21633
538 411 4834
292 631 25744
76 215 21258
435 294 6503
171 65 11888
61 316 31816
140 494 28220
140 187 22430
6 447 652
5 321 29443
32 81 17988
421 325 22117
515 431 11883
366 153 4650
379 601 16190
611 79 10336
89 501 28795
149 636 22357
270 472 22427
153 546 16438
595 433 18924
88 119 17537
357 173 460
127 389 2925
131 45 31100
32 201 31891
432 75 29491
575 416 12164
170 233 22918
438 343 26637
319 37 5190
599 251 17745
115 405 27981
620 362 24078
608 564 32260
383 334 11933
139 399 10629
554 206 3471
404 487 12444
229 157 25085
609 275 17442
495 108 8924
111 324 28507
425 161 18675
309 575 5988
264 415 25936
468 245 28118
571 513 3140
238 151 25634
599 428 18772
435 267 14937
541 529 27291
4 249 32598
566 25 12953
610 143 4494
340 105 30047
150 512 14057
161 626 25236
478 498 1905
402 299 20433
187 235 31168
116 390 20282
119 492 12659
195 599 19560
335 353 3847
431 246 24060
195 388 15852
573 307 1136
525 242 26811
27 262 16133
126 520 9414
137 233 17889
324 603 23933
238 191 25778
529 451 23911
154 532 29564
364 271 21909
343 516 21330
600 314 17886
166 292 13100
442 507 14149
346 173 17695
267 358 10065
378 438 1691
83 206 7759
415 485 24187
444 20 934
217 544 10770
437 316 10952
200 21 28271
344 225 6256
246 202 21909
217 636 29470
614 126 30560
284 516 17179
224 531 15422
583 279 25959
485 82 31763
382 369 12891
43 361 26073
105 381 9196
553 520 19682
133 161 4305
546 160 16065
275 546 10485
215 472 20799
226 338 5375
271 455 31225
104 470 15830
636 142 2410
102 422 8813
514 126 8590
468 576 4409
120 38 17518
576 112 26652
130 4 28971
153 593 30894
213 363 18017
397 59 10282
332 284 22269
559 359 10607
360 387 23260
174 108 5319
188 611 14025
411 87 29816
86 154 4023
592 153 28247
316 124 19274
166 88 20934
565 403 5129
532 184 20199
129 322 16848
300 535 18158
145 433 30559
524 197 20181
436 257 27669
308 599 29922
149 312 17722
628 261 28347
628 611 9314
328 424 22783
249 25 14543
121 274 29340
38 97 16354
80 390 3417
592 136 1274
121 284 6737
92 501 11078
475 281 5194
301 205 27778
410 95 25396
622 389 3481
564 297 31544
440 3 9875
50 484 16142
413 494 3428
585 424 24741
275 567 19319
297 249 27710
588 29 5125
146 219 10621
114 419 17815
223 191 23339
6 563 11084
289 71 29083
273 440 690
239 228 19691
554 493 20823
41 220 924
62 16 24924
544 409 5939
397 448 24238
21 303 25575
167 613 5816
567 434 14721
271 149 23201
367 368 15100
616 46 2169
574 631 12168
230 408 23009
139 258 11004
577 479 22294
255 623 11484
165 299 17245
275 251 23673
405 561 5196
341 403 11742
144 209 5983
19 77 20095
4 106 25049
601 246 2536
451 475 5351
158 433 13794
429 279 29814
526 308 29372
510 220 22853
550 44 30665
184 118 14100
163 363 3370
17 345 22012
566 116 2938
276 191 2651
276 380 3840
558 594 14550
591 132 20327
92 211 23647
189 286 3638
55 160 8771
220 323 7545
186 6 5284
3 238 27994
58 153 17911
448 242 10908
68 223 4181
98 164 4408
312 104 20931
427 17 32138
11 32 10943
155 161 19405
62 223 14002
562 28 2268
57 466 3603
348 310 10350
162 427 12390
396 35 13389
634 310 18524
326 496 1332
35 453 9909
384 316 24912
31 443 24766
99 164 9642
418 83 17791
275 519 14037
207 630 26864
210 43 10937
420 160 26321
154 498 16471
407 160 18171
116 73 7123
423 374 11071
141 530 11305
379 276 13108
513 373 27998
598 73 23678
464 441 13570
617 590 9847
574 518 12386
353 315 30272
400 132 709
456 305 13476
369 603 22390
445 201 29012
195 191 3733
137 154 3935
406 198 15591
260 59 11517
261 551 22040
427 430 11523
356 426 22058
473 624 4753
597 524 27146
13 193 20454
165 52 16516
21 402 20310
102 6 9221
137 432 27091
516 585 4854
109 486 16536
523 8 3983
415 161 6084
596 409 8558
148 613 28174
625 21 21092
514 226 12767
472 514 7468
225 467 11886
620 635 8197
217 385 11188
519 524 15985
425 610 21070
623 246 1153
259 599 16564
599 504 25454
198 407 28990
252 411 4737
66 634 10483
123 38 20587
144 397 13602
631 353 16537
522 298 21025
574 374 32054
353 282 16340
539 309 462
244 469 22726
108 542 7118
556 94 1785
41 576 25954
79 355 15805
534 202 17488
345 630 16931
423 25 18919
177 328 5106
82 225 29217
606 281 18216
384 126 28546
353 91 8799
299 614 15964
455 623 28865
100 251 30078
389 452 13892
365 30 894
593 246 27493
451 399 3861
574 305 8613
392 388 22095
449 169 1127
35 385 31610
500 104 8713
517 536 19
212 568 22350
320 545 3370
576 238 11120
308 251 26097
149 215 30068
222 439 19571
320 305 21396
629 104 2467
422 437 25569
82 306 324
627 185 22884
303 116 3934
471 321 2921
235 286 12342
587 131 1213
321 450 29955
426 418 30467
319 296 22235
240 278 23147
426 464 26247
81 504 31852
304 199 29510
434 1 24671
522 99 23456
213 250 11004
76 378 8922
161 316 28209
151 186 27312
165 614 7368
216 451 25686
584 150 17879
248 150 31990
637 627 1528
609 348 18721
625 315 28839
170 12 20466
85 124 7785
523 337 8658
593 565 7306
278 484 28696
213 448 16774
62 59 29186
201 445 30082
25 393 6328
427 41 24674
286 303 14165
391 368 14174
628 609 9517
204 16 8730
107 441 20422
103 510 29626
579 258 32580
475 466 20073
465 605 2867
484 281 18493
17 464 14063
124 181 24204
608 2 13352
208 73 270
288 457 12074
330 583 20568
293 85 7151
368 294 25495
558 614 3116
603 486 6041
3 570 30166
361 616 7549
634 162 20177
133 535 18860
228 625 3523
619 408 5087
412 186 18759
95 75 24415
299 520 9718
628 409 3789
42 378 22775
255 384 10504
369 306 2077
440 556 32011
430 392 4534
259 624 20707
621 505 5532
39 531 19462
141 102 17964
211 343 1968
475 605 25373
509 193 4118
124 30 6531
100 300 14221
21 470 11095
427 238 30966
232 173 1620
48 587 22800
632 400 9499
233 539 20096
332 343 1741
215 69 18088
188 289 2211
57 263 29100
553 334 18983
90 26 10805
411 507 20509
504 391 7627
443 561 9031
88 399 24805
321 292 32630
566 572 26111
349 378 7346
32 145 29008
299 584 32611
152 268 11005
184 557 23990
51 259 28631
183 463 22454
291 186 1286
340 505 19670
517 512 27961
252 256 21726
320 116 24099
97 475 7029
199 35 19318
34 539 25790
336 296 14495
545 489 9926
440 181 5352
422 447 14002
469 173 24010
403 37 23026
68 230 12702
430 450 27359
360 29 28907
345 433 32139
630 191 5883
188 463 23738
398 357 8837
251 147 8240
568 600 19855
571 122 21723
322 255 32718
598 613 1153
294 427 26933
475 228 11778
56 345 6765
538 397 16453
36 623 20333
275 468 14697
559 260 1138
428 615 30938
385 39 26619
91 31 28236
202 628 23706
442 233 26844
333 585 5055
373 271 12470
315 322 26307
247 55 6936
391 176 1495
151 127 15246
215 522 27821
443 58 1714
329 405 23282
120 624 31201
303 76 25330
363 329 30869
413 622 2807
608 190 23408
10 349 3655
185 252 30235
418 504 4310
624 305 28796
143 77 9460
372 226 1277
334 250 25772
481 374 22737
447 479 10385
544 67 1148
167 239 9246
540 633 21008
127 570 29698
584 261 976
262 89 1262
240 122 28993
206 527 14772
76 377 16848
58 254 28129
540 115 21399
125 131 28185
481 622 16867
597 353 20949
613 259 21125
77 5 23137
312 72 8742
175 118 10525
558 619 1794
415 307 21369
257 524 7902
322 517 9504
270 509 10264
444 257 20808
350 367 28447
79 81 31281
614 526 4275
576 45 25128
466 33 26301
472 24 23472
484 178 30887
540 568 13986
438 449 2418
400 472 1633
318 256 11522
565 395 16750
288 461 31569
271 28 29963
482 503 21395
576 160 10154
576 12 31338
416 187 6996
27 551 1465
536 276 32089
136 162 19902
362 399 17115
151 241 20081
71 632 2590
544 192 21861
191 307 26263
620 68 22426
120 575 4664
326 285 10236
75 330 10351
627 56 21130
450 99 24512
330 130 26964
273 581 15641
597 224 26582
197 470 2082
54 335 18009
138 271 27191
471 557 14941
25 73 10713
493 383 16960
469 354 29359
217 577 18838
555 594 7790
225 444 16628
1 256 3402
116 229 16154
479 636 23730
447 98 31425
391 470 16783
13 329 29556
273 620 1851
227 460 17729
161 41 18145
599 39 13864
481 233 25372
158 325 23943
403 9 16855
307 265 9473
543 551 13031
91 73 8074
336 122 31707
608 501 7838
171 523 12775
99 619 22227
586 82 28934
42 496 7230
299 205 11162
156 71 5226
424 276 20537
301 521 32459
624 210 27501
457 430 13821
468 482 18815
336 322 6949
350 212 186
175 547 2641
275 289 18082
249 123 4528
119 366 4870
293 408 16109
241 562 27147
321 348 15648
66 133 17014
504 441 773
504 186 28638
274 537 17539
439 304 20627
627 543 2980
260 107 19798
453 625 7310
355 137 3391
357 108 25885
40 498 10845
159 467 1068
584 41 17398
459 588 15795
528 343 4463
45 635 18499
336 529 9544
171 494 5510
617 152 29103
289 562 23241
153 490 26773
475 305 32705
341 469 20298
59 306 2311
503 437 8715
338 596 24833
613 190 15884
585 577 23852
456 303 2269
118 26 22279
81 138 576
621 130 30484
585 2 10693
18 498 13729
298 430 29643
497 206 26713
394 558 16827
558 150 17621
485 500 32651
544 385 24474
154 44 15606
309 170 11343
345 545 25325
169 563 12043
161 269 5667
57 83 14348
534 228 32204
480 246 31293
565 63 4580
429 221 25159
597 121 22161
494 110 5934
571 624 4747
595 604 20132
244 427 11400
169 383 28308
308 361 23
365 606 8859
64 58 13439
86 637 26469
174 457 111
322 521 26406
588 438 23460
474 252 31729
497 18 15515
288 265 6926
596 344 29013
342 431 22923
509 301 11917
562 383 10297
300 190 15378
258 479 22515
365 621 9996
78 248 23389
275 632 8538
46 475 28784
603 125 10837
386 607 14538
552 225 25793
68 550 22783
10 479 11292
321 500 22103
138 565 12177
398 572 26564
630 269 9000
568 617 6641
53 378 2067
578 277 20405
135 475 13101
184 402 8032
7 415 9471
613 548 8837
447 218 2281
528 100 20827
358 458 22848
408 409 17359
573 342 17537
172 367 462
496 116 5100
148 113 14723
281 37 3613
305 536 3434
167 478 12418
38 258 1428
216 349 12481
43 127 22126
266 290 4965
169 33 29922
205 531 22382
456 326 8884
505 194 20121
625 432 3940
211 239 18553
400 343 10494
67 611 19132
379 314 5530
19 260 15146
203 476 22914
190 319 12358
623 375 14130
397 113 9112
239 326 11698
457 506 3332
341 501 28408
57 150 4291
77 71 2896
493 344 29137
518 72 12291
5 556 30962
79 189 1714
457 567 1175
244 121 20509
342 625 4175
556 383 4177
310 150 17030
559 345 23410
380 394 1472
414 107 22936
355 180 28306
154 440 15740
240 540 16903
571 113 31978
249 306 26674
106 90 27437
423 479 1308
93 325 13556
115 47 26198
201 358 31326
573 320 32201
234 43 12084
239 109 21160
6 436 21112
214 7 14215
110 399 17865
261 311 16647
454 352 25184
136 219 31384
42 606 11389
568 136 16192
94 186 1959
263 161 31334
286 543 23824
632 209 30990
512 261 4849
419 204 28186
255 288 20166
549 415 27732
263 619 5541
585 37 28542
277 66 17714
97 11 10649
567 87 25815
118 526 15383
576 38 16964
9 530 23748
293 336 32114
348 629 13438
415 392 26512
327 303 6680
210 112 13737
56 163 13822
505 458 21217
77 346 11121
269 310 26526
271 258 10867
434 92 16893
400 366 22976
173 611 340
149 432 27234
560 109 2490
485 232 28356
93 515 9682
554 147 19795
280 437 11329
118 126 27402
413 533 19352
416 214 1142
278 465 6816
392 624 11302
324 341 1094
483 49 7030
398 193 28054
344 230 32562
278 260 22922
277 263 15255
263 24 8602
488 195 23431
402 296 27466
531 132 3350
36 168 8748
489 563 16826
612 171 15122
160 330 21185
451 447 12383
625 202 31450
518 575 20671
185 190 7124
551 462 28838
241 595 13287
568 280 9324
510 406 10262
518 97 11230
474 90 12693
33 333 31132
216 243 23092
459 540 3997
582 509 6209
54 216 6057
628 220 21597
608 494 31161
536 480 1075
403 621 2924
220 12 6942
469 578 6938
49 313 28181
80 18 24109
471 350 23166
161 278 32195
318 387 6067
605 461 28109
174 554 10589
299 376 14878
43 392 31989
348 256 21041
622 557 26377
525 16 26503
446 116 1305
608 122 31728
63 54 3873
510 405 5148
163 103 28724
448 187 30784
109 17 8110
383 310 20419
40 83 15594
459 560 1566
429 390 28031
4 278 5755
165 297 620
117 469 26812
28 53 709
332 92 9703
601 376 31411
195 40 9007
298 210 25582
388 271 2583
582 473 14586
269 251 2393
354 505 22213
467 579 28056
161 409 18561
549 64 21011
243 570 1994
558 212 30911
6 298 12159
282 284 5790
161 259 10703
286 295 19505
61 227 4711
510 334 27467
299 394 27603
410 553 25270
204 137 29535
190 567 32105
210 175 24866
438 566 26175
84 147 18941
477 580 25199
465 542 14253
278 457 17460
566 290 28484
578 171 1130
322 140 22694
42 250 3331
172 344 6622
222 382 22440
360 452 20319
253 62 27365
296 235 26266
308 334 17828
176 562 4708
129 278 15346
161 476 10535
353 398 31029
74 63 2774
370 181 7015
417 530 273
500 13 30706
206 596 30218
592 76 26165
543 387 28413
23 133 13544
575 415 32097
273 295 1741
346 130 26144
385 13 2174
194 271 8298
561 461 5163
351 421 5637
222 636 14759
364 230 19765
303 78 4129
165 470 26751
358 312 1098
59 107 17145
504 464 20708
178 260 28651
484 467 18670
55 331 6889
6 207 25051
314 142 16811
438 195 20905
365 464 4946
384 565 26534
378 575 30943
170 20 22601
490 200 30969
410 535 21357
340 88 23908
105 515 14788
251 14 19123
412 346 29035
255 217 27409
261 300 733
71 527 29508
321 325 7866
586 177 13616
363 350 16919
394 449 13692
165 512 12895
502 178 25146
582 350 19167
98 553 9872
218 365 26008
58 485 15319
373 292 22004
443 45 21174
167 589 18276
239 487 3860
98 484 11033
156 443 26627
432 281 1875
70 478 22758
554 164 16381
313 270 904
583 291 9103
278 334 31455
63 332 30826
609 377 31914
563 358 17963
207 545 29743
46 309 29612
305 253 19137
577 109 23978
227 181 23261
258 634 4932
593 163 24820
342 169 15570
303 42 4421
22 411 9933
406 44 7251
93 528 19891
598 243 29652
362 280 26926
482 630 8245
365 456 9201
497 364 31490
124 65 15104
442 85 15572
125 52 31321
247 32 3473
561 559 17985
91 325 15398
605 399 26531
84 203 32516
204 408 30522
304 431 12541
102 503 22148
236 143 30305
57 130 30381
114 433 9313
355 398 3319
594 30 14633
364 502 4419
280 191 15661
179 414 20172
337 25 5783
79 39 14388
184 317 15848
251 377 26480
371 504 28441
398 500 1847
60 343 29925
444 449 9982
538 11 5131
319 84 31660
143 231 31389
221 439 7814
270 86 31674
324 59 18695
478 267 23115
224 325 10140
421 578 1432
506 128 30335
134 164 201
80 629 804
464 7 19131
147 299 12791
506 596 3498
250 187 7004
389 33 13979
439 417 1068
249 628 25240
636 438 13610
260 444 25612
603 131 21024
44 239 3310
171 402 7335
375 538 31353
613 466 22470
356 288 26008
166 613 6379
203 176 1890
416 327 2029
8 272 811
274 221 13081
343 74 4119
123 560 32113
595 537 23104
250 505 7341
298 364 22454
62 543 27040
577 590 10261
613 54 16645
331 545 5474
458 628 11242
562 3 869
529 153 20014
413 527 5829
514 317 32461
629 167 12166
95 172 16624
359 88 2759
187 382 26110
122 33 3524
61 443 16412
530 322 28815
319 621 18907
205 136 18685
256 622 21268
534 598 26298
522 494 27664
357 24 6014
480 288 16282
352 165 22234
63 155 8584
573 425 12060
10 636 6876
302 436 14641
119 405 32150
248 624 18325
51 317 22976
322 306 27822
632 274 23140
22 608 18215
623 212 27756
228 389 24359
193 253 27291
156 254 30065
1 526 12569
352 514 472
303 505 16467
487 11 20618
431 574 18968
599 30 17948
97 631 30012
194 408 24672
166 53 8996
47 413 7786
276 406 24589
563 523 9298
162 71 12778
207 125 16273
566 201 812
562 606 30479
365 477 15830
469 407 7735
608 10 8351
633 516 1200
385 500 15135
395 183 25743
483 452 7986
191 629 12052
63 206 1301
585 393 23642
77 117 11498
323 340 31868
377 217 937
279 564 2335
105 42 19112
530 551 27750
496 149 2108
8 93 28334
507 593 11553
134 320 20142
94 92 28076
407 140 16338
82 309 7933
348 413 30946
292 569 18332
93 142 29013
255 231 20557
234 89 30180
632 429 11523
539 236 27960
344 595 16178
637 296 3014
264 94 27127
149 222 25139
148 187 9674
368 446 13281
321 31 9402
514 81 27498
514 556 6494
524 133 24886
288 531 16901
506 138 3186
197 418 18122
191 126 12554
248 261 5267
338 299 15747
272 59 30764
394 256 25020
467 358 9201
547 48 1021
71 300 20431
516 631 11241
209 253 5764
551 470 21281
451 415 25689
545 122 22978
186 569 2778
338 382 12552
327 401 10803
351 544 14508
242 116 27701
321 618 23526
130 234 22073
458 400 16664
108 630 3669
276 230 27525
177 315 9634
626 156 4261
242 159 7300
36 178 11003
332 310 14129
282 136 4723
294 206 10215
287 631 9902
534 166 24988
354 215 29129
481 183 24835
250 22 10889
604 386 13116
225 505 13034
406 328 18574
26 120 11391
494 382 1782
549 88 3635
293 605 25463
366 1 24384
73 615 23144
168 258 27001
436 217 15927
115 326 26939
426 346 20824
601 316 2977
66 313 19289
580 243 31699
386 366 4697
182 401 26240
312 572 26951
479 361 18148
216 369 26814
453 55 4852
35 599 6999
86 297 1144
98 522 22467
340 445 23362
414 440 16917
224 234 6342
286 20 2809
579 254 28594
147 309 24273
259 80 619
83 72 19282
273 89 23470
419 486 12683
135 590 15729
52 43 29871
338 603 28573
524 145 25023
446 399 24871
628 233 18114
10 555 30995
441 324 28209
293 492 17603
234 343 26744
630 1 1562
180 142 18238
134 56 31994
523 459 16761
46 295 32763
94 328 18555
476 357 9847
451 272 13685
558 324 31291
231 1 13350
267 366 29050
177 149 15024
351 263 25048
248 629 1995
139 421 17325
419 530 6091
215 253 2245
280 94 5684
371 534 3145
549 265 21716
148 57 18850
483 93 4758
441 531 9833
365 316 11153
270 68 16320
144 532 30970
95 243 26029
532 336 776
118 263 20307
581 539 32745
86 122 10515
130 242 16977
138 531 31225
199 68 32602
373 391 4113
605
593 423
425 519
561 76
46 369
194 65
301 61
538 279
184 330
512 396
301 69
64 323
107 390
84 238
515 15
216 564
125 429
125 362
190 42
392 330
512 554
368 447
314 35
637 517
580 419
354 540
153 133
463 576
138 161
557 348
448 510
604 108
35 622
327 606
300 228
530 8
265 302
635 367
485 394
55 2
140 531
363 121
324 39
226 212
133 329
521 59
342 517
237 281
123 513
451 562
102 450
5 163
511 96
596 13
369 37
182 637
301 90
124 372
563 93
111 467
470 28
91 571
614 253
573 88
539 55
56 385
387 33
531 585
519 474
241 396
327 214
427 361
72 348
169 17
2 343
597 246
374 429
405 10
68 311
526 227
145 249
442 66
255 386
285 7
462 411
226 581
584 434
50 235
568 288
295 235
541 505
104 95
255 1
83 157
429 599
417 284
40 458
390 549
23 599
199 635
277 568
397 175
392 514
152 53
120 502
535 333
351 394
167 418
290 394
45 283
179 205
213 546
247 175
341 139
100 145
143 512
99 530
274 173
368 293
486 186
440 20
109 85
449 485
261 357
494 124
116 485
366 76
373 187
344 368
488 361
481 147
547 514
461 367
400 615
360 274
380 16
528 547
181 579
520 567
222 541
441 178
360 540
347 268
83 359
30 577
136 385
541 481
500 108
181 428
507 175
305 418
78 64
426 95
464 185
547 527
300 620
384 189
383 133
567 220
295 386
398 543
606 50
29 53
291 42
539 193
3 111
85 563
600 296
367 137
348 291
606 632
391 533
569 198
105 618
420 391
257 446
469 286
347 587
188 341
343 83
518 337
31 240
236 439
138 183
502 362
601 131
637 461
601 508
571 523
188 556
513 551
421 15
96 514
539 227
370 92
443 567
439 109
134 137
596 6
127 480
311 98
113 608
319 609
48 281
595 53
406 533
631 568
529 210
526 582
46 350
224 197
592 140
312 589
319 481
387 240
452 323
541 76
145 544
622 423
602 26
532 73
284 50
423 337
250 376
298 122
542 333
54 12
358 637
343 154
548 435
119 589
569 337
70 236
81 149
188 266
451 60
263 515
373 480
192 410
382 506
616 373
110 301
459 550
514 292
218 496
45 269
245 446
423 518
239 79
605 384
584 525
329 71
632 441
51 556
617 373
94 248
615 96
130 418
429 299
129 250
177 114
539 288
597 299
600 89
242 307
601 335
130 618
619 320
485 470
569 399
405 547
602 101
262 298
172 44
242 599
112 243
149 110
44 634
34 584
547 266
105 190
612 270
427 623
209 367
346 145
525 165
473 284
13 219
559 351
476 280
118 344
309 576
49 588
501 1
333 205
631 497
611 399
293 140
392 439
181 60
14 410
386 484
125 589
317 411
159 110
471 636
16 284
490 7
122 505
340 311
235 4
153 238
471 329
44 82
590 191
270 461
324 502
445 538
312 508
321 419
379 625
178 530
471 278
355 621
243 88
85 411
278 206
255 436
427 63
576 272
609 387
140 88
398 215
32 114
297 531
314 558
543 524
360 52
50 283
95 486
332 252
495 331
156 145
94 212
217 317
157 156
57 359
584 153
114 388
568 608
353 388
514 161
298 194
52 403
35 204
539 1
226 561
601 342
289 96
518 384
186 585
628 418
36 305
407 320
107 301
246 120
415 262
357 124
199 17
435 268
507 610
105 213
516 424
457 64
480 357
616 223
32 75
115 373
467 243
259 545
290 484
552 480
357 363
195 567
565 427
250 155
159 254
38 549
284 164
428 633
473 54
97 210
413 598
596 13
220 140
76 8
337 266
169 88
148 490
314 347
279 224
329 251
380 389
167 372
424 542
592 525
304 406
69 60
613 434
169 59
286 445
121 301
159 363
261 339
492 520
333 601
110 576
384 99
41 252
241 489
313 312
613 231
254 394
371 579
134 370
328 343
549 246
617 286
265 469
231 526
563 333
562 346
395 478
186 134
56 313
64 219
539 279
473 157
23 192
179 497
236 195
486 36
179 166
397 435
387 472
86 581
567 379
63 87
505 301
5 102
25 403
114 575
105 170
63 576
308 162
23 632
331 307
615 503
589 121
446 18
155 472
614 629
572 629
562 159
258 356
164 326
617 593
569 404
622 422
627 175
404 292
69 621
218 229
500 392
15 582
392 194
392 108
313 625
137 105
10 395
62 177
203 555
379 151
17 527
155 302
172 469
4 625
82 140
66 428
489 198
632 26
43 397
586 467
234 309
84 301
494 389
338 318
286 474
377 589
613 471
609 21
94 567
271 281
85 328
271 195
148 68
277 245
158 100
318 601
567 425
288 80
103 202
329 288
91 57
314 510
517 367
83 525
520 222
221 343
336 168
605 399
318 160
167 477
607 520
591 91
233 451
254 347
422 287
59 406
274 488
373 632
113 531
162 161
82 476
414 260
282 312
580 381
421 136
440 15
94 81
27 21
627 363
173 575
595 296
285 306
578 58
291 525
171 401
459 278
243 595
462 319
40 608
209 64
368 25
5 336
538 225
19 584
95 354
502 235
154 272
148 279
595 457
135 317
292 238
605 266
482 497
247 580
466 378
591 110
428 426
233 499
497 521
628 82
450 419
473 407
10 373
287 81
484 557
519 618
110 267
604 453
208 463
333 386
538 332
500 286
13 601
348 120
116 446
377 29
251 58
428 252
111 231
514 334
614 9
64 332
356 339
328 70
593 204
561 275
615 300
637 27
166 100
406 572
565 75
354 407
453 337
