30894
29922
30395
29524
32283
29955
29814
26964
31132
30849
30849
29480
31282
30706
31068
29871
29871
28702
26964
30348
31204
30852
30170
29955
29129
30205
30238
31225
30980
31292
27568
29788
30354
31093
29955
30000
30354
31292
29031
31032
30963
30292
30517
30205
29186
30587
26874
30383
30354
29715
30517
27750
30218
30292
30170
30849
28692
26271
28269
30990
29681
29654
27750
29031
30852
30849
30587
30235
31068
29350
28269
30903
31292
29350
30894
30354
30938
30083
30730
30559
29986
27654
29306
29606
30354
30814
30784
29623
29524
30729
26339
30292
29969
30557
30852
30586
30784
29476
30852
29623
30743
31204
29103
29250
30389
28690
31122
30903
27839
30852
29387
30743
31270
30559
31105
30061
31061
31292
29997
30664
30963
29996
30849
28692
30395
30395
27998
30676
28269
28907
30814
30354
30517
28907
26935
30292
30557
31292
29943
30852
28907
31061
30292
30196
30852
28907
30322
30517
30257
31122
30809
29593
30826
30729
29691
30000
30205
30440
27654
30472
30354
30852
28702
29680
28507
26271
30213
30354
30809
30354
31222
31334
30047
27143
30072
29129
30305
30292
30292
30389
30528
30305
30729
29250
29409
30170
29409
31068
30292
30383
30654
27750
30354
31455
30409
31550
30743
30218
30453
30083
31068
31111
26874
30852
29955
28314
30322
30809
29524
28846
29922
30611
28907
30528
30849
30395
29457
29788
30072
30219
31292
31093
29409
29643
31132
30999
30170
30238
29719
30611
31334
27119
29836
27778
30849
30706
27998
28971
30428
27998
30849
30175
31372
30292
31100
30147
30389
30676
31105
30743
30305
30990
29508
27998
30292
27750
30484
30557
25320
30695
30354
30894
30383
30259
29409
30354
30729
30990
29643
30814
30072
29643
30175
30259
31384
29836
30175
30999
27778
30047
30292
30389
30354
30559
30743
31312
30706
28690
29540
30676
29524
30196
30292
30852
28314
28383
31032
31204
30557
28971
27654
29871
29606
30615
30252
29475
31068
30729
30083
30784
31282
30252
30175
31068
30540
29250
30082
31068
29955
28839
30852
30252
30743
27750
29606
31291
29524
30849
29186
30849
27750
29836
30654
31292
30911
30383
28907
27839
29593
30235
29723
30559
30292
29955
29969
30381
31292
30695
29623
30849
31372
29643
29696
30354
30292
30517
29409
27750
30389
29997
31111
31111
29359
29480
31201
31292
28692
30903
30729
30257
29387
31016
29955
31293
30587
30292
27998
28269
30348
30852
28189
30963
30160
27623
30292
30065
30784
31167
29719
30999
28314
31794
30218
30440
29955
27778
27750
31068
31061
29814
30447
26935
31292
31068
29922
29955
30963
30814
29186
30082
30849
30615
28446
25079
29409
31488
30061
28674
29563
31292
31068
30065
31257
31455
31068
30784
30595
29129
31105
26271
30354
27856
29997
31455
31032
29814
29969
29476
31240
30160
30903
30849
30729
30849
30354
31334
29606
30729
29715
29696
30695
28138
30849
29922
29476
29723
30517
30611
30814
31292
30560
30160
30354
30467
31167
30595
30743
29788
29103
30743
30743
28308
31204
30809
31032
30322
28839
30047
30354
31170
31068
29690
30729
30000
29129
28839
31032
30517
29563
30990
31204
28269
29524
30849
31161
30852
30235
30611
30252
31111
30292
26874
30963
30160
30903
30147
30652
29409
29922
26253
28839
31068
29681
31292
30354
30292
29943
31068
28286
29643
31161
30849
31292
29681
30072
30065
29957
29186
31061
27998
31068
31334
30218
30235
29610
30250
30654
30743
30292
26382
29103
31132
30213
29306
29871
30743
28184
31282
31298
30643
30586
31240
31032
30743
31111
31032
29129
29250
29186
29814
29955
30829
31282
27778
30725
31199
30943
30849
30467
30072
30849
31111
30955
29359
27998
29957
30852
30354
30072
27568
30238
27654
30826
31240
29409
31115
30395
31111
30447
30235
28507
31372
29543
30826
28446
27119
30354
29480
30517
26382
30652
29955
27623
29129
31068
