6667
68635
16685
34236
66264
109
15972
12341
21211
7009
45547
29642
36831
7554
7186
36934
37614
25934
5612
44352
54884
58772
20596
28980
69228
40921
26528
27257
17804
37709
31624
33603
7774
19686
61305
28775
60958
67661
41500
61778
26812
20430
22836
64337
28752
27409
52992
442
15219
48907
20612
29684
54073
45050
65063
25363
46603
66823
27520
66399
13848
32744
16694
46492
28071
-1
40047
23546
52459
25648
37640
47081
45570
45473
24322
29670
47604
49354
16492
5804
41454
33170
68904
1220
36857
53148
14772
43727
2723
64356
28702
57322
32155
40170
60622
34087
26435
33009
46745
25222
30573
54858
68420
-1
27201
37588
-1
963
19347
18485
4239
64151
57468
3115
11333
60087
50565
1502
-1
49574
41649
45328
9778
53839
3764
26764
62906
18692
8263
2046
51137
26365
6743
60776
33404
2168
47487
41579
41407
-1
28373
11080
28945
60047
789
8634
5056
63052
47180
41720
7624
6148
67704
38558
30332
20661
67994
13990
50919
29335
-1
17141
35632
8804
30191
38908
64649
67833
5505
17481
40724
52038
56926
15470
64501
-1
26699
22892
56683
27523
34643
38325
38466
30807
15852
44426
33796
46231
30672
18759
55755
66997
50260
47875
23679
67785
67411
725
-1
3399
21394
34945
61365
48731
33197
534
13191
65660
9592
56785
500
6016
42902
31628
32652
52442
31553
37506
3434
58715
63435
61406
-1
60356
19891
55836
21375
-1
26531
14562
11633
50259
39444
65184
60349
39672
15678
26964
42092
68415
63601
37198
40769
815
20677
58186
13040
3823
6274
4944
49093
15539
3860
59805
535
4930
653
44299
42946
23190
3045
66966
33983
65624
10079
228
45917
-1
519
61122
48017
57655
10123
64296
41520
35173
60058
53908
37686
38111
36777
60431
25110
43273
39340
57342
5511
39457
59025
41967
65749
56910
37585
56121
49098
29562
52542
67665
12592
59014
22073
2055
16917
49142
20865
63131
57921
66038
4041
-1
38307
33318
8432
66600
57071
15595
55516
45741
60443
20117
48200
55309
62183
62881
54100
36088
68825
-1
56
15327
19992
7777
51589
35113
37288
20769
55318
2736
38087
29448
57585
3575
23735
20810
20057
16616
44198
1986
7295
48899
12926
12327
25942
25187
61160
42263
49774
26090
60644
22397
51298
52799
60308
26081
51272
38447
56464
19354
64984
65177
23971
-1
2533
3241
56286
30325
57719
13138
56725
39852
55488
62192
62825
8834
56703
57386
64724
9969
13269
13263
64852
17043
35405
906
42167
41549
752
37678
64355
32449
38334
16309
67545
57988
45653
63660
7243
12337
4358
67222
11672
53132
8214
22792
15900
38435
54482
40525
46596
34382
51186
57657
23468
25799
41361
34645
61278
42723
59664
18611
31526
29069
9218
19145
42812
45474
12381
63763
44463
36267
30444
16197
28296
52036
29295
10628
21842
-1
60725
19964
28502
51277
68874
59789
2467
12446
32200
51956
49092
23770
68220
59615
14668
56960
65414
290
20069
66030
8624
3848
4263
-1
61858
50956
26423
56466
25883
51641
-1
49222
37961
45340
59353
22460
62593
45111
36535
27706
49068
3858
62599
45790
13846
15029
15860
4524
-1
14845
50000
25809
