1123
2979
3325
3580
3564
0
610
2931
2901
392
2959
2795
3118
3275
2267
157
2591
2070
3845
307
1553
1063
2515
2651
3058
2268
4043
3020
3016
396
1635
367
3405
3366
3618
1383
816
3436
1912
781
51
120
-1
3464
3756
1776
397
1025
147
3534
-1
2826
647
1933
1297
1324
427
3743
2558
3855
1534
2499
-1
3420
116
2049
2900
2054
2169
2720
2224
3037
3878
101
1644
284
104
2500
2960
3846
2805
2738
2257
-1
611
1316
3328
1145
2869
2149
0
3412
422
142
1988
1553
968
752
1279
-1
972
2377
2275
872
3625
575
2807
2195
1870
2023
2086
-1
1801
145
580
825
1111
1497
3737
3347
633
3229
2654
1425
1375
39
381
3424
1335
3007
3774
3659
521
-1
2161
1609
313
2973
-1
3577
2897
459
306
2605
619
523
754
2050
3180
4006
24
3423
4000
2875
1288
34
3204
2523
238
2418
3756
2407
521
2423
3143
-1
444
2127
402
3569
1602
1837
3158
753
1304
3650
1963
3461
1695
533
119
1153
2976
3770
657
34
3406
1030
3863
264
2978
3570
402
3707
2119
-1
3510
1527
1201
-1
1512
1157
3500
2369
3316
727
2302
545
3221
2299
586
939
3797
2723
3416
1811
1878
2504
2689
2339
132
1606
68
2054
1066
580
2916
2865
2535
1144
2729
1369
589
-1
321
879
256
868
396
-1
856
61
138
1239
2079
1161
-1
3271
3495
119
1439
65
61
3014
2747
1836
3443
3433
3885
2993
1559
2073
3532
1083
2649
240
2164
1538
1645
2455
3419
3466
4004
3188
0
1644
2958
1188
103
940
1699
3048
3580
1918
408
2567
1598
2896
2515
90
2181
2670
3525
-1
965
3601
794
3473
-1
176
3830
3003
2321
686
1803
3423
3002
1700
565
1294
939
1443
1780
3268
3428
3943
157
2287
3342
3970
2964
291
1151
1314
3564
447
1146
1800
3331
3737
2375
1689
3607
1930
2171
19
1953
3483
1952
2439
-1
3615
3429
973
795
2710
1164
2779
203
3000
886
3044
-1
2696
513
3427
248
3640
3600
3935
2758
658
65
3045
-1
3080
591
3735
2034
3604
2490
16
3018
2961
957
2424
-1
572
78
2962
514
3536
24
3108
649
1217
54
2402
836
3592
630
2496
839
848
483
3050
2433
2737
374
4002
