15504
45201
15725
-1
64549
-1
29634
14906
10102
39160
-1
7295
68621
14617
-1
5325
65849
47760
5322
28563
39526
-1
9945
19116
30665
-1
-1
46355
3904
58644
-1
-1
58234
46576
57997
19026
-1
59037
47284
-1
30918
41927
62826
12223
62376
-1
66620
-1
68438
60011
29203
41102
64621
57312
-1
26570
64771
7252
2369
15776
21977
40007
49583
56829
-1
20695
23192
39052
67181
31563
159
-1
51242
38072
62779
25190
50519
21612
-1
37200
-1
41348
61547
58811
27625
8658
41080
3394
43768
63308
26075
70500
27281
-1
-1
42133
22798
36424
69011
22206
54623
10415
11934
30359
-1
42065
36072
63558
67786
10873
15677
46652
47017
39624
49828
67957
60539
11692
-1
68049
32208
55565
7960
39052
70608
51811
32579
55681
11460
31767
-1
42575
-1
26687
39484
42260
-1
57344
4070
58505
47785
-1
-1
38519
27419
64421
21199
35578
10581
60552
4735
40147
46198
-1
26682
23093
54833
30936
-1
47039
30108
11068
47184
21505
67256
31644
19587
15895
56950
6418
61591
-1
-1
33485
39826
54817
10092
24317
21137
25370
7343
70179
10556
604
25797
42482
34728
70174
11318
61773
2617
-1
47656
32963
10923
43224
5004
65044
14610
23038
40652
4175
-1
61625
9390
14677
-1
22355
19769
37911
-1
65539
18754
8151
56460
29321
14390
44352
54912
31297
50681
44370
-1
43753
-1
-1
70683
69535
49220
-1
16257
40683
28897
3604
33092
22752
15308
-1
11142
13313
59441
27685
8098
11692
48415
20226
29768
24797
38581
461
10954
37324
10563
21247
49190
3921
534
15301
16521
-1
31116
-1
48832
30662
-1
60204
9927
31036
30430
11527
15126
50786
25426
70306
39701
57852
39689
18208
36030
847
472
36335
-1
25309
68656
38728
61140
223
17354
16838
-1
67247
4970
5097
49326
28612
8747
53891
11443
20495
37272
13650
58225
46142
59282
26042
51067
40690
2725
64367
9332
43990
11607
56341
62572
-1
22665
-1
63349
38380
66422
65461
50270
-1
21862
16659
35340
47525
65306
7588
-1
19608
63413
34434
38193
51345
41324
17149
66171
56172
68710
31210
68645
52020
50068
63717
5177
-1
55912
4559
7297
10902
49849
7873
67951
56292
22233
-1
41063
18136
-1
0
35396
58175
66277
36380
48453
-1
5257
56410
53859
49746
3842
-1
18990
57645
5457
-1
15581
55682
34178
50389
13487
52544
-1
58601
47702
13753
3089
56754
233
1115
-1
19500
47154
33417
-1
41250
-1
45769
11328
49541
456
20484
59353
62496
26308
53568
19732
31114
10395
-1
51052
42240
54736
26086
-1
53378
45136
7471
50031
40483
27621
-1
63343
62152
-1
31793
11387
69059
11387
15754
-1
12588
32256
69689
15179
63338
61451
7057
11301
34000
-1
2692
-1
39754
43727
-1
67142
19206
69039
215
59606
2240
18568
45136
12777
49344
65125
66322
30192
50629
9470
66111
1869
16971
58138
35751
56421
-1
54245
-1
33899
28690
22756
49992
3759
-1
55534
46021
-1
28498
53038
27596
39822
39529
52175
6647
42949
3001
18064
42616
11716
60006
41380
4330
20318
54515
45612
15867
