45430
42629
11500
34698
39003
3846
23838
59458
51409
58852
6824
2903
30391
3170
18108
19900
9158
7703
59403
45718
2345
1603
30878
57477
247
13917
23283
58650
39660
49391
10704
58076
48412
35333
25296
22901
56306
-1
1411
30840
24284
11090
15367
-1
40961
23964
51106
21551
50657
49729
36060
51827
41445
28167
3993
53164
41255
27802
10310
9425
14149
6996
16671
29109
4754
49119
16437
23599
47816
534
19182
42219
52556
26348
17958
39171
44307
14663
58496
9284
41677
55280
-1
36531
46934
-1
37957
44116
18027
12444
57472
60047
-1
59700
47096
31214
30867
7050
25846
16560
-1
50664
40450
11405
29917
533
57669
20622
50848
12889
19613
40029
-1
21979
14105
-1
9177
14108
41966
11476
33600
24300
40021
42908
20404
34649
2289
-1
29473
4026
4012
-1
30815
36537
56512
24455
21545
49549
13225
35892
25313
53228
172
100
53293
5121
49141
1153
15086
48162
54895
35813
27491
29819
36132
6822
28020
44614
59260
13073
55537
27755
10553
900
39886
19042
32724
12553
632
4912
59471
37833
37853
18856
25159
50714
32442
29387
4748
21167
52979
54922
44407
10617
127
188
27995
2214
47615
50159
30790
3873
33433
39409
15519
51557
23697
1503
53009
282
27213
51413
56254
14472
40895
22420
14244
3908
21682
24644
50326
6356
15578
49493
-1
12782
24217
20978
57621
55853
33013
38279
41891
32083
3616
15611
18361
-1
13269
19780
35689
68
17623
47787
6649
24038
13194
-1
16411
49029
15031
21366
25069
11901
-1
35806
53976
12195
26390
31285
9496
34462
-1
26661
-1
37986
31221
13732
6671
45671
21395
35368
14734
13809
43023
43981
-1
26230
36360
52185
41406
38283
25735
26804
11305
48475
-1
2405
31674
-1
11045
7305
-1
418
30938
32125
-1
156
22710
53525
48667
23716
16873
47148
24638
29949
35899
23491
-1
15681
30116
59050
32519
8102
39768
24762
6866
-1
875
1131
42475
37605
34722
-1
9737
7387
25085
7613
46847
29622
-1
43057
30857
46468
36640
40855
24589
12654
0
12246
33777
-1
35175
15834
37731
24172
36432
18478
24321
8184
-1
30073
-1
57161
29583
52317
21708
26538
17827
7545
15195
2008
21371
1444
4518
9263
19908
29309
25903
56559
2523
57195
2814
47443
59518
33047
23554
10159
28378
59194
-1
36306
43483
15209
20078
994
9075
20606
6806
59824
19226
10911
51428
56546
21287
403
11425
32448
24250
41208
5898
53873
-1
41883
47433
8491
27553
24746
4795
132
41581
40152
22565
58727
-1
19360
13182
42958
22280
36260
-1
58991
16645
50069
20803
23459
25112
40508
1475
16515
54829
40317
31295
28759
15040
19836
44461
33114
577
2818
43871
-1
29768
30157
7145
56064
57014
35498
37259
31668
20311
-1
12691
26786
50674
10596
14862
11741
52437
15551
34330
24302
33151
20338
21095
7591
22447
21761
9114
21766
21253
41148
29169
33759
158
11817
28537
1520
10955
-1
51069
-1
35534
10057
47605
53964
14636
50730
48334
33578
35116
12446
27965
50728
15945
-1
804
46405
33125
19880
37088
7712
55780
19420
31297
32807
38143
-1
18743
48117
