100 100 11 41 100
49 57 50 57
6 15 5 15
9 73 10 73
53 59 53 60
85 69 85 68
77 72 78 72
84 27 83 27
10 63 10 62
37 57 38 57
4 31 4 32
64 14 64 13
15 85 15 86
88 80 88 81
30 63 29 63
59 96 60 96
6 42 7 42
29 19 30 19
96 21 96 20
90 32 90 31
100 21 100 22
42 20 43 20
83 8 84 8
94 2 94 1
90 6 91 6
66 61 66 62
74 68 74 67
17 63 16 63
54 88 54 89
43 22 43 21
82 41 82 42
3 90 3 91
58 51 58 50
9 95 9 94
11 61 10 61
49 69 50 69
63 94 62 94
33 76 32 76
67 34 67 35
68 28 68 27
82 37 81 37
22 21 22 20
85 21 85 20
97 19 98 19
9 8 9 9
66 100 67 100
8 82 8 81
12 62 11 62
49 96 48 96
79 1 80 1
75 2 74 2
40 53 39 53
31 42 30 42
42 44 41 44
47 18 48 18
26 32 26 33
3 96 3 95
36 89 36 90
52 41 53 41
4 57 4 58
33 85 33 84
96 37 96 36
17 27 17 26
59 23 59 22
45 75 45 74
24 60 24 59
100 47 100 46
46 78 46 79
10 4 10 5
56 63 56 62
56 18 56 19
78 73 78 72
17 85 17 84
91 22 91 23
51 78 52 78
71 39 72 39
80 77 81 77
27 33 27 34
78 34 78 35
13 49 13 48
73 57 72 57
12 83 11 83
51 55 50 55
95 67 95 66
64 15 64 16
80 75 79 75
39 6 40 6
11 82 10 82
56 41 57 41
87 47 88 47
12 31 11 31
59 33 60 33
48 52 47 52
44 9 43 9
41 98 41 97
66 27 66 26
85 60 84 60
82 69 82 70
96 32 97 32
82 76 81 76
51 58 50 58
