50
23 2 4 5 6 10 13 14 15 16 18 23 24 27 34 35 36 38 39 40 41 45 46 47
30 1 3 7 9 10 11 14 15 16 17 19 21 23 25 27 28 29 30 31 32 33 34 35 37 41 45 47 48 49 50
31 2 5 6 7 8 9 11 12 13 14 16 17 20 21 22 24 27 28 30 31 32 33 35 39 40 42 43 44 47 48 50
30 1 5 6 7 8 9 10 14 15 17 18 22 23 24 25 28 30 32 33 34 37 38 39 42 43 44 45 47 49 50
28 1 3 4 10 11 12 15 17 18 22 24 25 27 28 30 31 32 34 36 37 39 40 41 42 45 46 47 50
27 1 3 4 8 9 10 11 12 13 15 17 20 21 23 24 25 26 27 29 35 36 37 41 43 44 45 46
28 2 3 4 8 9 11 12 13 14 15 17 18 19 21 29 30 31 32 33 36 38 39 40 41 44 47 49 50
30 3 4 6 7 9 11 12 13 16 18 20 23 24 28 29 31 33 34 36 37 39 41 42 43 44 45 47 48 49 50
27 2 3 4 6 7 8 10 12 13 15 16 17 22 23 26 28 29 30 31 32 37 40 41 43 44 46 47
31 1 2 4 5 6 9 11 14 15 17 18 21 22 24 27 28 30 31 32 33 34 35 36 37 38 39 42 44 46 47 48
30 2 3 5 6 7 8 10 13 15 16 17 18 21 22 24 26 27 30 32 33 35 38 43 44 45 46 47 48 49 50
31 3 5 6 7 8 9 14 15 16 17 19 20 21 22 24 26 28 29 30 31 32 33 34 35 36 37 40 42 44 45 47
25 1 3 6 7 8 9 11 15 16 19 21 27 28 31 33 34 36 37 38 39 40 41 42 44 50
27 1 2 3 4 7 10 12 15 16 18 19 22 25 28 29 30 32 34 35 38 40 41 44 45 47 49 50
35 1 2 4 5 6 7 9 10 11 12 13 14 16 17 18 20 24 26 27 28 29 30 33 35 36 37 38 40 41 44 46 47 48 49 50
28 1 2 3 8 9 11 12 13 14 15 17 18 20 21 23 24 25 28 29 30 31 34 40 43 45 46 47 49
29 2 3 4 5 6 7 9 10 11 12 15 16 21 24 25 27 28 29 32 33 36 37 38 40 43 44 46 48 49
29 1 4 5 7 8 10 11 14 15 16 19 20 21 25 26 28 29 32 35 37 38 39 40 41 42 43 45 46 49
24 2 7 12 13 14 18 20 22 24 26 29 30 32 33 36 37 38 40 42 43 44 45 46 47
28 3 6 8 12 15 16 18 19 21 22 23 24 25 27 28 29 30 31 32 34 35 37 38 39 40 44 45 47
32 2 3 6 7 10 11 12 13 16 17 18 20 24 25 26 28 29 30 34 36 37 38 40 41 42 43 44 46 47 48 49 50
26 3 4 5 9 10 11 12 14 19 20 25 29 31 32 33 35 38 39 40 41 43 45 46 47 49 50
23 1 2 4 6 8 9 16 20 24 27 29 30 31 32 34 36 37 38 39 42 43 46 50
33 1 3 4 5 6 8 10 11 12 15 16 17 19 20 21 23 25 26 28 29 31 32 34 35 37 38 39 40 42 43 45 46 47
23 2 4 5 6 14 16 17 18 20 21 22 24 26 27 28 29 30 32 36 37 40 42 46
23 6 9 11 12 15 18 19 21 24 25 27 28 32 34 37 39 41 42 44 45 48 49 50
25 1 2 3 5 6 10 11 13 15 17 20 23 25 26 29 31 33 35 36 38 41 42 45 46 49
35 2 3 4 5 8 9 10 12 13 14 15 16 17 18 20 21 24 25 26 29 31 32 34 36 37 38 40 41 42 43 45 46 48 49 50
35 2 6 7 8 9 12 14 15 16 17 18 19 20 21 22 23 24 25 27 28 30 31 33 34 36 39 41 42 43 44 45 46 48 49 50
31 2 3 4 5 7 9 10 11 12 14 15 16 19 20 21 23 25 29 34 35 37 38 39 41 42 43 44 45 46 47 49
28 2 3 5 7 8 9 10 12 13 16 20 22 23 24 27 28 29 34 35 36 37 40 41 42 43 45 48 49
25 2 3 4 5 7 9 10 11 12 14 17 18 19 20 22 23 24 25 26 28 38 40 42 44 48
26 2 3 4 7 8 10 11 12 13 15 17 19 22 27 29 35 36 38 39 41 44 45 46 48 49 50
27 1 2 4 5 8 10 12 13 14 16 20 21 23 24 26 28 29 30 31 37 39 40 42 43 44 45 50
20 1 2 3 6 10 11 12 14 15 18 20 22 24 27 30 31 33 39 45 49
28 1 5 6 7 8 10 12 13 15 17 19 21 23 25 27 28 29 31 33 37 39 41 43 44 45 48 49 50
32 2 4 5 6 8 9 10 12 13 15 17 18 19 20 21 23 24 25 26 28 30 31 34 36 39 40 41 42 44 46 47 50
25 1 4 7 10 11 13 14 15 17 18 19 20 21 22 23 24 27 28 30 32 33 40 42 43 46
30 1 3 4 5 7 8 10 13 18 20 22 23 24 26 29 30 33 34 35 36 37 40 42 43 44 45 46 47 48 49
30 1 3 5 7 9 12 13 14 15 16 17 18 19 20 21 22 24 25 28 31 32 34 37 38 39 41 42 43 44 49
28 1 2 5 6 7 8 9 13 14 15 18 21 22 26 27 28 29 30 31 33 36 37 40 42 44 45 48 49
32 3 4 5 8 10 12 13 18 19 21 23 24 25 26 27 28 29 30 31 32 34 37 38 39 40 41 43 44 45 47 48 49
28 3 4 6 8 9 11 16 17 18 19 21 22 23 24 28 29 30 31 34 36 38 39 40 42 44 45 46 50
31 3 4 6 7 8 9 10 11 12 13 14 15 17 19 20 21 26 29 30 32 33 34 36 37 39 40 41 42 43 48 49
33 1 2 4 5 6 8 11 12 14 16 18 19 20 22 24 26 27 28 29 30 31 33 34 35 36 39 41 42 43 46 47 49 50
29 1 5 6 9 10 11 15 16 17 18 19 21 22 23 24 25 27 28 29 30 33 37 38 39 43 45 47 48 50
26 1 2 3 4 5 7 8 9 10 11 12 14 15 16 19 20 21 22 24 30 37 39 42 45 46 48
21 2 3 8 10 11 15 17 21 26 28 29 31 32 33 36 39 41 42 44 46 47
28 2 4 7 8 11 14 15 16 17 18 21 22 26 27 28 29 30 31 33 35 36 39 40 41 42 44 45 50
24 2 3 4 5 7 8 11 13 14 15 21 22 23 26 28 29 33 34 36 37 43 45 46 49
