1000
2 -1
-1 3
4 -1
5 -1
6 -1
7 -1
-1 8
-1 9
10 -1
11 -1
-1 12
13 -1
-1 14
15 -1
16 -1
-1 17
-1 18
-1 19
-1 20
-1 21
22 -1
-1 23
24 -1
25 -1
-1 26
-1 27
-1 28
29 -1
30 -1
31 -1
32 -1
-1 33
-1 34
-1 35
36 -1
37 -1
38 -1
-1 39
40 -1
-1 41
42 -1
43 -1
44 -1
45 -1
-1 46
47 -1
-1 48
-1 49
50 -1
-1 51
52 -1
-1 53
54 -1
-1 55
-1 56
57 -1
-1 58
-1 59
-1 60
61 -1
62 -1
63 -1
-1 64
65 -1
-1 66
67 -1
-1 68
69 -1
70 -1
71 -1
-1 72
73 -1
-1 74
75 -1
-1 76
77 -1
-1 78
-1 79
80 -1
-1 81
82 -1
-1 83
-1 84
-1 85
-1 86
-1 87
88 -1
89 -1
-1 90
91 -1
-1 92
-1 93
-1 94
-1 95
96 -1
-1 97
-1 98
-1 99
-1 100
101 -1
102 -1
-1 103
-1 104
-1 105
106 -1
107 -1
108 -1
-1 109
110 -1
-1 111
-1 112
-1 113
114 -1
-1 115
-1 116
117 -1
118 -1
119 -1
-1 120
121 -1
-1 122
123 -1
124 -1
125 -1
126 -1
127 -1
128 -1
129 -1
130 -1
131 -1
132 -1
-1 133
134 -1
135 -1
-1 136
137 -1
-1 138
139 -1
140 -1
-1 141
-1 142
143 -1
-1 144
145 -1
146 -1
147 -1
-1 148
-1 149
-1 150
151 -1
-1 152
153 -1
-1 154
155 -1
-1 156
157 -1
-1 158
159 -1
160 -1
161 -1
162 -1
-1 163
-1 164
-1 165
166 -1
-1 167
168 -1
-1 169
-1 170
-1 171
-1 172
-1 173
174 -1
-1 175
176 -1
177 -1
178 -1
179 -1
180 -1
-1 181
-1 182
183 -1
184 -1
-1 185
186 -1
187 -1
-1 188
189 -1
-1 190
191 -1
192 -1
193 -1
194 -1
195 -1
-1 196
-1 197
198 -1
199 -1
-1 200
201 -1
-1 202
-1 203
204 -1
205 -1
206 -1
-1 207
-1 208
-1 209
-1 210
-1 211
-1 212
-1 213
214 -1
215 -1
216 -1
-1 217
-1 218
219 -1
-1 220
221 -1
-1 222
223 -1
-1 224
225 -1
-1 226
-1 227
228 -1
229 -1
-1 230
-1 231
232 -1
-1 233
-1 234
-1 235
236 -1
237 -1
238 -1
-1 239
-1 240
241 -1
-1 242
-1 243
244 -1
245 -1
-1 246
-1 247
-1 248
-1 249
250 -1
-1 251
252 -1
253 -1
254 -1
-1 255
-1 256
257 -1
-1 258
-1 259
-1 260
-1 261
-1 262
263 -1
-1 264
-1 265
-1 266
-1 267
-1 268
269 -1
-1 270
-1 271
-1 272
-1 273
-1 274
275 -1
276 -1
-1 277
-1 278
279 -1
280 -1
281 -1
282 -1
-1 283
284 -1
-1 285
-1 286
287 -1
288 -1
289 -1
290 -1
-1 291
292 -1
293 -1
294 -1
-1 295
-1 296
297 -1
-1 298
-1 299
-1 300
-1 301
-1 302
-1 303
-1 304
-1 305
-1 306
307 -1
308 -1
-1 309
310 -1
-1 311
312 -1
-1 313
-1 314
-1 315
316 -1
317 -1
-1 318
-1 319
-1 320
321 -1
-1 322
323 -1
324 -1
-1 325
326 -1
327 -1
328 -1
329 -1
330 -1
-1 331
332 -1
333 -1
-1 334
335 -1
336 -1
-1 337
338 -1
-1 339
-1 340
-1 341
-1 342
-1 343
-1 344
345 -1
-1 346
347 -1
-1 348
-1 349
-1 350
-1 351
-1 352
-1 353
354 -1
355 -1
-1 356
357 -1
-1 358
-1 359
-1 360
361 -1
-1 362
-1 363
-1 364
-1 365
366 -1
367 -1
368 -1
-1 369
-1 370
371 -1
-1 372
-1 373
374 -1
375 -1
376 -1
-1 377
-1 378
379 -1
-1 380
-1 381
382 -1
-1 383
384 -1
385 -1
386 -1
387 -1
-1 388
389 -1
390 -1
-1 391
-1 392
393 -1
-1 394
-1 395
-1 396
-1 397
-1 398
399 -1
-1 400
-1 401
-1 402
403 -1
-1 404
-1 405
-1 406
-1 407
-1 408
-1 409
410 -1
-1 411
412 -1
413 -1
414 -1
-1 415
-1 416
-1 417
418 -1
-1 419
-1 420
421 -1
-1 422
-1 423
-1 424
425 -1
426 -1
-1 427
428 -1
429 -1
430 -1
431 -1
432 -1
-1 433
-1 434
435 -1
-1 436
-1 437
438 -1
-1 439
440 -1
441 -1
-1 442
-1 443
-1 444
445 -1
-1 446
-1 447
-1 448
449 -1
-1 450
-1 451
-1 452
-1 453
-1 454
455 -1
456 -1
457 -1
458 -1
-1 459
-1 460
461 -1
-1 462
463 -1
464 -1
-1 465
466 -1
467 -1
468 -1
-1 469
470 -1
-1 471
472 -1
473 -1
-1 474
475 -1
476 -1
-1 477
478 -1
479 -1
480 -1
481 -1
482 -1
-1 483
-1 484
485 -1
486 -1
487 -1
488 -1
-1 489
-1 490
491 -1
492 -1
-1 493
494 -1
-1 495
-1 496
-1 497
498 -1
499 -1
-1 500
-1 501
502 -1
-1 503
-1 504
505 -1
506 -1
507 -1
508 -1
509 -1
-1 510
511 -1
-1 512
513 -1
514 -1
-1 515
-1 516
-1 517
-1 518
519 -1
-1 520
-1 521
522 -1
-1 523
-1 524
-1 525
-1 526
-1 527
-1 528
-1 529
-1 530
-1 531
-1 532
533 -1
-1 534
-1 535
536 -1
-1 537
538 -1
-1 539
540 -1
541 -1
542 -1
543 -1
-1 544
-1 545
-1 546
547 -1
-1 548
-1 549
-1 550
551 -1
-1 552
553 -1
554 -1
-1 555
556 -1
557 -1
-1 558
559 -1
560 -1
-1 561
-1 562
-1 563
-1 564
-1 565
-1 566
567 -1
-1 568
-1 569
570 -1
571 -1
572 -1
573 -1
574 -1
-1 575
576 -1
577 -1
578 -1
-1 579
580 -1
581 -1
582 -1
583 -1
584 -1
-1 585
586 -1
-1 587
588 -1
589 -1
-1 590
591 -1
-1 592
-1 593
594 -1
-1 595
-1 596
597 -1
598 -1
599 -1
600 -1
-1 601
-1 602
603 -1
604 -1
605 -1
606 -1
607 -1
-1 608
-1 609
610 -1
611 -1
612 -1
-1 613
-1 614
-1 615
-1 616
617 -1
618 -1
619 -1
620 -1
621 -1
-1 622
623 -1
624 -1
625 -1
626 -1
627 -1
628 -1
-1 629
-1 630
-1 631
-1 632
633 -1
634 -1
-1 635
-1 636
-1 637
638 -1
639 -1
-1 640
-1 641
-1 642
-1 643
-1 644
645 -1
-1 646
-1 647
-1 648
649 -1
650 -1
651 -1
-1 652
-1 653
-1 654
655 -1
656 -1
657 -1
658 -1
-1 659
660 -1
661 -1
662 -1
-1 663
-1 664
-1 665
-1 666
667 -1
668 -1
669 -1
-1 670
671 -1
672 -1
-1 673
674 -1
675 -1
676 -1
-1 677
678 -1
-1 679
680 -1
-1 681
682 -1
-1 683
-1 684
-1 685
686 -1
-1 687
688 -1
-1 689
-1 690
691 -1
-1 692
693 -1
694 -1
-1 695
-1 696
697 -1
698 -1
699 -1
-1 700
701 -1
-1 702
703 -1
-1 704
-1 705
-1 706
707 -1
-1 708
709 -1
710 -1
711 -1
712 -1
713 -1
714 -1
-1 715
716 -1
717 -1
-1 718
-1 719
720 -1
-1 721
722 -1
723 -1
-1 724
-1 725
-1 726
-1 727
728 -1
729 -1
730 -1
731 -1
732 -1
733 -1
-1 734
735 -1
736 -1
-1 737
-1 738
739 -1
740 -1
-1 741
742 -1
743 -1
744 -1
-1 745
746 -1
-1 747
748 -1
749 -1
-1 750
751 -1
752 -1
-1 753
-1 754
755 -1
-1 756
-1 757
758 -1
-1 759
-1 760
-1 761
762 -1
763 -1
-1 764
-1 765
-1 766
767 -1
-1 768
-1 769
770 -1
-1 771
-1 772
-1 773
774 -1
775 -1
-1 776
-1 777
778 -1
-1 779
780 -1
-1 781
782 -1
-1 783
-1 784
785 -1
-1 786
-1 787
-1 788
789 -1
-1 790
-1 791
-1 792
-1 793
794 -1
-1 795
-1 796
797 -1
798 -1
-1 799
800 -1
-1 801
-1 802
-1 803
-1 804
805 -1
806 -1
807 -1
808 -1
809 -1
810 -1
-1 811
812 -1
-1 813
814 -1
815 -1
816 -1
817 -1
818 -1
819 -1
-1 820
-1 821
822 -1
-1 823
-1 824
-1 825
-1 826
-1 827
828 -1
-1 829
-1 830
831 -1
-1 832
833 -1
834 -1
835 -1
-1 836
-1 837
-1 838
-1 839
840 -1
841 -1
-1 842
-1 843
844 -1
845 -1
846 -1
-1 847
-1 848
849 -1
-1 850
851 -1
852 -1
853 -1
854 -1
855 -1
-1 856
-1 857
858 -1
859 -1
-1 860
861 -1
-1 862
-1 863
-1 864
865 -1
866 -1
867 -1
-1 868
869 -1
870 -1
871 -1
-1 872
873 -1
-1 874
875 -1
876 -1
877 -1
-1 878
879 -1
-1 880
-1 881
-1 882
883 -1
884 -1
-1 885
-1 886
887 -1
-1 888
889 -1
890 -1
-1 891
892 -1
893 -1
-1 894
895 -1
896 -1
-1 897
-1 898
899 -1
900 -1
901 -1
-1 902
-1 903
904 -1
-1 905
906 -1
-1 907
-1 908
909 -1
910 -1
-1 911
912 -1
-1 913
-1 914
915 -1
-1 916
-1 917
-1 918
-1 919
-1 920
921 -1
-1 922
923 -1
924 -1
-1 925
-1 926
-1 927
-1 928
929 -1
930 -1
-1 931
-1 932
933 -1
-1 934
935 -1
-1 936
937 -1
938 -1
-1 939
940 -1
941 -1
-1 942
-1 943
944 -1
-1 945
946 -1
947 -1
948 -1
-1 949
950 -1
951 -1
952 -1
953 -1
-1 954
-1 955
956 -1
-1 957
-1 958
-1 959
960 -1
961 -1
-1 962
-1 963
964 -1
-1 965
966 -1
967 -1
968 -1
969 -1
970 -1
-1 971
-1 972
973 -1
974 -1
975 -1
-1 976
-1 977
-1 978
979 -1
-1 980
981 -1
-1 982
-1 983
-1 984
-1 985
-1 986
987 -1
-1 988
989 -1
990 -1
-1 991
-1 992
993 -1
-1 994
995 -1
996 -1
997 -1
-1 998
999 -1
-1 1000
-1 -1
