3 0.60
2 35 3
130.1036 854.5297
641.3359 -69.6014
557.9768 753.0470 549.6308 524.7263
701.3617 290.3032 635.9155 245.8374
399.3423 548.5287 176.1718 602.7520
827.8173 87.7151 868.7210 168.2805
379.8034 272.1676 575.0823 179.3973
463.1675 722.5610 235.2861 742.9783
119.8769 464.1974 113.4056 223.3843
354.1574 924.2950 388.8738 925.1710
590.3442 356.9544 612.2557 205.5601
566.2478 960.2867 713.1250 793.5504
301.9080 438.7156 480.1772 423.8327
21.9093 648.4318 31.3897 559.3144
917.3433 581.6558 873.7197 619.0216
334.5297 609.5656 280.0481 676.3529
348.9866 395.1896 165.9031 483.7578
648.5904 237.1796 490.6204 76.8632
535.4578 896.2626 542.2226 918.8846
667.0691 340.6647 763.2590 199.7749
98.6223 861.3608 75.4682 833.7003
478.9698 780.4385 520.4780 605.3621
867.7695 491.3701 932.8715 687.0247
981.4608 76.3249 914.7999 276.6131
594.7482 995.5962 690.2617 999.6889
386.7984 422.5413 564.3254 313.7002
120.2439 511.5311 284.3127 360.3920
833.6301 4.8902 764.7373 22.8581
479.1459 822.7389 329.7819 807.3922
253.1427 198.9144 343.3647 424.9820
234.2480 251.7961 179.6092 54.4494
485.1848 167.6766 562.9543 38.5822
120.2139 580.3158 126.2593 521.4662
57.3177 226.0091 26.2823 105.5605
512.4757 535.6841 567.5975 454.5453
859.8927 461.1306 827.1792 446.3285
301.4804 135.9869 182.0156 301.7843
