3 0.60
3 30 2
495.7016 689.9668
506.0640 766.3759
769.7702 760.0102
220.2388 127.4625 443.2628 202.6764
265.1974 684.2565 343.8176 483.2678
514.2932 276.7205 469.7543 78.5052
621.7233 36.0983 532.8102 88.7481
514.0370 761.0325 708.8676 915.7311
600.5036 342.5268 667.4256 503.0922
611.2776 998.9581 630.3647 862.2867
131.9158 770.0885 118.5260 850.9179
506.7727 747.5987 379.5695 638.2367
331.4281 674.2014 391.3909 882.0057
741.0878 910.4613 628.4388 803.8116
269.5153 497.4768 82.0444 468.2503
160.4018 712.2096 172.5374 611.3814
729.8872 126.0569 763.4807 106.4736
203.7491 421.5467 18.1192 450.5116
842.7016 627.3586 991.4683 693.3894
816.3508 905.0096 837.9520 710.3023
335.4866 17.0901 513.7794 78.6961
570.9720 604.9714 551.8962 749.4658
587.3522 826.0033 460.5523 867.3768
575.4870 298.8607 710.9686 327.0835
58.3956 265.0837 201.4544 149.3624
611.7749 155.1389 535.1275 282.7058
863.4756 544.3469 807.3471 475.9676
854.4149 326.1908 900.2251 290.1799
432.2925 494.3889 266.0515 417.8160
35.4697 591.3575 72.8474 493.4375
319.5820 736.3877 520.3420 776.2732
463.3458 734.8748 281.5492 722.3327
710.4021 978.6502 647.5253 969.2727
