20 25 450
1 1 1 1 1 1 1 1 1 1 1 1 1 1 1 1 1 1 1 1 1 1 1 1 1
1 0 0 0 0 0 0 0 0 0 0 0 0 0 0 0 1 0 0 0 0 0 1 0 0
1 1 1 1 1 0 1 1 1 0 1 1 1 0 1 1 1 0 1 1 1 0 1 1 1
1 0 1 0 1 0 1 0 1 0 1 0 1 0 1 0 1 0 1 0 1 0 1 0 1
1 0 1 0 1 0 1 0 1 0 1 0 1 0 1 0 1 0 1 0 1 0 1 0 1
1 0 1 0 1 0 1 0 1 0 1 0 1 0 1 0 1 0 1 0 1 0 1 0 1
1 0 1 0 1 0 1 0 1 0 1 0 1 0 1 0 1 0 1 0 1 0 1 0 1
1 0 1 0 1 0 1 0 1 0 1 0 1 0 1 0 1 0 1 1 1 0 1 0 1
1 0 1 0 1 0 1 0 1 0 1 0 1 0 1 0 1 0 1 0 1 0 1 0 1
1 0 1 0 1 0 1 0 1 0 1 0 1 0 1 0 1 0 1 0 1 0 1 0 1
1 0 1 0 1 0 1 0 1 0 1 0 1 0 1 0 1 0 1 0 1 0 1 0 1
1 0 1 0 1 0 1 0 1 0 1 0 1 0 1 0 1 0 1 0 1 0 1 0 1
1 0 1 0 1 0 1 0 1 0 1 0 1 0 1 0 1 0 1 1 1 0 1 0 1
1 0 1 0 1 0 1 0 1 0 1 0 1 0 1 0 1 0 1 0 1 0 1 0 1
1 0 1 0 1 0 1 0 1 0 1 0 1 0 1 0 1 0 1 0 1 0 1 0 1
1 0 1 0 1 0 1 0 1 0 1 0 1 0 1 1 1 0 1 0 1 0 1 0 1
1 0 1 0 1 0 1 0 1 0 1 0 1 0 1 0 1 0 1 0 1 0 1 0 1
1 0 1 0 1 0 1 0 1 0 1 0 1 0 1 0 1 0 1 0 1 0 1 0 1
1 0 1 0 1 0 1 0 1 1 1 0 1 0 1 0 1 0 1 0 1 0 1 0 1
1 1 1 0 1 1 1 0 1 1 1 0 1 1 1 0 1 1 1 0 1 1 1 0 1
5 17 1 12 20 22
20 7 10 15 6 23
19 10 6 21 14 21
19 11 8 3 13 21
4 13 5 15 14 1
19 5 17 21 3 13
1 24 12 1 1 13
3 16 15 7 1 16
5 21 17 1 6 5
14 5 7 25 4 19
3 5 10 3 13 19
13 19 1 12 3 4
4 5 9 5 7 5
1 8 12 5 1 11
2 1 12 25 8 15
17 21 20 21 2 17
13 3 13 17 3 1
4 19 6 19 11 7
8 15 9 19 11 15
3 17 20 15 4 5
10 13 1 23 4 13
13 13 10 19 13 3
6 23 14 25 13 7
9 25 7 19 10 9
10 1 6 23 20 5
5 17 16 21 16 11
18 3 15 17 7 9
15 21 15 17 19 21
6 11 8 19 12 7
12 19 20 19 19 3
20 7 18 3 13 5
4 17 9 21 9 9
13 5 12 3 11 7
1 10 18 23 13 5
15 11 1 23 1 17
7 13 1 17 1 14
3 20 7 13 20 11
9 21 12 23 17 7
11 11 12 19 20 23
20 3 13 20 14 1
11 3 16 19 16 21
6 7 5 9 5 13
17 15 19 13 17 5
13 23 13 19 7 23
18 7 18 1 8 9
9 11 15 17 15 19
11 13 5 25 12 21
4 13 16 19 10 3
19 15 7 1 18 9
20 3 10 5 7 1
11 1 9 23 19 5
3 15 14 21 9 9
20 23 11 17 20 22
14 25 9 7 9 5
8 5 11 11 6 15
12 5 13 15 4 7
11 1 15 9 1 7
12 19 20 18 20 18
10 21 1 18 13 1
18 19 17 11 1 3
1 16 12 9 4 21
9 15 3 8 19 9
12 15 20 7 3 23
16 11 11 25 8 19
1 14 10 23 7 25
12 13 8 7 20 13
16 23 9 3 17 7
3 25 8 19 20 22
19 23 7 9 16 19
13 9 6 5 12 25
14 19 11 1 14 1
7 11 15 7 5 3
11 17 9 13 6 15
3 16 20 7 17 7
7 25 3 3 19 15
5 13 9 15 7 9
15 5 9 3 3 20
18 11 1 9 8 5
1 10 11 7 7 19
9 1 4 3 8 3
13 5 1 20 20 2
14 19 20 13 7 3
17 7 4 21 12 17
15 7 8 5 10 21
8 21 11 7 14 11
11 7 1 2 12 15
4 9 11 21 20 9
1 11 1 8 16 13
12 9 10 19 3 20
13 13 16 1 17 7
4 1 3 4 20 10
18 13 15 21 7 17
19 9 12 21 12 9
18 13 1 16 1 6
17 13 8 23 1 10
5 13 11 9 10 11
16 13 14 9 16 11
5 15 8 3 16 17
15 25 8 7 15 3
3 16 6 13 17 9
4 23 14 1 2 23
10 17 15 25 5 19
3 5 3 7 10 1
13 5 13 3 11 7
11 1 13 19 16 3
13 23 3 23 14 17
15 25 17 15 4 25
14 9 4 19 12 5
3 15 16 1 1 19
13 21 17 13 9 21
5 23 10 15 4 1
9 23 17 5 14 13
14 15 17 13 4 5
19 10 1 1 6 7
18 7 5 3 17 23
7 3 13 23 1 17
14 13 7 11 3 2
13 23 9 11 6 7
3 5 13 21 12 17
10 3 13 5 19 5
10 7 20 6 14 21
3 21 7 17 10 11
16 11 3 16 15 19
8 20 15 23 1 13
14 1 14 5 13 19
10 19 20 21 1 11
5 21 5 19 19 3
11 23 7 21 14 19
17 15 5 5 12 11
1 11 18 13 1 18
16 3 1 12 18 25
12 25 14 19 1 12
15 5 3 8 3 12
8 25 8 3 12 11
18 17 3 21 8 19
6 1 15 13 19 17
12 25 9 17 7 17
12 3 1 5 3 12
1 16 10 7 2 1
8 21 10 3 4 21
2 17 20 15 1 13
1 9 1 14 6 13
14 1 3 15 11 23
7 5 6 17 13 15
6 3 7 15 12 9
2 1 8 15 20 15
16 7 9 5 3 11
20 11 10 21 2 23
8 19 1 2 13 17
2 1 14 23 17 1
4 23 17 5 16 25
15 15 12 21 20 5
1 21 10 15 3 5
16 25 14 5 19 23
9 25 3 3 3 5
10 1 7 7 20 22
7 5 1 4 15 25
18 13 1 15 10 11
14 9 16 17 12 7
18 23 3 12 1 12
13 23 13 13 19 10
5 13 4 25 19 5
6 17 19 19 6 11
15 1 20 23 14 9
9 25 17 11 11 13
4 9 3 3 13 15
12 11 18 15 15 15
8 17 19 3 16 19
4 23 5 3 7 15
19 3 18 23 4 21
15 23 8 9 12 25
10 9 12 25 18 15
10 3 5 1 1 8
11 15 16 13 15 15
8 5 1 21 1 2
5 11 1 16 1 14
12 1 1 18 7 11
15 5 1 5 20 7
1 15 10 13 20 14
3 3 12 15 19 10
19 13 20 13 13 23
19 21 11 19 14 11
15 3 3 1 6 1
13 11 14 11 9 11
19 13 13 11 12 9
1 8 14 17 6 23
3 4 20 10 15 7
9 9 4 5 8 1
9 25 7 25 9 3
16 17 17 11 10 1
10 25 12 19 11 15
1 7 19 13 15 21
1 3 8 9 14 23
8 3 3 20 16 7
20 21 8 17 18 13
1 3 4 19 17 21
20 10 1 10 5 13
5 9 7 9 11 19
12 15 6 1 14 9
5 23 11 15 12 5
5 15 9 13 8 3
11 3 13 3 3 21
18 5 3 21 17 13
15 17 1 3 6 19
20 13 1 1 20 1
1 5 16 23 1 17
6 15 17 11 20 7
4 19 11 9 8 3
1 6 3 21 9 23
10 17 12 3 9 15
18 5 16 3 1 24
20 18 8 19 13 9
9 3 12 19 9 21
7 9 12 1 11 3
1 18 2 1 7 15
20 1 3 1 5 5
2 17 11 5 13 13
11 7 5 11 9 9
19 19 20 5 18 11
6 5 9 25 14 1
4 21 4 5 9 11
6 11 20 10 8 21
13 9 5 21 7 9
20 22 8 20 18 7
1 15 3 20 8 3
6 23 20 23 3 15
8 21 8 15 14 21
1 18 19 7 1 4
19 1 20 9 19 15
9 11 14 11 18 3
11 5 1 11 13 20
8 23 18 21 5 3
5 21 14 5 16 11
1 6 16 15 7 25
7 19 15 3 20 3
10 23 3 13 3 25
7 1 11 17 12 13
10 23 5 3 19 21
12 11 20 9 1 23
14 19 7 9 10 3
18 21 8 21 1 10
20 9 18 11 4 17
4 13 10 11 3 7
17 25 16 3 12 19
10 17 16 25 7 11
11 21 18 3 4 17
3 21 1 3 11 1
19 21 13 7 8 7
6 23 14 13 8 7
6 19 6 15 14 13
1 15 10 5 20 5
3 25 9 19 2 17
20 1 14 11 15 21
8 3 1 9 14 11
9 19 12 23 12 21
9 21 17 5 13 19
17 7 3 7 8 20
4 7 11 21 14 21
20 25 13 1 18 9
18 15 9 1 20 25
20 15 6 5 12 21
5 7 7 1 19 7
5 23 16 23 3 4
9 23 7 23 6 23
8 11 20 14 3 9
17 11 1 17 18 11
4 5 16 13 9 15
11 23 1 9 9 11
8 17 20 7 6 13
1 4 8 5 18 21
10 23 13 15 10 15
20 23 12 19 17 13
20 18 12 21 14 21
8 13 9 7 17 15
1 20 4 9 11 7
7 13 19 19 10 11
3 12 7 3 3 8
15 5 12 3 15 5
7 23 15 7 16 21
10 25 2 17 19 10
1 6 18 19 8 15
15 25 8 19 6 21
7 11 1 16 10 21
18 25 12 25 17 15
10 23 11 23 13 9
12 11 12 13 12 9
5 21 12 19 12 1
4 7 13 3 7 19
13 25 1 15 16 7
11 15 14 25 7 5
7 15 8 15 17 13
6 3 5 13 9 11
1 12 16 17 7 1
15 1 19 3 3 7
9 7 4 13 14 9
3 17 5 11 19 23
20 19 1 22 5 9
14 1 14 5 8 5
18 5 14 15 2 1
11 25 6 1 16 21
1 12 20 17 11 11
14 1 8 25 11 5
4 19 15 15 3 5
1 15 12 17 1 10
5 15 13 9 20 5
9 19 1 18 1 17
11 11 12 7 3 23
13 23 13 1 7 25
20 21 13 1 13 21
3 4 19 9 16 21
8 7 5 15 17 17
10 5 3 25 19 17
1 18 18 15 4 9
20 1 12 13 10 23
8 1 9 11 12 19
1 4 20 19 3 7
20 3 13 9 10 1
1 13 19 23 7 19
20 1 12 25 13 25
5 3 16 17 16 5
16 11 10 9 4 23
1 20 4 23 12 11
20 15 18 13 17 9
20 19 1 8 3 16
13 23 8 15 12 17
17 5 9 5 4 25
18 13 7 7 12 13
1 10 18 11 3 15
17 7 9 7 3 7
20 19 7 3 6 9
5 19 14 1 1 18
1 11 14 15 5 15
20 10 18 13 1 15
1 14 18 11 4 9
11 13 13 25 4 25
18 25 12 1 3 4
12 15 10 23 6 11
19 21 20 19 15 17
10 19 14 19 16 15
13 23 20 18 20 7
9 1 10 17 1 7
13 23 18 9 13 17
16 16 11 11 19 5
20 11 13 23 1 22
1 19 17 1 7 3
7 1 2 1 18 7
17 25 14 19 1 25
12 13 12 11 6 9
18 1 15 17 1 24
18 15 13 7 14 9
5 25 17 9 17 15
17 3 18 5 15 13
16 23 17 1 8 13
6 15 20 17 13 7
16 25 12 11 20 17
18 9 19 3 18 13
6 9 3 12 8 23
4 21 10 13 18 5
1 12 12 5 14 5
6 19 8 5 3 9
10 3 7 9 1 21
4 23 1 17 14 7
7 7 9 7 20 7
1 13 10 3 3 17
5 19 17 11 4 9
8 5 7 21 6 23
12 5 1 3 3 3
17 19 15 3 4 3
7 13 16 15 17 1
3 5 3 2 17 23
1 1 8 20 8 3
18 3 8 15 18 7
15 23 16 13 13 20
4 15 1 19 10 5
12 25 1 9 19 11
3 13 6 7 1 25
3 3 1 8 17 21
10 23 17 19 9 11
9 13 14 25 3 13
13 9 15 9 14 17
20 2 4 3 6 25
7 13 17 11 1 2
3 1 20 22 13 25
15 5 9 1 3 24
3 21 16 11 10 11
14 1 12 17 18 5
18 9 4 11 17 23
19 19 7 25 1 8
5 5 10 3 17 11
11 11 1 17 15 5
17 15 20 17 5 15
5 23 16 9 14 9
20 6 10 13 12 5
20 5 10 15 16 16
11 7 11 3 1 17
11 23 16 3 12 15
4 17 7 1 5 9
18 19 3 2 2 23
10 3 8 15 1 20
17 3 1 12 8 13
12 21 17 11 19 10
20 17 9 25 15 17
11 19 20 13 19 13
1 8 3 25 20 2
10 7 1 10 15 3
13 13 1 3 17 15
17 19 20 13 6 13
12 19 5 25 14 23
1 22 15 3 12 19
13 17 3 4 13 17
18 1 18 13 9 3
10 11 5 19 2 17
1 18 4 9 8 9
3 19 18 19 19 15
3 7 19 10 19 3
20 15 3 21 20 9
14 15 3 19 11 7
5 15 15 21 19 13
1 8 12 7 4 21
6 5 10 9 9 11
5 13 18 15 17 1
1 6 7 3 16 21
15 25 8 23 11 9
7 21 1 20 9 19
1 12 12 11 18 7
20 19 14 21 1 5
13 9 17 25 17 5
17 5 8 15 10 5
15 23 1 19 1 13
16 16 3 9 6 25
9 5 14 23 5 5
8 11 14 11 1 7
18 7 11 7 5 7
7 1 11 17 14 5
11 23 1 17 15 5
1 11 12 1 9 7
4 19 4 17 19 3
9 7 1 10 3 16
12 25 8 15 13 23
3 8 11 15 1 25
4 13 17 5 15 15
20 2 11 21 20 5
13 3 19 1 6 17
9 25 1 23 1 24
14 13 6 7 13 15
12 19 20 2 16 17
5 19 10 19 17 17
6 21 10 9 3 20
10 3 5 5 3 15
20 3 15 17 19 1
