10 20 400
1 1 1 1 1 1 1 1 1 1 1 1 1 1 1 1 1 1 1 1
1 0 0 0 0 0 0 0 0 0 0 0 0 0 0 0 0 0 1 0
1 0 1 1 1 0 1 1 1 0 1 1 1 0 1 1 1 0 1 1
1 0 1 0 1 0 1 1 1 1 1 0 1 0 1 0 1 0 1 0
1 0 1 0 1 0 1 0 1 0 1 0 1 0 1 0 1 0 1 0
1 0 1 0 1 0 1 0 1 0 1 0 1 0 1 0 1 0 1 0
1 0 1 0 1 0 1 0 1 0 1 0 1 0 1 0 1 0 1 0
1 0 1 0 1 0 1 0 1 1 1 0 1 0 1 0 1 0 1 0
1 1 1 0 1 0 1 0 1 0 1 0 1 0 1 1 1 0 1 0
1 1 1 0 1 1 1 0 1 1 1 0 1 1 1 0 1 1 1 0
4 8 4 9 8 3
3 12 4 19 4 7
10 14 10 3 10 11
3 4 9 13 3 16
4 1 8 7 6 3
10 1 10 19 7 13
8 13 1 14 3 9
2 1 3 13 6 17
1 6 5 9 5 9
10 17 3 19 7 5
5 5 1 17 3 20
5 7 3 7 3 11
8 15 1 12 7 1
8 9 8 5 1 16
1 20 3 12 10 10
8 13 6 11 9 15
4 15 10 10 7 5
10 9 7 1 4 5
1 12 3 8 1 5
7 1 8 5 9 15
1 5 5 15 7 5
3 4 9 13 7 7
10 10 3 4 3 17
3 20 1 15 7 3
10 17 5 5 7 13
9 16 6 5 3 16
3 20 7 1 1 16
3 8 1 10 10 5
7 5 10 6 4 11
7 3 10 15 1 2
7 7 1 16 8 7
8 7 1 10 5 15
1 9 4 11 7 3
3 11 5 17 7 3
10 19 3 4 6 15
2 19 1 18 7 15
6 1 1 6 8 13
5 19 10 9 10 1
4 15 3 7 10 19
8 10 8 13 9 3
1 8 10 17 1 12
1 20 3 16 4 13
5 9 1 11 7 13
9 19 1 10 4 8
8 3 5 11 4 1
7 7 4 13 9 7
9 5 10 2 4 8
10 3 8 7 8 11
5 13 7 3 3 11
2 19 7 11 3 17
5 11 5 9 1 16
3 3 8 19 4 17
9 13 8 15 8 1
6 1 5 7 1 3
9 19 10 1 7 9
9 7 6 1 9 16
4 8 5 7 6 15
8 15 2 19 10 6
7 19 1 4 3 3
8 11 5 11 9 13
8 10 5 9 10 18
3 17 9 11 8 11
10 17 7 13 5 3
9 5 3 11 10 13
1 4 10 1 9 9
6 15 6 19 3 19
4 17 7 19 10 1
5 11 4 9 1 17
3 13 3 9 1 5
8 11 5 17 3 4
8 7 6 15 3 13
5 15 3 19 10 18
7 19 3 20 10 2
8 9 6 5 7 9
4 19 4 1 1 7
1 17 3 3 4 7
10 14 1 9 1 7
7 7 1 17 6 3
8 5 3 13 9 3
1 13 3 7 5 11
1 5 8 3 9 5
1 2 1 14 9 15
10 13 10 5 7 7
1 7 10 3 1 15
6 13 10 5 10 14
10 5 9 13 8 9
7 11 8 9 10 2
3 19 5 15 9 9
1 14 10 17 7 11
4 7 5 3 8 5
7 17 3 16 7 11
3 3 1 5 5 7
6 11 10 18 7 1
1 17 1 6 1 1
1 16 6 13 7 17
6 13 1 7 6 5
9 19 3 5 3 12
9 2 10 15 10 7
5 5 3 5 6 5
4 15 10 18 8 3
5 5 8 19 4 5
6 15 6 9 6 17
8 9 9 1 1 10
6 7 8 10 5 15
6 15 8 17 4 11
1 9 5 13 3 7
3 20 7 7 4 11
10 13 10 3 7 19
6 19 3 8 6 9
9 2 1 8 8 7
6 17 3 17 5 13
10 13 4 1 5 9
10 6 3 17 5 17
9 9 5 1 3 1
4 8 5 11 5 17
3 11 7 13 6 7
4 7 5 17 8 3
5 1 8 10 8 5
6 7 1 18 4 7
10 3 7 11 9 1
3 20 9 9 8 5
8 19 5 9 6 15
8 11 3 16 7 1
3 4 9 19 3 8
7 19 8 7 3 7
1 10 10 2 2 1
1 10 3 8 1 4
4 10 4 5 4 11
9 1 8 19 5 15
10 9 1 8 9 11
3 19 8 17 10 5
9 2 10 18 6 3
8 13 9 3 4 8
1 3 3 4 9 3
1 12 7 7 1 5
9 13 5 11 7 9
3 19 7 1 10 6
3 12 6 19 10 14
1 10 6 19 10 14
8 3 5 13 10 13
4 15 1 4 1 1
10 6 6 5 5 17
9 16 5 3 3 12
10 1 10 11 8 9
9 19 6 7 4 19
6 13 5 15 7 5
3 4 5 3 6 13
6 3 5 1 10 11
4 5 9 19 1 10
9 16 7 19 5 9
9 1 8 19 1 15
4 11 3 13 9 1
10 3 8 19 5 15
10 5 6 13 10 17
1 6 10 3 1 7
10 9 5 1 5 7
1 17 1 11 7 9
8 17 5 3 1 17
8 10 8 15 7 11
6 5 7 9 6 7
9 16 4 15 10 13
10 13 9 16 1 5
10 18 5 15 1 2
4 9 9 9 1 4
4 10 4 3 5 15
5 17 10 9 3 13
4 11 5 19 7 13
1 12 7 17 3 3
1 10 7 17 6 13
1 13 5 1 3 4
3 3 3 17 3 19
4 10 7 19 1 18
10 19 9 15 8 11
6 3 3 16 10 10
8 9 9 3 9 11
9 9 8 13 1 11
3 19 1 7 1 17
1 3 9 7 1 1
9 16 5 19 3 7
5 17 1 20 5 1
3 8 7 17 10 6
7 1 1 7 5 17
3 11 9 11 1 9
3 4 4 19 7 5
4 15 8 5 4 11
7 1 1 10 4 8
7 13 9 13 6 11
4 3 8 5 1 14
10 17 10 3 4 9
7 13 1 10 10 1
6 5 9 11 7 13
1 3 3 3 8 7
10 9 1 1 8 5
5 15 4 15 3 15
1 12 1 11 9 11
6 19 9 15 1 5
7 5 7 11 1 9
6 15 1 6 4 10
9 17 10 13 1 2
7 15 8 5 10 9
9 19 9 2 1 8
3 5 1 15 3 11
1 9 7 13 4 9
1 1 7 15 3 12
8 5 4 5 7 3
10 7 10 5 7 1
1 6 8 1 5 9
8 5 6 17 4 1
4 10 1 1 4 8
8 3 1 1 1 6
3 3 3 15 9 9
6 3 3 5 10 11
7 3 8 17 8 13
10 5 6 17 10 5
5 7 1 18 8 19
8 11 3 11 9 16
3 4 4 15 7 17
3 3 5 3 9 11
1 12 8 9 6 15
3 17 1 10 1 1
9 11 7 15 8 9
9 13 1 8 10 3
10 1 8 19 8 9
5 19 10 17 3 16
5 9 10 19 6 15
9 15 9 9 1 16
10 14 6 11 9 16
7 3 10 5 4 10
4 11 8 10 1 4
1 20 2 19 1 3
5 9 3 1 3 9
7 3 1 15 3 9
5 7 4 1 1 6
9 19 10 3 1 9
9 16 5 9 10 13
1 13 6 13 9 16
7 9 4 8 3 11
3 8 9 5 1 1
7 15 10 18 4 5
1 17 5 19 8 7
10 13 6 7 1 18
9 17 3 5 1 10
1 17 3 5 1 12
7 1 10 3 10 2
6 19 9 11 10 9
9 13 4 3 5 11
10 1 9 1 4 15
10 13 8 13 8 15
4 3 8 13 2 19
10 3 1 15 2 19
1 8 6 13 3 15
3 4 10 9 8 10
2 19 7 15 8 9
4 11 10 11 6 3
9 2 1 10 5 1
5 5 7 9 7 13
9 2 3 13 4 7
3 11 4 7 9 19
9 3 9 11 5 1
4 17 3 17 4 11
2 19 10 2 10 17
3 15 8 19 10 18
10 19 1 3 10 9
10 17 3 3 4 1
3 7 1 15 9 2
3 3 6 13 4 11
3 13 5 5 6 9
1 13 10 18 4 9
5 13 7 3 1 4
1 11 7 19 4 5
9 9 3 8 4 17
5 5 8 19 3 19
9 2 9 15 7 11
6 7 3 9 3 12
1 16 8 1 1 5
6 13 10 15 8 13
4 1 8 15 6 17
1 2 1 15 10 15
7 3 9 16 2 19
7 15 5 9 5 13
8 17 1 13 7 9
9 5 8 13 1 5
6 19 3 8 7 3
4 9 1 12 4 9
3 3 4 19 1 14
9 1 1 14 9 7
1 10 10 2 10 14
1 14 6 5 9 2
10 9 9 2 3 5
7 11 8 11 6 11
6 5 8 7 8 19
7 15 8 19 3 16
5 7 7 17 5 19
5 9 7 3 8 13
10 1 5 1 6 7
5 7 5 5 1 15
5 1 6 15 3 17
1 1 10 13 7 1
10 2 7 19 5 17
1 17 10 17 10 11
10 7 5 13 2 1
2 19 1 11 5 19
10 1 7 17 3 1
8 5 9 11 1 11
3 9 7 3 5 7
5 13 10 1 7 5
5 9 10 10 10 18
10 14 7 15 5 13
5 9 3 5 6 9
1 5 7 19 7 9
5 13 7 13 10 7
4 13 3 13 8 7
1 9 10 2 5 5
4 17 5 7 8 11
8 7 6 13 1 19
9 1 3 20 1 8
10 5 8 10 5 17
7 13 3 15 6 3
4 3 10 10 4 7
5 19 8 5 3 19
8 13 1 2 4 9
6 5 9 17 10 2
8 5 4 11 6 19
9 9 5 17 1 10
4 1 4 10 9 11
1 12 3 19 7 5
4 15 6 3 3 11
4 1 10 17 3 5
1 10 6 11 5 11
9 19 6 9 1 3
2 19 1 20 9 5
1 15 1 3 5 3
3 7 8 3 6 1
9 7 5 3 3 15
7 1 7 3 1 17
9 9 9 17 6 9
6 1 1 6 3 5
3 4 6 5 7 13
1 14 7 5 1 15
1 14 7 11 1 4
6 15 3 4 4 10
1 5 1 4 8 7
1 14 7 3 1 12
5 1 2 1 1 2
6 1 5 13 9 16
3 19 10 14 4 10
1 18 8 13 5 1
1 19 4 7 6 17
9 19 8 10 1 1
1 3 6 3 4 5
8 19 7 7 5 9
3 15 10 11 9 3
8 1 10 3 8 9
5 3 2 1 5 13
9 17 5 15 7 1
1 12 7 13 5 9
8 11 6 19 9 7
3 13 3 17 6 15
5 15 1 2 10 15
8 13 8 7 1 10
10 9 1 1 9 5
1 14 10 1 6 13
2 1 9 5 3 12
7 5 1 10 6 15
6 19 2 1 8 13
10 7 10 5 10 7
9 13 5 11 5 5
4 5 8 10 1 13
5 13 10 3 1 7
1 2 3 3 9 9
10 19 8 19 6 17
1 17 6 5 9 13
10 2 4 17 4 15
1 18 1 2 10 14
10 6 9 2 1 17
9 3 4 17 8 13
3 16 3 19 8 7
8 7 1 17 8 9
4 10 9 3 6 19
1 2 9 11 4 15
8 1 8 9 9 9
9 15 1 17 5 19
6 11 1 2 7 7
9 15 8 9 5 9
1 4 10 6 9 2
4 15 8 11 7 1
1 2 10 15 1 17
4 5 9 9 9 16
3 13 7 19 3 1
10 1 9 15 4 8
10 15 9 15 5 19
8 10 8 5 10 10
4 10 9 13 7 9
9 15 1 4 10 15
7 5 9 9 5 19
10 18 6 13 8 7
7 9 3 3 3 17
4 13 6 11 9 1
9 13 10 11 9 13
7 11 5 13 9 17
