10 20 400
1 1 1 1 1 1 1 1 1 1 1 1 1 1 1 1 1 1 1 1
1 0 0 0 0 0 0 0 0 0 0 0 0 0 0 0 0 0 1 0
1 0 1 1 1 0 1 1 1 0 1 1 1 0 1 1 1 0 1 1
1 0 1 0 1 0 1 0 1 0 1 0 1 0 1 0 1 0 1 0
1 1 1 0 1 0 1 0 1 0 1 1 1 0 1 0 1 0 1 0
1 0 1 0 1 0 1 0 1 0 1 0 1 0 1 0 1 0 1 0
1 0 1 0 1 0 1 0 1 0 1 0 1 0 1 0 1 0 1 0
1 1 1 0 1 0 1 0 1 1 1 0 1 0 1 0 1 0 1 0
1 0 1 0 1 0 1 0 1 0 1 0 1 0 1 0 1 0 1 0
1 1 1 0 1 1 1 0 1 1 1 0 1 1 1 0 1 1 1 1
5 9 6 3 10 6
9 9 5 1 3 13
10 9 9 19 3 8
8 11 8 13 1 1
3 5 3 4 6 15
3 13 4 11 4 11
8 13 4 19 1 15
8 9 7 11 2 1
7 19 5 3 3 11
1 16 6 5 3 3
1 11 6 1 5 13
6 5 5 13 4 19
4 19 10 15 1 11
7 3 3 1 5 17
5 12 3 19 8 1
4 7 1 2 1 4
1 4 10 14 1 18
1 10 10 13 9 7
6 15 8 11 1 14
8 3 8 2 3 4
3 13 7 11 10 6
1 18 6 5 4 7
5 9 2 19 3 5
1 4 10 9 10 1
10 19 5 7 7 17
8 2 5 9 4 17
7 15 10 9 1 13
10 2 3 3 10 19
5 7 10 1 3 12
5 11 10 9 4 11
6 19 10 3 1 14
8 15 9 3 2 1
1 8 7 7 1 18
5 19 1 1 4 11
1 3 10 11 1 8
3 9 5 7 7 13
5 19 1 19 1 10
3 15 1 7 8 9
4 13 10 2 3 7
3 11 1 14 1 5
9 13 8 2 7 3
6 9 3 1 5 1
7 17 3 20 6 11
5 5 3 3 8 17
7 17 4 19 3 8
1 5 8 2 4 7
8 11 5 13 10 9
4 9 5 2 10 5
4 17 2 1 4 1
8 3 1 14 5 13
8 7 10 20 1 16
7 15 10 13 1 16
4 17 10 15 3 16
10 13 4 15 4 9
10 3 1 4 6 5
8 5 10 19 7 15
1 19 8 3 1 1
1 17 1 16 9 11
9 1 6 5 8 13
8 3 1 9 6 11
1 15 8 7 4 13
8 1 8 3 6 19
1 12 4 1 10 20
1 2 7 11 1 5
5 1 4 9 3 8
5 19 4 11 9 17
10 14 10 19 6 1
10 5 9 17 5 11
10 13 8 17 1 8
1 6 10 19 9 11
10 17 9 11 7 17
9 9 5 15 9 5
1 6 8 11 1 11
10 11 5 3 8 1
9 17 3 17 1 18
5 3 5 1 3 4
3 1 8 5 6 5
9 7 8 15 10 7
1 4 9 1 10 18
10 15 9 11 1 15
1 18 9 13 4 5
9 19 7 19 4 3
5 12 4 5 1 16
9 17 1 20 1 6
1 9 9 3 1 3
7 3 1 11 8 1
8 15 6 1 7 17
1 10 6 11 6 15
7 17 3 7 7 17
10 1 6 13 8 5
10 18 9 3 9 3
9 3 1 6 10 11
5 19 10 11 4 9
8 10 1 8 1 10
5 17 8 1 3 8
1 17 1 11 10 18
1 16 8 1 9 5
1 17 5 15 8 17
9 19 4 19 3 17
4 3 10 13 1 20
6 7 1 8 1 19
6 17 9 15 1 18
3 13 8 13 7 19
1 11 7 11 10 15
3 8 9 3 10 15
7 15 8 7 3 9
5 1 5 19 3 13
5 3 3 3 1 19
1 18 7 1 3 7
9 15 3 13 9 17
8 9 9 5 1 9
1 19 10 20 1 1
5 7 9 13 10 18
8 9 4 19 2 19
3 15 9 7 3 8
9 19 1 5 7 3
9 13 5 15 3 13
10 20 6 3 7 7
3 17 7 17 3 5
6 11 1 5 10 11
10 6 6 5 5 3
10 7 8 15 4 5
6 3 2 1 7 9
1 20 8 5 6 9
3 17 10 3 1 11
4 13 9 3 8 3
6 7 9 11 5 12
1 7 8 11 1 6
8 10 10 19 1 13
5 9 10 18 9 1
5 17 10 11 1 16
10 11 7 11 1 8
2 1 3 8 8 9
8 5 1 20 10 3
7 13 3 4 1 17
4 1 6 15 6 9
1 6 7 3 2 1
8 13 7 3 5 12
10 2 3 20 7 1
4 11 7 13 1 2
7 5 1 3 5 17
9 17 10 3 1 1
10 15 8 11 3 13
8 1 9 13 6 5
3 4 1 11 1 18
4 1 3 8 8 9
3 11 4 13 4 9
9 7 7 19 10 13
8 17 1 17 9 7
9 5 4 9 1 18
1 9 8 1 6 1
4 7 1 19 8 11
9 17 1 10 6 11
2 1 9 9 8 19
3 16 6 13 3 17
6 7 7 3 8 2
10 2 7 13 10 1
4 7 10 17 10 9
7 11 3 19 1 18
4 7 9 19 3 13
5 15 8 10 1 16
4 9 1 4 4 7
6 13 8 19 2 19
8 19 3 13 4 5
5 3 8 15 1 9
10 13 3 20 10 19
3 17 1 1 8 1
8 10 7 5 5 13
10 5 10 11 5 13
10 11 3 13 1 14
7 3 6 17 6 13
8 19 3 16 10 9
3 20 3 11 3 1
4 7 7 15 6 13
6 9 10 15 5 9
1 16 1 2 7 13
10 7 6 17 1 12
2 19 1 13 3 8
5 1 10 2 1 15
8 17 1 18 1 12
10 3 1 18 1 16
4 9 7 17 2 19
9 3 10 2 4 11
5 17 3 16 8 3
4 11 10 7 3 8
4 15 10 7 9 7
10 5 2 1 7 13
3 13 8 19 3 16
4 5 7 11 1 10
1 1 6 9 10 11
1 13 9 3 5 12
6 11 5 9 3 19
3 20 4 13 9 13
4 19 10 6 8 17
3 12 10 11 6 17
8 19 1 20 10 2
7 7 4 19 10 7
8 7 1 1 1 18
3 3 1 2 7 5
1 8 8 11 3 20
10 10 1 5 4 19
7 17 5 1 10 6
5 12 6 1 5 17
10 2 7 7 7 15
8 13 3 19 9 11
6 17 4 17 8 15
1 19 10 15 2 19
8 15 4 5 8 1
1 8 8 15 1 8
10 13 6 19 8 13
5 9 1 11 1 4
6 9 6 7 10 11
9 19 7 5 5 17
10 19 8 13 4 5
8 19 8 5 7 19
7 13 5 15 3 19
10 19 6 9 3 5
9 1 9 11 10 17
8 17 3 5 4 19
7 9 7 17 1 7
7 3 5 12 6 13
4 3 3 12 9 7
10 13 7 3 5 1
7 17 3 3 6 9
1 4 9 17 7 15
10 14 5 5 10 7
9 17 10 3 10 19
6 13 1 8 4 15
9 13 8 7 1 9
9 19 8 7 8 11
10 15 8 15 1 14
10 6 7 5 5 9
1 10 8 10 3 8
4 17 3 20 3 8
4 13 3 1 4 3
10 7 6 15 8 17
3 8 10 13 9 15
5 19 3 9 5 12
3 1 9 17 8 19
7 11 4 17 1 20
7 5 7 3 1 6
8 10 4 1 3 1
10 9 1 15 1 17
5 17 9 7 10 10
3 4 5 17 10 9
5 15 4 9 9 5
10 17 3 20 10 7
3 20 1 5 8 9
10 10 6 5 3 15
8 5 4 11 6 11
1 7 8 7 9 1
6 9 8 2 5 2
3 15 1 8 1 7
3 13 8 1 3 12
10 1 2 1 8 9
7 19 5 15 2 19
10 17 8 3 10 13
10 14 1 5 7 11
1 1 10 9 1 15
6 13 8 7 1 14
9 11 5 12 9 7
4 13 9 17 1 8
1 12 10 10 1 19
7 19 1 15 1 3
1 10 9 9 10 1
10 7 4 15 3 17
9 1 7 11 8 17
6 13 6 9 7 5
8 5 3 3 3 8
10 2 3 8 3 17
7 19 10 7 3 19
5 19 10 2 10 13
6 3 7 7 7 19
5 17 10 19 3 4
10 11 6 3 6 3
10 17 4 17 3 13
1 6 5 2 3 13
6 15 10 14 7 17
4 1 5 3 4 1
8 19 5 2 1 7
3 20 10 11 8 5
10 2 10 17 6 1
7 13 6 17 10 5
7 5 8 5 6 11
8 9 1 12 1 7
5 15 8 9 9 3
5 2 1 14 8 2
3 9 10 13 1 16
5 11 5 1 7 19
5 7 3 7 3 8
4 9 9 5 1 10
9 7 8 11 4 1
3 8 3 1 3 16
8 5 6 9 10 20
8 1 9 13 3 16
5 7 9 17 9 7
3 15 1 13 1 4
1 19 1 6 10 10
1 2 3 4 3 20
5 13 10 1 4 1
10 7 10 5 9 19
3 1 2 1 7 17
5 12 1 8 6 17
10 7 8 13 10 10
4 11 9 3 4 7
10 19 4 13 1 2
6 1 2 1 7 17
10 15 3 3 1 13
4 15 3 19 10 19
8 11 10 7 9 9
3 9 4 17 10 14
9 9 9 15 10 18
9 17 4 5 6 9
1 5 1 14 8 13
3 7 2 19 8 9
4 3 1 8 5 12
1 14 6 5 8 5
3 15 7 13 7 19
8 5 1 19 7 11
9 3 9 11 1 12
5 12 1 1 9 9
9 3 1 9 1 5
3 15 7 1 1 9
3 5 9 11 10 7
4 9 3 9 5 19
1 19 9 13 3 11
8 17 10 10 9 15
1 6 6 17 5 11
9 17 10 10 3 19
7 1 9 15 9 3
1 1 2 1 3 9
9 19 4 9 7 15
5 17 7 5 3 17
8 11 3 7 7 1
4 7 10 2 2 19
1 11 8 3 8 2
5 15 3 1 3 19
7 11 4 7 9 19
3 17 5 2 1 18
3 11 6 17 1 7
9 13 10 7 3 20
1 7 4 17 9 1
1 18 9 1 6 17
4 5 1 19 10 17
1 13 9 13 9 11
6 5 10 2 7 11
2 1 8 7 8 10
10 10 6 3 9 19
4 19 1 1 1 4
8 3 10 18 10 2
10 3 7 19 5 17
5 12 2 19 5 11
8 15 10 20 9 9
5 19 3 7 1 6
10 2 4 5 9 1
5 7 10 19 5 5
3 8 2 1 1 3
8 17 1 4 3 11
1 5 9 9 1 8
1 8 3 19 4 7
7 11 7 15 10 5
5 11 10 5 4 7
7 15 8 3 5 3
10 7 3 11 2 19
6 15 1 20 10 13
4 15 4 9 1 7
5 19 6 1 5 5
1 20 1 5 5 12
1 4 4 9 5 3
7 1 10 2 4 17
9 15 10 11 10 17
3 8 9 11 8 10
9 17 2 19 4 13
5 11 4 11 9 3
10 20 3 12 7 15
8 15 1 1 3 9
5 7 6 7 10 20
6 9 4 17 7 15
6 13 3 16 3 17
3 20 9 7 1 15
1 12 6 13 8 10
8 7 1 15 3 11
7 5 8 1 10 1
1 19 2 19 4 11
8 13 5 11 10 15
5 12 10 6 10 1
10 7 5 2 9 3
9 11 3 13 4 5
8 13 4 11 3 9
5 5 9 9 1 18
8 11 3 8 9 7
10 2 8 9 6 3
5 11 7 9 9 13
9 5 4 13 8 15
4 3 4 5 8 3
3 17 3 11 4 1
3 7 2 1 9 19
10 10 10 1 7 11
2 1 4 5 5 3
10 7 4 3 3 15
