45435
36968
37705
15892
-1
45171
21764
19862
17735
330
44118
1999
-1
2643
8296
22118
24881
2899
18334
173
8457
1558
44929
12097
3236
7427
299
16664
36447
5504
41049
27743
10415
4603
22568
13599
25610
34321
38147
27061
207
2404
40095
23196
43718
21443
8169
306
21038
22845
5349
37208
41935
36272
11000
17968
35927
36366
42196
43778
-1
1951
32598
2659
2412
30922
12678
-1
32443
8954
9802
-1
11986
11971
23700
16662
26619
27985
-1
46924
31536
29789
5686
4899
13411
20828
12084
2496
41344
18332
36134
20344
9298
19670
881
36196
8726
39738
7689
31020
5706
6302
45558
4863
33152
19442
30921
27458
6402
44589
42849
31358
488
-1
23693
11265
19496
9501
-1
37918
27949
26287
29458
2229
43788
32978
19753
44667
17630
9869
2215
32025
39339
413
27785
874
9444
26990
6894
34635
34849
42944
30956
11879
678
32601
3294
21486
36320
-1
20908
24934
10880
28053
30776
20727
42923
5290
30803
4022
2578
43308
-1
34843
18597
13147
3301
12590
41555
35756
35988
21501
37687
31513
46417
8981
32627
21996
7119
27065
1946
35119
9738
36880
8213
3614
177
20634
9012
41726
37436
136
9661
12631
20553
26070
7729
39933
28113
13645
41771
21481
8857
25293
10024
45324
24356
21275
36336
7000
30031
37963
10616
11871
16721
33642
5304
-1
13647
19988
15166
11694
43760
-1
37344
5636
-1
31672
5826
44450
30172
9254
18537
1026
11193
28982
-1
34139
23798
325
9719
44729
29017
29339
32889
20451
11181
37695
6966
2008
2081
44556
3910
23406
29894
12494
18193
41322
32102
766
5614
4030
43315
10596
43951
1353
5972
23438
36990
830
18785
38503
4549
17072
28987
21278
29896
10150
19730
9368
34682
5402
231
34956
-1
15998
39386
4009
26612
34292
22992
42988
18450
31643
34646
29259
24673
41901
4061
17362
18473
33910
27350
31833
2346
12278
9757
18271
26837
25139
20302
9964
5486
4802
26137
34129
44350
41466
43063
4760
27883
5202
32022
17539
12454
17224
38368
28909
26720
8702
9229
1274
4035
36370
1910
10719
8139
1424
13026
40724
2619
13312
30814
36333
5095
358
2177
12024
16042
3193
132
14044
18386
16811
37388
8204
46100
16106
29288
2621
588
22004
3079
3892
39939
26972
34362
21517
620
-1
13320
43778
43923
10260
43343
26892
33637
13761
48135
32092
134
20992
816
29011
412
12950
26139
18051
13773
9332
40842
4493
33775
-1
-1
10761
45091
31735
16246
20948
5089
26090
11419
10156
40089
17275
44782
40858
31207
17133
38365
19079
7392
30034
15048
35878
6554
0
37297
541
1110
44401
12593
40300
2863
8019
34717
-1
31515
19691
-1
5072
2429
11694
39685
26928
7636
19611
6618
19210
365
30150
9426
30453
28074
528
9876
-1
23351
12559
1731
37390
31971
3914
15601
3499
34913
14249
10035
-1
27965
14990
8728
35117
44443
23483
38411
31717
-1
5228
309
14747
41116
17505
24783
11244
26481
10124
36608
12403
2385
2367
33771
38695
45554
40074
44272
9849
28061
5372
498
8456
42263
16193
-1
28684
11305
30079
38287
7131
