1788
1997
2144
479
1241
792
2644
913
0
2956
-1
183
1358
2995
290
1082
1074
931
2962
2025
2211
1098
2657
2026
1750
2335
1647
2641
742
2490
2822
1820
1843
3025
2607
1100
2517
2130
1513
2621
1399
853
2159
2959
2489
837
1963
529
1909
1298
2390
518
3032
2624
2103
2894
1356
2718
1443
746
1341
26
2276
716
2106
238
2675
2297
2935
2625
876
583
-1
1106
672
1346
137
2238
2220
147
1039
1462
346
1805
1654
805
2083
1273
1326
667
1277
2779
2740
395
636
2079
1512
1595
164
3085
2822
1247
1355
1254
1089
553
373
2638
129
2775
756
2492
47
137
1221
832
3111
984
2333
2110
985
1221
3044
1607
355
589
2883
1248
529
3114
1920
3073
1898
505
2638
65
1519
764
812
375
220
2283
1835
57
2162
2190
2125
2441
1341
1664
843
2292
528
727
1156
2148
2819
2318
1195
295
321
2124
2432
2987
2767
343
1172
2674
635
962
939
546
1171
1350
2044
2117
743
2141
1904
-1
1864
2071
2993
2910
939
3009
750
2767
1991
1432
644
1036
1747
15
2826
2130
2979
3146
2612
988
1250
2333
630
952
564
1462
2194
2747
2633
395
1327
1451
476
1969
600
1057
134
1693
1271
715
1236
1274
1659
258
324
2450
1166
803
2985
1298
2475
2595
620
1339
849
594
177
1860
2548
2294
2477
2078
2226
5
47
1597
3251
419
1363
383
686
38
1231
1785
990
629
371
1575
2457
1159
3029
175
2965
941
1830
432
1178
1388
1110
2934
1326
369
1124
261
832
249
111
1461
934
445
2670
2587
1730
2735
604
3089
2954
925
680
12
2049
516
697
2470
2035
2667
105
3065
593
1362
3033
900
2660
2844
1563
1013
1389
679
1338
1741
1152
745
831
247
1622
-1
1278
2950
183
2903
2729
3132
1703
1784
102
3020
1840
2592
38
2887
-1
1209
390
2871
2117
1204
1716
1714
2794
3005
1418
2516
1731
160
693
959
3080
1322
2761
472
364
2047
2077
3031
2997
644
2244
78
2480
2987
1828
2557
1047
1812
2955
83
1171
2682
1175
1584
449
1843
96
2542
1965
540
2397
2375
2572
1305
40
421
2394
41
1325
2274
1262
1221
2089
1188
744
983
783
2312
1881
978
2735
2074
807
743
