2293
1107
227
4219
3227
4357
2254
5891
1300
-1
4163
2056
140
3164
-1
1750
2859
8118
1136
4098
3919
4395
-1
7932
5867
6276
7408
1291
7983
4104
2208
8036
4401
5672
375
370
3111
6935
642
4391
458
4724
6245
1417
6707
727
-1
3999
7652
1426
5925
8047
1544
3178
4793
8091
8187
0
3000
7736
7743
2227
5966
-1
-1
7887
3506
617
8040
-1
149
3673
2580
362
3573
7497
4350
2403
8136
140
3423
4112
1192
5072
4281
2546
6707
3100
177
3819
7562
1280
7622
1325
1774
2330
1123
3292
4971
3212
3419
-1
5462
4439
4430
974
-1
5639
3175
2221
2982
6964
4765
5093
4058
1113
7029
4296
1034
806
6859
4644
1124
1825
5676
2540
4669
188
8064
1706
-1
1951
4706
7949
101
1756
56
5529
4407
4419
1632
3768
1200
437
6901
785
7708
1799
2460
4284
-1
6568
3249
5896
267
8844
-1
5149
7067
4499
3904
-1
4271
7914
3177
3146
374
4341
2982
894
-1
-1
1297
1365
2279
226
4538
3704
1385
5798
2611
5808
98
541
1868
1131
4110
720
-1
8361
1108
2033
8974
7547
1371
443
4379
8367
7067
4500
5642
4483
2360
3372
993
1293
5087
6767
1448
3306
-1
7475
133
721
2588
598
6270
3287
5224
-1
7786
6681
8411
7154
4334
1748
1253
3725
5213
8554
2278
4408
6326
-1
224
-1
2110
4448
6596
6287
2389
5911
3776
4506
-1
3350
965
634
7143
1913
1324
1376
6002
6601
1104
6125
9177
167
7887
-1
4705
3197
4042
62
7050
5988
1574
5821
7653
5245
87
2152
84
7676
1414
4822
5475
2243
7728
6203
803
86
1590
-1
8026
4615
4272
4460
5726
-1
1447
1296
3204
5749
3290
5245
8438
701
2825
4270
4764
-1
3428
1316
4126
33
7091
-1
4356
6873
492
-1
7413
3433
5181
8550
7113
775
-1
5138
8003
5695
4862
1375
418
-1
6677
5812
803
5995
3068
253
1985
2241
-1
557
5285
427
855
6264
1683
6003
6317
833
673
3282
-1
2821
-1
3039
5749
6945
6095
7124
4949
4877
4695
7631
245
4434
8178
6273
1484
2947
2416
1597
594
426
3729
3961
4268
6055
2306
3921
7174
-1
2961
4824
-1
6436
-1
7842
-1
-1
740
5295
5312
-1
8237
4443
611
218
6852
236
2801
3552
5880
3019
529
3772
381
-1
143
-1
2010
2601
1892
-1
4449
3157
4494
1459
481
1011
8303
6775
8172
2029
8053
2664
3999
4321
8125
1633
5485
3062
-1
4166
683
-1
4357
6748
804
4718
4511
4711
3360
1166
1466
-1
5344
6630
3366
-1
7860
3767
807
8031
3312
3650
