5813
-1
8039
10811
7533
7569
5511
-1
5270
11074
10284
1274
10828
7308
13396
-1
10352
-1
1094
-1
-1
14043
8133
8063
14814
3178
5522
11800
5935
-1
14182
10664
-1
13981
14099
14761
11473
-1
11199
12848
215
5744
1124
14360
2812
13136
652
3793
3087
-1
-1
8470
12180
3095
2177
-1
9018
11766
12247
-1
1201
0
3908
1240
9703
10528
9988
7008
5940
11966
8426
4263
5789
13940
14480
349
14882
6017
5124
7708
7526
8880
4435
7345
5293
2878
2601
-1
3229
1576
7898
6257
10601
6937
4982
13587
12154
1297
10012
-1
-1
5924
12949
6255
8776
-1
176
7269
2753
-1
-1
13655
8971
7372
710
1133
-1
5439
-1
7049
3722
13094
9408
6190
9676
-1
10976
2550
12603
3694
2421
-1
3265
-1
2318
11461
2471
12756
6641
11617
2748
-1
6998
7738
-1
11358
-1
4691
-1
1990
8810
1953
446
11542
11442
9411
2788
13383
11574
-1
13211
9513
14828
9529
12118
1495
4038
1042
0
9926
-1
9903
2375
-1
14193
9024
7594
7751
4379
14075
-1
3435
-1
13596
4441
3489
5001
14136
-1
-1
6790
12740
13992
1753
872
82
13511
-1
12322
344
3749
584
9241
2465
7634
4993
8987
11303
4268
7031
11297
9010
7542
13174
690
14342
12224
4215
8118
13220
11756
5302
605
5431
12106
3809
5744
-1
11107
10262
3200
5164
-1
2030
4622
2789
13193
11343
14196
956
13658
-1
276
8367
6539
-1
596
6451
8630
5209
4643
2502
8049
-1
3463
5606
8116
2565
11002
13583
12542
5339
3433
5427
3073
5693
11054
2151
3556
-1
-1
11164
11788
14069
5009
-1
13903
6255
6165
5905
11915
2853
14048
4783
3904
13770
1647
2473
14765
8226
4081
1801
8434
-1
6605
2977
3289
-1
1433
8493
11728
3367
7536
11919
9278
10448
11806
1962
-1
-1
5470
-1
3485
10564
8604
5405
229
2732
13078
-1
3064
2898
4044
-1
5749
2784
3640
6057
12961
8049
12010
11092
11056
4715
14440
8528
4545
8511
-1
10077
-1
50
4560
14208
7409
7088
190
-1
11810
626
11323
6682
2195
3916
2284
5290
-1
12340
-1
9291
5113
7250
14270
6625
10257
3764
-1
11738
9720
3237
-1
-1
-1
-1
3885
6334
6819
1934
-1
11382
6451
1172
-1
5801
-1
11784
122
3769
9148
11042
8553
-1
8104
-1
5677
8232
6779
11237
9328
8352
5545
-1
2480
-1
-1
8737
101
5031
8068
439
6651
1190
14403
5473
6067
-1
10639
-1
4178
14553
14113
4365
5503
14566
12753
-1
11491
13693
3487
1536
3662
-1
3786
-1
4619
8477
-1
4943
13640
-1
1895
12272
11869
4660
12455
10202
5330
13342
160
7621
