100 100
435 247 74
344 164 31
132 269 375
35 337 347
340 413 23
92 118 81
299 97 420
363 118 172
437 354 375
459 258 97
24 167 96
410 258 146
427 326 194
215 346 326
136 458 67
349 220 408
379 201 385
468 401 442
466 256 430
75 327 418
198 318 400
171 468 449
452 131 272
171 181 381
30 306 52
18 332 29
417 34 258
407 42 75
153 306 60
422 346 426
130 326 298
275 224 327
130 366 53
335 318 48
368 87 180
414 255 75
118 381 273
265 314 243
196 407 371
472 138 136
134 39 413
327 49 34
117 124 151
192 69 409
439 61 252
225 272 402
102 339 464
159 356 90
249 361 461
352 385 126
260 294 169
47 257 229
59 261 272
52 317 234
165 295 435
359 231 418
352 409 397
182 95 98
119 114 407
135 98 219
266 93 16
79 153 280
381 314 92
341 166 183
133 271 120
184 375 104
152 337 65
327 340 15
249 66 327
54 254 307
355 317 22
279 83 173
276 167 277
214 60 205
272 361 11
313 306 303
475 444 147
254 218 281
164 389 20
101 351 202
427 144 301
106 360 244
294 67 346
379 313 96
329 360 222
189 82 395
274 211 446
197 176 189
247 240 61
85 221 255
105 114 69
85 297 33
139 171 347
146 124 40
74 72 261
221 219 406
140 300 231
273 212 64
354 91 208
169 386 325
