100 1
284 215 240
208 454 350
264 283 458
116 400 43
308 396 216
223 289 367
106 204 395
120 225 32
69 450 252
102 91 191
374 337 463
412 71 374
444 355 158
281 346 315
210 377 129
425 124 462
343 260 77
215 349 169
179 400 210
311 449 52
389 257 231
23 397 469
358 222 45
415 440 27
431 199 130
179 23 180
55 36 40
249 102 405
97 444 301
396 285 324
36 434 325
69 10 353
89 390 118
278 316 17
19 265 39
224 358 459
397 158 78
190 367 336
156 414 253
109 441 393
224 75 144
459 376 123
282 332 168
264 267 271
146 212 179
456 46 104
176 30 303
25 370 440
145 266 333
397 294 205
157 336 450
204 193 312
309 184 426
413 406 314
30 11 368
306 46 241
28 31 86
97 77 32
245 333 118
283 308 398
139 145 438
393 123 137
173 424 166
127 236 284
190 324 103
265 79 158
190 198 130
366 70 125
362 80 285
223 214 271
18 190 332
239 135 343
426 184 169
354 21 252
263 196 135
451 361 254
317 265 80
159 171 207
296 271 203
188 385 303
167 258 295
64 163 194
17 55 228
57 48 173
193 300 223
118 250 108
118 119 81
180 383 126
159 97 185
188 99 46
298 170 62
93 251 84
407 121 76
372 95 346
52 157 415
88 151 41
224 118 171
77 92 262
436 120 70
335 115 184
