60 24
193 142 194
152 338 153
364 424 147
387 279 77
337 414 438
188 152 471
139 420 358
242 426 70
112 389 427
423 211 226
48 294 289
467 79 129
426 341 344
243 141 33
92 442 230
72 265 449
163 322 405
305 237 453
263 259 237
323 294 297
405 274 284
394 452 250
107 74 381
19 88 125
78 53 150
140 208 45
45 171 124
139 125 355
352 188 32
64 486 397
292 128 433
363 253 456
148 397 461
239 134 115
90 50 486
328 355 337
372 178 450
267 248 222
283 212 17
210 90 256
243 343 128
401 226 191
385 208 285
179 115 151
226 222 85
129 62 45
250 411 34
36 299 259
311 51 109
40 60 330
394 278 426
53 99 389
275 75 57
25 65 193
435 262 412
132 307 179
55 208 413
301 422 171
228 293 313
178 320 207
