40 13
355 115 74
84 395 472
385 388 379
198 156 409
22 238 87
331 206 203
92 361 291
58 407 252
334 130 277
479 453 396
143 458 120
111 363 210
44 25 35
56 116 135
193 26 298
67 244 16
171 241 265
246 266 364
392 28 335
270 255 235
157 240 427
151 324 60
418 77 288
477 188 98
41 167 133
330 203 284
257 316 440
113 252 232
13 419 80
355 137 42
188 407 331
412 254 85
227 472 326
200 381 295
211 212 424
133 91 167
25 188 468
232 312 350
147 454 251
290 299 89
