698 9917
2 323
12 151
13 61
12 646
384 113
154 77
3 161
12 351
10 28
8 659
10 163
3 628
11 559
1 112
10 396
4 659
1 475
12 446
5 137
6 375
5 505
13 609
438 145
2 119
13 491
1 238
8 245
4 70
12 159
10 33
13 528
9 77
13 92
2 402
76 27
5 625
7 196
3 650
8 212
10 204
3 536
12 692
10 482
12 604
10 269
8 130
11 309
346 260
1 577
10 583
9 293
3 22
10 355
541 46
5 659
4 407
13 666
1 466
6 135
5 647
9 431
12 190
7 55
6 112
12 329
1 146
9 294
430 146
7 613
10 444
10 591
403 382
7 77
10 622
4 606
11 311
3 325
242 225
631 29
4 689
10 550
6 153
7 217
10 600
7 235
6 459
8 86
14 143
2 440
6 450
2 689
10 649
12 519
13 671
13 611
524 408
12 675
8 30
13 55
3 92
13 533
9 692
2 386
7 486
10 493
10 608
12 417
2 690
10 124
5 65
13 97
13 2
13 134
97 42
8 298
7 505
5 340
6 400
3 149
14 10
4 673
9 415
12 401
8 670
1 378
3 238
9 69
409 172
2 478
2 251
2 289
8 240
20 11
11 139
10 447
9 376
2 242
4 73
12 14
5 75
3 95
7 288
4 408
10 657
9 433
1 39
6 507
9 484
12 514
3 308
2 343
283 196
9 116
8 140
5 426
2 482
10 106
9 589
11 99
9 6
10 342
11 487
13 213
2 621
2 157
8 428
7 184
4 592
6 294
3 204
8 135
5 121
6 391
11 624
6 633
3 104
7 181
9 107
13 435
4 581
145 58
6 595
5 441
9 485
14 73
10 292
4 259
74 25
5 253
4 415
3 546
271 252
9 36
3 271
11 373
3 575
9 74
4 212
9 172
11 614
12 526
9 474
13 444
2 296
481 177
12 308
7 587
2 125
312 264
12 580
6 563
5 349
6 376
7 122
11 290
9 93
6 126
5 666
8 5
6 22
1 119
3 1
8 165
3 507
13 402
12 200
1 343
11 164
11 247
8 622
1 544
1 575
1 589
4 679
7 350
10 65
10 142
12 239
5 114
5 389
11 268
9 43
3 419
3 141
12 371
14 12
14 145
7 624
10 17
2 147
1 216
11 445
14 32
6 136
3 614
9 462
11 527
7 2
7 659
10 275
1 250
4 543
11 515
620 505
4 647
4 668
8 573
10 126
8 530
6 5
2 459
639 632
1 417
1 388
7 377
9 508
12 97
1 87
3 420
7 51
8 243
12 188
9 274
6 354
12 484
3 199
8 610
8 58
7 549
1 29
4 235
8 498
2 374
3 587
12 251
1 570
13 119
8 512
7 163
11 389
2 399
13 146
13 29
10 206
11 343
7 553
12 280
2 31
7 654
5 45
9 45
10 578
14 7
10 229
3 68
9 372
2 443
10 648
7 266
8 510
8 662
6 538
2 96
5 8
3 574
13 557
1 603
2 691
310 104
10 610
12 334
6 624
2 234
1 409
6 590
2 407
2 687
9 298
6 53
8 15
3 412
7 85
550 242
1 452
8 656
8 418
14 88
6 421
3 487
4 136
8 482
8 463
8 684
6 148
5 501
8 21
11 249
3 93
654 33
12 68
8 540
7 229
12 537
2 89
1 371
9 253
9 134
3 544
3 338
11 460
11 436
7 274
456 428
2 454
7 455
1 281
8 567
11 336
1 117
4 37
492 349
3 630
12 177
2 77
3 13
11 109
6 697
2 202
653 213
2 284
5 456
9 649
13 46
5 354
4 99
7 481
1 85
6 614
6 76
9 304
7 117
7 35
12 432
1 376
3 343
509 490
8 138
1 442
8 376
603 175
11 662
3 53
1 358
9 110
11 160
11 187
11 607
7 348
12 579
12 301
8 583
7 92
1 532
6 486
12 262
19 12
7 125
3 644
13 209
13 464
14 173
9 506
12 572
10 273
12 630
13 365
9 456
12 695
13 347
1 641
12 661
549 395
1 107
133 92
12 247
1 320
5 696
174 65
1 556
13 607
13 568
6 205
2 167
476 114
11 629
4 506
9 34
38 17
236 35
2 175
1 24
11 628
11 26
10 235
380 99
9 12
7 474
7 303
2 146
4 201
4 218
3 462
7 621
11 278
12 196
11 21
8 74
13 244
13 340
1 240
1 196
12 619
12 637
478 308
11 482
4 10
4 359
10 575
2 639
4 109
6 396
8 92
5 255
593 501
9 503
10 330
14 104
8 333
9 330
3 368
50 29
7 447
8 56
11 305
7 467
633 564
8 308
12 225
11 71
11 550
4 567
5 127
14 132
10 523
11 513
7 594
3 481
7 13
10 440
3 665
7 633
6 276
8 631
5 4
7 399
7 469
5 427
13 697
2 129
14 43
11 76
12 186
6 57
4 40
9 348
11 653
10 234
10 211
10 168
8 181
6 593
1 67
4 499
1 68
4 132
9 160
5 3
4 260
12 201
5 394
7 313
9 682
10 127
205 106
8 113
5 575
3 359
13 53
3 105
10 21
6 549
9 391
2 556
6 649
4 554
5 587
6 272
3 698
326 172
3 239
7 251
13 471
4 423
7 130
7 550
4 661
8 27
10 387
11 578
1 23
3 43
6 357
13 285
2 25
12 547
1 637
6 250
11 501
6 50
71 17
691 534
4 372
12 393
1 618
8 6
11 22
8 539
3 201
5 123
10 109
2 338
13 573
12 673
6 166
92 65
8 685
7 694
7 153
2 382
2 416
3 30
7 404
4 104
4 48
1 66
8 688
5 697
8 694
11 674
2 507
4 523
8 17
2 6
9 94
10 367
12 549
12 39
5 481
3 39
434 424
12 44
4 429
148 7
13 133
6 222
5 373
4 18
5 402
9 623
13 230
7 572
4 691
13 399
5 2
6 244
7 577
13 426
13 492
13 144
8 443
7 412
10 533
7 16
4 206
12 154
5 502
4 602
7 585
1 416
3 491
11 441
13 313
12 211
1 156
9 681
12 203
12 462
11 592
10 91
8 693
13 17
13 588
11 565
7 298
7 349
10 69
5 299
12 20
11 689
1 297
3 496
3 421
4 153
9 657
13 317
1 640
5 112
7 134
6 388
3 233
2 113
8 383
2 549
8 201
5 523
6 134
304 34
14 138
11 604
11 660
10 643
11 609
4 648
6 656
10 216
11 327
7 658
9 556
6 626
14 101
3 67
1 86
10 445
3 649
9 295
8 42
1 565
3 677
2 397
7 186
1 324
3 78
13 362
2 122
13 692
10 637
13 76
10 140
1 331
3 495
5 634
10 258
5 486
3 217
5 125
5 515
7 542
11 532
627 55
5 158
4 65
5 60
7 648
7 342
21 10
5 259
9 202
5 695
463 366
14 137
3 360
12 178
13 512
13 207
11 569
13 176
12 115
10 218
372 237
3 265
4 323
13 270
3 351
12 613
11 348
13 645
2 466
252 91
1 268
8 569
6 645
5 96
13 350
14 129
5 569
13 483
10 673
11 663
6 239
5 552
8 373
7 212
6 442
8 444
11 200
8 504
11 341
4 139
4 275
673 416
5 479
11 584
12 476
9 690
4 61
3 132
6 69
8 235
3 562
5 432
6 80
8 491
5 270
3 264
2 59
14 30
7 573
9 47
5 223
2 614
3 189
4 586
7 269
3 31
1 522
6 338
4 321
9 432
4 327
11 334
7 178
10 254
11 523
4 5
6 666
3 258
8 507
4 619
13 295
25 9
11 167
10 137
1 656
10 318
3 580
1 625
5 335
6 440
7 180
6 529
8 441
4 318
3 112
1 130
4 304
7 320
7 87
12 387
4 622
13 148
7 168
8 276
287 272
9 114
7 321
8 579
13 68
9 557
3 383
11 362
169 94
389 37
9 121
11 371
10 243
9 373
6 247
8 22
3 639
9 8
656 276
12 328
11 428
17 6
11 223
9 61
9 654
7 386
10 429
6 618
387 43
10 695
12 634
7 283
11 488
8 20
143 72
7 548
7 385
6 650
8 45
11 391
6 60
13 343
3 59
558 263
3 572
10 430
87 58
9 126
12 557
6 296
5 315
354 311
2 108
2 601
13 564
11 144
4 256
6 682
8 501
10 625
14 153
8 122
7 617
9 393
1 78
3 331
13 125
13 584
6 260
5 602
7 297
4 356
13 139
10 340
6 91
13 294
13 15
9 241
12 168
13 34
13 521
10 89
12 450
5 331
12 232
8 461
1 473
2 130
12 535
11 279
12 500
5 203
3 551
10 633
6 81
53 19
13 63
12 544
8 104
4 282
5 614
3 209
280 153
13 199
2 196
7 355
4 556
9 40
12 631
12 436
5 324
3 87
9 161
12 86
2 391
3 276
2 456
1 363
2 29
13 639
10 96
12 109
12 213
7 74
2 11
9 62
12 479
13 38
4 514
6 695
6 599
13 249
12 540
2 84
11 580
108 32
2 48
9 207
4 239
10 635
13 458
10 341
9 335
13 159
8 302
4 183
4 373
5 541
3 240
417 105
14 90
8 427
9 478
3 200
2 491
5 447
13 127
1 175
2 243
531 117
1 200
1 636
10 645
12 100
12 125
9 191
4 55
89 19
6 597
3 159
12 244
2 564
2 544
4 517
9 104
2 547
11 320
6 534
3 446
2 290
2 333
9 666
301 218
12 303
1 279
9 407
254 191
6 2
12 449
2 624
13 276
650 5
10 51
8 116
6 258
1 478
1 456
230 196
6 353
12 138
256 187
6 394
277 81
13 615
8 386
8 301
11 47
2 220
5 476
4 463
5 36
9 254
10 531
14 97
6 207
3 500
12 98
5 344
4 144
8 2
14 87
8 650
4 430
6 685
11 493
3 321
11 301
4 8
7 378
425 216
6 668
12 431
6 687
6 690
9 689
2 432
386 198
6 620
12 652
3 54
12 94
12 137
687 478
7 668
170 148
7 614
6 199
4 636
7 693
11 87
9 436
1 178
7 485
5 664
6 557
2 676
2 3
5 148
9 363
2 465
8 589
11 66
209 169
11 315
9 598
9 538
1 517
6 20
6 175
12 92
2 616
175 83
4 497
12 315
5 287
1 506
5 419
1 30
11 124
8 377
4 32
14 62
4 528
11 481
7 402
6 90
10 289
10 36
5 679
5 196
2 226
4 39
7 462
11 59
13 561
10 696
14 58
2 461
1 448
6 449
3 509
8 634
9 228
2 381
11 537
13 229
6 612
2 501
3 71
2 154
3 563
12 648
3 318
10 230
1 239
13 480
141 104
11 229
1 635
6 579
2 506
10 435
7 360
13 253
6 664
5 305
8 35
8 412
11 676
11 545
7 641
6 488
1 22
1 514
12 335
2 74
5 558
1 262
3 664
8 166
3 74
5 87
2 605
8 29
11 28
13 147
14 126
5 580
5 538
5 1
11 253
1 47
10 347
2 61
12 517
4 527
11 397
1 453
2 503
13 430
3 539
6 471
7 545
11 183
2 335
11 585
3 285
7 388
8 503
5 55
12 340
12 209
11 67
12 294
4 455
1 197
1 467
4 573
12 271
4 451
7 66
10 542
10 297
12 224
11 567
8 409
7 401
4 171
1 485
3 484
13 118
11 589
10 692
10 310
11 221
13 246
9 65
4 473
2 613
315 199
3 73
5 581
11 194
13 575
7 448
6 129
4 425
11 611
8 419
2 420
9 647
164 159
13 7
11 668
10 59
5 428
2 145
11 203
523 76
275 106
5 172
8 324
1 35
4 181
13 265
1 154
4 355
134 63
5 336
3 4
10 543
6 653
12 283
2 297
6 132
8 437
10 93
12 149
9 357
9 306
4 507
2 217
1 681
11 135
6 525
13 604
8 75
7 21
371 350
2 37
10 656
13 26
4 562
6 299
13 550
9 617
677 54
7 138
2 542
1 264
3 579
13 116
11 255
14 33
13 23
7 257
11 54
62 47
5 78
7 44
152 58
4 96
8 252
11 274
4 158
12 345
12 365
12 434
8 147
5 178
1 312
9 28
9 593
9 311
6 487
2 310
4 633
1 418
9 468
14 55
11 273
2 83
11 647
47 22
14 86
2 69
11 130
10 620
7 210
4 428
4 319
13 22
1 688
5 607
4 683
2 168
9 414
6 168
6 118
7 73
4 264
4 54
2 483
318 175
285 82
6 54
9 378
4 112
8 126
1 426
6 180
2 279
4 232
1 133
4 210
322 162
1 105
4 364
12 291
291 228
6 577
9 669
13 302
9 572
8 317
5 16
5 217
5 41
3 453
7 94
5 17
12 284
49 29
8 494
6 181
9 313
11 13
5 77
13 576
4 342
535 457
9 626
10 486
4 326
10 11
9 99
1 82
1 622
9 696
135 41
7 28
3 44
13 448
12 129
2 658
7 692
9 586
9 263
1 275
5 423
13 288
295 127
4 114
14 158
3 147
10 455
1 252
11 365
11 237
5 43
10 144
10 621
6 356
2 523
4 646
8 550
11 555
9 664
7 458
2 562
12 536
5 329
12 457
10 139
5 588
1 259
1 694
8 690
14 37
4 615
11 131
11 520
10 668
503 341
14 119
2 179
127 2
10 261
2 308
1 247
11 516
6 163
6 562
14 83
675 255
9 476
3 658
4 677
7 599
218 107
12 659
4 344
3 294
13 187
14 141
56 46
1 65
5 591
5 636
4 202
6 412
11 654
7 209
8 547
10 220
5 529
2 631
6 383
6 429
10 590
7 281
1 251
7 488
1 129
1 140
11 625
13 24
6 3
11 257
7 36
9 386
12 527
1 116
5 130
6 485
464 275
12 42
9 72
11 603
10 498
5 415
10 681
2 662
11 231
610 448
13 235
2 105
10 255
10 560
4 574
9 265
7 227
7 243
9 41
13 143
13 361
276 271
8 527
4 390
11 55
4 250
265 93
2 301
6 122
13 11
9 175
11 683
8 263
8 68
243 192
10 160
7 674
10 561
7 325
14 47
9 356
1 695
3 432
12 485
405 315
6 520
1 253
13 574
7 156
3 345
2 232
12 468
4 406
4 9
11 390
3 177
5 64
5 554
5 499
10 611
13 154
9 570
427 94
3 58
10 329
60 25
158 48
13 657
1 538
13 445
368 17
10 264
1 191
10 406
1 401
10 416
13 536
8 305
11 23
9 413
12 606
13 39
13 424
7 172
5 369
6 581
10 280
14 3
8 542
8 52
6 281
7 496
14 85
2 679
13 83
13 443
4 411
13 338
2 14
11 342
6 187
5 163
8 4
4 585
10 585
12 77
2 393
8 355
6 25
3 430
3 111
7 38
8 366
5 239
7 179
6 269
2 139
13 333
3 605
13 470
1 190
5 542
4 491
8 99
8 477
1 639
3 336
1 213
12 156
11 656
12 560
2 265
3 254
10 105
1 459
7 100
5 509
521 518
5 537
10 47
7 86
5 225
9 464
12 507
10 678
4 366
7 336
8 347
7 661
3 560
13 220
10 100
1 579
8 108
3 440
9 578
5 574
6 279
11 235
579 495
9 320
4 30
2 378
7 657
5 473
13 248
390 263
8 385
1 222
196 98
6 10
5 470
8 173
9 656
12 624
10 15
11 63
11 12
10 164
9 135
9 19
6 155
6 435
3 301
14 116
1 576
2 90
7 646
3 466
1 638
5 279
3 686
7 632
4 513
2 458
11 116
13 237
10 577
7 280
9 580
2 237
2 404
13 677
8 127
33 19
13 98
3 465
10 519
13 198
6 130
12 248
1 361
6 26
6 283
9 5
12 576
6 303
4 341
6 107
1 430
13 441
6 328
11 645
10 150
11 24
2 134
6 502
5 520
10 479
6 350
4 281
11 529
12 474
6 583
364 335
4 650
268 57
2 359
13 41
6 113
469 153
1 396
3 155
7 618
3 109
216 126
11 557
3 400
2 350
13 277
13 208
10 653
3 632
2 680
8 475
5 184
11 512
3 527
8 98
623 340
674 478
5 227
2 20
2 76
5 234
686 247
10 624
11 310
316 118
8 69
11 576
2 446
9 105
9 215
3 662
11 93
13 367
12 676
424 381
1 400
6 178
1 334
1 500
11 357
10 534
3 391
5 56
8 447
11 33
3 529
8 594
7 394
8 244
3 635
2 180
440 147
7 593
1 269
7 615
13 613
3 561
11 102
4 213
11 556
8 118
2 107
4 170
12 388
8 65
8 168
5 134
7 10
4 207
3 443
6 209
9 117
13 236
2 256
7 415
5 406
14 105
4 263
8 128
4 613
7 30
9 544
10 78
4 258
6 467
7 656
4 224
5 528
12 255
5 468
6 243
4 462
12 651
1 559
13 583
13 375
6 229
7 6
3 311
6 617
7 373
468 422
5 577
10 354
2 387
9 173
6 13
7 565
1 557
11 492
1 405
4 521
5 449
13 75
3 100
7 167
11 206
4 69
355 268
12 556
10 75
13 101
10 141
11 161
2 457
12 361
3 570
4 541
2 235
14 63
41 8
8 87
11 570
9 91
397 40
13 179
13 47
1 642
1 36
8 111
1 10
1 372
6 379
9 430
13 502
3 609
4 361
9 361
12 61
7 170
10 615
4 368
680 204
3 162
13 45
5 451
1 436
3 620
7 400
2 479
13 673
7 268
4 489
1 487
6 571
9 604
7 317
12 602
10 421
9 324
5 317
2 35
4 532
9 423
7 362
12 199
6 139
3 282
14 91
9 246
8 480
13 52
6 97
5 616
2 162
12 253
13 306
10 306
9 513
11 107
2 620
4 220
8 96
11 370
1 55
2 91
6 426
6 380
2 646
1 138
13 370
13 696
2 144
7 207
2 231
8 408
8 644
11 544
6 316
10 315
11 360
3 349
8 78
214 135
7 532
1 134
7 260
7 375
5 594
3 163
12 106
7 622
4 443
6 417
6 254
2 665
4 505
4 123
6 506
4 334
2 553
11 271
8 53
5 195
10 181
5 136
4 401
4 146
3 256
1 536
662 409
5 342
7 326
13 205
5 32
11 598
4 510
7 626
2 16
11 605
6 673
1 210
9 192
10 172
13 439
14 99
7 538
12 585
244 242
1 310
666 603
8 300
4 231
12 638
7 152
5 377
6 521
13 635
7 233
12 426
13 682
1 408
8 630
606 483
12 56
2 445
5 301
411 16
1 423
43 6
5 567
8 435
4 332
9 426
12 285
2 413
3 334
10 395
2 490
5 120
3 296
8 455
12 357
12 358
10 131
6 587
2 635
10 574
1 520
6 494
5 672
6 227
12 414
11 38
2 210
12 332
4 582
9 548
5 110
6 309
7 566
11 620
3 319
10 518
2 260
3 49
3 249
11 437
9 465
6 297
12 330
6 314
4 685
4 302
2 164
9 214
7 584
6 639
4 466
6 405
4 197
9 170
2 47
1 599
11 377
5 386
10 572
1 595
1 427
10 584
7 215
6 67
2 433
9 73
13 684
270 103
7 576
9 638
180 25
2 449
4 358
12 665
13 650
2 264
13 587
2 606
5 167
9 21
12 166
4 196
3 196
1 608
3 77
13 173
13 433
9 418
5 156
9 591
5 526
2 533
13 454
2 661
1 62
7 506
2 539
2 298
13 595
8 287
10 121
7 652
13 354
1 286
7 560
3 84
7 500
1 524
4 83
1 120
2 138
10 662
11 189
9 417
6 359
7 311
3 353
11 191
2 509
12 656
8 348
12 162
1 611
6 573
5 362
12 246
5 202
7 493
5 649
2 524
7 173
9 616
7 554
12 265
9 536
6 131
12 377
9 620
11 45
6 414
648 231
8 94
9 197
4 378
3 127
9 496
14 93
3 312
3 279
2 248
12 250
12 691
416 79
2 332
3 393
3 172
5 323
9 655
5 216
1 152
7 675
1 6
7 523
11 507
11 408
4 496
12 102
6 158
4 219
6 591
2 537
6 360
9 271
1 141
6 275
8 213
1 59
11 132
6 691
13 44
2 282
412 211
3 291
5 684
9 181
4 694
4 693
9 75
3 261
1 412
3 473
537 283
3 317
2 368
5 63
8 551
2 223
7 109
8 608
10 167
9 685
13 136
1 44
11 395
4 478
1 607
1 271
5 252
13 624
11 657
204 150
9 574
8 200
13 250
5 635
5 293
10 30
14 92
2 561
10 564
1 377
327 187
11 49
8 557
187 12
13 488
12 331
11 244
7 322
46 21
6 536
5 670
12 242
3 122
8 528
5 374
7 146
12 249
12 513
11 456
7 424
8 442
10 449
2 471
9 453
11 304
11 631
2 534
6 102
14 80
10 64
7 252
8 522
7 98
7 324
9 85
4 374
9 344
5 371
10 155
8 282
3 418
5 623
4 644
105 8
5 168
11 92
66 6
2 494
13 36
13 278
10 582
2 487
1 135
11 338
1 462
7 329
13 628
3 18
9 695
11 78
11 181
1 621
4 138
106 46
12 145
1 221
1 664
9 552
3 213
5 387
12 305
451 187
7 686
6 670
7 249
12 640
3 695
9 14
445 424
3 583
8 431
3 277
6 406
2 116
13 124
10 177
8 445
3 460
11 142
13 523
5 210
4 642
5 612
2 305
4 120
8 449
5 91
9 325
11 449
2 127
2 462
6 30
3 328
11 197
11 20
3 173
582 318
9 364
2 668
4 352
12 664
7 441
237 122
1 194
13 548
4 177
153 123
13 197
3 512
7 582
2 570
12 235
6 58
11 242
2 222
12 511
12 682
4 538
5 224
2 172
1 126
8 389
4 485
7 211
12 370
538 115
11 467
401 90
10 331
13 670
4 189
8 253
10 19
7 662
13 264
11 120
6 138
7 451
3 190
508 70
4 632
1 145
8 299
6 393
9 680
2 392
8 473
7 380
3 61
4 611
8 423
8 465
7 690
2 493
3 231
10 409
4 305
3 535
1 471
5 312
2 71
13 366
13 622
1 645
4 57
13 298
1 72
515 190
8 636
11 374
10 500
1 584
2 143
2 330
4 695
9 282
12 158
156 153
6 290
1 311
7 1
8 682
6 374
1 106
13 461
42 4
6 145
3 508
3 567
11 372
11 261
3 464
1 100
8 511
10 154
7 193
9 507
5 351
9 514
9 176
1 330
1 610
84 15
7 256
5 399
13 307
12 243
9 405
11 148
2 694
321 308
5 405
9 247
10 588
1 385
8 672
11 650
11 692
4 537
9 190
9 588
185 146
11 388
11 344
6 32
14 152
7 603
442 425
5 353
9 653
11 284
9 648
567 105
10 359
13 608
5 250
4 621
2 395
1 489
11 51
6 171
13 292
9 166
7 588
4 43
4 572
3 293
1 183
8 33
3 2
3 506
10 549
12 460
8 246
8 90
1 494
1 319
13 286
9 101
9 394
13 541
8 238
11 541
14 61
1 375
7 627
1 226
10 476
7 544
13 140
6 289
4 628
4 44
13 596
2 518
12 216
4 631
2 587
404 366
5 233
8 472
14 44
12 197
14 13
12 368
6 230
9 547
9 132
10 411
6 313
6 339
6 78
4 280
13 693
12 85
11 184
7 389
3 438
6 335
9 57
7 59
2 406
1 617
6 389
3 284
7 526
5 459
11 503
1 493
11 43
1 370
7 434
1 303
5 115
9 167
11 549
3 380
14 11
9 59
7 49
3 350
10 285
4 564
9 259
6 636
13 498
2 577
9 614
6 190
3 475
6 419
13 308
9 156
5 624
13 579
13 352
1 186
11 687
8 164
1 32
10 489
7 427
8 627
10 175
7 672
1 323
2 538
4 36
10 553
165 145
3 98
3 148
6 345
7 374
1 95
3 696
7 683
2 201
10 453
4 348
8 680
5 436
10 304
689 677
4 605
12 570
10 134
13 54
9 631
4 111
5 551
5 571
11 110
8 679
1 282
5 133
7 183
5 376
13 486
6 301
9 425
493 148
6 85
13 428
12 528
8 152
6 564
10 188
2 400
3 403
22 4
2 163
6 545
3 569
7 9
4 487
13 549
5 232
13 82
2 450
274 45
8 159
2 156
11 96
8 381
4 663
4 598
9 531
7 83
6 408
3 33
9 397
31 19
12 321
14 113
1 20
2 585
7 302
659 104
6 479
9 687
6 641
10 18
8 93
6 602
4 404
1 394
1 337
6 55
1 521
7 562
3 437
12 83
8 647
7 430
9 98
13 238
10 441
10 652
1 648
7 165
3 273
3 188
8 219
13 425
5 598
3 143
11 534
3 444
13 462
12 381
12 353
8 605
1 647
6 674
11 169
12 31
7 157
13 420
640 29
9 652
10 169
10 161
1 483
5 680
3 299
5 104
10 589
11 497
300 10
13 228
4 78
4 261
3 429
9 663
9 479
5 189
1 653
6 1
13 14
10 346
12 380
10 419
10 333
9 331
5 508
10 145
10 34
4 306
9 82
1 502
10 256
2 98
5 519
9 250
10 691
14 36
3 668
161 101
27 14
2 316
3 323
8 100
168 89
8 362
3 128
1 245
12 458
598 364
5 53
2 558
11 458
1 399
7 222
2 582
3 494
8 304
2 193
4 277
9 338
10 43
8 642
11 572
7 95
8 499
13 262
1 509
8 426
11 602
12 524
1 404
3 216
10 399
12 240
7 54
7 50
12 632
6 623
303 265
13 275
6 594
5 364
462 140
1 552
1 341
4 185
3 415
9 124
6 537
3 160
2 352
5 543
8 141
6 35
489 448
10 268
3 689
7 498
1 472
10 613
7 519
88 73
3 514
2 609
10 170
10 494
2 617
13 592
7 422
4 333
8 667
2 190
2 675
12 601
273 56
5 442
10 26
3 489
11 435
5 107
282 107
210 84
13 161
11 485
1 278
8 616
10 664
11 394
3 669
13 323
11 571
5 391
6 574
4 131
8 193
6 484
9 365
3 180
7 236
4 140
6 173
10 520
13 346
3 184
8 623
7 29
11 318
5 193
1 596
1 169
2 647
6 191
9 231
4 143
5 395
7 371
10 408
4 303
6 262
8 332
3 510
6 89
2 271
55 38
12 687
10 365
5 544
432 143
14 122
6 660
2 628
2 155
10 451
4 245
455 17
2 650
7 82
12 561
9 511
1 198
11 146
7 148
3 384
3 241
12 360
13 185
2 355
6 183
5 231
3 387
9 66
11 577
9 140
7 354
3 411
9 32
13 485
9 146
12 382
8 121
376 8
5 124
5 294
9 583
11 518
8 351
12 614
7 482
2 469
4 273
8 306
13 373
5 177
2 303
475 48
10 374
13 224
11 232
8 485
12 529
11 644
6 609
9 322
10 201
7 128
8 591
328 246
5 620
8 399
7 525
11 177
9 58
289 21
1 468
12 391
13 80
9 221
9 460
6 188
5 181
4 560
9 115
8 119
1 104
1 546
2 566
561 465
8 654
8 331
1 173
6 332
11 219
3 474
5 504
13 525
1 218
13 56
7 338
6 452
5 517
7 131
13 112
11 539
3 278
7 651
696 23
123 51
6 315
10 81
7 484
10 627
2 557
3 125
7 612
9 625
5 652
6 228
3 661
10 614
202 138
446 341
1 526
12 167
11 425
7 669
3 367
12 1
1 591
35 14
3 448
195 4
13 260
11 659
7 381
101 37
9 540
12 298
1 326
3 56
11 337
5 66
5 100
3 483
10 286
7 46
6 610
4 447
1 53
8 198
3 47
6 547
13 256
1 660
2 331
5 169
8 614
479 351
8 458
5 662
3 218
8 267
3 452
3 585
1 298
4 580
5 457
2 183
5 689
13 186
7 33
7 273
4 125
556 512
1 550
58 52
2 615
5 289
1 469
10 402
5 283
6 644
11 147
18 15
10 680
7 546
1 690
212 59
11 74
2 87
3 694
6 37
10 52
12 130
1 153
4 240
10 335
436 386
1 102
10 125
6 445
3 228
7 248
4 403
338 201
13 416
5 546
9 385
13 385
3 537
5 200
13 240
7 40
3 270
2 4
3 681
2 123
8 214
10 349
3 175
13 655
13 698
2 203
11 594
10 54
1 574
12 50
13 171
13 77
12 483
3 118
3 571
5 564
10 278
10 72
6 157
11 10
1 151
4 230
7 363
1 333
4 526
12 486
13 301
1 623
82 71
4 671
13 311
10 361
5 463
11 562
11 238
9 551
5 219
7 284
7 502
13 695
4 569
4 383
3 613
10 646
1 571
9 522
11 472
3 309
13 189
4 178
13 100
11 489
1 12
4 86
1 21
7 67
6 469
7 689
6 36
10 640
2 590
2 309
10 452
3 79
12 9
11 283
11 81
9 560
6 382
3 532
5 452
160 118
589 202
9 498
5 498
5 416
12 96
13 174
4 255
13 415
7 108
12 639
12 395
5 398
11 73
379 94
7 419
7 239
6 206
12 394
1 34
9 600
624 325
2 250
8 176
7 464
11 75
370 31
3 503
9 542
5 244
14 57
9 390
14 28
7 598
4 93
5 535
13 181
8 425
10 465
13 368
676 24
8 378
13 316
8 157
6 669
3 627
637 63
11 248
3 504
5 627
6 384
5 144
7 623
1 28
14 49
8 532
9 307
4 630
2 525
12 412
7 285
11 621
12 356
5 132
9 213
151 62
7 308
7 262
5 265
10 558
343 63
12 236
11 630
14 168
11 166
647 155
613 477
8 598
251 12
698 454
9 641
5 438
4 397
4 483
342 25
8 434
13 30
5 90
2 481
1 678
13 395
13 562
6 451
11 215
5 154
8 57
7 140
10 16
1 284
10 682
13 637
10 307
13 629
10 459
8 687
13 111
9 494
10 223
4 71
1 228
10 506
12 612
5 390
3 634
6 19
100 85
8 95
4 596
3 69
584 355
11 27
3 693
4 590
9 389
11 264
4 204
10 540
2 685
7 75
8 438
5 256
11 40
12 288
8 48
9 49
8 80
6 255
7 417
197 25
1 362
10 364
622 414
10 284
3 584
13 401
4 173
186 53
11 510
3 29
12 254
11 452
13 585
4 439
1 527
8 114
5 363
13 560
2 513
9 63
3 174
36 23
6 322
8 134
201 88
5 631
7 214
11 494
10 507
10 276
5 478
10 282
1 255
10 257
8 236
1 476
11 652
9 487
10 420
10 133
8 537
9 223
10 394
8 237
10 428
12 607
3 36
177 127
10 76
13 418
4 492
7 555
10 612
11 129
5 194
11 386
13 636
11 591
1 354
1 168
4 490
8 228
1 505
10 547
1 685
111 79
10 434
7 150
4 67
3 612
8 457
11 586
2 97
2 365
8 648
9 546
6 116
570 361
2 135
13 48
3 659
10 551
3 250
7 644
2 184
9 7
11 60
8 509
4 595
10 13
5 548
6 608
10 358
496 406
577 164
1 217
410 126
5 52
34 24
488 287
3 578
10 683
11 637
7 89
9 90
7 383
3 511
2 26
11 228
4 480
13 95
7 376
12 508
4 315
7 299
11 100
7 296
4 108
3 126
13 129
3 606
12 492
12 82
3 633
9 187
13 400
313 38
13 501
6 363
11 70
2 104
8 210
525 154
7 595
7 294
10 693
632 583
12 481
7 202
297 49
3 410
2 285
13 214
9 84
12 234
13 431
2 626
6 584
8 318
10 97
1 123
7 20
7 192
362 20
14 167
4 247
5 297
12 313
375 17
2 559
9 563
1 458
8 26
11 414
10 417
1 16
3 520
8 218
10 165
7 124
12 522
8 295
9 142
12 428
11 233
10 240
651 210
4 522
9 171
2 682
10 647
4 546
11 622
1 438
14 24
28 25
13 653
10 618
10 323
11 601
10 215
9 676
1 91
8 307
9 290
3 472
10 464
1 161
3 253
8 226
546 157
7 114
4 494
4 317
12 287
8 145
14 98
6 679
7 337
11 321
9 42
8 62
8 312
13 309
1 46
2 257
12 573
11 157
599 433
1 445
12 587
11 180
1 480
13 681
3 358
1 234
3 505
10 517
3 182
10 499
4 533
1 657
10 674
9 158
12 596
428 212
4 283
459 239
10 344
227 189
1 225
7 691
5 401
12 78
3 389
12 443
13 534
9 37
6 517
4 389
11 564
8 169
5 152
4 156
10 378
13 241
1 301
5 525
10 527
1 496
9 103
11 420
3 357
8 322
7 647
5 379
3 142
1 486
2 221
8 394
8 436
2 653
11 616
4 460
4 331
11 369
7 228
444 314
9 403
12 364
695 112
13 335
2 36
9 532
8 234
12 307
1 48
7 600
9 594
536 357
8 466
5 122
9 243
14 31
9 448
6 326
8 506
2 94
3 554
10 496
460 343
7 155
4 568
281 9
11 646
8 129
110 88
2 667
12 35
2 295
6 46
11 583
3 10
13 74
1 558
9 677
8 651
3 602
6 347
2 325
3 565
6 41
11 18
12 608
1 398
4 21
3 498
13 460
8 290
10 497
5 610
7 70
10 369
9 491
7 164
2 95
2 75
9 674
580 322
139 75
8 143
8 456
14 48
10 182
10 4
11 643
12 110
14 6
8 254
12 72
2 536
9 333
9 44
1 499
8 255
1 33
3 388
1 392
458 379
13 685
2 30
11 552
5 628
2 38
12 218
1 73
4 635
10 328
10 166
13 27
9 50
8 439
8 106
9 300
13 680
1 652
2 435
10 25
6 7
5 48
8 67
477 12
193 19
3 81
10 510
11 542
1 26
1 288
7 610
91 71
9 585
13 371
6 302
12 349
3 424
7 454
2 460
7 671
4 35
4 53
345 208
2 224
5 492
7 272
10 602
8 460
2 62
11 442
6 133
4 310
12 173
3 645
8 260
2 649
13 569
2 495
5 147
5 68
13 201
5 644
5 84
7 76
11 433
6 611
6 677
234 136
11 451
11 254
4 59
14 125
8 342
5 311
4 214
10 634
4 471
11 696
2 124
8 416
4 360
12 403
308 63
12 605
6 295
586 272
2 441
6 570
1 256
6 261
5 445
5 226
10 37
4 234
95 63
7 144
2 318
12 185
11 295
8 691
10 617
7 171
8 72
7 154
8 612
2 578
1 479
2 485
6 120
9 131
6 519
4 262
6 416
2 80
9 288
12 477
5 453
9 252
13 438
7 99
2 197
4 292
3 63
5 18
11 350
12 396
4 347
1 533
9 212
10 418
3 302
11 511
14 100
8 224
4 481
7 664
13 656
5 346
532 37
6 470
1 230
11 15
9 509
6 238
7 586
2 625
2 375
3 454
3 38
369 115
7 194
8 487
8 133
12 228
1 110
9 582
2 136
8 256
5 655
2 475
1 202
12 470
10 79
5 645
400 164
14 139
7 93
13 303
10 303
255 144
6 431
8 689
5 393
6 202
12 187
8 148
9 562
9 301
3 361
11 579
12 99
2 363
7 289
2 229
1 507
10 3
11 595
7 199
8 109
11 423
642 519
7 557
7 628
12 53
4 524
11 46
5 82
6 560
1 593
12 583
5 596
2 158
1 209
6 681
2 637
12 405
6 444
11 122
13 93
3 152
5 555
8 79
11 95
6 672
7 698
10 1
6 253
3 316
9 521
2 555
7 392
6 23
609 285
12 19
12 128
3 631
7 680
1 669
474 391
5 304
10 609
4 587
9 645
11 287
2 195
13 293
7 352
12 260
7 300
4 609
13 12
5 159
10 49
8 633
14 172
9 427
11 220
8 184
13 686
7 452
11 519
1 318
13 141
4 249
7 238
4 229
6 47
7 649
12 41
13 482
6 321
8 403
7 619
6 265
12 542
7 409
2 695
9 270
8 161
5 496
5 603
638 323
8 646
8 641
2 684
8 232
1 40
1 131
12 472
7 396
10 415
9 352
13 387
13 518
5 658
8 492
6 119
9 210
11 498
4 284
7 443
8 46
13 3
12 62
8 603
10 383
8 696
569 378
8 261
9 286
5 383
12 108
5 73
2 394
14 84
2 532
3 625
6 448
4 254
9 332
9 569
10 39
7 142
10 570
539 147
8 350
3 219
11 211
5 654
7 335
7 339
6 402
3 451
13 109
11 535
8 575
5 601
7 369
8 490
5 135
13 358
13 328
6 233
11 393
4 520
1 287
2 504
6 64
1 374
391 314
10 353
11 351
3 183
5 532
2 100
611 115
12 69
7 139
5 185
14 161
7 406
8 609
10 35
12 261
9 157
2 353
1 627
5 151
4 550
2 610
9 144
7 397
3 40
14 118
5 272
4 544
1 606
7 570
5 348
9 235
3 386
9 639
8 462
4 472
12 13
9 637
1 167
12 60
3 94
13 279
9 23
13 617
520 51
2 215
1 270
3 179
10 684
1 503
3 369
2 442
2 517
7 476
8 105
9 452
8 467
10 638
13 196
2 54
12 478
12 488
4 501
12 21
12 296
9 38
13 221
6 422
13 326
7 279
6 642
1 624
9 141
2 207
8 43
9 86
2 693
4 438
7 564
2 67
450 22
6 655
13 572
5 243
1 76
102 64
2 548
10 157
4 461
10 544
6 365
7 504
113 54
5 556
331 112
1 600
10 252
9 233
13 281
9 177
9 665
3 274
10 467
4 130
1 419
672 113
1 582
649 306
2 528
13 551
10 319
8 513
4 545
10 371
10 466
634 362
3 203
6 686
4 559
4 459
8 497
12 375
2 44
4 316
2 418
669 218
7 237
10 458
12 521
294 93
7 501
7 611
4 652
9 524
1 205
6 342
3 356
12 122
8 289
11 418
11 216
7 333
12 233
3 170
12 487
2 211
6 65
13 468
449 58
107 87
11 292
6 21
9 577
14 71
11 186
2 678
4 228
2 249
4 375
1 71
13 661
7 676
11 558
2 499
4 500
679 364
10 546
1 674
2 519
4 457
10 326
12 647
2 636
1 391
12 25
12 273
6 497
10 156
6 323
13 71
9 80
8 207
10 249
2 266
9 39
8 562
6 367
2 278
4 417
13 251
1 382
13 449
6 607
13 417
11 300
12 584
5 248
11 430
1 658
8 91
3 51
6 70
13 505
119 22
4 29
14 20
9 607
3 120
9 559
9 475
3 212
9 515
9 196
4 25
1 77
4 391
6 292
4 324
176 18
10 147
7 495
426 336
1 403
11 669
9 644
12 496
269 202
10 311
10 24
9 592
11 307
12 22
1 668
10 557
5 366
13 314
11 158
6 472
2 594
6 631
14 9
10 686
13 153
10 178
6 220
13 647
3 568
641 175
10 224
3 290
2 515
8 448
7 666
10 298
9 672
3 129
5 339
11 581
13 79
7 34
14 76
211 162
11 127
2 371
2 531
13 210
3 603
12 171
4 495
12 323
5 590
13 553
11 258
1 684
9 258
6 438
1 195
11 610
3 684
6 550
182 85
1 232
7 143
5 6
11 574
6 565
3 586
11 208
5 263
8 519
8 525
11 88
10 667
10 377
6 123
10 443
3 55
9 360
4 458
4 106
7 606
5 343
8 316
8 229
7 102
356 156
13 621
334 52
12 320
6 415
11 222
3 611
1 497
8 363
2 216
3 616
12 688
447 35
8 61
9 145
5 365
8 50
3 409
8 180
1 180
12 10
13 216
5 106
8 545
9 409
4 387
12 574
5 221
1 525
4 639
3 283
4 437
5 622
4 660
3 117
3 137
13 510
5 313
3 76
147 105
2 46
7 61
3 121
2 225
6 352
5 576
12 134
3 335
203 175
12 3
8 241
11 548
146 89
7 160
10 119
9 46
1 612
7 561
3 480
13 662
6 44
6 340
6 542
9 163
6 40
7 68
11 225
5 621
4 193
10 300
3 211
2 348
11 57
592 6
6 284
6 267
1 148
10 462
7 351
2 630
190 58
1 185
3 673
12 304
9 567
3 134
5 23
5 284
11 251
4 608
3 75
10 456
7 258
10 128
8 89
10 107
4 617
516 270
5 306
6 457
8 360
296 9
13 20
9 606
2 512
11 383
12 210
560 111
5 359
6 468
8 375
8 471
3 178
9 349
12 120
11 409
9 541
5 99
1 246
5 648
12 698
3 428
4 243
9 533
8 320
12 36
14 72
4 351
5 33
5 547
10 14
12 223
9 404
3 225
6 331
80 37
5 228
10 130
4 330
12 668
443 113
12 415
2 584
5 25
8 502
13 668
10 58
11 236
3 11
5 80
9 454
7 581
5 630
11 505
510 131
8 83
11 41
9 599
10 202
11 673
8 230
5 271
12 55
4 145
9 164
1 182
2 354
8 13
13 117
13 72
8 668
10 136
6 143
6 638
13 683
2 568
10 192
9 613
1 672
6 569
557 480
6 213
11 401
6 654
5 209
13 440
9 10
2 92
6 616
415 220
1 56
7 696
12 475
5 691
1 649
5 119
10 524
4 627
5 355
3 224
3 306
1 504
5 81
12 626
1 322
11 212
11 502
13 50
10 73
12 212
9 345
9 128
8 19
6 237
1 45
437 246
11 533
6 386
3 314
2 502
4 377
1 274
9 467
1 158
7 56
1 562
8 204
10 98
2 648
9 179
3 305
5 367
12 594
1 554
1 308
11 454
4 168
540 340
13 437
9 375
13 114
2 262
12 221
7 524
12 567
10 162
9 534
6 74
11 199
120 21
12 57
155 79
5 337
13 353
12 591
9 289
9 269
6 373
5 599
7 26
2 527
1 643
2 126
9 396
6 334
7 176
11 453
13 226
5 50
339 257
4 419
3 566
4 657
4 656
6 427
7 52
12 376
4 166
11 190
4 118
3 523
1 410
1 27
9 530
6 320
11 39
12 423
11 402
5 414
10 689
4 12
1 115
13 514
8 186
12 418
13 612
10 522
6 403
1 289
2 42
9 334
4 85
2 267
11 666
8 619
8 125
1 42
10 48
179 7
6 693
2 177
13 10
559 360
247 79
11 422
6 204
6 491
7 456
9 571
14 171
13 570
10 555
10 270
9 297
9 439
12 126
5 30
13 687
7 678
12 161
3 103
629 529
1 339
3 557
12 297
13 393
11 111
10 99
2 357
10 222
9 339
11 32
4 468
6 18
6 115
373 85
1 661
7 511
1 260
12 672
6 665
6 505
2 227
2 439
11 306
6 615
11 312
9 155
13 554
529 256
7 642
2 592
5 674
1 75
1 484
5 277
11 245
5 141
14 41
12 503
3 164
115 101
4 186
12 309
4 190
5 187
4 675
2 273
1 159
14 23
5 44
99 77
6 458
10 291
11 376
8 587
9 459
2 166
9 434
8 194
3 251
1 184
8 336
191 97
5 7
6 530
11 684
3 205
4 467
9 329
3 629
12 355
7 340
10 208
3 247
1 50
8 411
14 17
11 466
14 117
344 1
12 419
13 329
4 349
12 502
9 490
13 558
10 314
13 404
644 213
13 566
6 515
2 627
4 433
3 153
8 536
12 427
8 97
9 596
13 524
7 151
10 135
5 400
7 403
2 484
1 360
13 582
692 340
11 528
4 618
3 666
10 343
7 328
3 648
4 242
8 534
11 140
9 337
6 95
1 529
8 481
6 257
13 381
6 428
600 98
11 17
79 24
2 671
10 442
8 671
9 675
8 177
10 595
8 401
1 241
7 567
7 225
12 645
8 158
588 288
10 463
2 634
4 294
8 345
10 29
4 612
11 25
12 379
4 561
3 83
12 104
2 586
219 33
5 254
8 10
11 319
2 396
9 565
4 252
7 132
4 696
10 88
4 607
4 610
5 513
12 278
5 246
4 3
12 433
8 568
4 276
6 541
8 51
10 628
5 677
11 289
10 413
13 334
13 135
1 229
3 82
13 223
86 74
2 110
1 632
12 566
12 195
12 655
393 208
3 610
5 21
8 217
7 528
9 379
10 694
10 173
3 617
2 581
6 103
10 596
3 660
1 633
2 73
7 205
3 135
13 517
3 263
12 534
6 312
13 659
302 203
6 474
3 417
5 205
13 312
10 295
220 175
11 262
2 521
5 197
2 43
7 366
6 99
8 160
7 292
11 224
5 235
5 26
1 177
7 246
12 65
2 576
13 578
8 14
3 322
178 149
9 343
13 421
13 31
7 466
3 517
10 412
11 94
9 238
6 586
7 64
4 133
12 74
4 441
11 385
6 94
555 155
1 352
7 277
448 365
3 138
7 522
4 583
13 96
5 72
11 246
3 395
13 166
6 358
9 184
2 274
9 512
1 103
9 624
4 512
4 509
11 98
12 29
11 432
9 261
6 319
11 434
7 639
13 194
2 34
2 321
13 509
13 267
9 398
9 686
290 283
6 285
11 495
10 360
487 354
2 360
2 340
10 217
4 23
11 464
8 459
8 692
13 530
13 242
12 71
6 11
1 60
13 126
8 326
11 367
11 260
13 268
13 351
13 601
13 325
13 490
2 664
6 125
3 223
9 208
2 280
13 257
4 658
12 654
12 118
5 85
5 183
10 665
5 404
5 34
13 16
12 80
10 348
10 238
9 528
9 109
9 566
1 261
6 443
11 128
8 144
3 57
6 52
9 388
4 540
9 303
11 688
5 685
5 212
8 265
6 477
3 469
1 549
5 604
10 626
226 136
3 259
6 317
2 425
7 253
2 253
3 242
7 323
6 142
11 19
2 293
4 557
2 384
5 430
7 520
11 154
13 571
9 328
4 591
8 405
6 637
4 357
5 682
13 128
6 688
7 32
3 456
1 203
5 42
2 341
8 103
7 429
7 242
6 137
8 548
2 672
1 61
3 378
2 49
12 58
6 251
8 361
3 21
4 62
11 347
2 337
688 461
5 290
3 607
6 49
5 643
7 293
9 480
8 451
11 358
9 440
3 573
2 52
13 324
3 165
13 138
3 48
13 515
8 531
11 617
11 514
13 211
10 475
13 632
11 661
13 81
4 163
678 391
4 530
9 446
9 581
6 231
11 665
7 551
11 103
7 407
3 124
5 162
667 344
10 351
9 525
224 120
4 175
2 452
8 66
1 402
392 116
361 6
9 245
7 583
1 444
5 230
13 175
4 223
12 650
10 481
157 83
12 346
10 189
3 676
12 48
10 385
4 34
8 286
6 333
5 69
8 637
235 169
5 94
7 136
530 221
2 254
10 23
12 164
4 233
2 345
7 5
1 306
1 628
3 528
1 220
7 286
4 399
7 580
1 165
12 363
13 290
1 465
1 285
5 247
13 484
7 27
13 412
2 185
13 200
2 388
9 517
4 482
6 430
8 496
11 439
5 418
12 207
12 208
11 193
7 195
10 233
2 236
9 429
3 235
3 119
6 437
10 636
5 444
1 340
4 320
6 604
12 541
7 14
2 276
3 244
13 429
8 406
12 582
14 45
10 210
4 165
4 558
13 606
12 430
3 207
225 136
1 535
13 87
5 678
5 690
12 46
12 299
44 29
3 407
3 280
7 318
3 364
6 566
3 618
10 219
11 429
11 403
3 266
6 397
7 206
3 653
4 345
10 676
4 446
14 29
3 601
3 86
10 61
1 619
122 4
13 88
13 552
12 569
12 160
13 164
1 293
7 267
13 513
9 501
2 294
14 51
5 420
6 170
299 187
602 476
11 658
5 268
10 552
7 597
11 133
10 62
10 322
14 42
4 58
7 104
11 35
10 425
1 665
7 358
1 63
10 698
7 31
12 192
2 103
616 524
5 493
544 322
13 610
13 37
2 324
5 74
1 125
1 149
9 70
7 175
13 320
2 212
8 558
12 238
3 243
3 651
3 221
10 45
7 169
8 632
4 453
3 522
1 568
7 535
11 36
12 337
1 490
7 177
5 686
9 558
9 523
5 62
359 146
7 634
3 564
6 492
6 146
8 450
4 575
9 437
6 466
9 618
249 6
14 2
4 191
4 60
11 101
11 170
4 176
2 496
5 487
6 600
319 11
11 8
13 342
11 302
5 435
6 409
10 503
11 84
12 27
5 307
14 146
10 450
10 32
13 315
8 660
8 432
683 661
8 24
13 689
4 164
10 423
2 516
11 426
11 209
3 303
8 593
7 446
682 533
8 9
1 631
7 166
9 611
4 416
1 682
2 78
8 209
11 618
3 131
9 285
9 220
2 342
11 58
8 635
10 391
6 433
11 682
7 291
9 239
12 139
5 31
9 97
5 186
6 461
554 108
1 578
13 234
7 361
12 495
6 522
10 327
8 170
512 432
2 12
5 278
9 435
2 27
7 574
553 236
4 476
12 148
10 153
4 180
57 3
14 128
4 328
1 192
10 432
13 405
6 493
3 363
526 295
3 445
612 208
7 475
414 346
2 543
3 371
4 248
12 189
1 214
10 616
3 647
8 649
10 242
9 78
10 56
2 208
4 503
12 8
6 410
11 125
10 212
8 76
2 580
5 59
5 320
8 561
5 458
3 375
8 132
3 687
6 101
228 206
2 32
6 110
5 118
5 319
2 593
578 155
13 155
7 677
5 584
9 673
2 604
2 643
11 470
3 470
2 199
12 206
11 524
1 266
2 573
11 608
12 144
12 562
6 659
697 395
1 79
2 56
8 601
7 112
10 392
5 472
2 79
1 675
6 349
11 234
11 65
4 329
8 597
7 428
8 393
12 523
13 678
6 476
12 644
3 457
9 3
4 148
5 410
7 276
1 338
4 117
4 167
7 390
11 483
9 279
8 37
1 659
11 121
2 53
7 631
8 250
1 463
1 537
6 533
13 618
5 360
9 169
11 185
7 347
13 258
9 174
5 101
9 327
10 334
12 286
7 126
11 204
2 603
12 455
9 16
10 232
9 198
9 392
13 344
12 292
13 182
4 539
8 576
6 264
9 380
7 670
12 600
12 667
7 310
11 303
5 207
8 257
6 240
9 416
5 506
3 576
10 516
3 41
2 68
13 467
12 26
7 411
12 520
10 366
4 289
13 169
2 492
10 277
3 373
11 384
11 597
9 340
8 346
10 508
5 485
12 227
4 325
11 335
8 321
7 483
6 185
518 184
10 639
5 372
12 525
4 49
306 245
13 191
12 586
3 307
3 8
8 356
585 197
11 553
2 151
12 359
14 163
8 120
8 645
13 633
2 510
10 438
566 241
3 615
7 353
4 449
14 107
11 112
9 545
8 288
5 683
3 313
3 222
10 666
4 486
3 477
10 174
6 108
3 643
9 367
3 382
2 181
5 211
13 65
12 437
2 423
13 376
5 117
13 5
2 347
7 382
13 137
3 333
5 619
6 524
4 296
10 213
9 650
8 626
8 628
5 264
6 68
9 410
11 119
8 49
5 298
1 13
1 651
10 7
5 153
9 143
13 336
10 118
12 222
10 363
5 516
7 123
14 15
9 13
2 444
11 642
2 598
3 45
9 381
11 554
223 59
7 630
11 363
9 353
6 453
8 517
8 518
5 606
13 254
11 474
13 217
3 32
11 355
5 325
4 286
7 357
10 345
4 87
231 90
10 112
5 330
10 283
12 354
11 582
10 632
5 345
7 470
499 72
5 381
307 286
1 132
11 52
646 160
13 162
9 326
7 158
8 574
402 66
7 189
13 374
7 393
10 571
6 161
2 430
13 544
3 582
130 98
1 38
1 231
1 380
12 141
12 366
4 362
4 134
4 94
13 382
10 400
2 514
1 88
7 79
1 666
8 191
5 108
4 488
5 408
3 519
7 539
8 277
12 37
6 165
3 226
3 14
3 408
9 154
408 372
2 629
6 121
12 256
12 275
7 529
383 372
562 177
11 627
2 320
12 348
5 350
10 601
7 499
6 483
8 639
8 422
4 594
4 686
4 470
12 609
9 96
10 515
9 318
7 250
6 625
1 523
12 565
12 182
7 608
3 136
5 482
11 450
6 539
11 473
8 334
11 531
1 143
2 240
4 566
3 431
8 476
8 588
2 304
10 158
1 615
6 436
1 390
13 105
1 121
7 270
9 200
4 13
184 60
13 177
8 669
3 195
10 226
14 120
10 305
6 513
9 573
9 441
465 333
11 404
5 286
6 543
4 97
12 327
3 344
13 184
11 463
6 291
8 323
11 252
433 369
1 432
14 18
9 280
3 596
3 697
12 193
607 203
11 521
7 43
11 333
6 413
2 334
4 662
10 659
10 176
2 473
2 272
5 573
266 93
6 634
4 244
4 414
7 174
10 672
6 475
2 346
3 42
2 656
5 257
6 512
6 212
12 347
1 181
1 80
8 315
7 264
10 57
7 301
6 552
1 597
10 375
7 265
10 629
5 455
13 84
6 87
9 684
1 540
12 23
4 269
7 604
12 543
485 100
12 219
6 34
2 21
9 399
6 629
9 584
3 187
4 410
8 421
8 146
2 563
7 367
9 608
13 446
7 334
10 231
6 605
8 185
3 80
2 398
572 77
9 234
12 397
9 185
15 5
13 593
608 77
13 506
527 157
3 28
7 405
9 262
8 55
9 590
1 342
1 315
12 636
8 556
9 387
3 91
3 288
6 15
8 70
13 28
114 47
5 236
3 232
11 406
9 1
8 328
246 73
1 614
3 608
4 565
4 547
3 133
14 27
11 491
4 448
13 132
3 463
10 246
13 232
3 657
13 620
2 632
13 649
14 8
6 344
8 420
9 83
5 176
11 424
1 206
5 540
9 627
8 284
8 500
8 565
11 346
10 565
4 38
12 163
2 66
13 151
13 156
363 34
12 442
4 386
8 392
10 336
9 308
12 635
7 695
2 362
6 588
6 496
9 564
8 203
5 583
9 662
116 73
1 346
1 242
8 275
3 176
5 261
7 42
7 490
12 302
233 57
9 201
10 312
6 71
399 160
500 246
10 405
10 603
13 626
7 216
1 477
5 609
9 206
8 544
12 333
2 437
8 319
324 177
12 577
1 179
12 176
11 536
5 103
5 384
6 29
8 617
7 589
14 156
4 402
1 31
12 392
8 470
3 604
690 114
7 145
2 302
5 570
11 413
11 256
2 474
8 625
11 270
13 202
8 493
3 123
14 66
5 488
9 488
13 372
514 419
441 302
470 283
183 73
8 353
1 2
12 407
9 260
5 600
10 95
5 424
3 559
5 20
6 154
2 72
40 32
10 532
5 681
6 72
4 571
341 188
13 688
12 153
472 311
1 329
10 53
5 109
5 461
13 644
4 465
6 652
6 532
14 106
7 461
9 48
13 411
7 688
1 551
11 37
12 618
3 441
12 420
3 588
5 629
6 197
7 420
4 56
4 339
5 39
10 266
6 551
13 150
2 121
7 63
1 541
5 192
8 384
2 595
3 355
2 112
645 192
498 209
1 613
14 21
73 36
3 362
7 62
7 113
10 146
6 441
1 455
10 690
617 30
9 495
5 98
7 660
1 189
10 200
4 45
7 255
1 136
1 54
3 99
439 343
6 223
5 97
5 12
1 530
14 157
3 229
12 374
5 474
13 170
8 3
9 266
3 15
6 28
6 371
10 187
9 129
11 354
8 535
8 112
1 174
9 67
11 64
8 677
5 439
5 237
14 150
4 297
11 145
8 572
5 388
4 576
2 329
12 575
11 297
10 63
9 319
618 247
13 540
4 432
7 515
9 366
12 593
10 511
10 8
2 489
5 49
11 551
6 390
12 270
5 71
4 589
194 110
1 41
12 424
2 23
7 60
3 581
13 64
13 219
3 194
12 318
10 42
11 455
2 142
7 620
11 508
39 15
85 33
13 115
12 690
10 68
13 527
10 660
8 586
11 398
7 103
8 676
12 409
52 20
7 384
3 675
6 546
10 317
10 22
7 344
8 25
7 365
7 159
9 87
8 16
630 99
2 10
5 70
2 161
2 434
4 271
1 93
13 272
11 90
3 168
10 670
3 65
7 563
3 405
4 623
1 164
8 452
2 508
10 290
12 293
1 99
2 291
5 454
12 559
3 23
13 419
330 23
5 460
1 446
3 459
1 273
9 130
5 318
2 261
7 395
1 277
6 225
78 12
298 146
6 234
10 398
192 129
13 245
1 294
13 614
4 343
1 367
5 413
13 18
4 211
3 548
10 483
3 286
30 9
2 137
3 342
1 64
581 16
2 213
8 415
13 40
11 308
9 619
129 96
8 580
10 27
10 151
7 345
12 131
11 198
94 38
8 657
9 302
12 112
1 470
5 249
12 679
7 487
7 663
9 489
166 120
11 636
2 70
4 640
10 513
7 579
12 317
14 160
7 465
14 94
5 140
534 8
664 368
9 153
3 590
7 682
10 655
7 437
3 191
8 382
4 287
26 18
7 514
12 76
11 137
625 562
4 199
548 455
9 445
14 60
385 155
2 307
1 414
6 401
8 454
8 216
6 248
8 658
1 15
11 697
1 96
272 112
5 170
587 97
5 13
7 605
5 656
8 88
10 404
6 555
13 192
9 492
14 155
5 273
12 581
4 266
5 593
1 98
9 112
3 108
3 518
13 479
9 519
6 478
10 658
6 351
8 380
9 622
13 35
9 661
1 233
8 117
4 551
13 580
8 681
652 526
5 431
1 454
3 663
4 379
11 91
1 356
12 422
9 60
4 92
4 200
264 211
4 552
5 688
9 698
2 403
14 75
9 595
1 451
1 309
4 161
5 128
6 232
6 527
11 317
4 519
8 262
6 88
13 414
367 248
13 69
5 411
11 188
12 90
1 296
12 666
12 671
2 696
9 224
6 221
13 252
9 275
9 346
10 488
8 222
4 267
10 350
6 523
1 92
5 22
3 471
4 322
10 191
11 648
11 655
5 665
4 672
8 559
11 293
12 617
4 174
12 45
98 26
3 396
10 113
11 509
3 144
10 203
3 447
1 155
3 248
7 45
1 598
583 516
4 28
217 7
12 429
12 257
9 516
13 660
5 646
6 263
4 370
7 4
14 164
8 673
12 473
6 432
6 124
12 532
2 529
3 426
13 91
4 238
1 305
138 133
1 364
3 402
1 335
7 413
1 555
11 173
13 581
2 9
9 183
4 649
2 8
333 205
4 81
5 572
10 393
3 130
6 454
1 495
8 206
6 177
6 268
10 433
13 665
11 444
9 610
2 552
9 54
12 410
13 33
2 55
3 46
6 189
12 530
6 252
3 688
7 330
7 497
11 9
6 692
8 410
6 9
12 452
8 274
12 649
10 115
505 293
13 638
9 555
3 181
4 584
12 311
4 246
5 174
5 76
1 113
8 242
11 599
6 43
5 589
4 381
6 336
12 324
13 296
3 227
10 244
5 503
1 52
3 267
6 330
5 511
3 672
12 642
2 409
4 41
5 28
5 245
13 563
14 95
8 272
9 615
9 683
2 520
10 356
8 357
11 82
8 430
5 262
8 296
14 67
3 599
13 495
8 71
4 222
13 625
8 151
3 690
6 592
2 688
504 382
4 15
9 632
8 327
14 39
278 247
3 20
121 52
3 485
2 349
9 71
3 488
1 257
10 368
13 337
10 373
12 554
4 169
10 6
13 508
9 461
12 114
9 457
12 378
5 446
1 291
9 483
6 482
10 376
10 384
11 407
14 147
9 123
2 373
10 159
12 469
1 118
5 291
3 158
325 190
4 534
10 184
7 197
2 379
4 384
3 60
8 155
590 198
2 389
4 600
431 376
11 378
11 332
10 83
5 242
4 338
6 141
5 267
340 65
6 601
5 382
8 190
423 381
7 607
4 198
8 335
12 237
7 18
7 442
6 38
7 645
12 461
6 632
4 484
10 539
7 290
2 412
7 129
2 657
9 659
6 93
1 57
5 539
6 182
5 651
10 509
5 632
8 505
8 221
614 78
10 271
11 217
5 657
1 58
3 423
8 523
10 117
3 19
7 609
7 135
2 464
13 648
1 679
7 697
13 477
5 673
11 623
2 314
13 408
4 241
6 77
11 364
292 173
12 276
6 508
13 565
4 313
1 586
2 673
13 269
13 206
199 154
332 331
10 469
3 678
5 292
11 83
8 28
6 404
2 328
5 129
13 283
12 545
490 406
311 249
10 563
374 334
7 201
2 206
635 13
5 37
9 27
10 687
13 167
10 67
6 683
13 529
4 684
5 171
4 508
11 427
5 126
10 504
13 363
3 458
7 453
11 6
2 81
8 396
7 234
7 84
4 336
9 15
9 643
7 667
11 457
12 629
3 330
2 198
4 1
4 444
1 696
661 229
5 633
14 136
12 204
10 103
13 500
3 236
9 122
13 410
2 692
1 547
12 119
14 1
29 16
8 12
3 106
13 218
14 103
13 94
3 370
323 84
7 263
8 469
13 519
547 227
9 451
3 543
10 199
14 50
8 77
14 46
9 53
4 113
9 406
1 566
4 553
6 215
5 510
4 82
8 199
3 591
11 201
6 39
11 196
12 105
4 47
11 634
5 79
5 338
7 665
1 663
1 199
8 131
3 533
1 588
6 675
5 450
12 229
12 226
7 111
5 206
2 178
8 618
9 587
1 415
1 349
10 293
10 301
9 463
7 278
4 424
12 272
10 5
11 339
12 509
5 638
14 25
12 180
12 696
12 281
10 422
2 60
1 302
11 679
2 608
604 397
9 472
4 76
1 236
10 339
3 525
10 288
8 407
4 493
10 548
9 575
4 398
11 105
353 106
6 184
7 305
2 58
77 30
1 283
658 110
13 394
5 650
4 295
4 101
9 88
13 384
9 256
7 57
1 673
5 396
8 365
11 484
13 51
10 521
9 159
2 22
8 107
11 447
11 638
3 268
6 696
13 99
10 148
11 50
10 630
6 369
4 369
13 646
59 18
5 698
6 270
7 208
1 187
10 84
13 496
8 325
13 163
1 8
1 461
2 40
4 7
13 427
1 347
12 124
7 309
5 585
7 78
8 349
7 673
9 81
7 97
14 148
13 556
10 123
6 109
3 501
9 420
5 155
6 194
3 685
10 260
6 658
4 17
9 309
2 153
5 113
4 89
12 350
11 477
4 46
5 9
1 592
10 457
11 500
13 451
5 280
2 488
12 107
11 694
11 480
491 33
5 88
2 654
10 382
2 385
1 447
11 566
6 45
13 178
13 457
1 3
8 248
162 109
5 47
9 17
10 381
7 343
9 24
10 478
8 101
8 643
5 626
2 633
11 195
4 290
4 676
12 73
3 156
1 321
9 422
5 150
1 81
5 553
11 298
2 351
466 410
9 79
12 266
4 124
1 443
3 88
10 248
8 38
5 199
12 117
14 162
2 336
3 442
3 146
8 613
221 141
10 12
12 467
13 231
7 513
1 223
9 216
8 683
13 297
11 280
407 229
13 511
10 40
12 453
11 34
5 375
4 641
1 510
9 362
4 669
7 247
12 578
5 157
2 238
2 383
10 101
2 300
482 19
9 411
8 208
3 524
1 357
9 222
6 211
12 84
11 175
260 15
9 186
10 152
13 538
8 563
1 671
9 529
1 97
6 288
6 325
4 515
12 678
13 522
14 4
240 8
2 505
10 92
7 410
7 118
7 590
6 300
12 466
8 429
4 409
11 85
7 316
6 56
10 651
10 403
2 102
7 596
3 542
6 355
1 69
12 33
6 370
12 202
10 454
10 654
7 509
6 151
7 261
2 611
1 212
5 333
7 537
8 343
2 405
10 50
9 477
551 123
6 346
12 93
2 612
10 545
12 184
13 204
13 641
9 136
7 653
2 269
6 59
502 244
6 395
3 641
14 127
11 635
7 37
3 324
5 296
8 379
7 58
4 154
142 62
181 163
3 646
4 215
1 369
6 596
3 521
1 698
4 434
288 153
13 679
12 463
12 372
8 352
4 363
11 438
2 209
2 200
8 175
2 438
4 651
3 260
12 113
11 381
7 116
6 306
4 19
10 267
11 172
5 347
13 104
11 593
7 477
4 396
6 528
9 30
1 83
4 548
4 278
6 455
5 480
5 368
9 278
7 552
13 674
1 348
10 663
11 392
7 107
11 587
12 597
64 47
3 12
10 279
10 241
2 638
7 90
1 193
12 669
9 180
5 586
11 410
9 553
5 484
517 276
14 133
7 643
13 600
10 477
8 624
14 77
13 476
83 12
10 272
660 389
13 42
1 89
7 625
8 156
6 98
5 309
5 295
1 237
6 156
1 573
7 449
663 412
2 286
8 285
11 30
7 80
12 279
3 577
6 8
1 215
12 282
4 692
9 382
10 562
13 398
6 554
4 24
2 233
2 241
5 334
13 364
7 457
4 529
2 313
2 214
9 272
12 290
13 526
11 525
3 638
7 571
4 257
1 332
2 431
11 412
257 37
70 43
6 540
13 392
6 434
8 297
9 18
10 294
9 219
11 1
9 697
5 578
13 157
2 436
12 64
8 554
5 40
3 66
3 549
2 173
10 183
10 250
13 203
3 252
6 657
1 254
10 586
4 141
473 109
12 539
10 338
13 149
12 2
5 356
11 126
12 494
7 240
6 324
4 667
4 601
7 592
4 688
5 208
3 490
3 413
11 649
3 26
12 497
8 310
10 186
5 282
12 425
4 128
1 534
8 600
3 621
10 641
9 660
12 369
2 596
336 219
12 295
11 263
5 469
11 79
6 318
11 214
5 521
12 133
8 666
9 195
2 169
6 198
8 330
9 402
422 204
1 160
2 131
14 149
10 138
14 59
232 145
7 213
2 659
6 152
12 628
467 377
4 603
4 616
11 471
10 471
1 548
1 307
12 220
495 85
3 185
8 585
13 627
12 550
12 674
5 322
6 66
2 109
9 633
5 560
1 508
7 507
4 137
12 515
13 380
2 428
9 603
11 156
381 333
90 66
12 30
11 330
9 68
12 127
12 241
5 694
5 692
10 460
12 641
305 198
7 459
2 192
5 332
1 630
7 575
9 449
1 590
12 491
3 592
8 32
1 542
2 191
8 63
12 657
4 420
9 56
12 258
9 341
7 23
6 392
9 469
9 679
4 102
8 686
3 390
1 317
279 111
6 92
4 121
3 27
8 73
3 600
12 4
13 654
5 675
9 550
14 135
10 386
9 2
3 534
8 196
1 605
13 59
9 518
9 64
9 178
5 303
8 629
11 267
2 7
12 456
10 414
11 178
480 13
2 204
9 444
5 494
11 606
11 207
11 387
8 663
11 475
9 502
3 640
3 589
13 300
10 424
13 667
3 540
9 383
5 180
5 58
8 515
13 676
13 225
3 674
9 678
12 411
10 70
4 26
13 507
2 287
10 389
3 193
207 135
2 366
9 218
13 243
4 151
10 597
2 500
3 671
8 211
2 448
7 408
14 54
8 167
2 1
10 437
6 398
12 454
11 400
3 116
14 40
4 634
3 654
1 355
10 143
3 215
1 150
12 259
2 560
11 240
2 258
6 83
11 396
9 281
11 612
5 448
3 502
6 558
1 290
6 162
10 108
12 165
1 17
6 24
11 227
4 90
6 172
10 685
6 364
149 115
2 572
6 425
10 581
1 176
11 671
12 689
4 666
2 15
11 281
8 251
112 11
10 554
6 582
13 423
5 198
8 182
3 304
9 22
4 665
7 11
12 336
2 149
5 512
10 491
3 394
1 111
13 215
10 439
11 150
10 607
2 159
4 205
1 366
7 204
349 330
6 504
7 510
12 362
7 372
4 469
7 638
13 389
5 229
9 125
1 359
6 293
2 623
3 637
13 330
10 308
10 324
12 627
4 516
10 228
13 542
9 336
9 232
1 513
14 34
6 499
5 164
3 379
7 147
125 73
9 667
7 559
11 588
2 377
13 499
8 44
8 402
7 492
8 273
13 280
6 648
7 473
6 661
5 24
12 15
2 651
12 658
7 161
10 631
12 677
1 545
398 354
13 85
7 271
12 383
13 183
574 550
13 239
13 356
11 42
7 440
10 644
12 121
13 131
2 356
3 636
317 41
12 6
1 327
13 327
8 424
8 468
3 197
8 281
6 114
9 438
1 381
5 89
12 54
2 170
9 658
8 205
12 310
2 275
14 52
10 85
7 224
3 450
9 148
12 367
11 405
8 313
7 312
10 313
9 668
9 526
7 22
5 497
4 388
1 585
420 193
4 115
173 45
11 210
11 633
9 118
3 166
213 172
12 603
8 278
11 114
2 411
9 693
8 391
3 468
9 601
6 456
6 689
6 63
10 274
12 49
8 538
9 350
6 447
5 514
2 660
13 539
2 674
8 225
13 43
10 111
3 234
9 471
3 372
5 660
7 556
3 683
8 137
1 224
7 203
6 473
3 90
6 411
8 413
6 31
3 9
2 364
4 184
3 150
11 138
11 667
3 366
8 483
3 436
12 538
413 286
10 357
4 251
8 60
9 443
11 325
6 377
10 606
684 544
12 314
4 440
3 64
4 555
6 167
5 608
5 397
6 463
1 147
6 308
2 429
12 150
11 118
6 622
13 497
1 439
4 645
1 395
1 162
358 103
1 406
6 372
2 370
5 605
2 120
4 308
2 270
6 503
6 643
11 272
8 1
4 187
13 672
1 693
13 67
8 533
3 467
4 412
486 268
9 458
12 447
575 222
9 315
9 370
4 445
7 616
10 390
1 74
1 101
3 550
5 550
10 263
3 401
7 200
12 590
7 232
222 163
12 588
1 498
3 327
3 404
3 691
12 143
10 410
12 66
5 370
7 480
12 267
3 202
8 364
1 680
3 492
14 166
7 119
4 435
3 300
9 11
11 478
8 581
13 32
2 583
10 559
1 481
6 277
11 693
4 122
453 55
8 283
13 304
2 417
12 274
6 33
11 681
10 487
267 162
6 140
10 505
2 339
5 241
4 535
7 88
11 286
10 302
12 264
6 576
6 680
8 566
1 344
4 653
13 465
4 157
12 132
5 466
12 342
13 403
6 387
8 174
12 205
3 35
12 548
6 105
5 527
3 255
4 51
1 449
8 54
670 51
2 165
6 241
10 77
11 596
8 602
12 52
564 500
6 310
5 83
69 2
9 127
10 46
6 149
11 115
3 354
13 160
6 531
7 547
10 461
4 100
13 259
406 59
2 85
10 114
7 471
4 77
4 367
11 69
9 273
14 151
8 664
6 509
6 280
1 689
3 85
12 643
13 291
11 543
4 288
8 163
6 460
8 552
1 516
14 5
7 8
8 417
9 482
2 117
13 188
5 276
2 467
6 662
12 101
9 450
3 422
12 504
2 255
2 17
3 624
12 599
7 223
5 422
1 464
2 188
12 512
3 381
6 575
1 345
1 425
8 258
8 340
10 194
628 255
12 179
3 214
9 579
3 670
10 31
132 31
215 97
5 618
2 569
2 677
461 18
7 368
3 545
6 16
4 2
10 677
4 637
7 48
4 314
12 18
8 584
7 198
12 571
13 274
4 436
2 33
6 694
8 698
6 603
8 139
528 9
5 251
13 590
3 332
7 650
9 182
8 344
3 547
3 272
7 379
7 533
5 166
2 369
3 365
3 287
681 565
9 442
10 592
8 655
9 227
2 65
11 522
11 168
6 86
8 47
13 481
7 541
2 426
6 559
10 525
3 16
13 305
1 128
3 434
12 183
13 106
6 150
9 296
7 106
7 433
10 332
563 411
4 681
5 288
11 443
2 281
2 541
9 359
245 114
6 311
128 19
6 619
8 142
8 564
5 403
7 221
13 103
10 528
4 188
4 150
6 210
9 51
2 575
12 421
11 80
7 41
12 480
13 9
1 122
7 133
7 517
11 672
13 555
3 339
5 204
7 188
1 265
9 217
8 179
1 686
4 274
7 356
13 62
1 172
8 36
14 112
1 325
13 322
6 424
1 626
7 530
1 397
11 299
1 114
4 63
6 304
8 543
671 536
457 268
7 182
1 219
9 189
3 167
11 417
4 203
5 357
12 406
5 358
12 28
1 144
8 292
7 398
5 507
2 686
542 492
357 80
3 110
200 132
10 593
6 17
11 352
8 640
2 535
2 230
117 104
2 415
12 194
12 343
3 89
5 378
10 296
13 469
7 370
6 667
8 453
6 201
10 104
8 529
329 168
11 462
3 352
9 609
9 244
3 169
109 43
4 674
6 580
4 678
2 599
3 619
10 225
12 551
2 205
12 625
3 416
2 114
11 560
2 344
9 358
239 176
7 521
13 377
1 353
13 310
9 421
10 55
7 218
5 641
4 301
13 591
12 589
7 24
6 361
12 595
11 469
13 4
3 680
63 42
6 192
5 327
10 94
619 309
8 197
1 171
6 159
568 30
3 348
11 291
4 353
13 543
1 351
5 218
5 579
9 351
11 136
4 599
4 107
4 172
13 78
594 474
12 623
10 380
2 247
10 149
2 480
13 546
12 568
4 129
3 531
10 41
2 463
2 358
5 568
2 361
9 561
1 276
10 86
13 643
4 299
7 69
5 613
7 47
4 380
13 90
6 217
11 368
10 512
8 388
11 322
8 488
4 690
1 244
6 490
8 270
10 448
4 74
6 500
6 249
13 658
6 236
12 505
1 350
1 609
12 471
2 641
8 433
12 89
12 633
1 336
7 558
10 197
4 159
13 339
5 160
3 329
9 640
9 510
189 23
4 95
7 307
6 399
12 552
3 220
11 324
10 2
11 296
507 300
6 111
10 110
1 561
10 71
8 115
7 601
6 73
3 341
11 641
12 390
13 25
685 87
7 65
12 686
9 634
10 569
5 46
8 372
10 209
9 347
96 80
2 82
7 3
13 86
9 384
2 380
9 205
10 473
10 556
4 400
9 369
5 637
1 43
9 225
5 57
11 141
10 9
11 104
6 106
5 275
1 166
3 62
11 5
9 310
4 80
12 198
3 34
1 474
13 456
1 616
533 374
12 142
14 74
14 169
10 538
11 192
8 231
10 587
10 253
12 553
5 671
1 634
12 16
9 670
10 309
9 646
7 162
3 246
13 422
5 269
9 412
9 354
8 189
13 651
5 500
565 464
6 516
9 168
14 144
2 408
5 310
8 266
1 512
1 304
4 216
9 368
2 194
2 106
11 626
435 140
4 20
8 31
4 452
366 289
8 309
4 298
4 340
8 486
13 597
9 312
7 655
6 561
4 431
5 93
188 95
9 242
12 653
3 154
2 57
9 305
7 444
9 424
13 332
2 600
136 5
12 438
1 676
12 63
6 256
2 644
2 259
4 309
13 691
3 140
6 420
11 171
4 270
5 116
6 179
4 126
4 335
258 216
206 32
10 427
5 10
5 433
10 207
8 521
3 538
1 601
14 69
5 341
365 341
6 567
68 55
348 257
9 149
6 307
5 465
65 28
13 273
8 652
4 194
6 368
13 442
12 306
1 543
5 667
1 583
10 362
13 472
2 421
5 326
8 368
13 535
10 604
6 495
1 553
1 437
4 698
10 370
4 227
6 160
2 312
5 111
6 385
5 27
3 427
9 89
14 123
9 152
5 214
8 39
7 115
13 466
14 96
3 52
13 537
2 574
2 239
13 504
10 472
8 400
12 47
6 635
4 680
12 81
12 398
238 32
9 95
13 360
8 264
4 192
4 393
5 35
11 698
12 464
2 283
3 679
11 218
7 508
2 299
4 629
9 211
5 443
9 229
11 86
261 130
11 353
6 12
657 572
13 473
14 56
10 185
12 451
9 193
8 484
6 79
1 482
6 646
8 478
14 102
208 35
10 44
11 266
10 193
1 697
12 111
5 14
13 594
11 61
2 376
1 563
6 446
6 266
124 71
10 541
9 276
11 678
12 518
2 133
5 563
12 408
140 139
8 675
2 550
12 385
11 230
14 68
10 669
10 697
2 152
8 18
4 293
13 378
6 598
5 188
10 535
13 545
1 379
8 271
2 263
5 149
1 248
11 526
12 592
13 640
2 244
13 195
3 556
5 182
8 607
3 289
7 527
12 245
14 79
552 200
13 453
10 251
6 82
198 70
2 182
11 476
3 558
11 159
5 489
10 514
11 546
6 305
7 445
7 17
9 248
11 563
10 87
3 497
4 149
8 291
6 663
2 187
4 105
4 179
10 407
7 681
159 28
2 497
3 157
9 267
571 162
7 416
1 654
8 153
2 697
14 114
3 346
6 337
54 35
13 383
11 323
3 237
1 431
5 549
13 474
11 561
14 81
8 495
7 540
6 621
7 332
10 661
13 447
1 501
3 455
48 35
1 94
388 235
8 187
3 486
13 434
10 484
418 28
3 298
3 107
11 53
14 111
3 516
14 70
9 317
6 147
13 357
2 277
6 514
8 595
9 113
1 295
72 42
13 60
2 618
6 62
11 685
421 121
5 653
454 272
14 115
12 11
5 566
2 545
5 222
7 536
11 56
12 445
6 14
6 628
5 669
10 568
7 81
429 291
11 123
3 24
9 287
2 698
9 291
3 479
9 621
1 139
12 490
13 397
9 133
8 293
3 435
11 62
7 431
8 149
13 605
6 464
1 170
8 223
4 160
12 38
104 44
4 110
1 9
10 120
12 24
347 56
2 115
1 587
1 650
13 8
7 426
6 214
9 355
360 188
11 461
12 670
3 257
8 136
1 420
10 679
12 116
11 379
471 399
9 527
13 413
6 144
8 81
5 102
13 341
1 243
5 611
7 219
10 485
4 643
6 200
8 40
4 50
12 43
9 651
382 12
7 91
10 20
12 32
11 411
11 695
229 68
2 669
5 54
522 33
4 27
11 2
7 460
2 571
1 564
12 533
13 345
11 316
2 317
14 140
12 352
12 51
1 157
5 238
4 22
8 479
12 694
13 319
7 137
668 384
11 16
10 397
12 531
2 655
13 630
2 602
12 170
7 414
2 683
8 84
2 567
12 435
9 106
9 473
6 535
10 122
12 181
11 540
3 377
12 268
14 16
519 404
5 536
12 389
8 341
12 660
6 216
3 555
11 573
3 397
10 675
13 247
8 249
5 321
3 692
9 455
4 75
9 374
7 185
4 91
10 671
7 127
8 524
3 461
9 240
4 427
11 538
4 350
7 230
5 314
12 611
1 272
11 239
4 626
3 295
12 75
2 410
1 51
10 265
7 121
7 578
5 417
1 407
9 165
13 619
350 318
5 240
1 450
4 542
597 546
12 123
11 421
2 111
1 49
2 551
2 498
7 435
5 95
13 455
6 174
7 190
11 276
8 395
3 337
4 14
4 588
4 52
13 516
11 465
9 630
5 308
1 267
626 594
5 175
12 79
13 66
6 100
5 213
2 118
1 691
12 172
5 640
4 127
6 164
5 260
8 590
7 432
6 193
10 594
9 283
9 26
10 530
7 12
4 152
6 640
13 284
10 579
5 483
10 245
12 681
14 22
13 390
9 481
4 474
10 642
3 594
10 623
9 151
9 642
4 88
9 500
4 450
2 652
5 562
10 619
5 67
4 394
12 440
9 147
6 585
13 89
13 388
7 96
6 208
6 568
5 522
2 176
12 230
605 82
4 33
13 158
7 543
11 7
5 592
9 199
12 482
7 685
10 388
5 138
12 685
3 598
11 640
6 224
7 364
3 101
3 406
3 526
2 228
1 646
6 606
10 132
6 480
9 236
1 604
4 312
7 450
6 127
150 85
11 448
352 324
4 84
1 142
7 359
10 190
11 163
7 491
4 687
13 120
10 650
10 426
6 4
5 565
10 262
2 427
8 464
1 314
8 59
9 371
8 303
13 190
10 102
5 467
13 391
11 250
9 55
1 434
11 89
6 578
5 491
13 271
1 457
248 24
1 428
6 104
6 362
3 96
543 115
12 252
1 683
6 510
694 124
7 306
6 117
12 621
14 130
14 64
93 8
10 688
13 407
13 603
286 34
12 174
11 440
259 210
13 233
8 367
1 280
5 38
7 425
10 80
13 489
11 202
3 292
11 619
3 340
621 260
1 539
13 152
2 171
3 145
1 441
4 549
7 421
13 142
12 322
7 304
4 624
8 269
5 61
9 568
8 516
3 478
5 676
2 322
7 569
9 549
4 311
12 17
4 418
6 195
14 170
12 680
9 194
13 168
4 395
13 547
10 180
6 186
4 620
11 340
6 526
9 249
10 247
9 401
6 418
1 581
6 627
5 146
7 687
13 121
7 120
13 348
7 245
6 48
4 664
2 64
497 496
2 591
8 387
7 679
9 395
4 421
9 342
7 331
3 245
1 594
9 138
6 298
5 661
3 513
11 265
7 439
5 407
9 162
3 281
10 501
4 456
5 421
1 227
2 645
7 19
5 92
1 421
1 258
5 409
4 208
8 549
4 654
1 108
4 614
3 114
12 373
4 162
12 448
9 694
13 599
5 412
4 272
12 663
1 492
7 637
4 291
2 50
9 29
3 97
320 250
1 411
4 31
8 337
2 189
1 670
16 2
24 16
10 536
1 580
4 66
8 560
2 101
14 154
4 265
9 257
1 263
1 515
51 6
4 670
8 371
9 537
11 226
5 530
11 600
5 139
3 113
9 629
8 474
596 503
1 316
167 111
4 103
2 5
6 218
13 113
12 95
9 251
11 431
13 255
12 88
4 285
2 424
13 1
13 58
452 307
4 119
13 193
5 642
3 425
3 499
3 115
3 385
5 471
1 569
3 210
6 278
1 4
6 203
14 110
12 214
12 610
10 236
377 83
11 664
14 26
2 565
8 414
3 50
4 597
9 470
1 18
12 493
13 396
4 376
5 352
4 142
6 630
1 127
67 2
6 613
1 37
4 279
9 316
12 498
5 380
5 131
7 226
10 576
14 78
573 51
2 141
5 597
4 511
12 615
11 113
6 176
1 211
13 19
14 134
12 103
8 41
8 354
6 169
2 41
2 486
4 454
10 567
5 281
314 250
8 192
13 559
693 202
2 419
8 695
6 572
8 398
13 452
3 347
3 17
9 20
2 160
9 277
13 6
5 173
12 59
1 519
1 249
2 372
11 241
2 597
10 237
8 514
5 19
636 214
10 401
10 598
4 593
8 570
9 188
12 338
9 628
9 119
8 7
2 522
6 235
8 150
7 346
4 475
9 636
13 57
13 450
10 337
513 237
6 481
5 190
6 465
12 136
13 436
3 72
11 670
13 503
1 687
8 338
9 428
13 487
13 520
5 220
9 255
1 384
2 218
7 314
5 191
2 367
61 53
9 612
8 178
13 289
4 682
13 577
7 518
9 493
4 236
2 245
9 209
8 102
12 70
1 393
8 227
8 553
395 245
11 331
10 227
12 564
9 505
11 517
11 294
13 432
13 227
3 392
2 390
13 379
10 90
9 419
2 19
10 281
7 468
2 132
1 567
5 668
12 697
3 439
5 145
13 180
6 518
1 201
2 554
11 285
9 284
2 319
5 462
8 239
13 331
3 25
7 220
7 71
6 341
6 556
7 516
11 31
3 655
3 515
13 459
144 121
11 568
2 401
6 381
3 593
11 468
13 108
12 34
8 489
3 552
11 275
13 123
2 306
11 44
75 25
1 299
12 67
3 5
4 300
12 91
81 29
7 684
7 531
4 604
13 130
7 275
1 368
12 555
9 543
11 416
9 139
12 319
7 187
4 11
6 678
5 477
12 616
13 222
8 85
9 486
8 578
11 613
5 201
2 663
131 10
8 620
4 392
5 429
5 615
309 92
7 640
11 419
2 148
5 437
1 629
11 375
5 518
9 33
6 84
12 135
13 212
2 681
12 316
1 313
4 697
12 300
8 446
1 208
3 398
12 444
12 7
3 310
3 476
11 143
284 25
2 186
9 377
8 582
1 413
2 422
2 24
1 188
2 642
6 273
172 126
3 208
6 462
591 531
9 237
5 533
12 684
13 642
3 667
643 98
5 316
8 615
10 299
6 548
2 451
4 625
9 691
9 76
1 365
13 475
10 495
11 547
10 566
655 582
615 134
7 319
8 678
8 404
9 408
9 520
8 215
10 198
8 183
10 66
494 285
9 497
1 11
1 386
2 453
5 475
8 247
9 323
5 51
4 638
7 15
6 553
13 21
7 635
2 93
11 152
6 282
11 97
6 196
7 241
11 691
4 382
12 662
2 311
1 387
7 287
11 213
8 370
7 259
1 435
4 226
8 508
2 666
1 429
13 664
3 315
9 35
2 292
10 470
5 274
4 525
12 269
10 82
6 61
8 23
6 651
7 478
5 161
13 494
11 176
11 29
13 406
11 4
3 102
13 299
2 619
6 75
1 620
2 476
10 179
11 479
1 300
11 490
1 692
5 557
2 219
665 239
12 683
12 402
11 345
14 35
12 386
4 518
10 573
4 155
171 154
9 504
2 622
12 416
506 155
8 638
5 495
12 152
6 676
45 13
3 7
5 440
7 53
2 468
11 675
6 489
11 165
3 656
1 602
13 663
9 292
7 463
13 70
2 530
12 87
8 123
11 326
13 631
7 254
3 623
1 292
9 111
11 690
9 447
6 343
10 60
14 159
11 677
2 640
9 203
10 205
10 325
9 100
5 143
2 45
3 493
13 602
12 384
14 121
10 129
11 361
10 526
4 464
11 349
11 174
9 120
7 101
5 687
7 494
13 532
11 382
4 579
5 595
3 206
13 102
1 528
6 407
5 165
10 580
10 436
9 635
5 11
9 137
6 439
8 259
11 399
3 642
2 128
335 249
2 447
12 339
10 502
14 38
4 442
3 186
11 243
1 424
12 399
11 359
6 42
12 217
5 328
8 294
5 258
1 460
5 561
5 361
4 578
10 287
4 536
9 605
7 149
2 414
2 246
10 214
10 537
12 277
11 3
7 636
13 287
13 107
37 32
2 327
396 169
6 423
3 275
11 329
4 221
3 171
6 684
8 339
262 13
3 6
7 387
1 204
9 671
4 346
14 89
6 51
8 280
12 459
2 670
13 165
12 620
7 479
11 328
10 259
11 108
6 271
4 504
14 142
419 37
6 128
4 337
1 25
11 182
12 489
7 534
4 385
8 34
11 151
7 141
5 300
1 109
2 252
4 225
595 6
6 287
2 39
4 354
11 259
11 149
511 447
8 541
1 644
8 592
5 142
8 611
13 493
6 226
2 18
3 622
11 269
5 617
2 589
8 359
11 446
4 135
2 579
8 520
3 192
4 68
13 694
10 116
6 246
12 325
7 436
11 499
11 77
6 348
1 389
6 498
11 506
13 589
14 165
14 109
11 459
9 150
13 263
11 686
1 14
10 196
8 162
10 316
10 605
8 314
1 662
2 546
9 299
8 233
12 510
1 677
11 615
12 563
9 92
3 198
4 477
8 329
4 182
6 698
2 477
4 577
13 567
4 237
6 378
2 88
10 195
11 277
2 607
10 599
5 464
8 220
7 25
7 282
7 231
3 297
12 441
11 134
8 697
13 282
11 356
4 195
8 268
13 463
11 288
8 358
12 622
12 501
12 465
12 157
9 554
2 470
8 171
3 326
576 175
2 174
12 499
9 25
4 16
1 531
3 433
9 226
6 671
4 98
12 263
7 418
12 312
8 621
13 73
8 374
12 231
263 4
32 23
13 318
7 72
12 155
11 632
6 27
13 49
12 400
2 140
4 531
4 307
7 423
13 359
7 568
11 380
7 244
12 191
14 108
241 74
3 230
10 474
5 639
10 372
10 321
13 110
3 682
10 74
2 51
1 163
3 262
11 366
1 667
2 511
13 172
5 385
483 411
10 490
6 259
10 320
4 365
6 589
12 326
8 202
13 634
3 595
11 486
12 341
3 37
8 599
3 70
8 546
2 455
9 602
10 492
351 213
9 268
5 285
118 102
13 616
9 230
13 675
10 171
6 286
9 688
11 153
8 369
12 693
103 51
13 261
8 154
10 446
1 422
7 438
3 139
11 680
9 108
10 480
12 147
5 86
9 499
3 320
137 104
7 39
8 172
3 652
6 96
3 414
14 19
11 14
8 110
501 117
11 106
8 64
12 404
378 195
11 117
4 502
4 253
12 413
1 84
5 524
10 431
11 504
10 529
2 28
12 546
3 151
1 124
13 598
14 65
2 99
4 405
1 70
4 147
13 321
7 105
7 391
7 295
3 553
4 498
10 38
6 274
5 490
11 313
6 327
14 124
1 5
13 122
1 137
250 144
8 661
4 72
6 501
12 175
2 13
13 690
3 626
12 439
1 518
5 545
5 559
2 472
1 383
9 400
3 482
7 472
9 597
11 162
9 264
5 582
23 3
13 478
1 235
5 663
1 488
6 242
11 314
11 651
12 289
10 239
4 79
3 269
3 374
13 145
3 449
5 29
7 191
4 217
8 571
5 215
13 623
1 572
5 531
126 84
7 315
5 425
2 526
11 205
8 195
2 86
4 655
14 131
11 590
1 655
7 512
5 179
6 366
12 5
337 56
14 53
8 124
8 653
8 279
4 209
6 647
12 506
4 42
1 373
8 596
11 575
12 140
11 68
2 540
601 46
3 376
12 558
1 328
11 72
7 341
4 413
2 288
11 179
13 652
3 399
5 15
163 106
4 479
1 207
13 409
13 531
11 415
9 466
4 6
13 355
5 534
11 48
7 602
14 82
293 179
8 526
3 597
13 349
4 268
9 52
8 606
9 314
8 665
4 371
4 426
9 102
6 329
1 433
8 11
2 150
4 64
9 31
12 598
4 116
6 511
8 555
2 268
2 326
8 577
2 588
13 669
3 530
4 563
11 282
9 4
1 19
6 544
12 215
13 586
5 693
1 90
2 63
5 302
1 491
5 434
5 105
484 389
11 496
7 591
5 266
8 674
1 7
5 392
6 219
10 221
8 188
545 2
1 440
7 327
12 169
8 82
12 146
9 321
12 40
11 530
10 352
7 629
13 386
253 129
394 84
8 311
2 315
10 379
11 639
12 516
4 570
8 397
9 535
10 468
9 576
7 489
8 440
13 266
6 245
9 539
7 503
1 511
4 422
8 390
3 541
7 110
12 344
9 204
1 560
11 155
8 604
13 369
1000
1 6 510
2 666
2 458
1 6 591
2 248
1 9 465
2 638
2 580
2 395
4 376
1 10 367
4 152
4 70
4 62
4 178
2 567
1 10 412
4 495
2 315
1 5 33
1 5 397
1 10 125
1 11 327
4 423
2 175
1 12 402
4 654
2 696
1 2 564
2 39
4 33
1 1 659
4 294
2 696
1 596 503
1 4 625
4 476
4 304
4 16
2 398
2 616
1 13 20
2 687
1 13 595
4 644
2 414
1 13 156
2 581
1 6 65
4 192
2 357
2 371
1 4 12
4 434
1 10 301
2 428
2 177
1 5 418
1 1 356
1 13 361
1 13 26
4 524
4 31
1 7 107
4 691
1 13 328
1 2 55
4 40
2 184
4 426
1 3 16
2 622
2 513
4 242
2 649
1 14 15
2 431
4 690
1 6 14
1 347 56
2 688
4 414
1 3 462
1 7 20
1 13 192
2 496
3 3 395
1 407 229
1 8 93
1 11 97
2 649
1 5 280
1 3 18
1 10 568
2 447
2 117
1 6 401
1 8 406
1 421 121
1 2 543
1 2 231
2 149
1 609 285
2 361
1 2 164
2 492
4 125
2 636
1 12 684
2 249
1 6 572
1 11 253
4 570
3 1 687
2 119
1 2 343
2 528
4 309
4 260
1 7 126
1 13 483
4 501
4 418
1 2 1
1 3 1
1 4 1
1 5 1
1 6 1
1 7 1
1 8 1
1 9 1
1 10 1
1 11 1
1 12 1
1 13 1
1 14 1
1 3 2
1 4 2
1 5 2
1 6 2
1 7 2
1 8 2
1 9 2
1 10 2
1 11 2
1 12 2
1 13 2
1 14 2
1 1 3
1 2 3
1 4 3
1 5 3
1 6 3
1 7 3
1 8 3
1 9 3
1 10 3
1 11 3
1 12 3
1 13 3
1 14 3
1 1 4
1 2 4
1 3 4
1 5 4
1 6 4
1 7 4
1 8 4
1 9 4
1 10 4
1 11 4
1 12 4
1 13 4
1 14 4
1 1 5
1 2 5
1 3 5
1 4 5
1 6 5
1 7 5
1 8 5
1 9 5
1 10 5
1 11 5
1 12 5
1 13 5
1 14 5
1 1 6
1 2 6
1 3 6
1 4 6
1 5 6
1 7 6
1 8 6
1 9 6
1 10 6
1 11 6
1 12 6
1 13 6
1 14 6
1 1 7
1 2 7
1 3 7
1 4 7
1 5 7
1 6 7
1 8 7
1 9 7
1 10 7
1 11 7
1 12 7
1 13 7
1 14 7
1 1 8
1 2 8
1 3 8
1 4 8
1 5 8
1 6 8
1 7 8
1 9 8
1 10 8
1 11 8
1 12 8
1 13 8
1 14 8
1 1 9
1 2 9
1 3 9
1 4 9
1 5 9
1 6 9
1 7 9
1 8 9
1 11 9
1 12 9
1 13 9
1 14 9
1 1 10
1 2 10
1 3 10
1 4 10
1 5 10
1 6 10
1 7 10
1 8 10
1 9 10
1 11 10
1 12 10
1 13 10
1 14 10
1 1 11
1 2 11
1 3 11
1 4 11
1 5 11
1 6 11
1 7 11
1 8 11
1 9 11
1 10 11
1 12 11
1 13 11
1 14 11
1 1 12
1 2 12
1 3 12
1 5 12
1 6 12
1 7 12
1 8 12
1 9 12
1 10 12
1 11 12
1 13 12
1 14 12
1 1 13
1 2 13
1 3 13
1 4 13
1 5 13
1 6 13
1 7 13
1 8 13
1 9 13
1 10 13
1 11 13
1 12 13
1 14 13
1 1 14
1 2 14
1 3 14
1 4 14
1 5 14
1 7 14
1 8 14
1 9 14
1 10 14
1 11 14
1 12 14
1 13 14
1 1 15
1 2 15
1 3 15
1 4 15
1 5 15
1 6 15
1 7 15
1 8 15
1 9 15
1 10 15
1 11 15
1 12 15
1 13 15
1 1 16
1 2 16
1 4 16
1 5 16
1 6 16
1 7 16
1 8 16
1 9 16
1 10 16
1 11 16
1 12 16
1 13 16
1 14 16
1 1 17
1 2 17
1 3 17
1 4 17
1 5 17
1 6 17
1 7 17
1 8 17
1 9 17
1 10 17
1 11 17
1 12 17
1 13 17
1 14 17
1 1 18
1 2 18
1 4 18
1 5 18
1 6 18
1 7 18
1 8 18
1 9 18
1 10 18
1 11 18
1 12 18
1 13 18
1 14 18
1 1 19
1 2 19
1 3 19
1 4 19
1 5 19
1 6 19
1 7 19
1 8 19
1 9 19
1 10 19
1 11 19
1 12 19
1 13 19
1 14 19
1 1 20
1 2 20
1 3 20
1 4 20
1 5 20
1 6 20
1 8 20
1 9 20
1 10 20
1 11 20
1 12 20
1 14 20
1 1 21
1 2 21
1 3 21
1 4 21
1 5 21
1 6 21
1 7 21
1 8 21
1 9 21
1 10 21
1 11 21
1 12 21
1 13 21
1 14 21
1 1 22
1 2 22
1 3 22
1 4 22
1 5 22
1 6 22
1 7 22
1 8 22
1 9 22
1 10 22
1 11 22
1 12 22
1 13 22
1 14 22
1 1 23
1 2 23
1 3 23
1 4 23
1 5 23
1 6 23
1 7 23
1 8 23
1 9 23
1 10 23
1 11 23
1 12 23
1 13 23
1 14 23
1 1 24
1 2 24
1 3 24
1 4 24
1 5 24
1 6 24
1 7 24
1 8 24
1 9 24
1 10 24
1 11 24
1 12 24
1 13 24
1 1 25
1 2 25
1 3 25
1 4 25
1 5 25
1 6 25
1 7 25
1 8 25
1 9 25
1 10 25
1 11 25
1 12 25
1 13 25
1 14 25
1 1 26
1 2 26
1 3 26
1 4 26
1 5 26
1 6 26
1 7 26
1 8 26
1 9 26
1 10 26
1 11 26
1 12 26
1 14 26
1 1 27
1 2 27
1 3 27
1 4 27
1 5 27
1 6 27
1 7 27
1 8 27
1 9 27
1 10 27
1 11 27
1 12 27
1 13 27
1 14 27
1 1 28
1 2 28
1 3 28
1 4 28
1 5 28
1 6 28
1 7 28
1 8 28
1 9 28
1 10 28
1 11 28
1 12 28
1 13 28
1 14 28
1 1 29
1 2 29
1 3 29
1 4 29
1 5 29
1 6 29
1 7 29
1 8 29
1 9 29
1 10 29
1 11 29
1 12 29
1 13 29
1 14 29
1 1 30
1 2 30
1 3 30
1 4 30
1 5 30
1 6 30
1 7 30
1 8 30
1 9 30
1 10 30
1 12 30
1 13 30
1 14 30
1 1 31
1 2 31
1 3 31
1 4 31
1 5 31
1 6 31
1 7 31
1 8 31
1 9 31
1 10 31
1 11 31
1 12 31
1 13 31
1 14 31
1 1 32
1 2 32
1 3 32
1 4 32
1 5 32
1 6 32
1 7 32
1 8 32
1 9 32
1 10 32
1 11 32
1 12 32
1 13 32
1 14 32
1 1 33
1 2 33
1 3 33
1 4 33
1 5 33
1 6 33
1 7 33
1 8 33
1 9 33
1 10 33
1 11 33
1 12 33
1 13 33
1 14 33
1 1 34
1 2 34
1 3 34
1 4 34
1 5 34
1 6 34
1 7 34
1 8 34
1 9 34
1 10 34
1 11 34
1 12 34
1 13 34
1 14 34
1 1 35
1 2 35
1 3 35
1 4 35
1 5 35
1 6 35
1 7 35
1 8 35
1 9 35
1 10 35
1 11 35
1 12 35
1 13 35
1 14 35
1 1 36
1 2 36
1 3 36
1 4 36
1 5 36
1 6 36
1 7 36
1 8 36
1 9 36
1 10 36
1 11 36
1 12 36
1 13 36
1 14 36
1 1 37
1 2 37
1 3 37
1 4 37
1 5 37
1 6 37
1 7 37
1 8 37
1 9 37
1 10 37
1 11 37
1 12 37
1 13 37
1 14 37
1 1 38
1 2 38
1 3 38
1 4 38
1 5 38
1 6 38
1 7 38
1 8 38
1 9 38
1 10 38
1 11 38
1 12 38
1 13 38
1 14 38
1 1 40
1 2 40
1 3 40
1 4 40
1 5 40
1 6 40
1 7 40
1 8 40
1 9 40
1 10 40
1 11 40
1 12 40
1 13 40
1 14 40
1 1 41
1 2 41
1 3 41
1 4 41
1 5 41
1 6 41
1 7 41
1 8 41
1 9 41
1 10 41
1 11 41
1 12 41
1 13 41
1 14 41
1 1 42
1 2 42
1 3 42
1 4 42
1 5 42
1 6 42
1 7 42
1 8 42
1 9 42
1 10 42
1 11 42
1 12 42
1 13 42
1 14 42
1 1 43
1 2 43
1 3 43
1 4 43
1 5 43
1 6 43
1 7 43
1 8 43
1 9 43
1 10 43
1 11 43
1 12 43
1 13 43
1 14 43
1 1 44
1 2 44
1 3 44
1 4 44
1 5 44
1 6 44
1 7 44
1 8 44
1 9 44
1 10 44
1 11 44
1 12 44
1 13 44
1 14 44
1 1 45
1 2 45
1 3 45
1 4 45
1 5 45
1 6 45
1 7 45
1 8 45
1 9 45
1 10 45
1 11 45
1 12 45
1 13 45
1 14 45
1 1 46
1 2 46
1 3 46
1 4 46
1 5 46
1 6 46
1 7 46
1 8 46
1 10 46
1 11 46
1 12 46
1 13 46
1 14 46
1 1 47
1 2 47
1 3 47
1 4 47
1 5 47
1 6 47
1 7 47
1 8 47
1 9 47
1 10 47
1 11 47
1 12 47
1 13 47
1 14 47
1 1 48
1 2 48
1 3 48
1 4 48
1 5 48
1 6 48
1 7 48
1 8 48
1 9 48
1 10 48
1 11 48
1 12 48
1 13 48
1 14 48
1 1 49
1 2 49
1 3 49
1 4 49
1 5 49
1 6 49
1 7 49
1 8 49
1 9 49
1 10 49
1 11 49
1 12 49
1 13 49
1 14 49
1 1 50
1 2 50
1 3 50
1 4 50
1 5 50
1 6 50
1 7 50
1 8 50
1 9 50
1 10 50
1 11 50
1 12 50
1 13 50
1 14 50
1 1 51
1 2 51
1 3 51
1 4 51
1 5 51
1 6 51
1 7 51
1 8 51
1 9 51
1 10 51
1 11 51
1 12 51
1 13 51
1 14 51
1 1 52
1 2 52
1 3 52
1 4 52
1 5 52
1 6 52
1 7 52
1 8 52
1 9 52
1 10 52
1 11 52
1 12 52
1 13 52
1 14 52
1 1 53
1 2 53
1 3 53
1 4 53
1 5 53
1 6 53
1 7 53
1 8 53
1 9 53
1 10 53
1 11 53
1 12 53
1 13 53
1 14 53
1 1 54
1 2 54
1 3 54
1 4 54
1 5 54
1 6 54
1 7 54
1 8 54
1 9 54
1 10 54
1 11 54
1 12 54
1 13 54
1 14 54
1 1 55
1 3 55
1 4 55
1 5 55
1 6 55
1 7 55
1 8 55
1 9 55
1 10 55
1 11 55
1 12 55
1 13 55
1 14 55
3 347 56
1 1 56
1 2 56
1 3 56
1 4 56
1 5 56
1 6 56
1 7 56
1 8 56
1 9 56
1 10 56
1 11 56
1 12 56
1 13 56
1 14 56
1 1 57
1 2 57
1 3 57
1 4 57
1 5 57
1 6 57
1 7 57
1 8 57
1 9 57
1 10 57
1 11 57
1 12 57
1 13 57
1 14 57
1 1 58
1 2 58
1 3 58
1 4 58
1 5 58
1 6 58
1 7 58
1 8 58
1 9 58
1 10 58
1 11 58
1 12 58
1 13 58
1 14 58
1 1 59
1 2 59
1 3 59
1 4 59
1 5 59
1 6 59
1 7 59
1 8 59
1 9 59
1 10 59
1 11 59
1 12 59
1 13 59
1 14 59
1 1 60
1 2 60
1 3 60
1 4 60
1 5 60
1 6 60
1 7 60
1 8 60
1 9 60
1 10 60
1 11 60
1 12 60
1 13 60
1 14 60
1 1 61
1 2 61
1 3 61
1 4 61
1 5 61
1 6 61
1 7 61
1 8 61
1 9 61
1 10 61
1 11 61
1 12 61
1 13 61
1 14 61
1 1 62
1 2 62
1 3 62
1 4 62
1 5 62
1 6 62
1 7 62
1 8 62
1 9 62
1 10 62
1 11 62
1 12 62
1 13 62
1 14 62
1 1 63
1 2 63
1 3 63
1 4 63
1 5 63
1 6 63
1 7 63
1 8 63
1 9 63
1 10 63
1 11 63
1 12 63
1 13 63
1 14 63
1 1 64
1 2 64
1 3 64
1 4 64
1 5 64
1 6 64
1 7 64
1 8 64
1 9 64
1 10 64
1 11 64
1 12 64
1 13 64
1 14 64
1 1 65
1 2 65
1 3 65
1 4 65
1 5 65
1 7 65
1 8 65
1 9 65
1 10 65
1 11 65
1 12 65
1 13 65
1 14 65
1 1 66
1 2 66
1 3 66
1 4 66
1 5 66
1 6 66
1 7 66
1 8 66
1 9 66
