6
84
2 5 5 8 10 12
2 5 5 8 11 12
2 5 7 7 8 12
2 5 7 8 10 12
2 5 7 8 11 12
2 5 8 9 10 12
2 5 8 9 11 12
2 6 7 8 10 12
2 6 7 8 11 12
2 7 7 8 8 10
2 7 7 8 8 11
2 7 7 8 10 12
2 7 7 8 11 12
2 7 8 9 10 12
2 7 8 9 11 12
3 3 5 5 10 12
3 3 5 5 11 12
3 3 5 7 10 12
3 3 5 7 11 12
3 3 6 9 10 12
3 3 6 9 11 12
3 3 7 7 10 12
3 3 7 7 11 12
3 3 7 8 10 12
3 3 7 8 11 12
3 3 7 9 10 12
3 3 7 9 11 12
3 3 8 8 10 12
3 3 8 8 11 12
3 4 5 5 7 12
3 4 5 6 10 12
3 4 5 6 11 12
3 4 5 7 7 12
3 4 5 7 8 10
3 4 5 7 8 11
3 4 5 7 10 12
3 4 5 7 11 12
3 4 5 8 10 12
3 4 5 8 11 12
3 4 5 9 10 12
3 4 5 9 11 12
3 4 6 7 10 12
3 4 6 7 11 12
3 4 6 8 9 10
3 4 6 8 9 11
3 4 7 7 8 10
3 4 7 7 8 11
3 4 7 7 10 12
3 4 7 7 11 12
3 4 7 8 9 10
3 4 7 8 9 11
3 4 7 8 10 12
3 4 7 8 11 12
3 4 7 9 10 12
3 4 7 9 11 12
3 4 8 8 8 10
3 4 8 8 8 11
3 4 8 9 10 12
3 4 8 9 11 12
4 4 5 5 7 8
4 4 5 5 8 10
4 4 5 5 8 11
4 4 5 5 8 12
4 4 5 7 7 8
4 4 5 7 8 10
4 4 5 7 8 11
4 4 5 7 10 12
4 4 5 7 11 12
4 4 5 8 9 10
4 4 5 8 9 11
4 4 5 8 10 12
4 4 5 8 11 12
4 4 6 7 8 10
4 4 6 7 8 11
4 4 7 7 10 12
4 4 7 7 11 12
4 4 7 8 8 10
4 4 7 8 8 11
4 4 7 8 9 10
4 4 7 8 9 11
4 4 7 8 10 12
4 4 7 8 11 12
4 4 8 8 9 10
4 4 8 8 9 11
