87 35
4746 86
6841 46
7889 82
4116 80
3535 91
9554 58
5392 78
3993 63
9701 89
6361 88
7651 84
2001 73
5498 77
8017 87
2649 51
3528 70
8779 81
9917 95
4967 87
8142 75
8301 71
6979 85
1174 80
3191 96
5476 73
4982 85
1950 43
6347 99
7101 70
7313 86
2833 76
2750 47
1832 94
6997 76
6158 88
3169 92
5473 80
5706 73
8944 87
6316 41
4110 71
7858 73
6017 88
6891 81
2998 73
8850 84
3404 92
4808 85
1315 52
8631 48
8569 91
7448 75
5081 100
6090 95
5843 74
2285 75
5287 61
7327 85
7486 86
1896 89
3321 88
4460 65
3924 74
9319 90
8562 79
1114 40
1536 70
4301 77
2855 99
6438 67
8736 100
6774 56
9494 92
7887 85
8456 84
7353 88
4551 77
4141 80
4011 87
8246 69
9238 44
4569 73
9250 86
1423 83
7172 79
6982 92
2807 76
