249 100
7894 88
2523 82
6310 79
7268 85
8111 95
1219 89
4732 80
2902 78
2094 73
1977 72
6758 72
2445 76
1963 75
3856 74
6974 79
2604 71
8136 76
3859 72
6801 89
3767 73
5081 49
7228 70
4991 78
1978 71
2366 55
6316 72
7691 76
3337 83
4363 89
9667 72
1391 73
4856 92
9157 86
8084 80
2696 99
8881 83
1506 69
1207 74
2199 80
2699 83
3201 84
8161 94
5104 80
8942 79
9754 70
9688 79
1927 80
1513 49
1102 73
1522 95
6010 94
6748 85
7646 95
6233 91
6470 69
1168 74
9718 77
2990 80
3789 81
2379 82
8769 70
1741 78
1113 88
9600 70
7639 80
8257 59
2656 79
8614 78
7067 85
2060 78
7055 95
1409 59
6069 84
6449 81
5856 83
6206 89
3384 72
9599 81
4710 88
8217 86
3248 89
8495 73
3518 85
6052 78
9710 55
4623 100
7626 70
6255 81
4001 71
3810 74
9738 77
8894 78
7176 75
7309 85
5698 92
2397 67
4996 72
3507 90
8419 85
3010 83
5058 74
5676 69
6995 53
1843 71
7044 47
4867 99
9542 75
2272 87
1853 82
1982 75
6371 72
5043 71
6792 84
7314 42
7576 81
2556 88
4702 71
6665 83
5938 76
7532 72
5567 73
7954 81
6134 82
7097 52
2704 72
7806 70
7151 70
8044 79
5428 75
9556 85
9616 72
3703 61
9560 85
1130 84
6157 83
7350 56
3321 62
6261 79
5992 95
7006 91
7592 93
1115 71
5367 79
5949 97
7114 77
5429 71
5696 45
9118 72
1076 82
7615 83
4015 87
8456 89
6230 88
8823 97
3128 56
7863 79
1830 73
9073 75
5565 75
6369 79
5109 77
2698 75
8278 74
6635 49
3928 73
8467 89
4976 62
7936 74
4711 63
9319 97
9242 83
4332 58
7356 85
1241 99
6447 100
1440 82
2973 56
4995 72
9999 87
5478 97
8820 86
5514 71
6592 72
9391 58
5408 71
1284 69
3525 91
6445 44
1900 85
9439 74
4133 52
4845 78
7611 86
8264 85
6224 75
6380 49
6012 76
3033 70
5985 82
9789 60
3071 72
1921 88
4110 80
9605 82
1800 79
9712 66
1454 70
2388 75
5092 85
1299 81
3356 55
2139 77
2011 80
7168 86
4241 70
2926 71
3751 100
6457 72
8585 87
8271 70
8433 85
5904 77
1951 72
6236 49
1300 61
3622 83
1540 74
3487 82
8155 72
5060 97
1181 70
2784 79
7916 76
8243 70
9908 55
9327 95
4013 40
1402 85
3087 83
7606 86
7852 93
3440 100
7378 74
8849 42
3710 93
7461 84
8507 92
7218 100
2839 77
