5000 1000
9731 85
8551 72
5371 85
1465 75
8056 89
4765 91
5752 77
4114 89
4600 78
4155 82
6643 89
6874 80
6504 98
9340 54
3753 91
5057 99
5531 75
8987 78
8021 71
3639 85
7090 70
1009 89
7512 80
7767 48
6290 85
4591 90
5216 49
5879 85
2059 59
2838 75
5352 72
3585 66
9016 73
6847 85
4340 81
8614 88
3373 81
7127 70
1624 78
2831 94
3626 82
4991 86
8734 74
7216 90
8708 43
1763 91
4821 51
7403 89
9149 93
3507 98
3615 87
6732 79
6271 77
8483 70
3184 52
8397 80
1040 44
3780 78
5437 55
9425 95
2597 98
8705 91
9578 61
6138 91
6490 76
4631 62
5313 76
2933 88
9181 98
3987 85
5604 60
6599 97
6408 79
5927 76
3686 54
8060 57
2543 95
3970 86
6805 73
5729 78
9199 87
4742 86
2937 74
7540 78
5984 85
1425 85
7042 82
5803 96
6549 58
4049 68
4412 84
4692 70
8102 66
1492 88
9808 70
7584 93
5182 74
9900 75
6041 89
4271 43
4915 75
9189 75
1426 71
8194 81
4016 80
9304 76
2801 71
2040 84
9740 72
1349 83
8430 80
1987 99
7133 73
8188 90
8595 100
2514 75
1312 70
6705 76
9180 87
8862 82
8797 94
8123 46
5139 74
7797 82
7356 94
7242 84
9692 70
4630 85
5395 92
4395 80
9160 72
8145 79
2388 73
1504 84
9924 54
1713 71
5054 82
4389 62
7132 81
1757 77
4691 72
2986 92
2269 87
9773 88
1626 82
8478 74
2246 74
8353 99
8669 78
9300 85
9352 89
5928 96
4624 86
4704 93
7222 87
6083 61
4440 86
4474 78
6905 81
6355 78
9321 70
4428 77
9245 91
8425 83
7183 77
2601 88
2424 86
2995 70
1511 77
1462 78
9435 72
7389 85
4992 87
1778 90
4165 73
3116 95
4380 82
5882 97
6489 72
3873 81
8905 84
1237 74
5901 94
5977 82
3467 73
7406 70
4024 73
2675 84
8156 71
5358 72
1968 84
9918 77
7080 85
2506 40
8410 81
7239 80
2748 92
1680 83
3340 89
6119 78
3342 81
7190 72
1648 83
1377 81
6640 100
6811 83
3998 62
3299 81
2657 98
7202 75
3935 66
1891 58
9987 51
9335 74
6008 100
9116 85
7654 88
9412 52
7385 88
3944 60
2505 83
2476 91
5548 74
1260 75
9354 86
1721 76
8714 71
3805 97
1088 81
6247 85
9928 74
7602 46
7221 59
4749 93
5208 75
5184 72
9520 54
4540 40
9649 71
9262 87
5712 82
5083 89
6738 78
7417 94
6467 84
6984 73
8216 88
3138 85
6946 88
2932 72
7808 78
1054 84
6448 83
4860 87
4595 80
5615 53
3051 100
6052 89
7794 92
7697 56
5456 78
8579 83
4851 72
1921 41
9849 75
4722 62
9085 97
7286 79
2000 44
9134 81
7974 59
5640 76
3458 87
5253 47
4178 83
4231 81
4121 79
3452 83
3194 72
7111 81
6213 41
9206 86
8318 89
5168 40
1307 72
9747 49
2537 84
8688 86
8709 85
7026 75
8827 78
7580 74
5298 89
8091 83
4565 100
2261 48
8233 89
8124 86
5621 86
9253 73
5087 89
5714 84
4725 74
8975 87
3618 62
3182 82
6563 91
1094 87
3976 84
7627 96
7793 77
2908 45
4929 71
1779 86
5756 63
5263 63
9182 83
7946 57
4076 84
4709 72
5514 97
4022 72
4518 100
4250 95
9758 86
1234 47
4854 80
3628 86
4972 88
3222 73
1733 75
9574 95
5268 71
4997 99
7526 73
8666 73
6051 72
5743 97
7069 95
2340 57
4334 82
2202 84
7648 75
4598 70
9794 73
1711 77
9673 80
7982 80
8291 71
9926 75
1266 87
2131 88
4597 59
3188 86
4643 87
9004 91
7890 88
1791 81
8485 73
6283 85
4064 72
2745 77
4401 83
9831 84
3332 44
8199 89
2826 83
6517 73
1021 73
2299 87
9604 70
3026 88
2876 70
2351 93
6346 96
3406 76
1044 72
5642 81
4310 76
3704 88
6264 83
4040 71
5697 70
5651 41
3974 82
6029 75
4562 98
5911 86
4646 92
9878 75
5963 77
5921 72
2091 81
2289 47
3271 52
7168 97
3526 62
4384 80
8154 76
2978 88
7235 66
4881 70
2974 72
1311 82
4682 73
4721 90
3664 75
5275 83
6683 97
7570 79
6415 100
1409 62
8493 82
4102 89
8833 76
3165 62
2098 72
3401 94
5639 81
9108 87
9567 70
4372 75
6426 92
9240 83
5704 70
7472 72
7854 54
6475 86
8306 75
1755 94
1993 77
9997 81
6681 43
9082 61
1068 44
5273 79
4544 85
1394 78
8876 43
3577 73
3897 73
7464 90
8345 95
2905 87
4700 94
9228 76
9287 89
4988 76
4783 77
3737 41
5198 87
5111 85
6449 70
5719 79
4037 93
2923 80
7833 84
4143 42
7708 75
1039 42
4637 73
2716 71
6729 89
2175 94
2133 72
3292 79
2171 65
6704 91
5018 95
1114 86
4665 77
4578 85
6178 83
4805 95
5133 89
1015 74
1837 88
9092 58
7152 54
7096 86
7293 76
9625 73
9859 79
2430 97
6999 80
5392 70
4301 91
3872 95
5278 94
4998 83
3245 85
2722 95
9838 75
4995 84
1043 93
7506 80
1525 91
7088 74
5797 50
1379 91
6755 78
9619 78
6165 85
3968 81
7240 81
9220 79
1104 75
7980 53
2764 87
4714 72
2623 74
1506 87
5763 71
7788 57
4202 74
7244 64
8723 79
4809 97
4683 74
6822 70
8220 97
2481 78
9533 40
3914 89
2893 96
8193 79
5388 74
1748 77
4671 79
4399 49
2641 53
2948 91
3557 83
2348 90
7957 84
3451 81
5574 89
6665 78
9962 80
5375 71
7749 90
6401 99
1495 85
1796 74
9422 96
3721 90
2328 88
8488 42
7515 89
6480 81
1749 72
1539 87
3170 80
4892 70
4523 96
7838 60
4801 93
5865 86
1957 72
1160 81
5446 85
9853 64
2511 88
7031 83
2878 79
6810 45
2085 87
2423 83
3100 91
1986 75
6036 86
1850 56
7485 100
3878 85
4791 83
3597 80
1572 42
6864 75
1588 71
6046 81
2154 72
2313 99
2549 59
2454 52
5608 44
8742 96
8546 89
1631 82
8918 55
8232 79
8562 67
8502 65
9029 81
9710 69
1611 48
1655 75
2885 88
3259 92
1998 88
9419 72
2554 94
8809 73
2535 84
4815 81
9224 78
1499 73
7136 92
4651 81
3821 87
4884 81
6062 85
6313 52
3098 97
9782 80
5376 71
2021 59
8673 72
9815 100
2238 58
5107 91
6170 80
7929 88
8999 74
7546 66
7603 45
8268 82
6113 74
8519 85
4052 98
2387 85
9705 82
8913 99
1435 76
7203 96
6327 62
7578 82
1145 72
5549 70
2027 60
5973 72
7576 85
5447 75
8333 77
5409 82
3865 64
7670 74
2512 90
6431 88
1731 79
7467 89
8057 97
5389 86
8455 59
9474 87
2720 89
3783 59
8925 51
9812 82
2196 82
4589 72
3150 87
5906 72
7664 73
2310 51
1166 74
3602 89
6775 85
2735 87
4280 94
4806 73
8446 82
2070 74
3145 51
1994 81
6322 42
3339 83
2547 84
8703 75
2159 88
4260 76
8919 92
4217 78
1149 76
9588 79
4167 95
8223 78
3708 88
9177 77
6955 99
3301 73
5042 43
2739 89
9449 93
9494 82
5397 78
2650 81
8762 74
9187 50
1530 80
6796 86
4126 80
9562 80
6155 74
3946 96
3502 77
5065 79
3296 51
6509 73
5611 71
4510 99
4612 72
1227 93
9921 64
1084 59
2574 88
4830 72
7089 83
6005 90
1456 43
2146 98
1407 79
1723 46
4807 82
1209 75
3648 94
1183 87
9101 44
4148 77
4760 82
2834 89
9941 71
7097 70
4096 90
3902 80
6414 98
9641 99
4896 98
1338 70
7605 72
1124 73
9049 79
6829 94
4225 82
8403 86
4077 93
5051 70
1767 72
6797 80
4822 47
5491 85
5255 72
4741 85
5391 70
9542 72
4207 94
8592 83
6820 88
3803 74
2977 71
9643 73
7253 71
6093 75
4046 79
6252 89
5325 83
4681 85
7564 79
8240 48
7072 80
9800 84
7847 81
9618 93
7626 95
3334 89
8189 92
7895 90
6988 88
1354 85
2262 91
9995 80
9426 87
2867 72
6904 81
5512 95
2087 71
9657 87
2767 71
3759 66
7453 76
5241 73
1115 97
5453 86
2566 85
8825 78
7129 87
1479 96
7316 48
9874 76
3032 98
1608 82
5558 50
3394 79
4868 49
8507 82
8095 77
5571 78
3647 63
5041 78
5040 83
6527 71
7542 66
5061 75
8477 79
7503 72
5635 82
3550 99
8522 83
3685 82
5673 71
9267 98
9695 70
5455 83
7077 77
7377 72
1760 87
1180 87
8093 87
3251 86
9005 85
2945 83
6206 86
1562 96
1992 82
3348 73
4984 87
7554 98
2596 98
5023 71
3411 98
8155 57
2830 83
3104 70
4777 76
5942 100
9458 87
4226 81
6790 85
6357 82
5335 62
4852 74
9447 77
6929 72
5766 89
5568 68
4398 68
4425 96
6457 75
5676 70
4038 71
5086 45
4900 40
8677 80
7742 82
3325 78
6856 94
6389 84
1060 79
7270 89
8560 86
5726 78
2497 74
3041 89
5941 80
1049 83
4044 85
4442 76
7812 79
4672 71
9624 76
2832 75
9845 88
8991 86
2705 85
2645 96
6212 71
7347 88
8810 81
9296 85
7383 90
5687 66
9623 84
6804 48
7158 64
6394 77
1469 86
5644 85
1649 72
1587 74
4379 70
8989 89
4054 79
8431 73
6193 78
5949 95
9635 78
4893 87
4736 99
8475 86
2296 91
7620 86
6241 90
5100 65
9151 73
6379 77
9675 84
2990 82
2478 78
9930 83
1947 83
6852 84
7714 76
4245 71
9272 85
5101 73
9460 86
5525 72
1141 97
6642 100
7841 61
6081 53
4238 79
5387 83
6084 98
2142 79
4954 49
5092 77
4904 72
8657 76
9437 86
9172 88
1224 78
2522 86
8587 88
1319 93
6371 95
8454 81
6773 85
3351 83
7696 79
4091 82
1972 70
8202 40
7965 74
5883 89
7494 97
3738 74
4448 83
3541 88
1089 79
8010 84
7822 81
2100 80
8211 74
3089 94
8365 100
1904 55
8509 74
1565 71
8427 88
6731 76
8022 88
8735 90
1991 77
2165 63
7869 85
9477 87
8984 71
1664 61
5022 59
6176 82
9147 91
6879 83
8094 42
7820 76
9459 73
1330 46
1087 73
9405 90
2281 75
7295 88
5768 77
5975 68
8531 77
8631 83
7816 96
5585 64
8122 86
2868 53
8112 70
4032 88
8085 88
8130 73
9018 87
9438 82
1280 42
1549 86
6934 77
1146 98
2139 76
9032 77
1474 87
8018 78
7631 44
6349 53
1790 88
6986 92
3079 99
5462 74
9990 83
2791 41
4312 78
7716 42
3644 89
8289 86
3049 89
5507 70
5126 64
5581 47
7448 70
7213 82
2815 79
7185 83
9774 73
4342 77
4416 74
5232 78
2588 70
6399 77
9334 77
1932 88
3662 58
9137 85
6225 95
1905 92
6075 84
4107 79
9757 93
1315 49
4184 76
2663 86
1450 51
1516 95
2513 97
5089 85
4652 90
4869 74
4339 100
7804 63
1139 78
3337 88
1143 84
7553 88
2436 78
2486 77
5231 78
4450 83
6667 82
2605 86
7873 99
6189 68
3781 71
1116 77
2132 78
1910 73
4364 98
1940 76
2083 96
6186 73
9485 72
2147 81
1639 46
7614 97
1196 84
6141 95
1692 89
3297 99
9036 65
3910 81
8857 88
4219 96
6370 47
7912 62
6848 80
9960 51
3725 96
2003 85
5469 85
5196 79
9097 86
9904 50
3005 93
4958 92
4752 86
2308 64
9946 88
9028 89
5892 100
7806 77
6388 75
8757 75
2989 69
4971 80
1480 80
3454 95
2330 83
6793 89
7498 89
3688 86
2842 95
8334 94
7224 100
9746 87
2934 82
1953 80
4960 86
5163 45
9148 80
2858 85
2089 72
4259 76
2966 74
5612 88
8508 93
1902 82
2732 75
3671 70
8191 80
2239 77
4043 73
8197 87
9076 79
5031 61
8545 76
4856 87
8637 78
3022 73
4890 86
5957 83
4221 99
5876 72
9862 70
4104 75
6374 87
1797 98
6169 100
9948 85
1876 82
5864 88
3837 74
3722 85
4772 45
2920 84
2203 83
4632 93
3444 75
2851 43
4131 84
8928 79
4042 93
2493 89
1997 64
2591 80
2206 94
4703 71
3439 43
7024 75
9197 74
8436 81
5284 93
9645 91
9605 43
8838 90
1571 57
3981 89
2584 76
9527 89
2930 70
9945 83
2020 88
1897 97
1302 86
6588 74
8449 90
5747 74
7883 75
3496 89
2014 81
9495 70
7659 72
5946 82
3216 85
7376 90
2570 40
6995 85
3752 95
6604 81
1016 78
3494 83
2190 74
1665 96
1159 70
5177 73
9201 77
9077 64
1263 52
6664 71
2036 73
8030 89
5354 76
9084 82
9479 87
6660 83
9353 88
9935 76
9392 98
5573 70
6040 85
7184 83
1981 87
1623 76
4800 75
8961 95
5193 82
7046 74
3126 97
3449 81
1609 85
7881 75
7004 85
1248 54
5274 99
1459 83
8382 97
2696 81
3884 80
4017 81
3059 92
1034 90
9452 88
4895 93
1128 72
5795 79
5843 50
2804 80
4686 66
2334 94
7707 74
1201 81
5151 86
6380 80
6689 76
6219 82
7790 70
8941 67
3326 77
9842 94
8700 84
2618 85
3167 84
3670 80
9927 73
9867 70
2263 82
1287 97
2350 83
8895 81
7532 86
8969 75
4055 79
2057 89
6765 86
5682 83
7673 63
1126 58
7961 75
9203 87
7766 68
4099 47
5659 65
8055 77
8744 84
4891 73
5728 69
6541 74
7916 72
8957 78
1535 52
1526 75
4177 71
5867 76
4070 57
1544 76
2672 91
8456 72
3353 84
4837 40
1318 42
2794 77
3807 80
5156 79
3591 82
1824 74
1222 93
2136 47
1567 75
9011 78
7993 76
1148 46
3829 71
7177 76
6458 82
8920 100
4585 82
1644 81
4779 92
8995 87
4235 61
4642 83
6481 85
4905 87
8399 88
8988 52
4796 92
4172 98
7769 86
2377 78
7062 72
4705 76
1339 73
3236 72
4824 42
4675 65
5679 76
6981 81
4078 48
8970 82
7782 86
4653 72
8550 61
1702 83
5224 56
3835 80
1599 79
3247 79
9484 76
1866 43
8845 79
5905 85
5908 93
5423 71
5826 73
6880 84
4898 99
2469 85
2232 76
3718 89
8428 86
3514 85
3621 84
3926 88
3484 87
4634 45
7486 64
1189 94
3757 89
1194 87
1221 76
9185 86
4381 88
8107 87
5486 75
8887 60
6433 78
2242 85
4502 95
4352 70
1063 71
4994 89
3364 91
3019 72
2884 95
7799 77
9145 68
8269 84
6750 44
6770 98
7312 71
7083 50
1950 84
2929 77
7930 86
2665 75
4361 80
5143 85
5717 77
4504 61
1306 78
5115 84
4242 100
3132 78
3298 72
9793 88
7505 61
7175 63
9840 67
5844 74
3171 87
2010 70
2221 44
4570 72
1329 80
9223 50
2820 95
8958 74
6661 94
9952 95
1123 64
2719 73
7703 91
7832 86
1795 70
7374 70
8129 88
4470 71
7076 83
7234 83
8569 83
5071 41
9417 74
8347 79
2352 40
2698 53
1543 82
2041 87
7200 74
5989 70
5259 77
9691 87
8381 75
8792 85
2223 81
5808 74
3572 98
6248 82
5742 71
4558 74
1625 86
2067 74
1654 66
6973 59
8121 100
7773 73
5937 83
9111 92
1519 83
4927 97
2218 93
3495 48
1117 80
1327 84
3773 90
6368 77
6103 77
7889 57
3576 99
9526 87
2466 79
3249 88
3241 81
4127 70
8136 83
7774 97
9727 77
2981 93
2336 73
8956 68
7781 69
7038 88
5290 85
5454 70
6756 79
7171 75
9584 73
7143 93
8356 48
9978 76
4575 78
6784 90
4735 88
4872 67
8045 81
3480 77
3233 69
3312 89
2560 70
6535 53
5032 89
3455 76
8375 99
4587 88
5235 70
5451 92
5220 76
7966 72
8668 89
1700 78
4018 88
2482 87
6816 99
5855 98
7533 79
4786 87
8500 78
3540 90
7635 48
9051 91
2162 96
8313 70
3013 90
8996 89
3962 79
1689 92
7860 97
2164 88
5285 98
7479 42
3855 83
2195 81
8521 73
9026 71
1008 77
9996 88
8118 89
4640 60
8426 91
3633 88
7636 65
1607 75
5078 80
4689 80
9472 75
2614 72
3754 52
5922 72
5312 79
6954 80
4376 92
7601 77
7364 93
4240 88
6369 58
5204 81
7103 74
3408 74
3922 97
7227 84
9915 100
7306 86
6454 82
2758 55
2523 81
6898 72
7675 91
1390 71
1597 52
1369 71
8540 85
1482 87
1633 82
2004 95
7911 88
1059 63
3000 41
8971 73
2013 84
4731 89
7810 82
2571 72
8568 75
6071 93
9703 91
2902 99
7008 86
1554 80
4117 86
5831 73
7108 75
3887 91
8250 87
6526 74
7052 72
6968 81
3336 78
2635 70
8749 47
5164 89
2047 73
5632 84
5985 84
1548 44
8326 67
6931 92
8316 96
2822 97
1328 86
2253 70
5432 86
3838 91
9688 72
8554 60
8922 50
5771 49
1440 79
3959 75
2465 89
2453 89
9869 82
3767 77
9042 71
7473 75
9798 83
2395 80
6392 85
3923 85
2813 70
3417 66
1100 88
7514 99
3370 88
7840 61
1007 69
4094 83
3979 76
6824 91
8444 74
4909 79
4460 72
7199 61
7751 75
6516 63
4539 88
7893 95
7529 87
4874 65
9064 83
1844 87
7094 73
4694 54
2703 87
4132 71
4433 87
5056 86
3925 91
1264 85
8111 67
7851 77
7836 97
6967 88
7523 85
2347 91
7267 79
2097 82
2081 86
3932 72
3083 63
4282 96
6952 77
7135 72
4281 70
7968 86
2141 84
7044 77
9656 70
6020 83
5463 85
2470 96
1708 48
3861 80
5958 86
9593 57
3522 75
4170 74
7118 87
6721 78
2279 46
2733 73
5090 79
1357 81
4555 57
7354 87
7238 75
7994 73
4648 72
2428 76
4166 88
6353 61
9556 71
7452 87
2849 84
5653 89
3518 71
5664 74
6823 79
8262 86
4422 65
7421 70
1112 78
6096 81
9448 69
2019 86
5357 87
6496 64
8774 84
6003 84
7830 71
2323 88
2364 70
7353 47
7689 73
1812 78
6179 100
8081 83
6853 88
7898 52
8638 83
2972 87
5415 61
8288 76
6098 53
2286 42
7012 70
7555 72
8210 97
7987 76
4547 64
4451 43
8209 82
3934 78
5780 72
6089 72
4708 83
8633 76
4430 93
8340 85
7904 96
6558 81
1213 44
2008 78
8439 87
9973 84
3429 81
3587 70
3971 92
1745 94
1256 86
9726 81
7692 78
3215 74
2556 68
7826 71
8070 84
7986 80
6435 81
2647 84
6596 90
6876 74
2785 85
9007 97
1600 71
7572 80
1370 76
2504 93
9785 72
6381 74
4810 72
1927 72
1382 79
7995 70
9124 77
7747 65
2770 63
5019 100
3799 88
4613 86
5024 76
9242 81
9857 90
4432 69
3015 53
6220 86
5798 87
4789 76
8387 97
2379 70
3472 75
1928 45
2166 82
9389 81
3596 54
4480 40
7325 59
4011 87
1873 98
5420 71
6375 87
7271 95
8280 84
9702 85
1615 61
1271 83
4844 89
1019 82
4969 79
4309 82
5105 89
2054 83
3703 82
8875 74
8617 80
9195 81
7159 81
3432 64
9281 84
7391 75
6679 70
5248 83
1423 77
8207 79
7538 76
6974 84
7181 74
1434 76
9544 81
5840 68
9701 82
7819 92
5972 83
8151 97
6199 92
4521 73
3273 71
7879 87
1083 94
9098 91
8676 70
6077 74
5685 78
5523 79
9234 78
1712 89
1709 75
3859 61
7269 55
9165 83
9167 50
6701 89
7825 85
9820 64
1062 83
1754 52
5725 74
3160 94
7618 79
5361 73
6234 97
1523 92
5557 75
5696 86
9046 76
4137 98
3713 82
5443 74
6243 78
6644 78
4522 92
4101 86
3523 46
9951 69
8266 73
2048 84
4729 84
6393 89
2772 85
1661 73
6114 78
1965 93
8567 89
4189 84
3761 94
8917 81
7530 81
6117 74
6216 61
7757 72
9797 87
4248 71
2446 75
7859 45
8824 75
3266 84
7877 82
4059 74
5570 42
2130 43
9630 89
6182 93
4307 92
7298 73
2294 74
2970 75
9292 76
7594 81
3581 85
5662 83
2243 94
9964 73
3477 76
3927 87
1468 88
6827 95
8407 67
3842 77
8405 100
5127 71
1915 71
2529 94
2225 66
4115 94
6217 72
5769 77
8885 100
2561 95
3529 97
4305 53
2994 75
6129 93
5048 84
8050 81
8258 92
9977 86
8565 83
2869 100
9566 95
3844 94
7754 72
6238 86
5689 81
2148 77
5195 79
8746 91
4359 57
3877 85
4916 95
6112 72
3751 83
6580 73
6257 45
5767 94
3391 79
9652 78
3828 61
2854 80
1962 75
6633 89
5939 99
6675 55
8498 75
1305 82
2030 79
6782 95
8858 49
5318 72
4110 71
2888 91
2128 73
1867 78
5996 91
9453 72
9344 80
2143 72
5859 84
7517 89
7035 86
2541 74
3590 82
4390 45
8886 88
9212 52
4569 70
1182 96
9789 83
6548 68
1322 57
8954 73
6860 84
4756 84
8108 54
4948 95
1414 88
6321 88
3871 87
8114 77
9089 79
9529 86
8729 70
8358 67
8153 71
4392 67
2006 85
9947 94
6993 85
2987 74
4963 70
3383 80
9756 62
3814 86
6983 71
8467 70
5020 57
3787 77
6754 99
9672 75
1170 97
7372 82
8897 89
9282 83
9748 82
3208 71
1688 85
6985 52
7084 54
8505 76
1490 83
2837 78
2863 57
5738 70
1862 97
5174 71
9730 49
9855 72
3130 79
6270 48
1734 92
4875 82
9558 97
1590 59
5616 53
6110 44
6579 80
1065 80
1518 82
9202 90
8338 85
6104 63
4323 88
8815 100
2692 71
5960 75
4626 94
8681 84
3242 82
1335 82
1020 72
6976 73
6233 50
5050 71
1403 75
9983 87
7207 75
5480 77
1193 51
5656 55
4941 87
2755 88
5501 48
1323 78
3893 78
4707 89
1598 79
6739 79
1282 78
2210 78
1233 74
9480 48
4277 78
8601 74
4716 73
8249 86
2052 83
3909 76
9462 49
1238 50
4886 81
3674 90
7014 98
3995 77
5329 91
5693 46
6766 80
8363 53
5026 73
1362 82
6935 84
3470 74
3771 86
9661 83
1347 70
7073 77
9319 89
9232 79
7078 41
9677 67
8647 71
2102 72
6109 83
9939 72
3196 60
5349 59
7679 89
8234 88
3428 99
6432 87
1348 53
2314 44
2011 85
7189 98
2363 71
4405 87
1568 99
1975 72
9466 81
7259 80
3546 70
2988 78
3687 70
7588 71
7104 79
2587 80
4053 86
2119 83
5407 84
5093 73
7695 81
4549 93
9903 78
6659 89
1805 71
5889 80
2568 70
6398 93
9471 53
7324 56
4740 75
6166 96
7704 95
6727 86
4625 70
8513 88
1892 80
9510 71
4919 71
5979 93
5252 78
5713 84
9639 70
3035 72
7630 41
4739 72
6292 93
3263 70
2539 75
9386 76
1153 59
7510 99
3425 83
7558 41
6690 84
8814 77
2916 79
5828 62
4901 88
3191 93
6298 58
7229 84
7370 78
8846 82
7632 82
6202 72
1046 48
5452 78
5700 77
7358 89
5390 41
3672 75
6413 71
4862 85
5961 81
8826 94
8615 46
4163 85
6018 94
3044 82
2825 69
1579 77
2564 87
4647 78
9427 82
5368 55
6091 99
7678 81
3476 67
8802 90
4065 91
8349 86
4553 98
4619 82
3588 88
2316 52
5677 72
5701 81
6687 80
8882 84
7641 80
1249 89
4014 71
2824 100
9274 72
4377 88
2325 76
4322 84
9229 81
8570 59
4552 79
3189 88
1244 84
6969 80
7857 82
2546 50
8559 70
3660 85
9999 62
2118 81
9415 60
8552 73
9326 72
9589 78
5554 79
9943 67
5394 44
4514 53
8068 90
8231 77
2492 52
2324 71
7397 95
3964 87
6518 67
5770 96
1005 94
1621 87
1367 78
6452 82
5884 78
3218 76
6397 91
3134 83
1758 76
8398 78
9992 86
1513 70
3875 56
5500 85
5821 78
6996 62
1825 82
2761 77
2173 77
7913 72
8942 72
8074 71
9910 74
3599 86
8780 80
6552 53
3293 83
8539 83
8143 53
8389 91
2189 79
2257 87
9892 94
1080 94
7115 99
6963 70
7894 74
5215 81
6870 82
4003 72
9759 98
1936 83
1852 88
8960 43
5530 72
6317 93
5692 81
4455 79
3209 77
4546 87
8765 73
4534 81
4286 73
7480 82
3717 79
7647 83
9336 87
1524 85
9689 86
3640 45
4531 72
1026 41
2248 70
9538 80
4590 73
5629 73
2980 88
6769 85
3945 84
1163 71
4746 46
1596 97
5474 87
9233 56
7291 100
5812 72
9784 78
7443 76
5641 73
6263 81
7057 84
3155 78
4119 92
4839 80
8821 72
2997 88
2250 78
1582 81
2821 76
8741 86
4855 87
2267 71
4069 57
3084 59
2392 82
7474 85
1848 81
2402 75
8806 99
6013 83
7779 50
9390 84
9548 82
6106 78
9409 99
5526 87
2273 72
1294 78
2843 81
6323 82
4727 82
3809 83
7141 53
6305 82
1800 83
9674 46
2170 52
7301 100
8994 83
6798 76
5509 78
4253 86
1422 91
8131 76
8626 66
4885 99
5427 77
9284 74
9456 81
2305 87
9152 83
6198 71
1604 74
5279 86
7054 85
8113 45
9467 86
5683 82
3309 70
7328 91
8263 73
6164 86
3260 61
4913 81
1267 92
8205 91
6172 72
9000 86
6158 71
4133 73
3949 62
5777 85
8606 79
9489 89
3225 77
5119 54
4889 55
3054 46
9025 77
2186 42
9932 92
2528 75
3256 74
2724 66
8725 94
7950 76
6027 79
4744 74
7566 87
6950 84
2608 73
6672 84
3584 50
9198 73
6629 76
6060 82
6461 80
8943 59
1373 86
7548 92
9132 70
2107 84
5043 88
4649 72
8620 85
4005 79
9162 70
9565 81
9045 93
3544 100
1834 89
7706 96
1105 87
2416 85
2660 80
5000 71
1061 84
9144 81
2088 75
4434 92
7212 89
4715 72
9043 74
2306 79
7650 71
9665 89
4461 73
3812 82
9035 74
5250 100
5081 70
9537 46
3503 98
4251 90
6136 80
3226 72
8219 89
1132 81
8704 50
2134 75
9732 91
3586 90
4151 86
6126 86
8946 71
6019 90
6471 96
1452 79
2163 48
3840 45
9893 100
3795 76
4051 89
8208 72
7741 75
1578 76
3183 59
4659 88
5690 71
5444 87
6841 88
6576 77
2500 74
9521 78
8092 93
7719 93
6911 97
2715 86
9662 83
4469 89
4781 92
9022 87
9497 96
1446 74
2954 78
6342 98
2664 62
1725 75
3504 77
1178 53
2616 72
8033 73
8261 74
8750 95
2654 99
3017 93
5848 82
2538 80
8803 80
9015 56
6223 94
9235 70
6989 68
7432 82
4775 89
4842 77
4545 70
5282 72
4478 72
1775 95
8800 56
5626 84
7475 80
9288 47
2637 80
5508 95
4229 76
6099 75
1337 84
6593 88
8192 81
5270 78
7037 83
4699 51
9421 84
2656 89
3202 78
2809 57
5829 87
4444 70
2396 80
9868 98
8149 79
4135 74
7112 72
9563 88
2856 72
8369 94
4427 95
1821 91
3177 87
2412 78
3734 84
9196 87
5149 78
5909 67
6329 50
1274 73
5539 94
3255 43
6175 79
9765 82
3564 76
9795 81
3459 88
7768 96
4566 86
8760 80
9949 75
6840 89
2405 85
5595 43
6913 90
1433 84
2475 85
5527 84
3936 89
2399 88
5109 98
6605 86
3042 87
2993 82
6072 76
7935 43
8277 71
7138 88
1620 85
4408 77
7907 76
9579 70
9237 83
8859 87
2138 55
9414 89
1540 79
5589 41
2642 72
6591 59
6924 73
2076 84
3136 78
5410 91
5004 68
3735 93
8360 91
4370 79
2044 88
9356 45
9879 41
8867 80
5981 79
7960 72
4944 71
6771 77
6142 42
9807 77
3985 62
3016 95
1750 48
4467 86
4798 77
1672 55
4680 85
9104 76
8117 80
4462 73
9473 85
2874 80
3895 83
8766 77
7496 96
4966 44
2444 49
5814 84
2479 72
3638 63
7531 41
4463 87
6464 96
2686 51
3852 76
6559 70
2280 83
3027 77
2374 52
4641 59
1239 78
7776 86
3667 83
4382 44
9761 80
3152 76
7075 90
9887 99
4224 69
2532 81
6556 78
3159 96
2921 68
1360 87
7281 73
5737 83
6533 99
7991 73
6786 100
5968 87
4391 70
1716 76
5878 76
5851 99
8883 79
6802 70
7243 89
9963 77
7821 71
7276 84
1746 53
3217 72
7918 70
8236 78
7745 97
4437 75
8598 94
3052 75
2679 94
4793 85
2298 74
1467 77
9053 72
8099 76
3729 78
5817 96
4274 89
5099 85
7845 82
8610 58
4008 100
2227 72
1285 89
9736 72
3229 72
2401 55
9001 53
9219 75
5471 86
1017 76
5189 70
6044 91
2742 85
9400 87
2426 89
3832 74
3867 97
6520 72
4303 40
2439 43
3573 72
9324 74
4666 61
5622 77
8359 81
6447 55
9933 100
2200 73
1901 92
2617 80
6192 98
4175 77
4458 85
7079 88
4829 73
6465 67
2862 45
1916 70
9682 71
6221 80
5722 86
8344 81
4861 76
5482 71
7320 81
3306 74
2765 78
5333 81
1584 70
7848 89
6272 40
5686 83
5902 77
3497 85
3211 72
2661 95
8048 83
9464 72
6268 81
9434 84
1613 61
5067 50
8470 70
7855 67
5610 100
4698 71
2604 71
8487 82
9975 71
9492 79
3304 87
6411 93
9373 78
4931 75
9884 70
8167 54
8937 68
4062 86
2914 73
2431 73
2353 88
4195 73
2215 89
3355 79
8379 74
6649 40
3272 80
5881 71
1471 95
2515 51
3343 87
9809 85
2509 84
2907 72
4543 83
6575 93
4500 71
6127 96
6451 73
3404 76
5694 51
5173 83
6014 84
2976 100
7426 75
8756 78
5744 83
2774 97
3067 97
4468 96
6183 93
3996 54
7344 88
4608 64
9993 78
1018 99
7169 47
2971 41
2108 76
7173 74
3707 81
8848 71
8028 91
3485 77
5667 96
7992 71
2018 87
3748 74
5856 75
9586 83
1079 82
1421 78
9398 76
1652 80
7011 61
2517 64
7254 87
8597 82
2231 87
5691 84
7470 77
9208 77
9468 83
6887 96
7567 52
6614 94
1675 88
1581 70
9733 86
8649 94
1575 100
5165 84
3020 82
4243 71
8794 70
2684 72
1710 74
2699 77
2459 77
1736 79
9362 85
9150 80
6049 71
9827 43
4144 76
6190 79
2700 87
7905 70
3764 87
4084 75
9886 79
7892 71
6107 84
4499 48
6511 96
4873 82
4617 96
4026 43
6587 79
7068 100
6638 78
5799 78
2544 88
3166 82
9014 94
6589 67
1662 40
9788 81
3006 75
7010 84
7248 96
7188 96
1818 50
2871 75
6826 56
9142 65
9431 77
7800 89
7658 64
8259 81
8604 86
9751 89
9506 92
8948 100
9099 74
8067 76
3848 52
3864 46
3967 83
1476 87
9209 88
5191 79
2456 86
9986 71
8822 85
8982 83
6914 71
6653 85
3834 60
1069 80
2593 88
9443 83
3641 84
8593 89
6668 81
1637 64
2285 78
7146 77
2632 95
8541 98
5365 62
4505 59
9919 86
6586 76
5244 80
9895 80
6422 97
8655 72
5590 94
7941 87
5823 82
7937 60
6167 61
6674 44
1484 79
4550 70
8252 92
3849 72
2787 84
5417 72
3125 76
5782 94
5359 75
5010 77
5336 85
8712 78
1417 95
8670 75
8031 90
8017 49
4436 90
2413 65
7634 73
1385 77
4712 67
5746 76
4204 78
6868 75
8314 46
4021 83
6063 50
6307 89
3912 83
9441 80
3511 46
5775 42
4770 97
6424 88
4501 80
1809 76
9115 84
6741 75
7652 49
6745 79
5620 84
4476 56
2092 66
3701 97
3179 77
8282 84
4953 55
8902 61
4212 90
3663 81
1460 87
1669 70
7952 50
6628 85
5894 86
9937 80
6242 76
6148 71
7953 53
7521 83
8930 74
4420 78
9889 73
1507 86
3124 83
3405 97
5888 91
2565 84
1395 52
3943 72
3466 84
3536 87
8715 73
4538 95
8273 78
4877 64
3652 94
6808 58
3863 87
4095 72
8707 90
3607 83
9810 86
2153 86
6472 71
4790 87
6016 98
7064 94
8501 85
6168 79
2371 67
9090 76
7971 86
2578 86
9664 93
5448 71
7710 71
5113 55
1413 84
4088 84
9259 50
7289 74
9171 77
2950 94
7441 85
4222 70
4074 68
7231 95
5008 72
9524 87
9880 76
2975 75
4278 78
6779 74
5434 74
8312 75
5827 74
8661 98
1186 82
1576 81
3960 61
3107 57
8769 91
3025 82
4007 77
4713 57
2818 42
1173 89
4429 83
1942 89
7738 78
9836 79
9576 94
4973 73
7613 92
3898 77
4582 65
3973 89
1614 88
4141 76
8040 83
4197 67
6177 41
3322 81
5393 71
2550 88
1216 89
6287 100
6149 84
9778 93
2418 81
3374 78
8464 72
6420 92
1279 77
7018 89
2673 99
7582 80
7977 42
8923 94
5027 84
3482 65
4159 85
8308 81
2483 96
1610 85
3565 85
9072 76
9509 92
7940 46
6921 47
6926 81
5262 87
7330 78
7699 71
5711 90
2114 96
5754 76
1030 89
8873 91
4265 78
3818 89
5330 91
5545 89
7721 78
1780 83
2378 70
6512 86
2548 87
3549 73
6330 95
9554 64
3435 82
5230 74
7764 88
4325 88
5070 78
8622 74
1432 83
5403 58
5577 42
5597 71
1658 76
8931 95
4833 89
7765 86
8125 76
8588 99
4223 94
5045 66
1185 73
7645 85
9444 89
1545 83
1855 55
5668 75
5154 92
8007 87
4938 81
8730 97
7761 49
9882 70
2743 98
8175 85
5202 89
5269 88
4010 83
9871 81
6284 77
3205 44
8861 77
6632 78
7623 83
8406 82
8198 94
8807 88
4957 81
6351 85
9848 75
6354 81
1871 57
1718 70
9275 86
8038 79
9315 90
1428 71
6191 73
5751 92
6095 89
9418 59
7917 86
2609 81
5120 73
1276 89
9283 87
6412 73
7414 73
7502 72
6508 87
5535 83
5197 80
4763 55
7341 71
3103 76
3377 80
2865 77
3500 80
3612 48
6067 82
6688 79
2406 79
5449 93
3766 58
6421 54
5846 51
1976 78
5077 40
8100 84
6001 95
5924 100
1699 71
2304 88
9984 86
8422 83
5327 88
2678 90
1290 41
8819 45
6908 85
1184 78
9813 87
1025 87
8457 87
2941 41
8645 84
9163 82
8981 80
3419 81
3115 82
7497 82
3677 89
2695 84
1010 88
4355 80
1334 95
1739 88
9368 72
6572 79
2167 70
1772 73
2861 96
4118 76
6753 64
8442 76
9052 76
1875 93
3190 51
5288 58
6692 80
2062 92
7029 70
1108 70
1693 75
1747 72
5246 77
1341 61
1822 88
6622 85
9553 88
5755 98
8648 78
7815 59
5326 79
7471 42
7245 61
1500 40
6792 67
2819 86
6210 41
8998 72
9755 83
8265 92
8870 87
3913 42
5870 83
1296 90
8026 80
9021 83
1899 80
7958 87
7998 76
8172 72
9423 72
9839 57
3384 84
9629 84
7186 75
9087 55
3827 75
1314 100
3556 58
3316 99
7061 59
9522 85
8315 70
6513 84
3038 53
7795 98
4079 82
3111 86
2109 87
6400 95
3908 89
9699 88
1284 81
2372 75
5665 70
1378 92
3889 83
7939 77
1591 100
8228 83
1364 82
7552 44
6617 93
6028 81
9033 77
3238 91
4048 86
9829 68
3916 70
9341 45
1841 74
9351 71
5049 78
9173 98
2926 67
2222 100
6061 90
6590 84
5893 86
3412 80
5904 81
6523 95
2193 74
1913 85
6423 91
3706 84
9290 71
9956 77
6295 80
3357 81
2892 52
7415 78
9923 76
1455 88
9308 83
2066 87
1085 82
3106 83
5130 79
5791 43
1963 84
8752 68
6564 70
2145 79
9094 95
6196 79
4288 85
5430 88
2636 78
5576 80
1003 43
1635 76
7001 71
9110 74
7628 86
5058 83
9739 100
4156 66
1752 91
9716 74
6693 96
2367 75
4579 93
2485 76
6445 85
1240 87
2326 94
3221 79
1914 58
9050 90
6325 85
3537 72
7482 89
2026 82
5978 98
1359 86
7367 70
1188 99
9013 86
3119 80
5029 78
1142 73
5281 85
4139 71
1111 70
8461 77
3930 71
2806 70
5847 75
2847 78
2045 82
9818 86
2373 47
9210 86
9130 79
7303 77
9457 74
8159 57
7579 85
9006 78
2461 74
6358 88
1728 71
4559 55
5424 81
7463 90
3318 86
4181 70
1133 70
4914 88
8710 76
6111 76
3139 41
9603 86
1697 88
2318 95
6053 77
5655 93
7612 83
9074 78
7422 70
2376 71
6839 71
4533 67
9366 95
6814 91
7335 79
1412 89
8720 81
6462 84
6785 75
3833 68
4036 84
6122 89
2606 62
8073 83
8299 81
6861 92
3505 50
4687 73
7927 80
4899 42
6348 84
8664 87
3219 100
2252 100
9610 61
9091 64
6634 72
4524 83
4134 84
5839 79
9314 85
9901 99
7586 58
3161 84
9241 75
7925 98
6372 85
6542 90
2090 89
2760 76
6280 93
8206 77
8116 99
1889 75
7813 89
1542 71
3043 77
9971 84
5903 60
2551 43
8307 84
3028 99
4396 86
5584 72
7451 82
8466 86
5014 68
1893 74
3181 92
9631 81
9766 42
7340 74
6635 83
4409 77
4009 71
9377 85
7814 83
1786 57
4272 53
7021 78
4845 57
2198 74
9038 77
2063 85
2480 100
2149 44
4400 56
9342 81
2542 79
1103 76
8443 54
9394 91
9207 87
5898 80
8082 81
7272 77
8695 83
3696 84
9067 43
7191 85
8495 80
8537 79
1601 84
6235 81
4346 80
4507 77
4688 77
6764 82
1956 93
7442 68
8748 86
9518 80
5986 81
9564 98
7551 86
4593 80
5473 60
5011 84
3475 49
9966 76
9546 45
4262 71
7305 87
5102 89
4664 72
6335 93
7246 83
9347 98
5708 81
9413 80
7178 75
8429 70
6842 92
9037 84
5476 87
6396 89
7336 89
3492 85
8613 99
5309 45
6282 79
6300 73
5720 78
9178 42
9114 73
8674 82
4940 79
2391 81
3099 80
6245 97
9246 84
6492 96
5405 58
9487 73
5987 70
2803 77
6249 91
3066 88
7215 56
5583 80
9534 89
5970 83
8656 82
7034 72
4799 55
9864 89
6144 99
1995 79
4075 76
9003 74
1439 89
5073 90
7962 70
5116 78
4983 87
8793 55
7834 71
1313 70
8458 77
4495 92
2172 97
2211 52
2357 76
5233 41
7140 53
2358 73
6387 84
5541 77
1058 76
9621 86
6222 71
1645 82
5807 70
6425 72
5772 89
1945 51
6578 100
6214 89
9609 86
4497 73
7906 75
2295 79
3594 88
9762 85
3896 72
8924 72
2900 70
3955 70
5276 85
6714 77
1684 96
7137 84
7161 79
3742 87
2463 76
4604 96
2687 78
5618 79
4888 89
4728 77
3684 80
5614 86
1714 86
3774 75
9214 80
9511 97
4527 73
6228 88
8135 57
4787 73
4256 81
2327 73
3147 74
9920 78
8581 77
1487 78
5128 84
6352 83
7375 83
8691 72
8851 41
3243 100
2283 80
7373 57
4677 84
5869 70
5561 42
9648 74
3709 95
2610 76
2622 57
9557 77
3331 97
4605 83
7983 87
7611 79
9381 44
4109 78
2721 99
7217 81
9113 55
8388 73
4182 84
1013 92
4574 88
4464 75
7619 85
7228 87
3954 54
7201 58
2005 78
6680 80
7667 90
8052 82
9096 68
5580 76
5124 80
4103 58
8043 76
8120 86
6185 88
8150 76
2233 75
3060 42
8582 71
3080 70
6619 42
7469 70
6362 77
7725 44
2039 100
7226 97
7668 82
1293 56
1404 75
3788 49
6043 45
2002 71
9503 76
3071 84
4747 97
1391 79
7368 56
7455 90
6011 89
4085 80
8420 70
6941 75
4662 85
7606 82
8869 80
3003 65
1920 93
8041 42
2845 72
7700 82
7300 70
9260 97
5013 78
7491 42
3740 83
5716 75
6616 71
5505 73
7182 91
5428 78
1751 70
5994 74
8013 89
2194 73
3224 78
6673 81
6890 74
7720 83
7798 76
2053 47
5025 73
4089 78
3409 64
7119 76
1979 87
5347 72
3034 79
6697 54
4188 87
1304 71
2913 41
1488 86
8627 75
6730 85
9779 97
8653 78
3756 79
1150 74
8503 79
8543 84
4061 71
7663 89
6965 84
2555 91
5951 89
3378 94
6611 79
7978 79
6932 95
3798 55
4402 96
4357 99
1217 96
7556 98
6783 99
9059 87
2355 80
3823 43
5342 71
5123 51
9047 71
2582 75
1534 93
6340 87
5537 86
9159 50
1344 72
9622 78
8479 80
1536 97
5810 79
2384 89
7861 70
2032 70
1741 78
6294 71
2953 80
7125 70
6514 86
9938 72
9683 75
4168 85
6978 86
5492 73
6869 89
9907 99
8643 87
5419 99
9088 54
6584 73
5472 86
2464 98
8075 91
2525 77
8520 81
9153 71
8607 76
4780 74
3490 70
7672 63
7775 64
8836 70
4629 73
5227 90
3891 100
6015 84
4297 84
1138 92
3953 74
1081 84
7102 72
8871 74
7232 55
5378 70
5214 74
1744 77
5654 73
7735 55
8225 48
1934 80
6429 76
1073 73
4541 49
5373 71
2244 99
1272 97
1074 60
3164 88
2359 48
2779 84
8024 50
3123 84
6455 86
5613 87
1070 75
3804 86
3931 84
9596 43
4738 93
3381 83
7481 76
4214 94
8759 69
7020 79
7559 85
6838 76
1203 84
2001 72
9790 70
6326 75
5718 85
6909 45
6118 94
7030 89
1977 80
6997 89
8866 88
3509 84
6237 77
1210 72
8408 82
5649 81
7507 71
9254 51
2895 74
6227 85
8343 100
1969 81
8686 80
7865 85
9369 88
6042 83
7691 85
2297 77
4535 77
9817 65
2007 90
9498 84
1002 87
3281 78
9865 89
2160 80
3158 87
6724 89
5186 82
9659 48
1783 62
3499 73
8035 57
1396 74
4811 75
7736 81
6545 87
8603 75
1602 82
1047 78
5830 55
2414 100
8053 73
9704 65
4863 88
1895 93
4457 85
2754 59
7780 91
6474 87
5085 92
4769 75
5200 88
3977 82
9685 76
5362 65
1147 85
1832 61
6173 86
4782 74
8678 94
4563 83
2105 84
8004 70
4987 66
7622 94
5524 85
7440 78
9481 60
4171 70
2859 83
8976 74
2762 84
2205 63
1346 58
5167 56
8778 76
4907 81
3785 100
4013 87
5239 76
5680 75
4108 45
6720 84
7688 80
7206 81
3262 79
4199 98
8109 86
4311 79
8071 64
5990 90
5672 85
4925 73
1356 79
2643 59
3317 78
5796 77
9247 76
1531 86
4849 71
5515 51
2709 95
7006 84
7972 96
4160 89
5669 83
8763 98
9646 77
6312 84
5818 68
9805 82
2691 75
4314 82
9693 81
3046 78
1292 89
3589 74
7334 72
9676 71
3095 80
9469 100
3999 87
1122 79
4241 64
3605 83
4407 53
6338 78
3267 82
4337 86
5698 55
7005 83
2077 98
6626 96
8281 71
7022 78
3881 79
8350 76
9204 49
7607 75
5226 54
6363 79
1376 81
6618 50
8801 91
5479 76
8036 84
9357 88
7142 61
6943 99
9306 57
5038 92
7277 88
2763 76
1698 84
6163 91
2251 84
3086 89
8544 78
3519 74
9226 85
7604 86
3739 88
3808 76
1857 91
6320 70
1380 74
5272 100
4880 91
8927 89
2619 80
9508 49
8201 87
8573 73
4607 81
3775 92
7285 87
4616 80
8972 42
9637 74
1595 63
8591 84
7241 87
9908 75
6087 95
8302 80
6930 67
6560 40
7308 63
1283 74
7388 88
4247 71
3275 79
1880 80
6915 73
6964 92
6972 41
2017 83
2321 58
8574 87
2043 94
2586 89
9069 88
4838 77
3593 67
3442 75
2212 46
9183 70
5152 80
8936 65
4814 43
3438 80
1072 71
5404 86
8837 95
8438 65
5816 51
2901 96
7154 62
9309 97
8357 78
6125 71
8069 89
4918 77
5131 72
4603 73
9745 88
1175 82
4477 76
1647 87
4921 98
8944 78
1985 73
8243 94
8891 48
8006 82
5384 43
4734 88
2015 82
5144 78
8934 72
7315 76
9445 78
3520 82
7348 78
8719 57
7273 89
9823 87
6279 79
6627 77
9030 74
8771 74
7709 75
5413 75
1930 83
6737 76
9023 89
9781 77
7989 82
1794 43
3542 77
1332 84
7644 80
5740 72
1777 64
1606 85
8856 95
7868 95
7060 89
3489 85
4449 82
5134 78
8538 71
2093 68
9093 73
3430 80
9694 75
9258 74
4623 83
1200 81
4766 54
8817 86
4060 96
5055 99
5681 92
7786 79
8298 97
1389 88
3371 77
6139 71
3957 78
4621 80
9488 84
3029 78
5316 82
4556 67
7560 93
8840 55
1208 90
4588 72
1448 75
3114 82
5733 78
6047 80
4622 96
6893 98
8105 74
3624 90
4835 66
7150 44
4471 96
1787 83
5991 78
4324 72
5147 94
6021 76
9446 82
2333 66
5088 73
2939 77
4551 49
4757 54
1515 86
9802 82
8235 92
8279 74
7490 77
4269 73
5245 83
3206 74
6140 96
3352 98
1420 82
2241 91
5750 86
6900 75
4252 90
4244 71
5952 42
3929 49
4773 76
3625 75
2646 92
9370 44
9998 70
6501 78
3515 83
8754 92
8798 96
3561 81
5897 81
1121 67
3354 75
6478 83
1098 60
1533 83
2471 73
1954 97
2204 83
6998 67
8371 82
4317 82
7346 83
7640 70
7151 85
3919 85
5724 68
7131 50
9363 55
4774 83
9917 100
5910 51
1933 76
1033 81
4090 76
9034 83
5317 83
5331 73
8632 86
8713 68
1288 86
6205 79
3244 86
4934 83
9571 89
1167 81
5983 78
2860 72
9515 69
4568 47
3760 86
3137 71
1261 83
6832 74
2169 98
5106 82
1593 85
6948 89
2229 81
3382 43
1686 86
8037 85
5959 82
5236 85
9536 82
2343 88
2887 77
7728 96
7777 85
1052 45
5346 78
8571 74
1868 100
5594 59
8530 70
7758 87
1151 75
9799 94
1481 85
5118 93
5003 88
9898 94
7979 47
6723 84
9136 81
6064 83
2284 81
5280 97
5556 52
4183 84
1884 72
9768 81
9581 78
1405 81
4443 71
5301 76
7500 79
5522 76
9650 48
8843 44
3090 96
4492 94
8536 79
3608 46
7888 71
4564 87
3483 70
5338 88
8787 79
2872 76
1242 80
6718 83
3762 71
5982 49
1463 96
5650 89
9543 72
3510 84
2457 71
2016 99
7789 77
4759 62
3290 71
6817 68
6384 89
5436 81
2012 99
9866 74
7047 82
8532 74
3924 88
6536 63
9117 78
1235 73
6953 80
2897 92
2501 71
4669 76
3277 46
9009 75
3004 79
6854 46
2891 74
4491 91
3531 80
7296 89
1286 86
5084 91
3732 73
6807 86
4082 78
1176 87
6297 85
3857 80
2287 93
1729 88
7237 76
8773 75
8401 84
7317 100
4939 75
1687 100
9897 83
1670 85
2516 80
6991 86
9597 98
9349 87
8226 82
3386 77
8415 86
8914 78
1814 79
6749 86
5351 99
7105 91
9129 71
8731 99
5321 98
2508 75
6440 83
4198 81
6105 86
9863 49
1557 82
5435 81
5228 81
9231 77
2873 90
5891 87
9329 80
1444 72
3265 57
2558 94
5161 87
4394 72
9514 92
8002 76
6877 94
7805 94
7680 70
4210 85
5076 89
2429 71
8654 77
1140 73
6120 77
8578 72
4047 85
2581 85
9922 81
2383 97
3087 74
5348 76
8687 82
1853 52
1820 87
7723 94
7386 71
9502 87
8042 71
3826 74
5059 93
7920 78
4373 66
7339 81
6296 85
8652 74
1784 98
7337 82
3178 74
9912 82
2680 86
1246 73
6314 89
1498 72
8679 71
3300 100
4258 79
9131 70
7400 77
6265 78
5560 71
6713 92
4654 50
3113 83
7365 84
3692 92
9276 80
9279 83
5225 85
1168 48
3421 68
5890 87
3851 91
9505 89
5381 97
3195 78
8008 61
4255 79
6979 95
2425 89
8576 55
8888 70
4417 75
7657 80
1856 88
2474 71
5609 84
4459 73
2219 84
2594 75
4004 95
2288 72
1592 83
7534 73
9382 84
7595 40
7016 48
7842 100
1343 82
3232 83
5956 76
5520 82
5104 76
9403 71
9192 76
4668 42
7361 71
5938 87
4029 69
9027 76
4284 82
9106 81
4748 81
6522 97
9601 40
6878 83
2766 49
8938 83
9931 73
6097 97
2793 92
1555 99
1137 66
1415 83
1438 81
7561 79
9890 97
2184 50
5625 73
9322 82
6746 88
9176 83
2575 94
5425 100
1882 83
4576 52
6022 54
5256 94
7379 80
6337 43
3156 75
5072 83
9217 94
8831 77
7746 87
9289 70
3825 85
6809 85
2427 78
8063 88
1627 77
1381 81
8580 78
3330 83
1886 51
6162 81
5845 72
7195 77
5481 67
3457 70
8224 63
3448 62
8301 74
5727 78
1250 93
3234 78
9343 43
4015 99
9822 96
9154 48
3609 83
2644 84
5053 84
3903 43
5360 73
9251 49
9139 95
7550 76
1944 78
2652 44
7702 72
9519 60
4138 76
1983 80
7187 76
7608 94
8142 93
2667 83
7416 94
7589 78
2886 73
6966 79
7760 74
8951 81
9482 80
1722 81
1269 81
8594 86
6767 83
8906 75
6430 88
3498 93
4917 84
9644 74
7036 83
8964 87
6818 76
9112 82
6343 71
4924 96
9054 80
3487 92
9861 75
8370 45
7874 62
5396 86
3966 88
4965 69
1988 71
4254 84
9133 81
4843 86
6128 52
1245 78
6336 83
9594 72
9911 94
5033 61
4028 78
7824 70
5631 84
8963 85
3426 73
7948 76
4072 58
5993 86
6048 84
1527 53
9270 81
4710 84
3534 88
2607 76
9883 78
8915 78
5967 92
1667 77
4511 84
9638 71
5699 83
3268 77
2086 65
3993 81
2342 70
7351 89
4947 77
1694 77
2890 92
9123 73
4403 59
1436 73
3061 43
5592 88
4676 77
6975 93
8090 80
9346 79
3110 86
5528 88
5854 94
2853 87
6623 79
4636 82
8362 89
4350 59
4572 66
3743 87
5172 83
2331 86
8743 85
5636 74
7801 88
2438 87
5137 89
4827 98
8889 80
9269 51
9244 74
5587 72
9580 67
3112 76
5315 78
5332 79
7110 80
2999 82
3009 84
2256 45
1793 74
8680 82
1961 70
6776 55
5784 72
1630 100
7943 78
4930 73
9012 72
6273 68
9404 91
5142 65
5929 85
7569 80
1431 100
9126 80
6889 91
4767 74
3192 80
1978 52
7932 100
7387 88
2534 57
4057 76
9175 73
4937 95
6677 78
9361 76
3347 77
8404 40
8134 76
8616 97
4200 99
2422 81
9841 77
5915 97
3076 95
5037 87
8717 90
4315 89
7180 87
6918 73
9470 74
3070 93
8911 69
2747 75
2666 99
9230 84
8865 44
8983 66
2611 73
3901 76
2398 71
3631 73
5422 93
5180 55
7055 78
3862 84
7829 78
1951 73
7915 93
6197 71
1704 74
8949 94
6910 83
8585 90
1833 48
6859 86
9261 71
6982 76
9450 92
3846 73
9976 79
6706 80
1091 55
3817 71
9236 80
8181 75
4454 76
1206 71
4876 93
4706 74
8528 91
8515 76
6694 75
4656 88
4678 75
4516 78
3723 87
3989 73
9345 97
8993 57
7170 74
2356 72
3388 80
2224 71
7511 96
3264 99
7130 77
5129 74
4162 93
1218 88
3204 80
9465 77
1130 84
7360 85
5477 81
5593 82
6685 95
3169 77
8611 75
6416 96
7549 71
5926 89
8671 63
2432 82
8182 85
1429 74
6959 50
2693 76
2638 90
9811 72
4685 83
6306 81
3637 54
7082 71
9491 77
6698 89
7160 95
9325 65
7543 96
4985 59
5418 89
1926 96
9174 85
9166 68
3784 98
9170 72
7449 73
7257 88
1829 71
8564 61
2234 99
8516 72
9651 95
9660 87
6607 85
9569 73
6319 77
1960 76
4697 86
6529 78
4348 81
2084 73
6815 88
3646 76
2659 74
3303 79
2073 89
8482 53
9539 79
5320 71
4234 87
7730 74
8164 74
8096 89
5964 95
7013 72
5190 91
3329 89
4803 85
8272 58
4112 76
3392 83
5645 51
5379 87
1119 70
3885 78
3462 75
7908 86
6866 93
6073 100
4124 80
1342 77
3643 73
5498 80
3288 74
1461 75
4192 78
7230 76
3033 44
8110 94
7934 44
4418 74
8469 85
6987 71
5567 64
8640 82
1505 70
5211 78
8783 80
7547 85
2959 96
1813 76
5470 68
9858 79
4196 78
8786 99
5237 65
7019 88
8820 58
7871 72
6682 78
2271 72
2956 87
8323 89
3888 78
8238 99
3579 87
3294 85
2807 86
9791 82
1268 71
3656 65
1340 93
5110 96
7059 82
4321 95
7197 87
1127 70
8384 74
2009 77
6652 47
6402 74
9310 78
1001 73
9303 69
4650 77
4410 63
4980 75
1847 79
1402 55
7743 44
8775 72
5467 88
8179 82
5586 75
1443 89
