900 319
9921 85
4916 83
9615 81
4692 87
8896 77
5828 43
4362 82
7115 75
6725 86
3608 72
9079 47
6716 72
6490 78
1165 85
8670 62
3650 73
3212 74
2877 58
1329 80
9706 82
5140 70
2311 77
4952 74
2740 68
1583 87
8948 78
5000 84
8483 58
3415 88
4644 88
3856 76
8298 72
6384 64
9724 81
7616 71
7840 82
7739 87
7080 74
7909 99
2904 91
2101 80
6510 89
3873 70
7969 82
7729 75
2062 82
6794 72
6590 70
6094 79
3983 63
8377 87
4770 88
4027 85
8707 83
9509 82
9532 87
2540 82
9483 84
2633 83
8835 78
3645 93
4159 65
1664 89
6154 88
4268 81
1945 86
3490 85
3053 88
1307 50
2579 76
1981 83
4882 89
5820 70
4831 85
3130 74
2542 92
7203 79
5711 53
6674 74
8992 83
9283 70
4283 80
4404 81
1429 81
5937 77
6690 76
6894 84
8864 84
7367 73
3346 84
9717 79
4749 71
3370 82
5347 72
1625 44
5427 81
3580 80
3877 91
1931 62
4418 82
1499 96
8714 78
4163 76
1998 76
8063 72
8905 79
5833 80
4329 70
5386 86
1919 70
9212 95
1186 86
2171 78
4752 87
6292 95
6389 86
2819 92
2903 85
8111 85
8299 99
5713 64
1748 78
5066 81
6596 93
9120 77
1242 74
4686 85
2792 87
6527 47
9962 83
7827 83
5317 97
5585 75
8074 75
6786 87
2842 85
2392 86
3659 95
8660 75
4290 85
9128 72
4164 87
2827 72
7801 89
5719 73
9811 75
2194 88
5922 51
9343 82
9513 73
2058 77
6568 81
9861 79
5930 74
2278 95
4928 82
4537 97
2981 77
6694 83
2544 82
6848 92
4784 73
4122 83
4038 86
7562 97
3642 84
4536 59
4884 70
9241 67
2111 77
4260 84
3202 77
2342 81
8094 70
8617 77
4944 73
8172 74
1050 70
9879 82
1259 88
6680 61
1825 68
6058 71
2625 78
2047 70
7444 81
8906 76
9454 85
4179 70
6249 74
2569 71
5194 89
8238 85
4869 76
4107 91
8250 80
7509 99
5293 79
3622 85
8824 81
8731 45
9406 86
8884 75
5967 88
1230 77
3107 75
1114 81
6135 86
8022 77
8272 83
3917 54
8576 73
9949 78
2573 86
1634 83
5992 70
1882 49
8799 78
3740 79
8334 77
9937 86
8134 52
2873 87
3241 90
6101 52
9996 76
8708 74
1483 85
6496 81
7082 78
3414 100
7298 79
1157 81
2453 85
8271 75
6761 80
9393 72
9060 90
3734 82
7475 79
7657 71
5465 71
6437 74
9168 89
9355 88
6499 76
1365 99
3150 80
5387 73
6853 73
6977 87
2837 71
4930 44
2662 75
6978 87
5319 90
3825 67
5724 87
1767 89
7906 71
3387 86
3710 81
7658 61
4833 72
6305 84
5626 83
2606 85
7124 86
3263 79
6153 43
1672 48
7286 62
5521 78
3486 76
5818 82
7611 89
9482 79
4409 90
2988 93
1557 95
5644 84
9063 46
8425 88
2884 57
1480 99
8292 72
6114 92
4317 93
6572 88
4777 83
5882 80
3747 50
7288 89
9104 70
8498 49
8875 84
7173 74
6931 87
2684 56
3878 78
8388 76
6542 87
4693 83
7157 89
7795 83
8054 94
6858 74
2503 85
4873 47
2108 85
6856 72
5789 52
9462 88
9729 70
6209 83
3627 89
2568 75
8363 67
7362 40
2786 75
8856 85
8907 66
5489 62
1005 77
9519 72
4012 79
2795 76
2920 87
6465 77
9972 81
7372 85
9417 90
7802 97
9010 77
6164 91
2387 51
7855 100
9913 82
6508 89
3434 81
8125 97
9277 96
7514 71
2449 77
5262 83
2946 81
6039 76
6170 66
1573 84
8663 49
2555 80
8891 74
2279 98
2737 84
9197 44
8750 86
2044 55
1947 72
1159 77
8052 80
5925 71
4890 89
3161 71
9854 69
5901 76
4620 52
3363 85
7400 74
5118 88
6346 72
3452 87
8419 77
5286 74
1154 87
8684 72
5454 75
2280 55
5612 81
6839 86
6895 86
9652 72
8055 73
4609 55
4557 70
4583 82
7905 89
4483 77
7085 78
5998 82
7255 79
5207 94
8015 94
6086 82
7062 84
3401 87
9660 92
7711 100
9554 66
5041 85
3598 83
3338 71
5983 82
2383 81
3503 72
3599 63
1409 74
6775 48
9307 71
9834 71
3893 80
2796 81
9385 73
1901 55
4115 87
1714 46
7205 42
6179 56
9550 66
8157 86
6299 74
9751 81
4000 86
3576 75
5918 87
4372 73
8460 77
3867 76
6943 83
6666 76
3597 89
4946 82
4630 70
8962 73
3231 76
2780 71
5216 52
3494 77
1388 96
6691 49
3644 83
7123 99
9955 73
6930 87
9557 74
9514 77
4589 70
4203 86
6173 81
2109 96
5422 84
5096 46
2115 75
4345 81
8649 76
8662 75
3986 89
9560 79
4562 84
4948 63
5622 84
2403 89
7549 88
7388 75
7503 81
8758 94
6652 83
7798 88
3528 71
3520 74
1922 88
2532 80
4518 55
4551 93
1912 77
6558 81
6594 76
5587 71
9249 79
4132 82
9159 84
8322 57
8360 43
9587 58
3870 71
8598 77
4176 93
1436 87
7170 74
7844 74
1838 50
9620 84
6344 79
7597 89
3582 80
8260 76
6089 89
5498 70
4382 92
9119 73
5003 82
8878 77
6803 93
6870 79
5894 100
9389 70
8596 54
1281 100
6998 89
7474 79
8212 72
9767 87
3320 84
1972 72
5890 72
5575 82
7171 86
2694 79
7275 94
6503 77
7517 61
5459 89
2432 70
7679 98
8079 95
8227 98
5112 66
2076 96
5036 86
5729 73
6837 49
8082 47
1491 62
4272 50
5270 95
1306 82
5451 92
9318 40
1317 94
8472 76
9001 71
5438 82
1589 71
1936 81
4472 76
4451 52
1813 52
9058 89
9578 86
6485 90
3314 83
5220 77
4854 87
9641 84
9776 84
8338 95
2798 73
9341 62
7491 72
9137 70
1282 94
1105 90
4920 73
9916 81
9780 83
4326 94
9065 87
8982 70
5544 81
8517 86
7892 73
1655 79
1857 92
7648 81
8652 50
5690 75
2631 89
3657 78
4525 89
6945 71
4171 98
9179 74
5970 54
4028 64
5730 81
9694 83
4637 80
6416 75
3394 89
6161 71
2732 60
9180 91
9240 62
4069 65
7701 77
6999 84
6276 77
5685 68
5362 73
8518 86
2286 70
7483 86
1842 78
3561 80
8445 93
8470 82
3294 81
5436 97
2255 71
7505 82
7518 88
9711 86
9443 85
8277 75
2556 89
9889 82
5021 48
7039 60
9953 75
4097 86
8943 92
8358 87
2370 78
4428 89
3312 70
4465 97
1022 95
2439 69
6984 87
4678 76
3638 74
9466 92
3760 78
3262 70
3882 89
4487 83
3335 74
2484 96
6340 100
1411 89
5150 70
9321 80
7014 87
9631 45
5985 44
5224 89
3979 47
7101 78
1949 87
3889 92
3909 73
6904 74
9812 71
6990 78
5688 76
7559 49
1183 86
8420 81
8627 77
5002 100
1631 67
3389 40
5888 71
1092 80
6374 78
2485 86
9662 86
2010 75
7929 51
7370 83
2412 77
4751 77
2402 77
3968 75
5899 87
8552 51
3928 79
8385 88
1553 77
3142 76
1826 73
5791 73
7661 40
6663 96
3481 77
8315 80
1546 64
3719 98
3173 90
5728 79
1052 82
1706 80
1897 83
9869 81
1245 83
4724 99
8085 84
2390 71
4558 78
4108 45
4024 79
7259 77
1184 82
9738 100
8321 74
1803 81
8169 71
5136 78
2038 59
6587 77
3050 63
2971 93
6501 93
4676 40
6821 82
6946 93
8695 48
2843 73
7105 42
9362 84
7053 63
2152 83
7696 93
5509 89
7487 85
3252 75
1268 86
4300 72
8846 80
2614 69
4888 72
4522 56
7605 88
3234 100
7831 49
1773 58
4037 43
3381 70
7604 79
4363 82
4608 72
5660 58
5331 77
1752 86
8308 72
3552 75
4697 86
2763 59
3629 73
9310 62
1951 72
8349 70
6324 83
2902 73
1481 51
7498 87
4962 52
6333 81
1746 89
8167 84
1868 56
2799 67
8938 98
5259 85
9219 83
4086 98
7770 100
6168 84
6334 81
7734 84
7542 72
7270 82
4813 94
4887 80
6530 61
1697 48
9508 60
3527 92
8030 98
1604 76
8561 99
4168 89
6851 84
8587 81
4262 41
5883 89
3495 75
5415 87
1740 71
8815 73
6626 87
9301 83
7168 92
1717 50
8984 86
2184 71
8970 80
8971 76
2324 75
4895 70
8407 88
1037 60
2907 85
1106 86
6581 88
3477 44
2672 55
1351 94
2066 79
7651 78
2738 91
1299 76
1271 85
2452 83
6612 91
8012 88
5084 87
8668 49
7116 73
6753 80
2004 80
9154 70
9799 76
9607 76
5500 75
6460 88
4054 75
4566 75
3927 79
2440 71
1289 74
4559 44
5272 83
6073 70
8120 95
1815 85
4903 86
1151 72
5979 73
1387 100
2777 79
7336 82
7709 62
1581 82
9242 72
9218 85
6507 80
8116 84
7671 90
1760 58
1129 71
8027 91
9429 99
5835 93
3483 89
7110 80
6360 75
9295 77
2126 95
4162 89
9432 71
4305 51
7870 52
7142 84
6522 76
2385 71
6915 100
5443 87
2562 88
5737 78
8836 60
9857 57
3395 89
7975 77
6927 86
4401 91
7166 80
9653 81
8105 76
9651 45
6618 78
3006 86
3711 74
6055 71
2346 78
2122 49
5241 81
4550 83
4604 82
3237 74
7724 72
9849 76
9430 92
5311 78
7470 88
7879 79
6898 89
2018 98
6766 85
9600 74
5657 89
