1 14
5 8
9 11
28 4
34 11
35 20
41 7
50 7
54 6
57 8
61 12
71 8
79 8
80 6
81 11
91 7
98 12
101 13
108 7
109 13
114 6
116 11
117 9
120 6
124 6
125 11
129 6
144 13
151 9
155 9
157 8
158 18
161 15
163 14
170 18
174 25
175 16
177 11
181 8
185 4
186 9
191 12
192 4
194 3
200 11
201 9
202 9
203 5
204 18
205 9
208 5
209 12
210 9
217 12
228 4
229 5
235 6
247 12
255 9
257 9
261 6
264 16
268 8
280 15
283 11
286 6
294 2
297 12
300 15
308 17
315 5
316 17
325 8
326 15
327 7
357 5
365 4
367 13
373 15
383 17
387 7
396 20
398 5
399 12
401 11
413 15
427 11
431 12
432 18
435 10
436 15
440 4
443 19
447 11
449 11
453 6
455 16
460 4
463 9
469 7
474 6
475 12
483 10
486 10
487 8
488 7
490 5
493 8
494 13
503 17
504 21
505 6
506 11
511 5
520 8
525 8
526 7
530 7
541 16
543 10
546 9
547 7
553 8
554 8
557 9
564 11
574 8
586 14
590 9
593 14
596 8
598 9
608 12
609 5
623 22
625 10
631 7
636 12
641 16
649 12
654 4
655 23
660 13
662 4
668 10
669 8
670 5
675 11
679 14
680 27
682 8
689 9
690 11
694 15
701 13
724 11
726 12
729 9
731 2
736 10
739 8
745 7
747 23
755 8
759 9
764 6
765 8
768 6
779 6
782 13
785 10
788 8
798 6
802 8
808 22
815 10
820 5
821 11
823 9
835 20
838 12
849 9
851 12
852 16
853 6
854 9
861 14
870 13
877 26
882 9
887 7
889 7
892 11
894 30
896 6
902 12
903 3
908 17
913 8
914 9
920 9
923 7
933 7
936 9
940 4
947 8
949 7
953 9
955 11
957 6
958 13
973 16
974 5
975 7
979 3
983 11
986 11
996 8
997 10
998 3
1001 8
1003 10
1005 19
1018 4
1019 11
1021 14
1023 20
1024 9
1030 6
1031 10
1032 4
1033 8
1035 17
1036 7
1038 20
1040 7
1043 10
1049 7
1053 12
1057 13
1059 8
1061 6
1063 19
1064 8
1067 13
1071 17
1073 7
1076 10
1081 6
1082 5
1086 3
1087 8
1090 10
1092 12
1093 9
1097 7
1100 4
1104 13
1110 12
1120 8
1130 11
1134 11
1137 12
1141 4
1153 18
1154 16
1165 12
1167 9
1174 13
1176 16
1180 14
1186 11
1190 19
1195 7
1196 14
1201 16
1203 7
1207 32
1210 7
1211 7
1217 10
1220 12
1225 19
1226 6
1233 6
1234 14
1236 10
1238 5
1243 3
1244 5
1245 11
1249 8
1257 21
1264 9
1266 8
1267 10
1274 12
1284 8
1293 11
1301 2
1303 7
1304 6
1305 5
1306 8
1312 9
1316 8
1317 7
1319 10
1321 20
1323 11
1324 24
1325 8
1327 9
1328 12
1329 9
1330 4
1336 11
1339 7
1341 12
1342 5
1346 6
1348 4
1349 12
1352 3
1360 4
1364 9
1365 11
1367 15
1370 13
1377 18
1378 6
1383 4
1393 6
1395 5
1406 5
1408 7
1411 10
1412 4
1414 9
1416 12
1417 9
1423 12
1426 7
1430 16
1445 7
1451 7
1452 11
1462 10
1467 20
1481 9
1486 19
1487 10
1488 10
1490 8
1491 13
1495 7
1497 12
1505 8
1506 9
1512 13
1514 14
1519 13
1520 8
1521 24
1523 12
1524 14
1534 10
1535 6
1544 10
1547 31
1548 19
1551 8
1557 7
1559 12
1567 4
1569 10
1573 20
1576 7
1577 13
1580 21
1582 9
1586 15
1606 7
1609 6
1612 12
1616 8
1619 11
1621 19
1625 9
1626 12
1630 5
1631 8
1634 3
1638 5
1640 8
1648 6
1651 16
1652 4
1655 10
1657 11
1658 13
1661 5
1662 9
1665 6
1666 11
1671 10
1675 13
1679 11
1684 9
1685 21
1696 12
1699 6
1703 11
1704 7
1705 12
1706 13
1710 7
1717 6
1718 8
1722 8
1724 13
1725 17
1733 5
1736 9
1744 12
1746 10
1751 4
1752 9
1754 10
1755 21
1756 8
1760 7
1766 21
1771 7
1773 9
1776 12
1779 9
1784 16
1785 9
1786 11
1787 6
1788 5
1793 8
1797 8
1799 18
1801 8
1802 9
1804 21
1805 13
1807 6
1815 8
1818 7
1825 13
1829 8
1838 21
1839 7
1840 10
1844 16
1848 9
1849 4
1850 8
1852 11
1855 7
1859 11
1861 6
1875 8
1878 12
1886 9
1888 5
1892 9
1900 8
1901 18
1904 20
1910 14
1913 5
1916 10
1918 12
1920 15
1935 11
1941 6
1945 10
1952 11
1961 25
1966 9
1969 9
1976 4
1977 11
1978 7
1982 7
1986 5
1987 11
1991 10
1993 5
2007 23
2019 9
2028 13
2038 6
2040 10
2047 5
2050 12
2051 7
2053 9
2056 12
2059 6
2060 12
2061 9
2065 10
2067 7
2074 17
2081 5
2086 4
2088 14
2090 3
2099 17
2105 11
2110 14
2111 6
2114 28
2123 2
2124 6
2127 6
2128 25
2129 15
2132 7
2138 6
2143 15
2147 10
2152 12
2154 6
2157 7
2158 6
2160 8
2161 8
2163 5
2180 13
2182 13
2189 9
2190 11
2200 5
2203 5
2204 10
2209 7
2214 7
2215 18
2225 6
2228 11
2236 7
2250 13
2255 12
2258 6
2261 5
2263 20
2264 6
2269 18
2276 6
2280 12
2283 8
2285 7
2286 11
2288 13
2289 12
2290 16
2296 8
2297 27
2298 13
2300 3
2310 12
2314 11
2318 10
2328 8
2331 4
2337 7
2343 13
2345 10
2347 10
2350 10
2351 11
2355 5
2357 19
2364 5
2367 11
2369 17
2371 9
2374 15
2381 6
2383 7
2401 10
2402 12
2404 7
2406 8
2408 18
2413 9
2418 5
2424 6
2426 9
2427 5
2436 8
2440 5
2442 6
2447 8
2448 7
2451 12
2458 10
2461 5
2462 9
2464 8
2470 5
2487 11
2492 13
2494 10
2498 10
2500 6
2502 8
2514 8
2517 10
2519 7
2520 11
2525 11
2527 15
2534 6
2536 8
2543 14
2547 15
2549 14
2557 7
2561 8
2563 12
2565 16
2571 15
2576 20
2582 9
2586 11
2588 5
2592 15
2593 29
2594 22
2598 7
2604 11
2606 7
2611 22
2615 7
2617 5
2624 14
2628 9
2629 15
2631 9
2633 13
2635 7
2641 25
2643 3
2647 9
2650 8
2651 9
2654 7
2656 6
2662 5
2663 9
2666 10
2667 7
2671 8
2674 9
2675 8
2682 9
2683 6
2686 6
2698 7
2699 9
2702 5
2705 10
2709 11
2722 9
2741 3
2748 12
2749 7
2751 7
2758 5
2766 7
2768 9
2775 10
2787 3
2789 8
2792 16
2795 12
2803 6
2807 8
2813 7
2815 6
2817 7
2819 8
2822 15
2836 3
2840 8
2841 10
2844 8
2854 16
2863 2
2869 10
2870 5
2877 9
2883 6
2893 13
2901 13
2902 11
2904 11
2914 11
2922 7
2923 9
2929 8
2931 6
2934 10
2938 8
2940 9
2941 5
2944 4
2948 7
2957 8
2963 3
2967 11
2969 16
2979 7
2981 7
2986 4
2991 5
2995 13
2996 21
3013 9
3019 7
3023 6
3038 14
3048 11
3060 6
3061 13
3062 10
3063 11
3065 11
3075 8
3078 6
3079 7
3082 6
3088 20
3093 6
3094 3
3095 9
3100 6
3106 3
3110 10
3114 14
3119 7
3120 12
3121 12
3122 11
3128 9
3129 10
3132 13
3139 7
3143 5
3148 21
3158 8
3161 10
3183 9
3185 4
3192 9
3193 9
3203 5
3207 15
3208 15
3210 11
3211 7
3215 7
3229 6
3233 21
3237 11
3243 10
3246 12
3253 6
3254 8
3257 6
3264 10
3268 4
3272 8
3279 10
3280 20
3281 9
3285 8
3287 10
3291 16
3301 9
3303 12
3304 12
3305 9
3307 12
3308 7
3313 11
3314 3
3318 6
3320 22
3325 10
3330 10
3336 7
3339 5
3341 9
3347 3
3350 11
3351 12
3359 2
3364 9
3370 11
3375 12
3385 15
3388 11
3390 7
3391 5
3394 9
3398 13
3399 12
3404 9
3407 9
3408 7
3411 6
3419 22
3424 5
3427 5
3429 14
3431 7
3433 12
3437 6
3442 7
3444 11
3453 9
3460 13
3465 4
3469 12
3472 8
3473 8
3474 10
3479 8
3480 5
3483 12
3484 10
3491 12
3492 12
3495 9
3499 4
3501 8
3502 14
3505 8
3509 9
3515 9
3525 8
3530 14
3533 6
3538 2
3540 22
3542 7
3546 11
3549 11
3559 6
3562 7
3564 13
3567 11
3568 4
3574 12
3575 11
3577 6
3579 5
3580 7
3582 5
3588 11
3595 10
3597 11
3606 8
3611 8
3620 21
3621 9
3625 8
3626 10
3634 17
3649 9
3655 5
3657 7
3661 8
3662 8
3663 10
3670 8
3674 7
3680 8
3682 9
3683 10
3685 5
3695 5
3696 20
3699 6
3701 8
3702 11
3703 16
3706 20
3713 20
3715 6
3716 6
3719 9
3724 5
3729 9
3732 12
3735 13
3738 10
3740 19
3741 12
3742 12
3746 12
3753 7
3757 9
3766 6
3772 6
3773 9
3775 5
3777 9
3780 6
3782 11
3788 9
3791 5
3795 19
3800 6
3809 15
3811 7
3814 8
3820 8
3829 6
3830 13
3832 6
3834 9
3835 8
3838 11
3842 24
3848 8
3852 15
3854 4
3860 7
3864 6
3865 5
3868 8
3872 5
3875 8
3879 11
3886 10
3888 12
3890 13
3891 21
3895 10
3898 9
3899 8
3901 16
3912 10
3915 11
3916 6
3917 8
3920 14
3929 12
3932 9
3933 10
3943 17
3944 9
3949 13
3951 5
3955 3
3956 12
3958 6
3959 8
3961 16
3969 12
3971 11
3972 5
3975 5
3977 6
3982 15
3983 9
3984 16
3996 10
4002 8
4005 9
4007 6
4010 9
4014 16
4025 8
4027 14
4029 25
4033 5
4037 8
4038 6
4042 7
4044 17
4054 11
4056 9
4060 4
4063 8
4075 9
4081 7
4084 21
4085 10
4086 17
4090 15
4093 14
4099 10
4103 6
4109 11
4114 9
4116 5
4119 7
4122 9
4123 8
4134 7
4135 5
4136 13
4137 21
4138 12
4141 20
4144 17
4145 12
4147 5
4154 10
4156 27
4161 6
4165 8
4172 10
4175 22
4180 7
4186 14
4191 25
4193 5
4194 10
4197 13
4200 9
4202 8
4205 17
4206 6
4208 9
4210 7
4211 7
4216 7
4217 1
4218 7
4220 29
4228 6
4229 5
4231 14
4232 7
4236 7
4242 19
4243 25
4246 4
4248 7
4256 10
4257 26
4259 14
4262 10
4266 7
4267 19
4271 13
4284 9
4287 11
4288 9
4293 28
4295 13
4301 8
4304 4
4307 10
4312 14
4315 15
4322 7
4324 12
4332 10
4337 14
4343 7
4345 9
4348 5
4350 11
4352 5
4355 4
4356 5
4359 7
4361 5
4372 7
4378 7
4380 16
4386 8
4392 12
4394 11
4397 13
4401 6
4407 18
4408 12
4409 18
4413 16
4416 14
4418 15
4419 5
4426 7
4429 7
4431 7
4437 10
4443 5
4446 10
4447 4
4448 11
4451 8
4454 11
4455 7
4460 6
4464 8
4470 6
4474 12
4481 8
4490 6
4491 22
4493 14
4499 10
4500 16
4503 8
4506 18
4510 8
4515 12
4517 9
4520 9
4521 9
4522 5
4524 19
4525 22
4535 14
4539 6
4542 6
4545 17
4547 7
4551 7
4552 11
4554 19
4558 7
4561 31
4566 9
4569 9
4570 9
4571 17
4574 7
4578 5
4580 12
4596 16
4597 10
4602 7
4607 9
4612 8
4613 10
4615 7
4619 6
4622 9
4624 25
4635 11
4638 5
4642 12
4643 5
4659 6
4662 11
4666 25
4669 6
4671 5
4673 9
4679 11
4686 17
4688 25
4690 8
4694 4
4697 10
4701 14
4703 24
4714 8
4722 9
4732 22
4740 17
4745 16
4747 7
4751 9
4755 11
4756 11
4758 8
4759 9
4762 2
4763 14
4769 10
4775 25
4776 8
4777 14
4779 6
4782 10
4787 19
4788 9
4800 12
4806 6
4814 9
4818 7
4827 4
4830 26
4831 12
4838 18
4845 10
4853 8
4856 13
4864 9
4865 15
4866 9
4867 8
4868 7
4876 11
4879 6
4881 10
4882 11
4883 17
4887 16
4890 4
4899 11
4908 6
4912 7
4913 11
4920 9
4933 12
4934 10
4935 14
4940 13
4941 16
4945 34
4947 11
4959 11
4964 7
4967 8
4968 4
4972 9
4987 13
4989 16
4991 7
4994 6
5002 10
5003 8
5004 8
5009 11
5011 6
5013 10
5014 8
5015 10
5024 10
5027 12
5030 12
5031 9
5032 22
5034 12
5039 13
5040 17
5041 6
5043 5
5052 7
5054 11
5055 11
5058 8
5063 13
5064 13
5066 11
5068 7
5069 9
5073 11
5074 9
5075 3
5078 10
5079 8
5081 6
5082 7
5083 8
5087 21
5093 9
5094 10
5099 12
5100 15
5102 8
5107 10
5108 8
5112 14
5114 6
5116 9
5120 10
5122 10
5125 10
5127 11
5128 12
5130 7
5132 7
5135 8
5138 6
5139 11
5143 14
5144 8
5149 9
5150 7
5154 3
5155 19
5157 6
5170 14
5171 12
5172 9
5186 11
5188 9
5198 24
5201 11
5209 13
5214 10
5220 15
5228 13
5234 5
5236 12
5240 8
5246 10
5249 7
5258 9
5265 9
5266 9
5270 4
5271 6
5278 9
5281 14
5284 4
5294 15
5295 6
5300 7
5301 5
5304 7
5305 11
5307 9
5308 6
5312 9
5315 10
5316 12
5318 11
5322 12
5328 7
5344 16
5347 11
5351 11
5358 8
5362 11
5368 9
5372 7
5373 13
5376 10
5377 4
5378 10
5392 7
5394 9
5396 11
5399 12
5400 6
5404 7
5408 14
5410 7
5421 10
5423 18
5427 12
5433 8
5442 8
5443 6
5444 10
5447 13
5448 10
5453 7
5456 22
5457 10
5463 5
5464 16
5470 22
5472 15
5473 3
5487 13
5490 9
5500 24
5503 15
5504 9
5505 13
5522 8
5526 16
5529 12
5538 7
5540 12
5541 7
5543 13
5548 7
5551 4
5553 9
5564 17
5565 10
5566 6
5568 8
5572 4
5576 7
5580 7
5585 6
5588 8
5590 8
5593 9
5596 14
5599 7
5604 7
5608 9
5611 10
5617 9
5618 11
5621 6
5640 7
5641 8
5647 12
5648 9
5655 12
5664 6
5665 5
5670 5
5672 18
5685 5
5687 9
5690 11
5697 7
5702 6
5704 9
5705 10
5707 4
5713 13
5721 8
5722 20
5724 8
5728 9
5733 8
5736 6
5739 3
5742 11
5743 10
5746 13
5757 21
5760 11
5768 12
5774 19
5784 6
5790 11
5797 8
5798 11
5799 5
5802 8
5818 14
5819 11
5822 10
5836 7
5839 13
5841 8
5849 12
5851 4
5857 8
5864 12
5865 16
5872 11
5874 15
5883 9
5888 12
5893 7
5896 6
5897 8
5899 5
5902 4
5904 8
5907 11
5911 9
5918 7
5919 9
5922 9
5923 9
5925 13
5933 7
5941 7
5944 11
5953 11
5954 7
5969 9
5990 5
6000 8
6002 13
6006 17
6007 18
6009 12
6010 14
6013 6
6014 15
6016 12
6026 13
6029 6
6043 11
6044 6
6049 9
6054 10
6055 12
6075 8
6077 8
6079 10
6081 8
6086 6
6091 3
6093 6
6094 7
6096 23
6101 7
6112 10
6116 4
6119 7
6122 7
6124 9
6131 13
6134 28
6137 7
6146 6
6148 9
6151 6
6152 9
6154 12
6161 16
6163 12
6170 11
6172 13
6175 24
6176 9
6181 10
6185 7
6187 6
6192 19
6193 6
6195 10
6201 13
6203 8
6204 7
6209 7
6212 9
6222 9
6223 8
6227 16
6238 9
6258 7
6262 5
6280 10
6290 13
6295 9
6301 11
6314 4
6315 9
6316 18
6318 8
6330 6
6339 11
6343 8
6345 8
6348 1
6353 13
6354 6
6358 3
6371 7
6380 9
6382 12
6392 3
6394 8
6397 9
6403 3
6407 14
6408 8
6410 7
6412 15
6417 20
6418 8
6419 11
6425 11
6427 6
6428 5
6434 5
6435 14
6436 13
6438 9
6449 10
6465 12
6474 8
6485 16
6491 12
6492 10
6494 11
6505 13
6508 10
6518 8
6519 9
6520 16
6521 6
6528 18
6531 10
6536 12
6540 5
6541 8
6544 8
6551 10
6556 6
6565 9
6569 8
6573 6
6576 20
6586 6
6589 10
6591 13
6595 5
6597 6
6600 6
6606 6
6608 5
6613 10
6616 8
6620 4
6645 15
6655 10
6658 11
6659 10
6663 8
6665 8
6666 10
6671 7
6682 4
6683 15
6686 8
6699 10
6706 10
6707 7
6708 7
6709 8
6716 9
6722 13
6727 13
6729 7
6735 9
6738 11
6741 2
6742 7
6752 11
6753 9
6754 13
6759 7
6767 11
6769 8
6773 16
6776 5
6782 8
6784 16
6786 13
6787 6
6790 10
6795 5
6796 23
6802 10
6804 15
6812 5
6814 6
6817 7
6819 3
6833 12
6843 9
6849 8
6857 16
6863 4
6872 5
6874 10
6879 7
6881 11
6882 9
6891 5
6893 6
6906 5
6919 4
6921 11
6929 17
6939 11
6940 18
6941 15
6946 18
6948 9
6949 6
6951 9
6956 10
6961 7
6962 36
6972 6
6973 9
6980 10
6981 16
6982 6
6988 7
6989 9
6996 4
6997 14
6998 10
6999 12
7005 11
7010 22
7014 7
7024 6
7025 8
7032 13
7035 6
7038 19
7047 14
7048 8
7055 23
7056 7
7057 6
7073 12
7076 11
7083 10
7086 3
7089 5
7090 14
7092 9
7093 8
7102 5
7104 10
7107 5
7108 13
7115 20
7119 10
7122 9
7124 15
7131 13
7134 9
7139 9
7140 15
7144 8
7155 10
7157 12
7161 8
7166 7
7167 12
7175 9
7180 5
7181 12
7185 11
7187 9
7193 7
7195 5
7203 7
7210 4
7221 18
7237 8
7248 9
7251 12
7255 5
7256 6
7258 11
7262 11
7264 12
7265 5
7266 13
7267 27
7268 5
7275 5
7277 18
7281 13
7286 15
7287 6
7288 9
7292 15
7298 18
7300 8
7312 5
7313 6
7315 14
7318 11
7324 10
7325 10
7326 9
7335 13
7336 7
7337 23
7364 6
7367 10
7372 6
7373 10
7375 12
7380 11
7382 10
7385 5
7388 12
7393 8
7398 8
7402 12
7404 6
7405 14
7419 13
7421 13
7422 29
7423 14
7426 4
7434 33
7435 10
7437 13
7443 16
7451 5
7459 11
7461 7
7463 16
7467 22
7472 10
7475 10
7477 6
7478 2
7479 6
7480 7
7481 8
7486 5
7489 10
7494 9
7503 9
7517 12
7528 7
7537 5
7538 9
7541 13
7560 13
7561 9
7565 9
7570 7
7573 10
7576 10
7579 9
7581 12
7584 4
7585 4
7593 10
7599 9
7601 10
7605 10
7606 25
7607 5
7618 11
7619 12
7620 5
7624 6
7632 10
7638 6
7639 8
7657 14
7661 3
7663 26
7670 10
7674 5
7677 9
7679 15
7681 11
7693 10
7700 9
7701 5
7702 9
7704 18
7709 10
7710 8
7721 8
7722 17
7723 39
7726 12
7729 11
7737 7
7738 8
7740 10
7744 7
7746 8
7749 10
7751 6
7754 15
7760 10
7774 4
7782 9
7783 9
7784 9
7786 9
7788 12
7791 7
7793 12
7795 11
7799 14
7801 10
7802 14
7804 10
7813 11
7815 8
7816 19
7818 5
7823 9
7826 10
7829 11
7833 13
7835 6
7837 5
7841 18
7843 11
7846 8
7849 10
7852 11
7853 9
7857 17
7866 5
7867 7
7868 12
7869 16
7872 11
7874 10
7875 9
7876 8
7877 8
7878 10
7882 7
7883 23
7889 31
7893 9
7895 6
7902 15
7908 7
7910 5
7914 15
7915 25
7916 13
7919 10
7920 15
7921 11
7925 16
7926 7
7927 22
7932 10
7934 5
7946 8
7949 7
7952 8
7958 14
7961 12
7968 6
7974 18
7977 8
7984 11
7986 9
7990 5
7991 9
7995 19
7999 9
8000 5
8009 12
8015 10
8016 8
8018 9
8025 14
8027 9
8032 6
8045 13
8049 7
8050 11
8051 7
8053 4
8065 14
8070 3
8072 17
8079 8
8082 7
8084 12
8086 7
8087 12
8091 8
8098 10
8099 16
8100 7
8101 9
8103 34
8115 38
8117 10
8119 15
8121 10
8123 20
8128 6
8129 11
8131 8
8137 14
8138 8
8148 10
8149 6
8155 7
8158 20
8161 10
8162 24
8164 3
8168 15
8171 10
8173 11
8174 9
8177 13
8178 6
8184 11
8187 6
8195 12
8199 7
8201 8
8203 6
8212 9
8227 9
8230 8
8237 3
8240 9
8243 6
8245 20
8247 3
8249 19
8251 6
8254 14
8257 12
8258 14
8265 7
8268 19
8274 16
8277 13
8278 6
8279 10
8285 8
8286 4
8290 12
8294 6
8304 22
8306 8
8309 10
8311 10
8313 8
8316 8
8318 10
8321 17
8337 8
8338 5
8346 17
8348 18
8350 12
8351 9
8357 9
8365 18
8374 23
8383 8
8388 6
8389 7
8390 8
8392 9
8397 7
8400 6
8401 12
8404 8
8405 8
8407 9
8411 7
8413 19
8418 8
8422 7
8424 8
8425 8
8430 9
8437 11
8439 6
8440 6
8442 7
8443 23
8444 6
8455 6
8461 10
8465 15
8466 3
8467 9
8468 11
8470 4
8472 12
8474 12
8477 12
8478 16
8480 11
8490 4
8493 16
8497 9
8499 12
8501 5
8507 5
8524 8
8542 7
8543 9
8549 11
8550 12
8557 12
8560 13
8561 3
8562 7
8564 7
8572 14
8575 11
8578 9
8592 9
8598 7
8606 11
8607 13
8608 12
8609 12
8617 14
8620 13
8622 12
8625 2
8631 11
8639 9
8640 11
8641 5
8646 14
8649 8
8652 17
8654 6
8655 8
8656 8
8670 22
8672 4
8679 7
8680 12
8682 12
8684 6
8690 5
8691 8
8692 8
8717 8
8718 5
8719 5
8723 16
8733 9
8736 17
8746 15
8747 14
8756 11
8758 19
8761 5
8762 6
8765 5
8768 15
8780 15
8784 7
8791 9
8793 8
8798 17
8800 3
8803 5
8806 8
8808 7
8810 11
8814 5
8826 15
8827 4
8828 9
8833 11
8840 8
8843 6
8849 21
8850 9
8851 8
8853 18
8864 10
8866 5
8868 12
8870 8
8872 8
8878 10
8881 18
8886 9
8891 7
8893 9
8900 12
8912 2
8914 23
8921 13
8926 8
8929 12
8938 5
8943 9
8945 6
8949 8
8957 6
8962 7
8964 23
8971 18
8972 10
8974 6
8975 7
8979 8
8983 7
8986 7
8988 10
8990 5
8999 15
9006 11
9011 14
9014 14
9025 13
9027 7
9030 18
9031 9
9034 6
9035 7
9038 5
9044 10
9056 9
9058 21
9061 17
9067 6
9077 15
9080 8
9086 16
9088 6
9095 4
9096 10
9100 6
9101 9
9105 7
9122 11
9125 22
9128 12
9132 7
9137 11
9142 13
9144 9
9146 15
9151 8
9155 9
9157 7
9160 6
9161 7
9165 19
9172 8
9186 17
9190 10
9195 10
9202 7
9205 4
9206 8
9207 12
9213 11
9226 13
9237 15
9239 13
9240 12
9244 18
9246 4
9250 22
9251 5
9256 5
9259 5
9260 7
9264 14
9270 11
9272 27
9282 9
9288 14
9294 17
9302 3
9305 12
9317 11
9321 3
9327 11
9329 5
9332 12
9334 14
9338 9
9344 10
9346 33
9347 13
9348 15
9349 4
9355 6
9359 22
9362 18
9365 15
9373 11
9375 7
9379 10
9380 7
9392 8
9394 5
9398 10
9403 21
9406 11
9408 8
9410 11
9412 13
9413 6
9419 10
9422 7
9423 18
9425 10
9426 7
9435 4
9439 8
9441 15
9443 18
9444 11
9451 12
9452 5
9456 7
9459 9
9465 8
9470 12
9475 11
9477 9
9483 20
9485 5
9486 6
9487 18
9488 14
9492 8
9495 10
9501 8
9502 6
9512 3
9513 7
9514 13
9533 8
9534 8
9539 8
9540 7
9548 17
9562 17
9563 8
9564 10
9580 21
9581 11
9584 12
9588 1
9590 9
9594 15
9598 6
9600 16
9603 4
9605 7
9609 18
9610 10
9616 10
9618 8
9623 5
9627 14
9629 19
9632 10
9633 9
9634 11
9649 9
9652 9
9653 15
9655 10
9664 8
9675 5
9679 11
9681 13
9689 6
9692 9
9701 7
9703 10
9711 4
9713 9
9716 10
9719 8
9724 9
9725 9
9732 7
9737 11
9745 18
9749 9
9756 4
9760 7
9762 15
9768 11
9769 1
9777 9
9781 6
9783 7
9784 6
9786 19
9790 7
9797 9
9804 14
9808 10
9810 10
9815 11
9816 10
9826 6
9831 10
9832 9
9833 9
9839 8
9840 7
9845 12
9855 7
9865 5
9867 13
9868 15
9871 6
9872 6
9873 10
9878 6
9879 7
9888 6
9893 11
9897 13
9903 5
9905 14
9917 7
9919 12
9923 13
9924 14
9930 13
9932 10
9936 10
9937 10
9940 6
9942 15
9950 18
9951 9
9958 30
9971 11
9976 13
9978 9
9984 17
9985 8
9991 10
9995 4
9996 8
9999 10
10002 7
10012 8
10015 9
10025 6
10031 10
10046 20
10047 19
10053 17
10056 11
10058 5
10060 13
10064 9
10068 5
10070 7
10071 22
10074 2
10076 9
10080 28
10086 16
10089 8
10091 10
10097 9
10098 14
10099 13
10100 11
10102 16
10106 7
10109 7
10112 8
10115 35
10116 25
10125 15
10140 12
10154 12
10155 12
10159 14
10166 6
10167 14
10171 6
10174 9
10183 5
10186 4
10190 9
10191 8
10203 11
10205 5
10206 16
10218 7
10223 18
10224 12
10226 11
10232 11
10239 19
10254 7
10258 10
10261 18
10263 9
10266 10
10276 7
10277 10
10279 16
10280 13
10282 5
10285 11
10295 4
10297 24
10299 7
10305 6
10307 10
10311 11
10321 8
10322 3
10324 2
10328 7
10343 11
10348 11
10350 6
10357 7
10372 11
10378 8
10380 6
10385 13
10387 35
10394 7
10395 13
10403 17
10405 9
10410 6
10418 4
10420 7
10423 8
10439 12
10447 19
10457 5
10462 7
10463 10
10464 2
10467 20
10468 9
10476 10
10489 7
10501 7
10504 9
10512 9
10513 7
10518 7
10523 5
10529 7
10534 5
10537 15
10540 10
10551 14
10556 10
10559 12
10560 10
10566 7
10567 13
10580 15
10584 3
10585 10
10589 10
10591 12
10605 13
10612 10
10617 10
10625 3
10628 11
10631 6
10634 18
10635 10
10642 8
10644 4
10654 9
10655 5
10661 8
10664 4
10673 34
10677 10
10680 13
10684 15
10686 12
10688 3
10690 5
10697 15
10698 8
10699 8
10707 6
10708 12
10711 9
10718 14
10719 4
10726 6
10728 6
10730 6
10731 8
10733 16
10740 11
10758 8
10765 9
10775 8
10779 6
10784 5
10787 9
10788 5
10793 14
10798 11
10806 14
10807 9
10810 20
10818 11
10820 19
10826 9
10827 9
10831 8
10834 7
10839 9
10840 12
10842 9
10852 9
10856 16
10869 4
10870 6
10871 9
10873 13
10877 11
10879 12
10881 9
10884 7
10890 12
10895 6
10904 8
10914 7
10915 18
10916 4
10923 11
10926 10
10927 6
10930 4
10932 20
10937 10
10938 5
10951 4
10953 8
10954 13
10960 5
10965 9
10966 8
10973 8
10980 10
10981 13
10984 11
10989 6
10990 6
10994 13
10995 14
10997 7
11001 18
11009 8
11010 19
11021 17
11023 9
11024 9
11039 7
11041 11
11042 7
11045 26
11048 14
11050 8
11053 7
11055 7
11056 7
11059 24
11061 10
11062 9
11066 9
11070 5
11073 9
11074 11
11075 8
11077 6
11078 8
11080 8
11081 20
11088 6
11091 6
11092 8
11095 1
11099 4
11101 7
11109 9
11110 4
11115 11
11119 10
11121 8
11125 10
11138 16
11139 8
11154 10
11167 10
11170 4
11171 13
11175 11
11187 14
11197 14
11198 8
11200 6
11204 6
11220 10
11230 8
11231 12
11232 8
11235 8
11236 9
11237 9
11241 11
11243 10
11248 8
11251 16
11256 6
11257 11
11259 9
11260 8
11265 9
11266 14
11272 4
11277 4
11285 10
11290 6
11295 8
11300 11
11305 12
11307 7
11309 6
11319 12
11322 9
11325 6
11326 10
11336 9
11338 6
11344 8
11346 11
11348 15
11354 8
11357 14
11358 20
11360 9
11367 14
11374 12
11377 9
11381 7
11382 10
11391 19
11393 3
11397 14
11400 23
11401 5
11404 36
11405 8
11407 2
11408 6
11416 7
11422 14
11426 11
11429 11
11430 7
11431 13
11432 4
11433 10
11443 8
11448 8
11449 5
11451 12
11453 10
11454 8
11456 7
11459 2
11464 10
11466 23
11467 10
11469 30
11471 17
11477 5
11483 12
11489 5
11495 7
11501 7
11511 7
11512 14
11513 28
11520 17
11525 12
11530 7
11540 19
11555 7
11561 15
11563 12
11565 9
11573 7
11577 3
11578 7
11580 14
11588 16
11602 2
11610 5
11624 7
11626 15
11630 12
11636 10
11643 15
11647 4
11649 11
11651 5
11657 13
11660 8
11663 12
11664 3
11666 13
11672 11
11675 8
11677 4
11679 15
11680 12
11681 9
11694 10
11700 6
11702 8
11704 6
11705 5
11709 7
11710 19
11711 20
11714 9
11718 12
11720 21
11723 2
11726 7
11729 12
11730 10
11740 13
11751 5
11755 13
11771 12
11773 11
11778 12
11782 9
11786 13
11796 10
11800 9
11811 6
11815 7
11818 8
11823 5
11824 11
11828 9
11830 10
11831 16
11838 11
11842 14
11846 13
11852 7
11855 8
11857 15
11866 7
11871 12
11880 10
11891 19
11893 5
11900 14
11902 9
11904 6
11914 12
11915 10
11916 5
11918 6
11923 12
11931 8
11943 13
11951 11
11953 11
11954 27
11957 5
11958 17
11960 10
11962 18
11973 12
11975 19
11977 6
11979 21
11980 13
11981 5
11983 8
11993 7
11994 10
12000 11
12001 27
12005 7
12009 7
12011 7
12017 25
12019 11
12021 7
12024 9
12031 12
12032 10
12036 8
12048 38
12050 10
12056 12
12059 4
12060 9
12063 8
12069 9
12074 13
12081 11
12082 8
12088 5
12090 12
12091 8
12092 10
12093 6
12097 4
12098 13
12102 5
12110 7
12114 8
12124 7
12125 33
12129 7
12131 6
12132 9
12135 16
12143 10
12149 18
12152 8
12157 4
12159 9
12160 8
12169 12
12171 12
12177 10
12185 6
12193 5
12196 7
12199 17
12203 8
12207 11
12209 10
12219 10
12220 10
12225 13
12231 9
12237 12
12239 20
12244 9
12245 8
12246 12
12252 7
12257 10
12273 10
12274 9
12275 4
12283 12
12286 10
12296 9
12297 9
12298 7
12299 9
12309 14
12311 15
12312 5
12313 13
12314 8
12316 9
12321 11
12322 9
12326 12
12331 6
12342 5
12346 16
12347 8
12350 7
12355 15
12356 12
12361 14
12362 15
12363 12
12364 7
12365 19
12374 7
12380 6
12384 8
12386 7
12389 11
12391 11
12395 15
12399 8
12409 17
12412 9
12418 9
12419 5
12420 13
12423 4
12433 14
12438 17
12446 13
12453 7
12461 9
12462 6
12465 6
12470 19
12477 8
12480 25
12481 9
12484 11
12496 9
12498 6
12502 8
12503 16
12510 8
12514 14
12521 11
12522 7
12525 11
12526 7
12533 5
12539 10
12543 7
12549 10
12551 3
12553 9
12556 12
12565 13
12567 4
12568 11
12579 5
12580 5
12590 4
12593 8
12594 20
12595 8
12596 7
12600 5
12601 16
12603 8
12608 5
12610 6
12611 6
12612 8
12619 9
12621 16
12622 5
12628 5
12629 8
12631 4
12632 10
12641 12
12647 9
12648 11
12650 10
12652 17
12657 8
12658 17
12669 9
12677 12
12682 7
12685 16
12686 23
12690 9
12693 20
12696 6
12698 6
12702 7
12707 14
12711 14
12713 15
12716 5
12721 12
12722 10
12724 9
12733 15
12734 6
12737 7
12749 9
12754 11
12755 11
12756 14
12760 8
12764 8
12769 4
12770 13
12771 12
12772 7
12773 4
12774 4
12777 3
12789 11
12793 14
12794 16
12801 8
12803 24
12805 9
12806 8
12810 6
12815 5
12817 9
12821 14
12822 9
12825 16
12840 6
12843 6
12846 11
12847 6
12850 9
12851 22
12855 4
12857 10
12859 14
12862 10
12864 6
12865 6
12866 14
12867 10
12873 4
12874 11
12882 10
12883 6
12887 12
12897 9
12904 6
12909 16
12911 6
12913 4
12916 15
12925 16
12930 22
12932 8
12933 10
12935 6
12940 11
12942 4
12944 18
12949 18
12958 3
12961 5
12967 12
12983 12
12989 12
12995 10
12996 10
12997 6
12999 10
13001 8
13006 16
13028 11
13029 5
13031 11
13036 14
13045 7
13046 7
13047 12
13052 5
13057 16
13063 10
13064 15
13065 16
13074 7
13075 19
13081 11
13082 10
13083 10
13086 10
13087 12
13091 5
13104 8
13105 6
13106 10
13109 22
13111 6
13120 6
13123 11
13126 6
13134 4
13143 9
13158 12
13162 19
13168 13
13169 17
13171 9
13182 16
13185 2
13189 16
13199 9
13200 4
13201 12
13202 8
13208 21
13215 7
13220 23
13222 12
13225 11
13227 6
13232 6
13233 4
13236 9
13243 7
13244 9
13248 10
13250 8
13253 7
13257 16
13260 11
13263 6
13269 11
13277 11
13282 20
13286 9
13289 14
13291 10
13294 20
13304 8
13305 15
13307 8
13311 9
13314 21
13327 5
13336 7
13337 10
13344 3
13348 5
13357 6
13358 9
13361 8
13365 16
13368 4
13377 6
13388 11
13399 14
13402 5
13403 8
13408 17
13415 9
13416 6
13424 10
13436 5
13438 14
13439 11
13444 6
13449 12
13453 11
13459 3
13462 13
13468 6
13469 11
13471 11
13475 6
13476 7
13477 23
13484 9
13498 16
13504 10
13509 9
13518 11
13526 10
13527 9
13528 8
13532 4
13533 4
13534 13
13554 6
13556 14
13558 17
13562 17
13567 11
13568 11
13569 13
13571 8
13574 6
13582 5
13585 7
13586 8
13587 10
13593 9
13595 8
13605 7
13607 8
13611 13
13615 7
13617 3
13618 10
13619 3
13625 13
13636 13
13637 17
13638 13
13642 7
13646 4
13647 8
13656 5
13657 10
13666 23
13667 9
13668 7
13682 9
13685 11
13687 10
13688 11
13701 11
13706 14
13710 13
13722 10
13728 9
13731 25
13740 10
13743 9
13749 8
13750 17
13760 11
13765 13
13768 9
13772 11
13775 9
13781 13
13782 8
13783 4
13786 11
13791 6
13792 11
13795 12
13797 12
13798 9
13801 5
13814 14
13817 11
13821 10
13824 6
13833 11
13847 10
13849 6
13854 9
13868 12
13869 5
13870 8
13874 13
13875 9
13882 9
13883 12
13884 9
13886 5
13888 11
13894 9
13898 10
13899 12
13901 6
13902 6
13903 8
13907 23
13913 7
13918 5
13928 11
13929 6
13931 10
13936 7
13938 13
13939 16
13941 9
13943 10
13944 5
13945 13
13963 7
13965 8
13966 11
13970 7
13971 5
13986 7
13987 15
13990 10
13992 9
13997 3
14000 13
14001 9
14003 5
14004 11
14006 7
14009 17
14011 5
14012 23
14018 7
14021 11
14029 7
14030 18
14036 11
14039 8
14048 6
14049 10
14055 20
14058 7
14059 8
14062 9
14066 9
14067 7
14068 14
14069 11
14078 8
14081 6
14092 5
14096 12
14099 14
14101 8
14103 12
14104 4
14110 11
14111 8
14112 11
14114 17
14116 13
14121 12
14123 6
14130 14
14131 7
14137 10
14141 6
14147 23
14153 5
14163 7
14169 17
14173 12
14177 9
14181 9
14185 7
14186 5
14191 14
14192 10
14195 6
14199 9
14206 6
14209 12
14211 15
14216 10
14218 6
14222 12
14227 17
14228 20
14233 9
14240 7
14241 14
14246 3
14253 7
14255 10
14258 18
14261 13
14267 5
14269 9
14270 8
14282 10
14285 11
14287 8
14292 4
14293 9
14301 12
14304 19
14319 9
14343 6
14350 8
14358 6
14359 8
14362 6
14373 9
14377 14
14379 8
14380 8
14389 6
14391 13
14393 8
14399 16
14401 9
14406 9
14408 6
14409 13
14413 23
14422 18
14423 12
14425 10
14426 18
14433 12
14437 16
14445 9
14446 4
14460 10
14463 7
14464 10
14465 16
14473 5
14474 8
14483 3
14484 18
14488 5
14492 11
14497 9
14499 5
14501 9
14502 5
14505 9
14515 8
14516 11
14519 6
14522 9
14526 9
14528 12
14538 2
14542 8
14545 10
14550 16
14551 11
14554 4
14555 8
14556 12
14565 11
14567 6
14569 7
14572 8
14577 8
14578 12
14579 21
14594 4
14596 20
14597 8
14599 15
14602 13
14606 12
14607 11
14609 9
14616 13
14620 10
14631 13
14632 10
14633 13
14635 6
14639 5
14640 8
14644 13
14656 6
14662 20
14671 5
14676 21
14678 15
14680 15
14685 19
14688 7
14690 21
14695 6
14703 9
14705 7
14710 28
14712 13
14717 8
14722 5
14725 8
14728 6
14739 7
14743 10
14745 8
14753 6
14760 8
14762 9
14767 13
14770 12
14772 12
14773 8
14775 11
14778 10
14781 9
14784 13
14785 10
14789 14
14790 4
14817 9
14821 7
14825 6
14830 6
14834 19
14838 7
14839 6
14848 9
14853 9
14862 6
14864 7
14865 6
14874 10
14877 9
14878 20
14882 14
14895 7
14901 8
14903 17
14912 7
14916 9
14917 17
14918 15
14919 7
14920 9
14926 6
14928 7
14935 10
14944 5
14946 3
14949 9
14950 8
14966 12
14969 19
14980 8
14986 21
14987 32
14988 13
14993 5
15002 5
15004 10
15008 15
15015 9
15019 9
15021 7
15022 19
15023 9
15026 23
15029 20
15036 8
15038 18
15042 11
15045 12
15055 15
15062 24
15068 11
15072 7
15074 8
15084 8
15089 23
15091 4
15092 10
15093 4
15110 8
15111 3
15115 8
15116 7
15125 5
15129 7
15134 8
15145 23
15146 9
15156 11
15157 18
15163 7
15166 9
15168 7
15171 10
15173 10
15176 13
15181 15
15182 6
15183 9
15185 12
15196 19
15198 10
15219 12
15227 2
15228 14
15229 9
15238 10
15250 4
15253 6
15257 8
15263 10
15270 23
15279 7
15291 8
15302 19
15306 9
15315 22
15324 18
15326 6
15329 7
15330 9
15332 6
15334 7
15336 9
15339 8
15341 8
15343 9
15345 19
15351 6
15353 9
15357 5
15372 6
15378 10
15381 22
15384 4
15385 11
15391 8
15395 10
15401 11
15412 10
15416 6
15425 3
15426 12
15427 6
15437 9
15441 8
15442 5
15446 5
15449 12
15453 8
15454 18
15456 8
15457 10
15461 22
15465 7
15467 8
15468 6
15477 31
15480 7
15483 2
15487 4
15489 9
15496 10
15497 3
15505 8
15527 17
15531 14
15533 7
15534 14
15535 7
15544 20
15550 5
15560 6
15564 10
15569 10
15570 6
15573 9
15580 6
15583 18
15584 15
15597 14
15599 11
15601 3
15603 7
15604 7
15606 13
15611 9
15616 7
15621 11
15626 9
15627 9
15629 9
15633 11
15635 11
15640 7
15641 12
15643 9
15647 9
15652 4
15657 25
15661 15
15662 10
15663 7
15665 8
15668 7
15674 5
15681 14
15682 6
15683 14
15687 14
15689 7
15693 6
15695 31
15696 8
15708 4
15710 8
15714 9
15718 6
15719 14
15731 7
15740 4
15745 5
15746 11
15752 25
15757 13
15759 9
15761 7
15762 9
15763 7
15765 11
15766 8
15768 7
15769 8
15778 11
15792 13
15798 18
15804 23
15805 8
15809 6
15811 8
15815 8
15816 13
15817 24
15819 8
15825 13
15827 13
15833 10
15834 3
15837 25
15839 11
15840 13
15849 11
15853 6
15858 15
15862 5
15863 9
15866 21
15868 8
15875 9
15877 9
15885 12
15886 16
15887 10
15898 7
15902 15
15928 6
15929 7
15930 8
15934 9
15935 7
15937 8
15946 5
15956 4
15957 12
15962 5
15965 5
15979 7
16004 13
16014 14
16015 12
16019 7
16021 19
16023 3
16025 3
16027 13
16031 20
16033 5
16037 10
16041 5
16042 20
16045 11
16047 7
16053 8
16055 10
16057 20
16074 21
16076 8
16080 6
16082 6
16083 6
16086 7
16087 7
16091 6
16093 11
16094 9
16101 5
16104 24
16105 7
16106 13
16112 15
16120 12
16145 11
16146 10
16152 10
16156 10
16159 10
16160 10
16165 12
16167 10
16170 9
16171 7
16179 7
16183 9
16196 6
16204 13
16207 9
16211 13
16213 16
16216 4
16218 9
16223 8
16228 9
16239 11
16241 8
16244 6
16249 9
16255 12
16258 12
16259 12
16268 31
16270 8
16271 11
16279 7
16281 13
16291 8
16298 3
16302 12
16305 6
16316 6
16322 13
16323 10
16324 6
16327 6
16328 14
16341 9
16348 11
16353 11
16354 17
16358 15
16366 14
16369 3
16373 18
16376 7
16384 17
16387 6
16391 13
16392 7
16393 8
16394 15
16395 5
16396 9
16397 10
16399 8
16401 16
16409 12
16416 10
16418 8
16424 8
16427 12
16428 7
16429 5
16433 9
16437 9
16438 7
16439 16
16444 11
16445 4
16450 20
16456 7
16458 10
16459 6
16461 10
16465 5
16475 9
16478 15
16485 8
16486 10
16487 17
16494 12
16499 18
16501 19
16502 22
16508 8
16509 8
16513 15
16514 10
16515 8
16517 18
16521 9
16529 12
16531 4
16533 12
16535 22
16536 6
16539 4
16543 22
16544 11
16551 13
16564 5
16578 9
16580 7
16584 15
16586 6
16604 17
16607 9
16628 5
16629 11
16631 8
16632 11
16636 4
16637 17
16639 11
16640 12
16646 20
16650 6
16651 7
16652 8
16656 5
16658 10
16666 5
16671 11
16682 9
16684 3
16686 6
16690 14
16693 6
16700 10
16701 5
16709 12
16710 11
16715 7
16722 12
16725 8
16726 3
16729 10
16734 13
16735 11
16736 9
16741 6
16744 6
16750 30
16752 33
16757 11
16758 12
16760 11
16766 9
16773 7
16777 13
16786 13
16787 6
16794 4
16795 9
16803 22
16805 8
16807 7
16809 7
16814 5
16820 18
16824 5
16825 12
16831 9
16832 4
16837 8
16842 10
16845 17
16850 10
16858 6
16863 14
16864 13
16866 13
16869 10
16880 11
16881 16
16885 6
16886 9
16891 12
16894 14
16898 5
16907 7
16912 9
16915 12
16919 11
16921 15
16926 6
16932 7
16938 3
16946 11
16948 5
16950 27
16958 5
16964 14
16965 5
16967 7
16968 11
16973 4
16975 9
16981 9
16984 10
16986 6
16989 2
16990 19
16993 10
16994 7
17004 23
17006 5
17010 11
17023 17
17025 17
17026 4
17027 4
17030 20
17040 7
17047 9
17061 16
17062 5
17067 12
17068 10
17081 10
17083 22
17085 11
17087 24
17088 14
17090 12
17095 6
17099 13
17100 6
17102 5
17103 10
17113 8
17116 10
17120 18
17122 9
17125 5
17128 8
17130 12
17132 13
17135 11
17137 6
17141 19
17143 14
17146 12
17147 13
17160 9
17163 16
17170 7
17172 12
17175 21
17179 3
17182 5
17192 14
17203 17
17207 9
17209 7
17214 19
17217 12
17218 7
17222 8
17225 22
17226 5
17237 8
17239 12
17245 9
17247 15
17252 12
17254 7
17256 10
17264 15
17274 15
17277 5
17278 2
17282 7
17288 7
17291 6
17293 11
17298 14
17302 10
17303 13
17307 14
17321 18
17330 8
17333 7
17338 14
17339 8
17346 8
17349 24
17353 8
17355 11
17358 10
17376 9
17378 7
17382 9
17385 13
17387 12
17390 10
17393 5
17398 7
17403 8
17409 7
17417 7
17419 22
17431 13
17433 6
17441 12
17448 16
17456 10
17463 6
17466 5
17468 5
17469 15
17472 8
17479 9
17480 11
17483 6
17488 4
17490 6
17494 10
17499 16
17502 6
17506 10
17514 10
17516 11
17520 6
17521 8
17525 7
17526 9
17532 13
17538 20
17544 7
17548 11
17553 8
17560 13
17562 9
17565 12
17566 10
17570 10
17580 11
17582 9
17583 19
17591 11
17594 9
17597 26
17608 7
17609 3
17612 6
17614 8
17623 5
17629 17
17630 13
17638 5
17643 13
17647 6
17651 13
17652 11
17661 22
17664 20
17665 12
17668 7
17670 8
17675 14
17682 8
17695 9
17697 10
17702 8
17703 10
17711 9
17712 9
17713 10
17717 5
17731 8
17734 13
17735 14
17737 8
17739 11
17740 9
17744 12
17747 5
17750 10
17751 9
17752 11
17753 14
17757 5
17758 15
17761 8
17766 11
17770 6
17773 7
17776 12
17787 10
17796 9
17802 2
17805 11
17807 10
17809 9
17810 11
17815 6
17816 10
17821 12
17838 7
17845 7
17851 8
17853 6
17854 11
17861 7
17863 15
17869 10
17872 12
17873 7
17877 8
17880 9
17881 8
17898 13
17902 5
17904 12
17924 4
17925 6
17927 10
17928 10
17929 11
17936 16
17942 10
17944 9
17945 13
17951 9
17953 8
17961 4
17962 19
17966 18
17972 9
17974 16
17976 8
17978 8
17982 3
17991 9
17994 11
17995 11
17997 6
18001 12
18004 14
18007 21
18010 13
18011 9
18013 18
18019 16
18028 12
18029 6
18033 7
18035 6
18037 7
18038 5
18043 9
18046 5
18047 9
18054 7
18055 3
18056 8
18060 11
18063 11
18070 6
18072 5
18075 9
18080 12
18089 7
18095 10
18100 18
18102 9
18107 12
18111 4
18115 8
18118 10
18119 8
18120 6
18122 4
18124 9
18126 4
18130 7
18132 11
18133 7
18135 21
18136 7
18139 5
18147 17
18151 6
18153 10
18167 16
18175 10
18176 10
18178 7
18180 13
18183 8
18184 7
18191 21
18204 6
18206 7
18209 9
18215 21
18216 16
18218 8
18221 7
18224 8
18225 20
18234 8
18235 13
18237 11
18241 11
18244 10
18248 11
18249 14
18250 14
18251 6
18252 8
18257 10
18259 9
18262 18
18264 6
18268 7
18270 10
18274 6
18277 2
18280 14
18283 6
18285 11
18288 9
18289 15
18293 7
18303 11
18306 14
18308 6
18314 15
18315 6
18317 5
18319 16
18323 15
18327 12
18332 8
18341 12
18344 7
18345 14
18348 10
18359 8
18361 8
18375 10
18376 10
18383 6
18385 12
18388 9
18390 12
18400 9
18402 22
18412 11
18419 7
18420 19
18435 11
18438 9
18448 10
18451 14
18463 8
18464 13
18466 8
18469 8
18470 15
18474 9
18475 10
18488 8
18492 10
18493 7
18494 8
18496 6
18498 23
18499 17
18509 4
18510 8
18517 11
18521 14
18526 13
18529 9
18530 9
18532 10
18533 13
18536 8
18537 7
18538 7
18540 12
18542 8
18545 4
18550 7
18552 5
18556 12
18566 4
18569 9
18571 10
18572 9
18588 12
18598 5
18600 14
18602 10
18607 15
18610 4
18611 9
18613 7
18621 19
18623 6
18634 10
18637 9
18641 10
18642 19
18646 5
18648 10
18653 8
18654 7
18657 8
18658 12
18663 5
18667 20
18669 8
18671 10
18677 27
18678 5
18680 16
18685 10
18686 10
18687 19
18691 15
18695 14
18697 12
18700 15
18702 6
18709 3
18715 8
18718 5
18719 10
18721 7
18724 11
18737 13
18738 10
18757 7
18763 17
18766 9
18775 18
18787 4
18804 8
18806 5
18809 12
18812 6
18815 8
18817 12
18819 21
18831 6
18836 9
18837 12
18838 8
18839 18
18842 10
18849 8
18856 9
18859 11
18871 8
18888 10
18891 9
18905 12
18907 9
18913 9
18926 6
18930 9
18931 11
18932 12
18940 13
18941 14
18942 13
18946 10
18947 12
18953 7
18967 6
18973 16
18975 12
18980 8
18982 8
18987 14
18988 7
18989 10
18999 9
19001 10
19003 8
19004 11
19006 8
19024 12
19027 7
19033 7
19036 8
19039 8
19040 6
19042 9
19044 25
19049 17
19052 10
19054 5
19056 9
19061 11
19062 9
19069 8
19071 10
19082 8
19083 5
19085 7
19087 5
19090 9
19092 7
19098 8
19105 10
19108 8
19114 14
19120 5
19125 7
19130 9
19132 10
19133 13
19135 6
19139 9
19142 13
19145 8
19147 13
19148 11
19156 4
19157 23
19165 10
19170 8
19175 17
19176 15
19177 10
19182 9
19183 11
19184 14
19185 12
19193 15
19195 4
19196 6
19197 10
19204 6
19209 7
19213 10
19216 5
19217 2
19219 12
19220 8
19221 9
19223 6
19227 29
19229 20
19233 23
19234 13
19242 12
19243 7
19248 8
19258 12
19262 13
19266 12
19270 9
19278 8
19281 10
19283 21
19286 9
19295 9
19299 10
19300 5
19305 9
19309 7
19313 10
19317 7
19333 16
19340 5
19341 6
19344 8
19345 11
19347 11
19351 11
19352 10
19356 17
19364 4
19374 10
19383 5
19386 20
19391 10
19393 8
19395 5
19397 7
19401 9
19403 11
19408 11
19413 6
19417 14
19420 10
19421 10
19424 13
19427 9
19433 6
19441 13
19448 9
19449 16
19450 6
19458 16
19459 7
19462 9
19467 7
19468 9
19469 15
19477 22
19482 9
19486 7
19489 7
19500 11
19503 10
19505 6
19509 9
19511 9
19517 19
19520 12
19521 5
19525 9
19539 12
19540 15
19544 7
19546 9
19549 7
19556 8
19559 12
19562 9
19566 18
19568 8
19570 15
19572 4
19576 5
19578 3
19581 9
19584 14
19585 5
19587 20
19598 12
19599 8
19603 9
19607 7
19610 4
19613 10
19614 3
19622 8
19625 8
19634 10
19642 23
19646 10
19652 21
19657 32
19667 4
19674 6
19679 9
19681 16
19687 14
19690 10
19693 4
19697 5
19700 9
19707 6
19709 11
19727 5
19728 8
19729 7
19730 11
19732 10
19740 17
19759 4
19769 12
19774 17
19777 8
19781 9
19787 8
19791 14
19796 5
19800 8
19804 8
19817 8
19830 12
19831 12
19839 12
19846 8
19847 11
19855 12
19858 9
19860 11
19862 7
19863 12
19871 3
19875 15
19883 8
19885 9
19890 11
19892 13
19893 7
19897 7
19898 7
19900 10
19902 7
19908 5
19920 7
19923 4
19924 14
19927 5
19931 2
19934 7
19935 13
19940 13
19942 7
19947 8
19955 9
19956 4
19958 8
19969 12
19971 28
19975 6
19984 12
19990 16
19992 12
19995 13
19996 20
19998 16
20009 7
20010 8
20021 7
20027 14
20028 11
20031 12
20032 8
20035 9
20036 19
20038 10
20049 8
20050 9
20051 8
20052 8
20060 10
20066 12
20069 7
20071 11
20072 13
20076 18
20078 9
20086 22
20088 5
20094 10
20096 8
20101 11
20110 8
20111 13
20113 24
20115 10
20126 12
20137 6
20150 13
20153 13
20154 7
20155 9
20166 7
20172 13
20173 7
20175 6
20176 12
20184 17
20190 7
20207 17
20211 9
20212 6
20221 7
20222 10
20226 8
20230 8
20234 13
20238 7
20242 6
20243 7
20253 21
20254 12
20255 11
20260 10
20263 9
20274 10
20275 12
20281 8
20285 11
20293 4
20296 16
20299 8
20301 11
20303 8
20308 9
20314 5
20319 15
20338 3
20343 9
20360 2
20361 11
20369 10
20371 13
20381 5
20384 9
20386 4
20398 4
20401 11
20402 11
20406 7
20410 11
20420 11
20421 4
20424 12
20427 8
20436 6
20442 18
20447 9
20448 12
20455 9
20459 9
20466 4
20470 9
20476 7
20483 8
20484 9
20486 10
20487 7
20493 5
20497 17
20500 12
20518 17
20523 12
20524 7
20535 11
20543 10
20544 5
20548 5
20556 14
20557 14
20562 4
20569 7
20570 6
20572 10
20573 15
20575 8
20580 11
20587 6
20588 22
20590 11
20593 4
20597 9
20598 13
20603 3
20606 6
20609 5
20629 21
20630 12
20646 8
20648 19
20649 12
20650 5
20652 6
20658 27
20659 12
20662 14
20663 15
20666 13
20671 17
20675 17
20681 9
20682 15
20685 19
20687 7
20690 6
20693 6
20695 8
20696 12
20700 17
20709 21
20725 7
20726 10
20727 13
20730 11
20731 12
20734 11
20742 8
20763 8
20766 13
20777 7
20781 7
20790 16
20791 11
20792 5
20794 18
20795 10
20796 15
20798 14
20802 10
20806 8
20810 8
20820 6
20828 8
20829 9
20832 22
20843 14
20857 6
20859 18
20864 10
20866 9
20867 15
20871 10
20873 5
20887 10
20894 6
20898 11
20909 16
20910 6
20916 2
20925 10
20929 6
20931 8
20932 4
20935 13
20937 3
20942 8
20946 21
20947 6
20948 8
20958 12
20968 3
20973 10
20974 7
20976 10
20979 8
20981 5
20984 7
20986 7
20991 12
20998 11
21000 10
21003 12
21005 12
21011 9
21019 16
21020 19
21022 10
21032 9
21034 5
21035 13
21047 12
21051 6
21054 14
21055 7
21056 8
21060 8
21062 18
21069 16
21074 6
21077 9
21078 5
21079 5
21081 11
21091 6
21098 21
21101 6
21104 7
21112 9
21114 7
21115 4
21116 17
21123 7
21127 12
21129 14
21134 10
21136 8
21141 18
21155 7
21163 5
21166 8
21170 11
21176 20
21177 7
21188 9
21194 11
21198 8
21204 8
21205 2
21207 12
21210 6
21215 5
21217 14
21218 7
21222 8
21241 9
21244 7
21245 6
21248 10
21255 8
21258 9
21260 12
21262 14
21269 5
21270 6
21275 9
21277 7
21279 15
21282 20
21284 7
21285 7
21287 5
21289 9
21292 19
21295 8
21301 9
21304 10
21313 9
21316 11
21323 15
21332 14
21336 10
21338 9
21339 14
21343 13
21346 20
21347 3
21352 6
21362 8
21364 8
21366 10
21367 11
21377 17
21380 12
21382 9
21391 9
21396 13
21402 12
21409 9
21410 13
21412 13
21416 12
21428 9
21429 11
21441 9
21444 6
21465 19
21470 6
21476 25
21477 13
21479 9
21482 15
21499 7
21501 7
21503 7
21509 6
21511 32
21517 8
21523 22
21527 9
21529 7
21531 6
21533 21
21534 8
21543 13
21550 6
21554 29
21555 4
21559 8
21561 14
21567 23
21574 48
21581 15
21582 9
21597 10
21601 5
21606 14
21611 11
21612 8
21616 8
21624 7
21628 12
21629 8
21634 12
21639 7
21640 10
21648 4
21661 20
21667 14
21671 15
21678 11
21681 5
21683 5
21688 11
21693 5
21697 4
21702 14
21704 7
21705 5
21706 6
21711 6
21713 20
21714 13
21724 8
21727 7
21730 8
21732 12
21733 23
21735 15
21738 5
21744 9
21747 16
21752 22
21768 11
21781 6
21787 6
21789 7
21792 4
21794 7
21795 16
21800 6
21801 6
21802 8
21807 23
21818 14
21819 19
21846 22
21857 4
21868 7
21871 10
21876 5
21880 12
21885 11
21891 4
21896 7
21897 6
21904 10
21906 17
21912 19
21916 13
21917 9
21924 17
21929 15
21938 11
21940 13
21944 9
21952 23
21960 7
21967 11
21970 7
21973 3
21975 7
21976 13
21977 7
21981 12
21983 6
21989 8
21990 8
21991 5
21992 9
21993 11
21999 13
22011 5
22021 7
22025 9
22029 9
22032 11
22035 11
22045 8
22053 25
22057 8
22060 4
22061 6
22063 7
22072 19
22079 2
22081 13
22082 8
22085 8
22089 14
22091 9
22092 22
22093 7
22099 6
22101 8
22109 8
22110 7
22113 9
22115 5
22119 1
22130 7
22133 10
22145 11
22149 10
22151 12
22161 6
22166 15
22172 7
22175 8
22177 10
22181 13
22189 7
22191 4
22194 12
22199 11
22208 7
22215 6
22216 12
22217 6
22218 7
22223 5
22224 6
22227 10
22234 8
22235 5
22260 11
22271 12
22273 6
22275 9
22276 15
22281 7
22290 10
22293 5
22294 13
22295 6
22299 10
22301 11
22304 7
22310 15
22312 7
22313 5
22324 12
22331 12
22334 8
22338 10
22344 11
22355 10
22359 10
22367 7
22371 17
22373 13
22375 7
22376 17
22379 9
22381 13
22388 7
22389 9
22394 8
22397 11
22409 11
22413 8
22415 15
22420 16
22422 8
22424 8
22425 7
22427 9
22434 3
22435 12
22437 8
22439 7
22440 5
22449 15
22453 7
22457 16
22458 6
22465 22
22468 9
22474 8
22476 7
22479 6
22485 9
22488 4
22489 28
22496 19
22498 11
22500 19
22503 6
22506 11
22516 8
22521 12
22526 20
22529 11
22530 11
22540 8
22543 3
22545 7
22549 9
22550 7
22555 7
22561 5
22564 12
22574 5
22576 19
22581 8
22584 8
22594 13
22599 8
22606 7
22610 15
22612 10
22621 7
22626 13
22629 7
22631 9
22638 4
22643 9
22648 8
22650 4
22654 6
22658 9
22669 9
22673 12
22675 11
22677 3
22680 18
22682 10
22688 13
22692 9
22694 4
22709 10
22713 7
22716 10
22719 15
22724 6
22729 10
22733 18
22734 16
22735 8
22742 11
22745 4
22746 6
22747 12
22758 10
22760 14
22770 13
22774 9
22777 14
22784 7
22791 6
22795 6
22796 8
22797 5
22799 7
22803 8
22807 10
22810 10
22817 7
22825 6
22829 11
22837 4
22838 11
22839 9
22842 9
22844 7
22854 7
22856 7
22859 6
22861 9
22864 12
22865 18
22877 22
22879 9
22881 19
22892 6
22905 8
22906 8
22908 12
22910 17
22912 13
22915 9
22922 7
22925 8
22926 11
22929 8
22945 7
22946 10
22947 7
22951 7
22956 3
22966 13
22971 7
22973 8
22978 12
22981 8
22983 5
22985 13
22988 18
23001 9
23010 7
23012 16
23014 7
23015 4
23021 9
23022 16
23025 8
23028 12
23030 20
23034 9
23039 11
23040 10
23043 14
23045 9
23046 6
23049 14
23053 15
23058 8
23060 8
23064 10
23065 8
23066 9
23068 14
23071 13
23077 10
23089 8
23094 11
23095 7
23096 17
23101 9
23103 4
23106 10
23110 26
23113 1
23115 26
23124 14
23125 9
23129 17
23132 15
23135 7
23138 9
23141 8
23144 4
23164 7
23176 9
23177 20
23179 17
23185 5
23190 10
23195 10
23197 11
23200 6
23206 9
23210 16
23212 9
23217 12
23223 18
23231 15
23232 8
23239 7
23244 6
23251 5
23256 11
23260 9
23262 4
23264 23
23267 8
23268 10
23269 10
23271 9
23272 9
23275 7
23276 8
23284 5
23285 9
23287 11
23288 5
23298 12
23299 11
23300 11
23303 12
23304 7
23307 22
23308 7
23311 4
23312 9
23317 13
23325 9
23330 31
23343 3
23348 6
23350 6
23351 6
23353 10
23354 7
23355 7
23357 7
23360 8
23364 10
23365 5
23367 15
23373 8
23376 9
23382 6
23390 17
23391 6
23396 11
23404 7
23409 12
23415 5
23423 12
23427 5
23428 14
23429 22
23433 7
23435 10
23436 23
23444 9
23453 11
23455 15
23460 14
23462 8
23463 11
23468 10
23471 9
23473 4
23475 4
23479 8
23480 5
23481 9
23492 22
23493 8
23497 5
23501 10
23506 13
23508 7
23511 5
23513 17
23522 8
23526 15
23527 15
23533 8
23537 2
23538 12
23542 7
23549 7
23553 8
23561 11
23563 18
23574 12
23576 15
23577 8
23580 9
23581 8
23584 14
23586 6
23587 8
23588 7
23591 12
23592 10
23599 9
23609 11
23610 7
23611 19
23613 11
23614 7
23616 11
23617 13
23620 17
23626 11
23631 10
23634 8
23637 16
23641 7
23646 6
23647 8
23652 25
23654 7
23658 8
23660 10
23661 9
23671 8
23673 6
23677 10
23688 4
23696 16
23703 13
23705 21
23707 3
23709 12
23711 10
23722 3
23724 4
23731 24
23733 3
23734 20
23745 4
23760 8
23768 13
23771 14
23775 12
23780 7
23781 7
23782 12
23785 6
23787 14
23791 5
23802 9
23809 13
23810 9
23816 3
23819 12
23821 9
23825 8
23826 10
23828 17
23832 20
23833 4
23839 10
23844 7
23845 4
23848 16
23853 7
23861 6
23866 10
23868 10
23873 9
23878 17
23879 8
23880 22
23881 7
23883 8
23884 4
23890 5
23893 8
23900 15
23903 6
23913 11
23917 23
23921 11
23923 4
23929 17
23932 4
23934 11
23935 13
23936 13
23938 10
23941 11
23946 5
23959 14
23964 9
23968 10
23970 8
23971 9
23974 5
23975 9
23976 10
23986 17
23990 12
24006 8
24008 2
24015 12
24020 8
24022 16
24023 4
24030 10
24032 7
24034 7
24037 13
24038 13
24045 14
24047 9
24050 4
24052 9
24054 11
24056 8
24059 21
24061 9
24072 12
24073 5
24078 8
24079 9
24088 15
24091 4
24100 6
24101 8
24102 6
24107 15
24110 12
24112 13
24113 13
24118 9
24123 6
24126 7
24134 7
24136 10
24138 12
24144 9
24150 10
24151 7
24164 10
24165 9
24167 11
24172 3
24173 11
24176 8
24177 12
24178 10
24179 5
24182 5
24183 8
24185 11
24187 14
24188 6
24189 7
24194 6
24196 17
24201 7
24207 13
24211 5
24222 18
24229 26
24230 6
24231 28
24234 7
24237 9
24238 7
24241 7
24244 9
24247 8
24249 10
24250 2
24258 11
24260 13
24261 4
24270 13
24272 8
24280 6
24284 13
24296 9
24301 13
24302 14
24303 14
24305 10
24316 11
24319 17
24320 17
24339 25
24340 13
24347 14
24348 15
24351 14
24352 6
24355 4
24357 10
24361 12
24365 10
24367 17
24371 8
24378 3
24385 9
24386 18
24387 8
24390 22
24395 3
24397 12
24408 6
24409 10
24412 16
24415 13
24418 10
24419 4
24420 12
24428 8
24436 10
24439 24
24440 20
24441 9
24443 8
24447 9
24451 15
24453 8
24454 15
24466 12
24468 8
24472 18
24477 22
24479 7
24481 8
24482 11
24483 5
24496 11
24512 6
24524 5
24530 4
24532 10
24537 19
24539 7
24548 11
24555 8
24563 12
24564 6
24567 6
24568 11
24574 13
24582 5
24585 16
24591 6
24594 13
24596 11
24602 15
24603 10
24614 13
24615 13
24619 4
24623 11
24625 10
24628 15
24639 10
24652 10
24659 30
24661 6
24662 8
24666 7
24673 10
24677 9
24683 8
24685 14
24686 11
24689 2
24693 18
24696 9
24703 22
24705 14
24707 10
24709 8
24718 16
24719 11
24720 10
24725 9
24729 11
24730 6
24735 10
24742 5
24748 9
24749 15
24755 24
24757 7
24759 9
24762 9
24764 6
24768 21
24777 10
24779 7
24782 6
24791 7
24794 13
24798 14
24801 9
24803 9
24804 6
24806 7
24812 19
24814 7
24816 6
24817 16
24822 13
24824 9
24826 7
24834 7
24836 10
24839 7
24843 9
24846 7
24857 7
24861 12
24862 14
24864 23
24869 13
24871 7
24875 12
24879 10
24886 3
24889 4
24891 8
24893 29
24898 12
24903 14
24909 12
24917 8
24919 3
24925 13
24931 11
24932 8
24939 12
24941 17
24942 5
24946 9
24965 10
24967 11
24968 7
24971 13
24983 7
24987 10
24989 10
24992 10
24999 3
25002 13
25005 11
25013 9
25017 3
25020 4
25021 11
25026 14
25033 9
25036 12
25051 24
25053 15
25064 7
25068 21
25076 6
25079 9
25080 11
25085 6
25090 9
25092 6
25098 8
25103 7
25106 13
25110 9
25112 22
25116 8
25117 5
25122 17
25125 11
25126 8
25127 7
25133 34
25137 23
25140 7
25142 10
25145 4
25158 7
25159 3
25160 9
25161 7
25162 10
25170 8
25171 13
25173 12
25174 17
25175 9
25188 25
25192 8
25196 14
25197 6
25200 15
25212 5
25213 19
25214 9
25215 10
25217 9
25221 11
25240 19
25241 14
25243 12
25244 15
25246 17
25249 13
25256 22
25261 25
25264 6
25265 8
25271 11
25275 7
25279 12
25282 11
25304 25
25307 5
25308 6
25309 3
25312 3
25314 6
25315 13
25318 25
25320 6
25321 10
25331 15
25335 11
25344 9
25357 12
25360 16
25365 10
25370 17
25376 4
25378 10
25385 16
25389 22
25391 12
25392 4
25399 12
25402 23
25406 15
25410 9
25411 8
25417 4
25418 10
25421 8
25424 10
25425 7
25426 11
25433 13
25439 13
25440 20
25449 11
25453 8
25458 15
25459 17
25470 21
25475 6
25479 10
25485 3
25487 19
25488 6
25495 11
25496 16
25497 12
25499 8
25500 7
25501 9
25504 12
25507 21
25508 8
25509 10
25526 6
25527 9
25530 8
25535 7
25542 7
25547 15
25553 4
25556 13
25557 9
25561 8
25568 11
25575 10
25583 2
25587 5
25588 7
25593 16
25598 6
25615 16
25619 11
25625 12
25626 6
25631 9
25639 14
25641 10
25643 10
25644 12
25651 9
25653 9
25655 13
25661 7
25668 11
25670 7
25672 18
25673 14
25677 12
25685 2
25692 10
25694 11
25704 12
25709 8
25714 2
25718 12
25725 8
25728 3
25737 8
25740 5
25743 9
25745 12
25746 19
25747 5
25748 6
25751 10
25753 20
25758 10
25760 6
25763 12
25771 13
25774 10
25776 8
25781 30
25784 8
25786 7
25793 8
25794 6
25800 4
25811 14
25813 9
25839 12
25841 6
25843 16
25849 8
25852 3
25854 10
25858 6
25864 10
25866 6
25869 15
25884 7
25890 10
25895 7
25898 15
25904 8
25906 25
25907 3
25909 6
25911 9
25913 17
25916 12
25918 10
25919 7
25923 8
25929 13
25931 10
25936 11
25937 11
25938 10
25961 12
25962 12
25964 14
25972 5
25975 17
25978 13
25979 14
25981 9
25986 18
25987 11
25989 7
25990 6
25991 11
25994 11
25999 2
26002 9
26004 11
26008 6
26009 8
26010 14
26011 8
26017 11
26018 5
26022 14
26026 9
26028 12
26029 26
26031 7
26032 7
26048 8
26049 10
26056 17
26059 8
26070 10
26072 8
26077 16
26080 2
26084 3
26085 8
26087 10
26093 5
26101 13
26107 27
26108 5
26112 8
26115 25
26117 7
26120 14
26124 15
26127 10
26128 17
26132 5
26138 6
26145 11
26146 11
26148 8
26151 7
26154 10
26155 6
26157 7
26160 10
26162 9
26164 7
26166 9
26178 10
26188 13
26189 10
26190 4
26191 8
26194 14
26196 37
26197 27
26200 6
26206 8
26207 17
26212 6
26217 8
26219 9
26221 12
26223 5
26227 9
26231 10
26233 6
26239 11
26242 18
26243 9
26248 8
26249 24
26252 7
26258 6
26267 9
26271 15
26274 6
26278 9
26279 11
26281 10
26287 10
26288 10
26295 10
26302 8
26305 13
26307 7
26311 8
26314 14
26319 28
26320 5
26321 16
26323 7
26324 17
26330 12
26332 8
26334 9
26340 8
26349 8
26350 12
26353 12
26356 9
26362 6
26364 17
26371 7
26377 12
26378 6
26379 9
26381 12
26386 24
26388 11
26390 7
26393 7
26401 12
26402 6
26405 10
26406 7
26408 8
26420 10
26437 20
26440 5
26451 19
26453 10
26454 14
26460 14
26461 4
26463 7
26465 11
26472 12
26477 13
26478 8
26479 21
26483 10
26485 11
26493 7
26497 13
26501 9
26503 4
26513 5
26515 10
26519 11
26520 8
26525 14
26539 11
26541 7
26547 15
26552 14
26562 5
26564 16
26566 10
26574 9
26577 15
26591 17
26594 10
26598 10
26602 9
26605 13
26607 12
26609 8
26610 16
26612 6
26615 12
26617 1
26626 9
26627 9
26633 11
26635 8
26637 8
26643 9
26646 9
26664 18
26674 5
26683 4
26689 15
26691 14
26693 14
26702 10
26703 8
26704 14
26706 10
26712 5
26715 8
26716 15
26719 14
26720 17
26721 9
26723 5
26726 7
26728 10
26744 8
26748 16
26760 5
26766 10
26782 4
26785 7
26792 22
26802 13
26808 10
26810 16
26816 9
26821 10
26829 8
26830 5
26831 5
26833 8
26845 3
26852 14
26853 9
26858 11
26859 11
26862 14
26865 8
26868 3
26881 18
26889 16
26890 12
26892 1
26893 18
26895 11
26896 10
26901 11
26904 12
26905 21
26906 12
26914 8
26915 8
26917 5
26918 13
26919 11
26923 8
26927 5
26928 6
26934 6
26937 14
26939 10
26945 10
26950 9
26951 7
26953 6
26956 15
26959 15
26961 10
26970 11
26973 6
26976 10
26978 8
26981 8
26982 21
26989 5
27002 13
27007 11
27008 15
27011 10
27015 9
27018 11
27023 11
27026 7
27035 10
27037 10
27038 8
27039 8
27043 21
27044 9
27047 18
27053 10
27055 11
27061 8
27064 8
27069 8
27071 17
27073 7
27083 9
27086 5
27089 8
27096 18
27097 7
27100 12
27102 16
27103 12
27105 16
27107 13
27109 22
27115 19
27124 9
27126 11
27132 10
27138 8
27139 4
27140 7
27156 12
27157 8
27161 8
27166 9
27171 11
27180 5
27182 12
27193 19
27194 9
27199 11
27200 5
27206 10
27208 4
27211 11
27221 9
27229 24
27230 7
27231 13
27233 16
27242 7
27246 6
27250 11
27255 10
27268 4
27276 9
27277 1
27278 9
27280 9
27284 11
27290 12
27295 6
27296 3
27300 4
27302 7
27303 11
27304 10
27307 9
27309 13
27311 7
27312 4
27316 8
27319 13
27320 10
27325 10
27326 8
27332 12
27337 12
27343 6
27345 10
27363 8
27367 10
27369 18
27387 13
27402 12
27403 5
27405 12
27411 7
27415 9
27423 5
27426 11
27430 7
27435 10
27436 5
27438 2
27440 5
27442 7
27443 17
27449 14
27454 7
27456 12
27459 5
27460 9
27467 10
27470 6
27478 7
27481 8
27495 8
27497 7
27498 9
27500 11
27502 12
27514 14
27515 3
27517 10
27518 8
27521 6
27522 14
27527 9
27542 11
27547 13
27553 6
27555 11
27561 9
27572 17
27574 11
27579 10
27582 14
27587 18
27597 6
27599 5
27600 10
27601 10
27603 9
27618 6
27621 4
27623 8
27625 11
27632 6
27642 4
27645 9
27646 7
27650 16
27656 7
27657 14
27664 11
27671 7
27675 8
27678 6
27679 8
27685 10
27688 18
27691 16
27693 5
27696 20
27702 15
27709 4
27711 5
27713 5
27716 16
27717 7
27721 9
27723 6
27724 4
27728 10
27733 11
27741 12
27747 19
27751 4
27752 10
27761 9
27762 4
27765 6
27766 8
27769 9
27770 9
27771 9
27772 5
27773 12
27778 8
27779 8
27781 12
27786 7
27793 9
27804 8
27805 8
27809 8
27812 15
27814 8
27821 13
27837 16
27845 12
27850 9
27851 23
27854 9
27862 10
27867 14
27868 10
27880 8
27881 11
27882 8
27884 7
27890 11
27891 11
27892 10
27893 8
27896 11
27898 9
27914 11
27929 8
27936 8
27939 11
27944 14
27945 7
27953 24
27954 8
27961 7
27965 13
27968 34
27973 5
27977 12
27983 3
27988 12
27990 8
28011 10
28020 8
28030 10
28047 9
28055 8
28057 7
28059 9
28061 19
28071 16
28083 8
28089 11
28098 7
28099 10
28104 23
28110 10
28113 11
28119 12
28121 12
28126 8
28129 9
28135 10
28137 8
28140 16
28144 11
28158 6
28163 4
28168 13
28169 9
28171 8
28172 13
28181 20
28182 7
28183 10
28184 11
28189 7
28195 7
28196 5
28199 4
28206 8
28213 20
28225 12
28231 9
28242 7
28246 13
28248 8
28249 8
28250 9
28259 12
28262 16
28265 17
28267 26
28270 11
28282 6
28286 7
28288 7
28289 5
28290 7
28293 6
28298 17
28299 12
28302 6
28305 18
28308 10
28309 6
28311 15
28312 11
28313 3
28315 23
28317 14
28319 9
28325 14
28329 25
28332 12
28335 9
28339 8
28341 7
28343 6
28344 24
28345 22
28349 13
28356 9
28361 5
28363 19
28364 14
28370 10
28371 15
28378 6
28379 7
28381 12
28384 17
28389 10
28391 11
28395 9
28399 6
28403 7
28410 10
28415 11
28417 7
28418 17
28419 14
28421 9
28430 10
28437 10
28442 5
28445 7
28446 26
28450 14
28451 13
28452 3
28454 11
28455 12
28456 12
28457 6
28463 6
28471 5
28474 8
28475 10
28478 8
28482 12
28504 6
28505 19
28506 8
28508 9
28509 8
28513 9
28515 9
28519 5
28522 9
28541 10
28546 9
28547 10
28550 11
28555 13
28556 22
28557 10
28560 7
28565 7
28567 6
28570 2
28571 7
28574 15
28579 7
28583 7
28587 5
28596 10
28603 22
28604 9
28606 6
28607 9
28609 7
28610 12
28617 9
28618 5
28620 8
28624 18
28625 6
28627 8
28630 14
28632 6
28635 12
28636 15
28637 13
28641 24
28642 7
28654 11
28656 12
28657 9
28662 9
28663 12
28665 20
28673 9
28688 41
28693 9
28695 3
28699 4
28700 8
28702 5
28714 6
28718 9
28722 10
28728 9
28731 11
28735 6
28739 6
28740 9
28742 15
28744 9
28750 12
28751 9
28753 8
28754 13
28759 14
28760 8
28762 10
28765 27
28769 9
28770 10
28772 14
28774 14
28778 12
28782 5
28783 7
28784 7
28787 14
28788 9
28792 12
28803 7
28805 7
28815 11
28817 9
28829 10
28830 19
28834 22
28835 11
28841 7
28842 9
28844 6
28848 11
28851 8
28864 15
28865 7
28867 7
28871 6
28872 5
28876 5
28878 8
28883 10
28887 11
28890 14
28891 6
28897 8
28904 9
28906 5
28908 8
28916 6
28919 5
28920 12
28922 6
28924 4
28928 10
28937 5
28938 15
28941 9
28942 14
28947 4
28950 8
28954 7
28960 7
28964 8
28980 6
28984 24
28985 9
28987 23
28988 14
28991 17
28993 12
28998 10
28999 13
29010 5
29013 9
29014 8
29016 10
29017 10
29022 5
29029 15
29052 9
29055 8
29058 9
29060 8
29061 20
29063 4
29075 4
29080 6
29081 5
29083 9
29089 8
29091 7
29093 4
29094 15
29095 13
29098 9
29100 17
29118 7
29129 12
29130 11
29132 20
29139 8
29145 11
29146 9
29151 10
29155 8
29156 7
29158 10
29159 7
29162 6
29169 8
29175 10
29176 9
29177 13
29179 9
29188 21
29190 11
29192 4
29194 7
29202 8
29204 5
29209 11
29212 11
29216 4
29219 16
29226 8
29238 8
29244 24
29247 10
29254 8
29257 14
29258 10
29263 6
29264 20
29266 7
29269 13
29277 6
29278 6
29283 5
29286 10
29289 7
29293 7
29294 13
29298 6
29299 9
29304 7
29306 9
29315 7
29317 9
29318 15
29324 8
29326 10
29327 14
29332 24
29335 14
29338 10
29340 12
29346 6
29372 6
29373 9
29375 9
29376 7
29377 9
29378 12
29379 9
29388 6
29391 5
29392 10
29396 10
29400 9
29402 4
29404 9
29410 10
29413 12
29415 8
29419 5
29420 11
29426 5
29428 18
29429 12
29439 7
29441 23
29452 16
29453 8
29459 8
29460 8
29473 10
29474 8
29475 6
29477 13
29478 10
29487 8
29495 7
29496 6
29499 9
29511 15
29520 10
29522 3
29526 19
29527 14
29528 9
29534 8
29538 8
29544 8
29545 4
29555 4
29573 8
29576 16
29583 9
29584 15
29588 13
29592 9
29601 10
29610 10
29616 7
29618 16
29619 11
29623 7
29624 6
29628 28
29637 8
29639 11
29642 7
29646 21
29651 9
29654 10
29655 17
29658 7
29659 7
29664 9
29668 26
29671 6
29674 19
29677 22
29681 11
29684 14
29689 17
29690 11
29697 7
29698 12
29699 9
29708 13
29710 11
29711 17
29716 5
29722 8
29723 9
29725 10
29727 12
29734 14
29738 8
29743 6
29746 10
29748 6
29752 6
29758 10
29765 8
29766 8
29779 5
29785 12
29787 6
29792 14
29793 7
29797 9
29799 9
29802 11
29816 8
29823 11
29825 6
29829 4
29830 11
29834 38
29838 7
29839 9
29840 10
29842 10
29846 8
29852 9
29857 9
29859 14
29863 10
29868 19
29871 13
29873 12
29876 10
29878 17
29879 6
29880 9
29881 8
29888 6
29889 9
29893 13
29904 7
29915 27
29925 9
29930 11
29933 9
29936 8
29945 5
29946 6
29950 7
29951 4
29956 6
29960 10
29962 8
29963 13
29966 9
29969 13
29971 5
29972 14
29974 12
29977 3
29992 8
29997 7
30001 8
30006 12
30008 13
30011 9
30012 7
30018 10
30022 10
30027 19
30029 8
30037 12
30038 9
30040 8
30042 13
30045 4
30047 13
30049 17
30058 10
30059 11
30062 15
30072 30
30077 7
30091 6
30095 15
30097 5
30098 11
30099 11
30106 11
30111 15
30118 10
30120 9
30122 3
30131 8
30132 4
30134 8
30135 4
30146 9
30149 16
30150 10
30154 4
30156 5
30163 13
30164 8
30177 5
30179 14
30182 8
30185 10
30187 11
30189 8
30194 10
30201 9
30224 18
30225 5
30227 7
30228 16
30230 10
30231 7
30235 12
30243 17
30244 14
30249 7
30262 5
30263 9
30268 6
30272 14
30290 5
30292 13
30297 10
30299 9
30300 7
30315 8
30317 7
30324 7
30326 8
30328 12
30331 4
30332 11
30341 7
30342 9
30343 9
30344 4
30345 8
30348 18
30349 8
30351 16
30355 11
30356 8
30359 7
30365 6
30368 11
30374 7
30376 1
30380 7
30382 10
30407 7
30409 15
30410 1
30413 4
30424 7
30428 12
30429 15
30432 8
30434 8
30437 12
30439 7
30440 9
30445 24
30450 5
30452 11
30453 9
30457 6
30466 12
30467 11
30471 8
30472 9
30473 12
30474 13
30485 8
30487 14
30488 13
30493 17
30494 10
30503 6
30507 4
30514 14
30516 8
30517 9
30519 12
30520 9
30528 8
30531 14
30536 5
30538 8
30552 10
30555 2
30558 9
30559 9
30562 6
30564 8
30569 6
30576 21
30586 14
30591 20
30594 6
30596 9
30600 6
30605 9
30609 9
30617 8
30619 6
30620 11
30621 4
30627 15
30628 5
30629 7
30634 10
30636 5
30638 12
30648 19
30650 21
30653 6
30655 11
30659 5
30660 11
30663 12
30664 9
30665 10
30667 9
30672 21
30673 15
30674 12
30680 23
30689 13
30692 8
30693 10
30696 11
30704 5
30705 8
30706 11
30707 10
30715 10
30716 10
30722 6
30725 7
30728 24
30729 13
30731 9
30734 6
30738 22
30740 13
30743 5
30744 20
30748 7
30749 4
30750 8
30755 15
30759 8
30761 17
30762 10
30773 14
30774 11
30785 4
30796 9
30802 7
30805 18
30811 11
30815 6
30817 10
30819 10
30823 10
30825 10
30829 10
30832 5
30833 4
30834 15
30835 7
30838 8
30840 6
30861 7
30866 5
30869 10
30870 10
30871 7
30886 3
30894 6
30896 12
30901 5
30902 9
30905 20
30906 9
30907 13
30909 5
30924 16
30941 6
30944 11
30951 9
30955 8
30956 34
30960 13
30967 12
30968 16
30975 6
30982 8
30987 12
30990 14
30992 11
30994 4
30996 6
31003 7
31004 7
31007 7
31009 6
31012 7
31013 9
31016 13
31017 11
31018 6
31019 5
31026 15
31032 5
31035 10
31037 7
31038 10
31040 7
31043 8
31047 9
31049 14
31051 22
31052 30
31053 8
31056 10
31059 7
31061 4
31062 11
31063 28
31068 9
31070 7
31074 13
31076 8
31077 6
31078 10
31093 2
31103 8
31114 16
31127 11
31136 8
31138 6
31145 7
31149 8
31150 19
31160 29
31163 8
31175 9
31179 7
31180 9
31189 16
31203 3
31206 4
31208 4
31209 2
31211 16
31219 15
31225 13
31227 8
31228 9
31234 6
31243 11
31246 3
31249 3
31256 12
31259 6
31267 14
31270 15
31279 18
31285 16
31286 10
31288 9
31294 13
31304 8
31306 18
31308 20
31311 11
31317 7
31320 8
31338 12
31339 4
31340 11
31344 8
31347 7
31355 9
31356 23
31358 11
31370 11
31372 9
31373 9
31377 13
31378 8
31387 7
31393 13
31394 10
31402 8
31408 9
31415 11
31416 8
31419 3
31420 11
31421 6
31433 10
31440 6
31442 9
31448 13
31449 6
31459 3
31461 9
31466 17
31469 13
31487 7
31488 11
31491 14
31492 12
31493 8
31496 13
31506 6
31508 6
31511 10
31520 9
31522 7
31524 8
31525 3
31529 5
31532 12
31535 8
31540 23
31546 6
31549 6
31550 7
31554 4
31555 13
31559 5
31565 9
31571 6
31581 11
31586 12
31587 8
31589 13
31591 16
31598 15
31599 9
31603 11
31606 7
31610 6
31612 6
31620 19
31622 2
31630 10
31643 10
31644 12
31646 5
31651 13
31653 10
31655 2
31658 8
31672 11
31675 8
31677 11
31684 5
31689 13
31691 12
31693 8
31696 8
31698 10
31705 6
31706 11
31708 9
31724 12
31729 8
31742 10
31743 10
31744 13
31753 10
31756 14
31762 7
31765 7
31774 9
31775 8
31779 15
31789 9
31791 5
31796 21
31819 11
31822 14
31837 6
31842 15
31847 6
31849 14
31850 13
31859 7
31870 8
31874 7
31889 15
31893 12
31900 12
31903 9
31905 10
31908 23
31911 11
31915 12
31916 9
31917 12
31919 16
31926 12
31927 20
31932 14
31935 11
31943 8
31944 8
31955 7
31966 14
31976 8
31978 6
31986 8
31992 12
32000 17
32005 6
32007 4
32025 6
32030 6
32033 14
32034 6
32039 6
32042 17
32043 10
32045 9
32048 5
32052 9
32055 6
32060 8
32063 9
32070 11
32074 9
32078 9
32079 7
32080 6
32081 8
32090 14
32091 5
32096 3
32101 4
32102 24
32108 6
32111 9
32112 11
32117 12
32118 13
32122 6
32127 8
32128 5
32132 12
32134 10
32140 8
32148 22
32151 6
32165 6
32166 8
32177 19
32181 4
32202 3
32215 8
32220 4
32226 4
32229 9
32230 9
32231 7
32232 5
32233 8
32237 7
32247 6
32251 20
32254 6
32255 9
32258 11
32261 9
32266 6
32274 9
32279 7
32280 9
32289 7
32290 16
32296 13
32299 7
32301 13
32302 10
32305 28
32309 11
32313 20
32316 11
32328 8
32330 4
32331 12
32339 5
32342 7
32349 11
32353 8
32360 41
32363 8
32366 13
32367 16
32368 15
32370 11
32371 15
32379 11
32388 5
32395 6
32396 1
32398 8
32408 4
32412 6
32413 7
32423 11
32427 8
32428 9
32435 20
32447 9
32449 8
32452 12
32455 9
32458 7
32461 7
32473 8
32478 8
32483 5
32485 8
32495 13
32504 14
32505 11
32507 16
32515 7
32517 9
32518 9
32520 5
32521 8
32526 11
32529 7
32534 14
32536 7
32540 18
32541 12
32542 15
32543 7
32544 7
32545 16
32548 15
32554 4
32555 10
32558 12
32560 7
32563 11
32565 11
32567 8
32572 12
32577 11
32578 4
32580 16
32581 9
32586 7
32591 9
32596 4
32598 6
32607 12
32610 10
32622 14
32632 13
32634 9
32641 4
32644 5
32653 7
32658 6
32661 9
32663 17
32665 22
32673 11
32677 7
32689 9
32690 20
32698 17
32705 8
32718 12
32724 9
32725 6
32733 8
32735 6
32737 8
32738 12
32739 13
32746 7
32752 21
32753 6
32767 8
709914 11
1773756 9
2513488 4
3238616 14
3910920 14
3976779 14
4695626 11
5404825 8
6573988 8
6708608 12
8104914 9
10365833 10
10822897 9
11123075 6
14293884 6
18860635 7
19201870 10
21419229 6
21792706 10
22588683 4
23002973 8
24440158 10
24771222 12
25717777 6
26496229 6
26950500 7
29085785 7
29778474 12
30528682 15
31123513 12
31434805 8
33502601 6
35089323 8
37192131 10
37244535 8
37304327 5
37447231 12
37578720 8
37789848 7
38288356 13
39979431 15
41385629 11
41431102 7
44162608 6
45436438 10
45901006 9
46207931 9
46749388 10
46780436 17
47184566 12
48770637 7
49887347 10
50462376 8
51008814 6
51191105 17
51311828 7
51318394 10
52121100 15
52205413 9
52925180 5
54300641 13
54361583 6
55156687 7
56839650 7
58857696 6
59358669 7
59576011 15
59771732 6
60512844 7
60924325 7
62048814 9
62621899 6
65980622 12
66179559 5
66955904 4
67140245 13
67586880 11
68301539 11
71672115 9
71848033 3
71875336 6
74050343 10
74998095 9
75646703 8
77769598 8
77944924 11
78260341 10
84882419 12
85613145 11
85895727 4
86103282 10
86182577 10
87931040 9
88372792 5
89706839 9
91990177 5
92262012 8
92376869 9
93543448 6
94877751 6
95021083 8
95678076 11
97421970 8
97868307 3
99729798 12
100912096 5
102320229 7
102412004 11
105797908 11
106410851 10
107193549 9
107990680 9
108296665 8
109291552 14
112163566 11
113251504 11
114411306 9
114497018 10
114875606 5
115408831 8
115630890 10
120947823 10
121293081 9
122586631 10
123539791 9
125100580 5
127111268 10
127769786 8
128739447 7
129287355 7
129664829 12
131067556 5
132334261 8
133064974 8
135598686 8
135638825 11
137141805 6
137285787 11
137624367 14
138117755 9
139094402 14
139785280 10
141841001 9
143729401 11
143840035 7
144769534 7
146253141 6
148442151 16
150875559 11
151097628 9
153873419 10
154391402 12
158402184 7
159408324 10
159622241 10
161056203 4
162820271 13
163351585 14
168981947 6
169331300 7
169902594 8
169976385 8
171061561 9
171122414 7
171890915 8
173461835 11
173774843 15
174100149 1
175649415 6
176140078 6
176876201 11
178080617 12
178415837 12
178449294 3
179653039 13
179695288 14
179789846 8
180267246 7
182551809 5
183492382 8
183871380 3
184594831 8
184731479 8
184772997 6
185525428 4
186657260 8
187116875 5
187203111 10
187866415 8
190539566 3
190942487 9
191199081 10
192734528 4
192971524 7
194850807 9
195351560 8
195567562 14
195823659 9
197338634 10
198409649 2
199012479 6
199191260 9
199627152 11
199673321 18
200464122 10
202822189 7
204588053 12
205603420 5
205649644 8
206248810 5
206409466 9
206610510 12
206858649 12
207560127 4
207977621 8
211549644 6
211754698 8
214478823 10
216538629 14
218743415 6
220778524 10
222228015 7
222538842 5
223452261 14
224219969 11
224340884 7
227428524 12
227972364 10
230807140 16
231366331 6
233014180 1
233939831 11
233960799 9
234116221 9
234183043 14
234863723 4
234930086 4
235155864 7
237617172 12
239214945 6
239952590 9
240829089 10
241546153 11
242073169 6
242523781 7
243604238 8
243892765 10
244942332 12
246461449 6
246750309 9
249835296 9
250766245 8
252214215 7
252302495 7
253442392 10
253781551 9
254381304 8
256144202 3
257317905 7
258509743 7
261424177 8
264286530 8
266097014 11
267108305 6
268104102 7
269604761 8
270787674 14
271177601 5
274452136 9
276003120 9
276892295 12
277323742 7
277384463 10
277686198 8
278117696 3
278426478 11
278495161 7
278557919 10
279195796 7
280018368 10
283141603 4
283267560 8
284116722 12
286701537 10
287678397 10
290062275 11
291987539 5
292496459 11
293040466 7
293311595 9
294118977 9
295013283 8
297590729 6
300623526 7
301397559 4
301466949 9
301531007 11
302805505 11
302810733 11
303209252 9
306148329 9
306754466 6
306907413 4
310085237 6
311487291 9
313974659 10
314705673 7
314928824 6
315540173 7
317423097 8
318607188 13
318712242 11
319169495 8
322187314 6
322431661 4
323063535 15
324149661 11
324932358 7
325415965 6
327190534 8
328100106 10
329749560 18
329799866 10
331995158 9
332279477 10
333876384 7
334838229 5
334872904 7
335665966 6
335916148 6
337645189 10
338553922 15
340142347 5
341440606 8
342302178 10
342708187 9
344058306 10
344199146 12
345476058 6
346274412 5
348510350 11
348603099 4
348969000 9
351161436 3
352382879 8
353009500 6
356078990 8
356530774 9
358725977 10
360676165 5
360960239 15
361278744 8
361338307 6
362132792 5
362913659 13
362981588 15
363168123 12
364373390 8
365023154 11
368241104 11
369557259 7
369921504 7
370055383 10
370767545 10
371086439 7
371253192 10
374852664 8
375174822 11
375182352 7
375596942 9
376668974 18
377686854 5
378816570 8
380486294 11
380788941 9
381206385 14
382204653 7
382838650 9
384865295 5
386433545 10
386922884 12
389532967 10
389629103 6
390703668 5
390943793 13
391520704 13
395028200 8
398086344 8
398443668 14
400044807 7
401601466 10
401927386 11
403289711 9
403543118 8
403822505 12
405210845 11
407079000 12
409019040 10
409168115 9
409598398 4
410656389 12
411430518 6
412016499 4
412434797 7
413548024 14
414117013 9
416433560 11
417108076 8
418473160 14
418529535 6
419605951 2
420742003 8
421029613 5
421351508 14
421449335 10
422610909 9
423144708 10
423599565 7
424221023 9
424915137 8
425320244 11
425913430 18
427807208 8
429346721 6
430638615 15
430713571 8
430997986 10
431080821 9
431108649 5
433236626 9
434034221 17
436358655 7
438558918 7
438824276 5
441161988 14
441325871 10
441873576 11
443385923 9
445688332 8
446696521 15
447323276 9
448467156 8
450529371 5
450542499 18
450708175 11
452658854 20
454086705 8
458069264 8
458485727 8
458549128 6
459035547 6
459437615 13
459831890 8
460132642 9
461842006 13
462376219 15
462580468 7
462725866 7
463573318 14
464156662 6
464498723 8
465109577 4
465399393 14
465831598 7
466974976 11
467781708 10
467871549 3
468486827 8
474033939 8
475633112 9
476553900 7
477170927 8
478254563 7
478573802 9
479978581 10
482001159 8
482760308 6
483021453 8
484004206 4
484004541 6
484803063 12
484851818 11
486343896 10
487355511 4
487808193 8
487957769 11
490171599 8
490179086 5
491063288 16
492544391 7
494117950 11
495316369 10
495573999 3
496586306 10
499219297 7
500474059 3
503803038 11
508757610 4
509185370 5
510655307 10
512313342 11
512566590 4
512633441 9
512901590 8
515163324 6
515251553 6
515898019 8
517774761 7
517856104 9
519875265 15
520975776 9
521691037 7
522920106 9
524234227 5
525402321 7
525522249 12
528413293 11
529843694 7
531892360 13
531952934 3
532210889 6
532520655 9
532695406 8
533337535 15
533934979 9
535071145 5
538759796 9
539017757 1
540289333 4
540289761 13
540546991 8
542689878 12
542738248 13
544700857 14
544995070 5
545801691 9
545903394 9
546656739 12
548845793 12
549110979 9
549427908 10
549683457 9
550924492 12
551168033 6
551786452 12
552182178 9
552268795 8
552854378 9
554010196 7
554082536 2
554294646 12
555479502 10
557261981 11
558460547 4
560552643 9
562761963 7
563972457 10
565480792 5
565489417 11
565858218 8
566279538 8
569339386 6
569408816 7
569998936 9
570586366 12
571216887 8
571379078 12
572651036 14
572894806 5
577028687 8
577072412 12
577345215 5
577345620 12
578601698 3
578941099 6
579182264 7
579367546 6
579544849 6
579568093 6
581820366 13
582839665 7
584400209 11
586967142 18
588458896 8
590345971 14
591477630 13
592719852 10
593712531 6
594143008 15
596378085 17
597584929 7
599351124 9
600179258 4
600516256 6
603379435 8
604114525 13
604631472 10
605503628 5
607099079 8
607188900 10
607788443 12
608320201 12
609148831 9
610658085 8
611094788 17
613066121 6
613832847 8
614770979 9
617799848 7
620232660 7
620607163 8
622325760 7
622436290 10
622993327 4
623272442 12
624279842 6
624351469 5
631063087 9
632815306 20
634071538 8
635744971 4
636136009 7
637902143 8
637934226 8
638207019 8
638942496 12
641346507 11
641537767 13
642561180 5
642826567 10
644777712 9
644788341 17
646267355 10
646527746 10
647716443 8
647755392 10
648444274 15
649289968 11
649493500 8
651183038 5
651192260 6
652170438 9
652537385 9
652886904 17
653236935 6
654401301 8
656769744 14
663090517 10
666464467 4
666556906 7
667309697 3
667404452 6
668587398 14
668951803 3
669740945 13
669803999 7
670724578 3
671395426 7
675413729 18
677165615 11
677930881 8
679726157 12
679962130 12
681001475 7
682741743 7
689415585 8
689416044 6
689942196 9
691695235 5
693188074 7
693660464 19
693871327 6
694045785 19
694784538 11
695259007 15
696065715 7
696818962 10
697152965 4
699710339 9
700072832 9
700270416 7
702627626 13
703741241 8
704411765 10
705159530 9
705796502 5
706117631 8
708259843 6
708525401 8
708708423 6
709336524 9
710202672 5
712779568 5
713733905 13
715643979 14
716301271 3
720503848 15
720723363 9
720852849 10
723068774 16
725146700 7
726120221 6
726325406 9
726512995 7
730129806 6
730728271 7
732095091 8
732670920 6
733332698 8
734489540 10
734847890 11
735876059 3
736014073 9
736810212 2
738781245 5
739463725 8
740774360 7
741775494 8
742071580 5
742971873 9
743270447 8
747258105 8
748125980 10
749829726 19
750348167 10
750572646 9
751424669 8
751984233 3
754941038 10
756724488 10
757695018 6
758400330 8
758577897 9
758705939 10
758715910 9
758826245 2
759532870 6
760452799 13
760773745 6
761858733 11
762225734 5
763045704 6
763293832 10
764735477 8
764867867 6
765305479 11
765453985 15
766293893 8
767337368 12
767626638 8
774680201 8
775180675 8
775216783 10
776203145 18
776343306 15
776597229 6
777027425 8
777374383 8
779270401 8
779722806 8
780352289 8
781400528 7
782515908 12
784721706 9
785719018 10
786677184 8
787851633 7
789966647 5
790495596 7
791300711 7
791316602 21
791927361 5
793813406 10
794177165 8
794237124 14
794503236 6
795244361 12
795354551 9
797338861 8
797678908 6
800253318 6
802097734 11
802280125 10
802826872 11
803574592 4
803965852 13
804596391 10
806159192 11
806784475 9
807427333 9
807814445 6
809395598 8
809483677 9
809977166 3
810118262 13
811309159 8
811822606 11
813751675 11
814460513 20
814468903 7
816269196 12
817220589 14
817397033 6
817750283 13
818302126 9
819826368 11
822943881 8
823254593 7
824121582 6
824499834 8
824657831 5
827091749 9
829080718 12
829181624 13
829260360 8
829941338 6
830203906 14
833892484 9
834445964 7
834771688 10
836033815 8
837206037 7
837902518 7
838500785 19
839779061 13
839823076 4
840359554 8
840360913 7
840813930 11
843192425 4
844394505 3
845872788 9
845966677 7
846863880 15
851720823 10
852377030 8
852651122 6
853294805 10
853637505 9
854787754 9
854836808 6
855696484 5
858242807 10
858471694 17
859363520 9
859463602 9
860214718 13
862346221 7
862761776 10
863276092 14
864042164 13
864484513 4
866860004 9
868391369 5
868487533 6
868631070 7
869463215 13
869948156 8
870226636 14
872725265 15
872743899 14
873098228 11
873177201 11
873711702 5
873809607 9
874313113 11
875357295 8
876487706 11
877205388 7
877242241 5
879015510 13
881973777 10
882045769 15
882303804 9
882445092 6
883253504 7
883263778 7
884976298 9
886431679 9
886514262 8
887013196 12
888597368 8
891925999 3
892776464 6
893011817 9
893212455 16
893271473 7
894007861 10
895884762 13
896779901 8
898653242 5
898677543 6
899942441 7
900320206 9
901289101 8
902016404 14
903130292 3
904092799 4
904465162 11
906743702 5
907730129 9
908549673 7
909524326 11
912382645 13
913002772 7
919296599 8
920056943 5
920575735 11
921064633 4
923033106 6
923164468 8
924159552 10
926719427 9
927828082 5
930421339 9
931724196 9
932300379 8
935706115 11
937306073 14
937623866 11
937784376 5
937941266 10
941212947 7
941413681 12
941461674 8
942807385 18
942941627 12
942962209 4
942976271 13
945990109 18
947419958 5
948601069 8
950791054 11
950846234 11
952279670 4
953370095 7
954814564 7
955276308 7
956446385 4
957335228 10
959940438 15
962876568 8
963117282 7
963316118 8
963900887 7
964022694 11
965872712 14
966370317 7
968035263 7
968749949 7
969504686 7
969848540 9
970550374 11
971476729 9
973679691 9
975898508 13
976190679 6
976921720 16
977174766 11
977553355 10
980448080 13
980644885 9
980678365 10
980791475 6
981640949 8
981911714 14
981984782 3
983505713 9
985444480 5
985769705 5
986506116 8
988290385 9
988959988 13
990013992 9
990075505 4
992533620 9
993340746 11
994163108 6
994640179 8
997200954 12
998340108 9
998351432 11
1001127919 9
1004949577 15
1006076948 12
1006239225 6
1008114647 8
1014349459 10
1015521580 7
1015863287 13
1016265787 9
1019330381 13
1020819583 8
1021334809 12
1022297907 7
1022312907 8
1023164348 6
1023590991 7
1023672281 5
1025118386 9
1028257711 10
1028433886 6
1028928512 9
1028953965 10
1031708290 6
1037001806 7
1037008762 12
1037741030 5
1038373884 10
1038499408 4
1038941088 7
1041577565 8
1041586082 7
1042897754 9
1044261696 9
1045152048 7
1045481998 13
1047139451 10
1048206693 6
1050816293 15
1050830894 6
1055064869 7
1056149199 8
1058187196 7
1059780429 13
1062276022 11
1063957839 10
1068204688 8
1068997372 9
1069779150 6
1072845370 6
