90
13201
46187
60373
74858
84001
86447
87223
127341
139817
142551
155898
160795
165191
170202
191552
197141
199169
210634
214640
218909
246829
278348
278382
280437
292106
292744
300027
301453
318160
325197
332397
353163
372748
384289
403321
427748
429932
442397
443162
445325
466122
471324
475955
480490
524233
536426
536729
546916
565716
587118
591983
602843
605180
614166
615310
620660
621332
631218
642691
649430
651068
697279
705359
706014
719159
719514
722873
728084
759104
775921
778354
778976
804260
826619
827902
846173
846461
850898
852891
853957
922125
924148
937854
944815
947600
965981
969387
984989
990503
993248
