1000 2000
2000
454 144
193 4
613 4
226 342
844 285
94 144
848 841
5 1774
742 129
5 1312
408 401
5 1492
923 4
634 954
5 766
700 237
436 149
158 4
154 234
953 4
5 1108
388 4
438 660
860 1304
678 4
134 204
974 1634
460 453
500 753
684 1029
962 1446
708 701
898 1350
690 1038
172 61
970 1458
280 273
115 42
910 1368
344 337
616 609
276 1884
797 24
841 284
5 1180
894 1344
680 673
5 1936
166 796
301 104
284 1085
24 807
599 1566
130 47
273 4
28 4
123 4
476 717
400 603
802 271
5 616
878 4
5 658
778 1170
69 1164
535 182
12 21
5 742
72 277
60 53
411 201
5 1162
72 65
67 26
486 732
992 1491
201 71
812 421
190 67
688 1035
878 662
506 762
558 1666
4 9
102 1069
518 780
804 797
640 963
298 103
28 45
679 230
448 441
5 1306
606 912
40 17
843 831
478 163
140 133
560 843
805 272
5 1336
5 514
852 845
130 605
5 586
908 1365
5 1612
188 1300
589 1118
848 1275
514 1537
49 20
734 1537
932 925
844 1269
623 333
658 990
321 754
408 615
5 70
709 240
580 873
336 329
896 889
5 442
973 328
218 4
308 4
596 897
188 4
634 215
746 1122
84 77
5 1744
5 994
256 89
988 4
5 700
5 334
58 4
823 278
828 821
712 1071
5 1666
974 1464
800 42
882 1326
736 729
619 210
5 598
276 581
476 494
352 531
5 1360
800 1203
243 4
857 47
900 300
994 335
573 650
524 789
907 1984
5 1636
330 1901
556 837
62 96
5 64
538 810
354 534
566 1788
964 1449
892 885
924 1389
46 19
616 927
508 173
73 4
829 280
610 1399
850 1987
260 393
833 4
772 261
5 1174
506 161
70 27
864 857
484 729
504 497
5 1996
38 4
710 1068
396 389
113 4
127 46
32 51
784 1179
583 198
5 1960
709 1080
390 588
184 65
229 891
460 693
828 1245
949 320
920 1383
472 711
58 90
208 201
921 867
937 492
151 54
522 786
238 360
118 180
5 1594
5 1012
173 4
100 153
5 1792
884 1329
320 483
5 1588
313 4
568 4
384 579
340 513
5 1228
538 183
5 1378
288 137
432 491
766 259
727 246
970 327
529 1510
856 849
178 63
48 75
752 745
160 153
439 150
224 217
353 4
688 681
732 1101
292 101
780 1173
5 28
872 865
534 225
516 1589
92 141
914 934
694 1082
129 550
738 1110
5 1282
5 274
824 1239
5 988
264 576
649 954
5 1900
414 624
84 129
432 425
532 525
495 913
28 21
744 1119
758 1140
143 4
192 291
359 1510
544 819
5 166
265 92
626 169
72 111
153 4
652 645
276 417
373 4
5 580
403 4
286 99
5 1156
828 513
5 886
253 88
356 537
523 4
700 693
98 4
814 1224
910 307
976 329
192 185
838 4
946 1422
5 190
716 1077
5 1576
148 12
316 109
5 358
790 1188
106 39
172 261
174 1524
818 1230
646 1608
46 72
256 249
883 4
721 244
666 1002
183 498
5 1702
300 453
112 171
757 1875
802 1206
466 587
836 1257
597 148
488 491
5 1168
806 1212
5 1126
5 1462
140 213
349 640
694 235
728 1095
726 1092
748 253
796 1197
954 1434
916 1377
358 4
5 496
768 561
5 1084
604 909
952 945
5 1264
176 169
5 1648
940 1413
5 952
380 573
61 24
118 43
678 1020
818 4
788 4
293 4
421 144
364 549
238 83
5 172
16 9
82 31
469 160
903 4
456 687
608 915
612 42
332 325
160 57
847 504
466 702
754 255
592 585
602 906
296 447
5 820
334 504
457 156
813 4
487 166
36 29
810 1218
876 869
175 62
42 66
264 399
5 1276
458 990
496 169
5 1510
481 164
93 4
60 93
607 206
928 313
638 4
376 129
5 226
174 264
78 4
542 816
22 11
980 114
32 25
299 393
503 4
879 766
988 333
297 949
44 69
785 669
97 36
198 300
319 110
388 1342
157 1794
5 916
480 723
370 462
40 1209
901 422
550 828
5 1738
5 448
796 789
372 1078
5 718
142 453
603 4
958 553
52 81
1000 1503
202 389
5 1024
337 116
370 558
938 1410
90 948
598 203
624 939
521 854
520 1593
683 4
720 1083
391 134
5 526
88 81
146 222
692 1041
5 1408
78 120
838 283
473 4
400 393
76 69
106 162
980 973
536 807
343 118
196 297
73 932
488 4
5 1216
5 22
574 195
79 30
760 1143
900 1353
912 905
987 1421
231 1195
173 1450
218 1540
861 647
986 1428
248 241
868 293
446 672
778 4
922 554
664 999
5 1102
41 699
856 289
763 499
233 4
718 1080
260 253
202 306
5 1810
5 1366
274 414
408 4
944 937
920 913
5 1930
842 1266
36 57
5 1198
445 152
85 32
5 1414
5 532
420 413
934 315
480 473
5 208
812 1221
758 291
421 30
5 346
484 477
5 562
874 1138
5 460
284 429
794 1194
178 270
400 137
156 149
550 187
5 1876
817 276
607 566
514 774
324 317
5 1348
588 4
958 323
120 183
739 250
916 309
53 4
739 986
598 900
676 229
986 34
693 1028
124 117
526 179
554 834
908 4
985 332
338 4
662 996
872 975
608 79
308 301
611 839
253 845
808 4
541 1971
228 1659
632 951
330 498
816 809
5 1840
379 1960
686 1588
132 125
848 1723
282 426
252 381
5 238
5 778
96 147
898 4
5 1780
5 16
763 258
582 1990
410 1509
71 101
916 909
806 1300
297 1058
691 234
388 585
232 351
145 52
68 105
913 720
952 321
442 151
5 196
948 4
631 31
187 66
396 1967
886 1332
5 1630
433 148
5 76
553 4
774 1164
783 4
758 817
496 747
298 2000
655 222
193 68
496 489
631 214
901 1281
50 78
862 1296
368 361
5 1060
896 1529
740 1562
5 604
586 199
392 385
904 897
115 910
674 1014
5 1786
308 465
649 220
5 1834
960 758
828 4
972 1461
318 4
648 4
192 1553
694 1044
493 4
474 714
130 198
96 89
702 1056
592 891
5 1030
416 627
190 288
33 4
5 1720
574 864
44 743
610 1032
5 802
251 1068
349 120
24 39
432 651
868 4
210 318
144 137
5 52
148 141
468 461
316 477
409 660
878 1320
401 1077
888 881
179 644
5 1756
340 333
186 282
556 549
5 964
58 23
548 541
547 186
676 151
454 684
55 22
5 490
157 56
180 173
686 9
205 72
5 1402
949 1156
742 251
216 327
5 124
5 1516
808 801
650 978
64 57
5 1474
406 139
814 275
724 717
382 131
924 917
315 885
5 910
148 4
95 1655
5 118
5 82
862 291
868 1114
368 555
5 1540
527 925
284 277
5 1522
686 1032
242 1061
418 630
427 966
19 10
505 172
338 577
880 297
5 370
358 123
5 1990
713 77
152 231
5 400
488 735
667 226
253 4
973 4
52 45
328 113
83 1087
5 412
527 985
612 605
636 629
128 121
625 212
24 17
608 601
109 40
152 145
184 279
939 1166
858 1290
132 201
108 165
328 4
820 277
5 1246
5 316
268 4
349 1883
5 1450
5 1732
720 713
850 1278
94 35
617 1680
323 4
740 733
714 1074
939 143
230 1220
804 1209
640 633
636 957
29 1490
752 1131
367 126
914 1000
780 773
24 1380
664 657
379 130
423 4
976 1361
5 154
544 537
304 105
928 1395
505 1648
680 1023
5 1894
125 33
398 600
5 1768
732 725
703 238
5 112
5 982
661 224
442 666
992 985
5 676
204 309
948 615
744 737
104 159
296 289
5 142
428 4
5 1354
748 1353
644 969
938 4
350 528
584 577
656 649
983 4
5 892
312 305
314 474
166 252
696 1047
378 4
224 339
440 1891
341 711
325 990
536 529
60 445
90 138
259 90
780 745
216 209
774 683
736 1107
5 862
676 306
646 219
241 1838
933 4
136 49
5 310
986 1482
712 241
562 191
738 4
796 874
5 928
919 310
713 4
931 314
620 613
712 945
298 450
460 157
5 1090
67 1988
5 40
5 1222
866 1302
5 508
14 24
653 4
194 1946
762 1015
110 168
5 670
5 184
596 589
516 777
202 71
124 189
918 1380
5 430
5 4
928 921
304 459
768 761
5 1420
508 4
760 753
162 246
571 194
52 21
912 955
708 1065
799 270
168 4
5 1396
5 1288
32 286
513 599
120 113
538 4
5 898
556 189
596 1105
541 184
272 411
640 217
203 4
656 987
86 132
204 197
988 1485
613 208
546 1817
524 781
374 1228
88 1212
412 141
494 744
430 46
89 1153
5 436
876 1317
548 825
5 652
223 78
926 1392
5 904
668 1005
235 82
199 70
37 16
628 621
722 1086
8 15
784 265
622 423
466 159
912 1371
949 1738
242 366
859 290
5 1372
743 4
313 108
5 1762
450 678
5 1564
592 1494
832 1251
699 600
5 1654
750 1128
562 1068
456 449
342 516
6 12
5 736
364 125
370 530
104 872
194 294
483 4
772 765
226 79
676 1017
528 4
88 4
294 444
496 414
5 1954
956 949
5 1132
517 678
528 521
5 280
5 262
723 4
478 4
280 97
204 1242
413 4
510 768
512 505
604 597
936 929
991 334
924 603
16 27
318 480
968 961
934 1404
38 1785
808 1215
853 288
610 207
76 117
976 969
223 4
420 633
5 232
571 1389
273 949
846 1272
355 122
358 540
404 397
494 234
572 565
693 4
17 1653
144 219
476 469
214 324
652 221
264 1200
418 4
410 618
422 636
696 689
205 725
482 726
393 1054
979 330
988 981
793 4
303 4
661 1825
92 85
232 225
70 108
5 850
5 1234
126 192
840 833
68 61
5 922
430 648
5 688
307 106
5 1204
670 227
268 93
728 721
283 4
378 570
5 796
5 1426
4 548
5 712
336 507
334 115
458 690
250 87
5 1942
5 1138
188 160
792 1191
658 4
25 12
5 388
176 267
946 319
436 657
786 1182
890 1338
5 934
648 641
643 218
5 664
286 432
5 34
5 1858
5 1294
871 294
638 1682
730 1098
756 1137
5 1252
5 1120
5 130
559 190
493 168
5 502
982 1476
757 256
511 174
491 795
470 708
247 86
883 298
393 1155
463 158
10 7
60 437
692 685
703 565
412 405
346 119
942 1416
5 1618
5 1696
916 142
610 918
5 1006
5 592
468 705
619 279
148 225
304 297
168 161
138 210
5 472
566 852
412 621
5 1714
534 804
564 849
156 237
633 946
768 1155
276 269
570 1110
5 1600
901 304
346 522
5 1678
745 252
832 281
896 1347
182 276
826 279
463 4
113 1921
904 305
558 4
427 146
234 354
5 244
522 1571
671 1079
183 4
5 1624
518 4
13 8
742 1116
562 846
5 1606
812 805
91 34
272 252
619 488
14 166
981 14
603 692
222 336
426 642
5 1318
424 417
241 84
994 1494
968 4
673 1809
652 981
5 268
5 340
777 895
300 293
188 181
5 880
283 98
834 1254
169 60
5 1438
5 406
246 372
80 123
553 188
956 1437
52 793
978 4
564 557
716 879
244 369
763 4
801 587
816 1227
270 408
708 4
736 249
44 37
354 1854
576 569
605 1577
5 1558
978 1470
499 1505
324 489
238 4
888 4
18 30
873 4
937 316
700 1053
393 4
758 1525
5 1972
100 37
83 144
252 245
398 666
5 1822
895 302
306 462
770 1158
588 885
391 693
840 719
670 1008
372 365
5 1672
244 237
968 1758
580 573
998 1500
472 161
232 81
386 582
212 321
843 4
5 220
796 269
672 1011
820 1233
268 405
740 1113
133 4
362 546
768 4
5 298
5 1984
63 4
5 148
38 60
595 1538
174 1212
589 200
102 156
428 421
31 14
168 255
102 1332
438 4
840 1614
595 202
860 853
73 28
40 33
803 4
528 795
943 1454
577 196
179 1793
686 894
1000 337
280 423
734 1104
224 1273
5 682
211 74
516 509
663 4
600 903
5 1324
463 287
664 225
104 97
58 429
706 239
524 517
5 1528
7 6
132 1639
964 325
913 4
200 303
452 681
844 837
128 195
5 1468
892 301
302 456
5 1066
760 257
468 4
382 576
870 1308
23 4
955 1695
413 224
5 1150
990 623
5 1210
575 1913
594 894
54 84
434 654
346 103
5 556
952 1431
373 128
321 1580
959 1422
70 951
5 1432
114 174
716 709
22 1875
5 1546
208 73
5 958
560 917
715 242
644 637
704 697
5 1882
348 4
860 1293
48 41
550 1507
43 18
852 186
877 296
5 940
960 1443
88 33
580 197
188 285
331 114
688 1818
292 285
618 4
787 287
544 185
217 76
274 95
139 50
966 1452
886 299
5 610
523 178
279 615
348 525
5 976
811 274
781 264
944 1419
499 170
377 366
930 1398
385 132
266 402
236 357
698 1050
500 1494
289 100
707 1653
56 87
5 1498
108 4
5 550
572 861
328 321
5 730
218 1068
728 4
436 429
660 993
26 42
5 1054
865 292
850 410
416 1483
448 4
36 754
5 1072
604 205
963 4
5 856
918 4
783 144
933 1549
904 1180
5 544
447 571
5 46
816 161
500 493
808 273
5 1186
773 4
5 1798
573 4
244 85
448 675
568 561
618 930
548 4
240 233
681 1766
30 48
878 44
256 387
543 4
236 229
428 645
5 478
10 18
292 441
280 850
823 4
784 777
830 1248
278 420
622 936
904 1359
576 377
181 64
360 543
530 798
370 127
273 1564
231 649
424 639
5 1750
5 466
108 101
372 561
864 1299
540 813
8 4
394 594
790 267
967 326
376 427
122 186
520 783
748 4
756 749
472 1879
539 1639
327 626
288 435
901 1581
444 437
504 1039
156 90
922 219
586 882
444 669
588 581
628 4
495 1445
5 1846
565 192
418 143
271 94
706 1062
498 4
616 209
908 901
762 1146
348 341
788 781
913 308
5 1708
791 1559
380 373
660 1611
5 790
498 750
464 699
208 4
5 250
462 696
5 1642
5 484
724 245
704 1059
440 663
5 1330
5 832
984 1479
598 4
312 471
914 1374
333 4
391 1133
103 38
919 594
884 877
673 228
620 933
290 438
838 1260
590 888
5 1966
5 748
643 4
136 129
637 216
475 162
268 261
416 1101
5 376
396 336
800 793
698 4
533 1012
374 564
220 77
788 1185
826 1242
142 51
5 1486
958 4
148 53
158 240
578 870
5 382
5 724
513 4
8 1
458 4
385 1652
5 646
5 1270
166 59
842 1928
5 538
302 1445
433 1080
150 228
440 433
258 4
953 1938
990 1488
922 1386
5 628
766 1152
340 117
454 155
56 49
5 1018
673 4
724 1089
325 112
948 1425
520 513
612 921
5 328
560 553
272 265
532 181
390 1771
403 138
5 106
143 886
900 893
122 1481
73 1127
984 977
685 887
971 341
504 759
277 96
193 199
72 1889
635 102
128 4
697 236
5 322
5 1444
996 989
898 303
288 281
568 193
5 1144
5 94
823 706
252 931
733 248
632 625
5 874
5 364
514 175
121 44
198 4
892 1341
254 384
932 1401
972 965
5 694
754 1134
836 829
5 1888
872 1311
626 942
574 674
352 121
208 315
5 946
922 311
508 501
863 4
677 1450
488 481
5 1096
1000 993
588 35
5 634
5 1918
5 1864
775 262
940 933
388 133
358 1115
83 4
874 295
320 313
5 1816
913 1334
409 140
628 213
59 1425
584 879
676 669
874 1314
248 375
805 44
74 1996
850 287
163 58
764 757
258 390
520 177
688 4
5 1906
758 4
782 1176
478 720
5 772
798 4
682 231
563 4
582 876
608 4
508 765
778 263
103 4
220 333
263 4
668 661
34 15
112 41
490 167
230 348
642 966
669 1370
630 948
824 817
541 581
164 157
64 99
658 223
660 653
5 784
960 953
288 4
950 1428
5 1114
793 268
568 855
214 75
294 1793
443 4
5 1804
685 232
160 243
298 4
64 25
587 1298
546 822
138 4
357 1781
719 149
608 737
798 1200
392 591
5 1660
943 318
383 4
326 492
952 516
947 557
220 213
262 396
5 454
854 1284
154 55
592 201
384 377
310 468
848 4
5 100
880 752
18 4
82 126
517 176
5 1912
5 88
5 1552
5 520
748 1125
997 336
236 1501
552 831
5 202
711 614
213 4
364 357
880 1323
699 1025
5 1342
416 409
5 1000
40 63
343 4
608 1983
393 678
5 1948
733 4
682 1026
718 4
5 1684
384 1630
684 677
532 801
961 324
840 1263
654 984
240 363
958 1440
228 345
112 105
5 178
322 486
563 1633
772 1161
925 312
648 975
250 378
34 54
5 1384
472 465
338 1636
452 445
404 562
751 1648
578 4
20 13
5 1240
734 218
5 838
124 45
453 4
718 243
614 924
882 258
705 1420
638 960
5 844
100 93
316 309
5 214
398 4
265 1409
782 632
943 4
48 4
993 4
5 10
322 111
98 150
376 567
5 424
5 640
753 4
906 1362
529 180
215 532
378 754
926 157
368 4
558 840
316 849
748 741
313 817
847 286
832 825
5 1828
344 519
502 332
998 714
898 631
402 606
424 145
688 233
787 266
5 58
955 322
448 153
623 4
68 4
134 1645
601 204
745 693
769 260
695 1887
163 4
5 256
196 69
172 165
406 612
852 1281
464 457
433 4
116 109
570 858
248 4
5 1456
180 273
964 957
440 664
5 808
43 4
593 4
5 1480
552 545
646 972
668 4
834 555
996 1497
104 1834
48 1481
5 160
5 568
868 861
66 102
5 304
868 1305
820 813
5 622
5 1300
760 806
63 1867
492 485
907 306
583 4
228 221
5 1534
5 1570
751 254
338 510
229 80
5 814
5 136
451 154
540 899
76 29
5 286
361 124
20 33
822 1236
80 73
902 1356
5 868
5 1390
142 216
366 552
5 1078
576 867
184 177
228 4
118 4
332 501
5 1852
998 4
502 756
5 1036
777 1255
712 705
5 1048
776 769
285 15
540 533
5 1978
5 826
5 970
909 687
792 785
10 1080
5 1726
5 760
512 771
533 4
295 102
484 165
853 4
764 1149
980 1473
170 258
526 792
703 4
5 1870
206 312
430 147
928 4
16 517
919 1543
672 665
382 856
377 622
451 1979
164 249
290 1309
5 418
742 1691
352 345
12 5
327 1248
22 36
889 300
633 1097
835 282
5 1042
88 135
30 1706
169 685
363 4
801 1590
858 4
600 593
116 177
278 4
397 136
5 1690
880 873
394 135
5 1192
628 945
262 91
844 276
133 48
948 941
264 257
936 1407
200 193
728 1809
360 353
633 4
5 1924
5 394
178 4
5 574
396 597
498 1431
388 381
772 1277
5 1582
982 331
310 107
328 495
888 1335
404 609
624 617
453 1722
5 352
74 114
976 1467
644 932
502 171
382 1983
28 13
356 349
5 1258
5 1504
968 1455
376 369
403 1383
5 706
492 741
674 353
415 142
893 4
622 211
136 207
61 1542
940 317
212 205
196 189
776 1167
856 1287
5 754
5 292
730 247
490 738
13 4
218 330
