30 30
300
10 18
1 24
16 22
28 12
28 28
1 14
14 12
28 1
8 9
10 6
25 26
8 2
29 30
14 4
7 5
30 30
10 1
6 22
16 6
30 22
20 7
18 17
22 6
16 1
6 10
18 28
24 15
10 26
24 5
6 16
18 2
11 24
11 1
3 9
22 4
6 2
16 10
22 2
28 10
15 26
4 12
14 10
14 27
15 22
8 4
6 24
12 12
22 30
12 22
22 13
4 20
9 10
12 24
29 27
29 4
30 3
22 1
12 20
10 28
26 14
27 5
2 16
2 24
2 8
2 26
11 3
6 18
5 28
8 28
26 17
30 26
26 4
4 14
18 4
6 1
26 3
20 2
19 15
12 30
26 2
11 15
10 22
22 10
22 24
10 14
27 27
5 21
11 23
7 2
30 18
28 4
1 6
26 20
10 13
7 24
6 28
18 22
7 13
21 20
15 27
14 2
4 24
24 28
10 12
18 30
26 30
4 16
18 8
16 2
4 8
25 22
10 20
23 24
16 5
14 18
23 6
17 17
30 9
16 14
20 10
19 28
18 27
15 6
17 21
22 5
16 18
4 3
26 28
14 6
30 10
8 29
6 14
11 9
12 8
12 14
14 28
24 27
20 18
18 16
30 4
30 1
27 6
4 28
28 8
18 14
6 8
3 15
20 28
3 5
16 20
4 9
28 2
20 12
30 28
22 18
12 18
20 1
14 24
24 26
18 10
14 22
12 28
19 12
8 22
14 1
1 27
18 6
10 4
2 13
2 2
7 8
8 30
20 8
3 30
26 21
21 7
27 26
4 10
8 16
14 16
8 12
30 21
22 22
21 17
28 19
9 29
26 26
10 24
16 9
6 4
26 8
18 18
26 10
11 8
4 2
25 7
8 10
26 16
26 18
4 18
2 9
27 28
19 6
30 6
8 3
28 22
7 10
28 20
14 25
2 15
6 9
1 8
28 18
4 30
10 8
7 17
4 22
3 2
24 4
19 8
1 4
16 28
8 8
22 16
6 20
11 2
20 24
8 26
28 26
11 30
24 8
23 2
20 4
30 8
20 22
26 22
23 12
26 24
2 20
8 18
26 1
14 8
20 20
2 30
13 11
28 6
16 24
30 12
10 16
22 23
12 26
16 26
29 8
14 20
13 5
6 26
30 15
16 4
28 15
8 20
18 19
12 2
14 30
16 16
2 12
4 4
22 20
1 1
24 2
18 20
22 12
7 6
30 2
24 12
12 10
28 27
2 11
2 10
7 29
3 7
2 6
16 11
18 24
6 6
18 12
22 28
14 17
2 18
14 14
24 14
1 22
18 1
22 27
19 5
24 30
9 28
4 26
18 26
13 6
21 4
