1000 1000
4000
609 609
170 153
323 322
304 291
57 57
727 726
357 135
392 385
731 720
794 787
755 744
329 318
542 539
473 462
986 979
880 903
584 577
461 461
123 787
248 245
392 389
23 22
380 373
390 387
535 524
693 692
294 291
375 375
157 146
398 981
786 783
449 4
51 40
240 981
116 679
440 437
491 491
479 468
780 773
959 958
568 555
973 972
851 840
585 585
816 809
134 121
616 613
174 4
419 4
508 794
324 4
569 558
556 543
582 579
125 124
137 126
506 499
645 974
81 210
630 627
673 235
435 424
61 50
469 659
649 648
468 563
359 4
323 323
672 675
106 93
387 387
553 542
327 316
236 233
884 871
465 465
845 834
658 645
907 906
714 650
43 43
213 213
290 283
743 742
288 191
37 36
224 221
952 949
991 980
505 505
511 511
842 839
752 62
68 55
202 199
380 377
258 255
726 719
270 782
336 323
612 609
200 187
722 719
866 863
52 49
723 712
839 828
142 776
642 587
706 703
892 885
864 857
856 849
316 309
821 797
274 261
996 983
676 673
430 354
276 269
605 594
653 642
793 642
72 69
291 290
975 964
267 948
449 74
265 264
769 4
911 911
523 983
294 287
870 812
968 955
84 81
812 809
458 192
912 899
158 155
713 704
359 358
109 98
590 587
430 417
925 925
373 373
708 761
59 817
283 283
805 350
279 268
955 954
392 747
898 891
177 176
386 373
174 161
840 833
94 857
623 612
481 481
232 225
422 419
785 736
878 871
702 64
219 219
393 392
545 534
835 834
423 422
113 113
657 712
988 981
150 147
679 679
526 523
988 975
599 599
31 31
241 230
929 918
829 828
804 801
171 170
46 791
424 417
480 921
335 335
793 287
542 529
557 556
790 783
762 759
776 769
235 538
361 134
320 313
245 244
259 258
837 836
722 709
469 468
894 298
572 565
564 551
209 470
775 764
633 632
295 284
705 694
205 359
615 604
635 635
348 605
759 748
449 448
920 913
311 34
560 575
437 436
910 907
276 665
596 583
900 887
623 623
509 498
355 355
321 310
311 300
264 638
782 769
232 219
289 4
316 313
584 933
351 351
994 991
314 4
600 593
83 82
89 262
944 562
492 328
739 62
432 425
326 319
870 857
942 935
636 629
903 892
133 132
186 173
794 781
996 842
494 4
373 457
102 95
339 328
696 794
78 65
459 459
99 4
775 350
743 722
639 908
468 455
242 219
619 608
491 490
155 154
864 4
396 608
514 951
869 868
823 812
142 490
617 617
54 41
312 305
613 612
178 821
99 11
546 543
194 191
445 445
547 546
897 886
715 714
238 809
638 211
166 159
857 856
94 81
934 931
120 113
490 477
429 429
569 568
822 815
209 209
851 908
815 815
585 584
760 950
447 446
758 745
342 329
676 663
548 545
841 830
14 11
648 645
226 213
129 4
921 910
611 600
325 324
179 179
924 921
247 246
52 45
64 57
259 259
610 597
395 570
244 241
754 4
140 137
528 521
636 710
213 202
541 541
692 679
862 859
956 4
494 491
441 441
294 281
137 136
779 778
124 111
512 406
939 4
638 99
24 210
516 503
132 129
403 403
499 4
397 397
337 326
212 205
225 214
439 438
533 533
245 104
98 85
767 766
108 101
981 970
571 571
8 5
929 4
655 958
339 339
17 17
313 84
136 129
159 148
749 730
748 741
329 4
997 986
734 4
375 364
992 985
291 251
819 818
429 428
518 515
565 554
575 564
672 106
602 693
115 115
430 760
563 563
87 86
332 319
912 119
197 120
209 208
507 506
7 7
716 703
66 59
836 833
112 109
661 661
282 269
115 104
59 48
284 277
849 838
596 589
100 93
428 415
166 27
18 15
246 233
44 4
783 782
596 593
874 4
750 743
905 894
174 171
871 860
350 343
340 190
444 96
861 850
650 647
815 804
254 241
191 191
394 387
990 444
624 617
752 178
993 542
803 792
697 697
340 327
396 389
611 156
854 4
387 757
96 89
694 4
131 120
62 59
553 553
469 4
203 202
418 411
477 363
910 775
221 220
637 944
545 545
17 16
474 4
772 765
220 217
952 673
231 220
680 667
634 621
642 394
956 679
365 650
598 591
466 669
878 865
899 4
782 10
994 4
1 1
111 741
517 506
107 96
138 788
97 96
901 890
539 538
342 335
575 574
318 418
750 737
767 67
549 538
85 74
9 4
139 128
389 4
279 278
371 323
894 887
607 596
255 244
392 54
89 4
377 376
71 70
544 4
528 525
597 493
628 621
621 621
718 477
639 4
714 565
247 247
917 906
122 109
833 822
384 377
183 231
168 165
148 145
753 472
582 575
643 632
433 510
664 4
713 763
41 41
678 671
842 452
817 817
322 315
695 695
903 210
862 849
64 61
504 497
88 75
247 236
63 66
674 661
140 133
762 749
50 47
964 961
397 386
950 947
654 857
664 651
859 858
232 229
589 4
884 881
583 582
714 707
422 415
408 938
406 399
723 723
19 4
936 923
549 293
631 631
53 42
32 664
288 275
78 71
905 815
90 77
150 143
659 659
807 312
881 750
425 425
996 989
823 823
228 221
943 943
288 281
54 51
364 351
295 295
726 12
893 892
892 822
960 842
935 935
928 17
540 59
496 483
712 219
447 447
657 646
288 985
850 837
677 660
922 909
591 580
857 384
165 164
263 262
149 138
658 655
249 249
409 4
30 23
218 215
359 359
488 475
561 560
810 807
955 955
79 78
588 585
648 635
985 984
257 257
287 54
15 4
479 4
745 744
532 529
426 423
581 580
368 365
251 805
278 265
981 980
64 4
635 646
493 686
256 253
645 634
940 927
902 895
704 701
504 491
709 698
337 588
861 860
394 4
937 937
914 911
588 581
496 493
7 274
544 531
80 394
258 251
186 183
186 179
359 106
145 611
542 291
934 921
44 37
824 821
236 229
770 757
36 29
52 155
989 989
489 488
838 395
942 929
970 963
139 138
978 965
360 988
626 910
954 4
262 249
979 978
140 127
286 283
351 340
717 706
184 171
35 115
457 446
972 493
775 58
161 160
462 455
464 451
738 735
128 125
487 487
205 205
961 961
993 982
871 870
332 325
854 851
745 745
454 441
198 185
518 511
349 4
990 987
78 847
938 630
394 965
276 263
571 570
930 621
57 506
889 889
501 501
345 345
158 151
677 620
809 808
917 332
324 317
918 915
702 699
301 301
880 867
513 934
16 13
456 229
515 504
681 328
844 313
746 743
331 539
471 471
260 247
635 634
984 977
758 755
830 781
519 4
313 180
765 883
440 427
225 224
620 613
369 369
334 327
326 548
778 775
307 296
904 901
400 393
420 413
157 157
733 733
514 507
372 359
882 304
363 352
275 275
592 579
779 779
449 345
365 354
509 508
146 217
986 983
289 813
851 851
807 807
328 960
730 727
956 949
813 417
140 234
367 905
551 550
324 173
387 386
768 755
168 441
893 882
91 90
564 4
72 65
188 181
235 224
187 176
212 760
293 293
236 223
310 307
771 760
109 108
659 648
37 37
949 949
112 482
221 210
666 653
383 372
173 162
10 3
644 641
855 854
790 787
461 410
144 141
889 878
770 763
485 485
760 753
735 734
980 967
252 245
317 317
576 563
484 481
960 947
679 678
537 537
532 294
800 787
124 117
13 12
937 926
720 106
949 82
586 573
56 53
966 959
716 709
119 119
86 73
452 439
315 304
150 137
352 345
211 200
307 19
58 51
389 389
31 30
418 415
175 175
11 10
691 680
559 558
962 949
900 893
445 434
579 578
963 963
97 86
381 380
606 603
305 674
302 289
785 774
876 825
868 861
371 360
662 649
997 997
670 663
162 159
697 698
219 4
314 307
823 822
809 798
668 655
134 127
278 275
8 124
789 789
577 577
237 646
326 313
631 620
395 394
346 530
294 480
847 110
358 351
882 879
121 121
265 254
799 798
696 693
829 829
689 678
697 696
615 615
759 758
611 772
614 883
696 683
210 203
895 895
679 668
127 126
512 509
726 713
976 200
913 913
463 463
364 361
443 432
887 762
830 823
635 624
221 221
664 78
964 739
120 117
487 486
963 952
264 261
669 4
131 131
670 195
7 6
670 667
344 341
982 979
587 587
461 460
930 257
657 635
67 67
424 421
568 430
27 16
366 363
745 734
171 171
159 642
281 281
428 421
632 619
87 87
413 402
804 265
371 371
839 4
863 862
341 417
914 317
694 687
758 746
267 163
229 207
63 63
992 979
197 197
756 743
836 823
952 278
677 676
963 962
182 175
215 215
170 163
276 273
43 42
178 171
335 324
499 498
877 876
181 181
446 439
210 207
671 670
854 635
466 453
829 818
395 383
318 601
439 4
658 651
644 637
894 388
417 416
640 637
119 4
796 789
231 230
977 966
433 422
805 906
497 496
484 471
862 14
667 656
303 303
978 975
888 881
694 681
51 50
299 288
600 587
379 345
699 699
315 314
492 485
411 400
59 732
349 400
482 577
112 662
83 83
765 48
148 211
890 883
655 655
74 54
520 507
433 389
846 833
773 215
476 469
455 444
355 354
483 472
943 942
358 355
990 983
751 751
96 83
583 583
264 251
310 303
504 488
77 505
737 869
865 408
479 479
437 437
682 669
82 800
547 536
459 448
689 688
261 712
412 405
784 777
812 805
700 687
728 715
675 675
877 988
443 443
379 378
818 811
294 4
732 719
876 869
475 385
166 163
784 771
939 938
812 799
296 22
684 681
398 395
188 692
710 703
516 509
577 576
648 641
987 987
191 190
519 518
962 955
356 349
374 361
532 519
975 974
705 705
309 308
811 810
565 564
344 4
597 586
228 215
572 569
849 849
385 384
946 359
27 300
661 650
999 960
156 143
304 301
522 519
192 718
449 449
406 393
934 4
765 748
269 90
367 356
914 901
825 814
831 830
389 378
390 377
34 4
754 751
538 535
179 4
512 505
102 89
555 544
126 119
636 623
30 464
725 714
888 165
299 298
875 864
114 107
883 872
926 919
293 282
964 992
856 853
180 177
26 859
82 318
127 127
794 791
813 285
171 160
482 469
404 397
103 102
589 589
475 474
15 15
396 534
452 449
635 842
603 592
448 441
522 509
298 295
970 957
91 456
763 752
783 783
969 958
553 204
283 282
360 353
974 971
629 618
372 369
757 757
868 379
945 971
409 409
28 25
278 271
759 759
287 287
32 25
974 967
984 981
722 715
678 921
938 935
248 241
597 826
23 23
3 2
857 66
979 968
643 642
94 172
895 207
766 763
612 278
751 183
845 844
478 149
607 607
146 133
222 215
174 167
34 27
27 620
387 376
803 803
725 725
229 228
203 203
708 705
757 756
201 190
821 937
688 681
184 177
924 917
254 4
64 51
904 891
724 711
470 457
522 797
114 4
252 239
521 900
35 24
538 378
999 988
310 297
852 695
118 111
752 745
155 144
765 764
108 393
840 837
103 103
646 643
60 57
604 597
364 4
795 794
774 761
173 925
791 790
773 196
56 49
704 697
333 332
560 553
543 542
505 491
418 288
175 174
28 584
83 807
707 696
415 414
431 420
258 245
824 549
515 515
754 747
614 611
924 4
480 477
580 567
724 4
365 364
552 549
958 955
448 138
912 905
738 731
797 694
291 291
161 124
705 553
249 248
277 266
848 835
453 453
21 298
907 896
829 4
995 984
850 847
145 134
888 924
414 407
637 232
721 720
401 401
747 736
31 986
210 197
447 436
804 4
839 838
340 337
766 753
347 459
767 409
842 829
321 321
13 2
193 182
984 4
434 4
353 353
133 66
280 273
729 729
538 922
417 195
121 842
479 478
244 438
543 532
302 295
763 762
458 348
427 403
767 767
561 561
511 510
639 639
517 517
454 810
554 551
698 695
997 996
510 503
925 924
885 874
824 811
680 673
432 419
493 482
483 483
45 34
352 349
549 4
812 390
617 375
675 674
467 467
693 682
691 446
126 113
366 353
497 497
579 579
871 415
789 4
30 382
363 363
376 373
35 34
551 196
197 196
478 475
908 901
157 156
833 832
976 969
664 657
261 697
742 735
55 54
708 695
356 353
771 770
117 117
544 541
574 561
854 841
808 154
642 635
449 438
887 467
460 457
126 123
953 942
689 689
945 944
35 35
659 795
36 23
436 429
592 589
297 296
862 855
636 633
651 650
539 4
965 965
583 572
959 287
231 899
75 64
898 885
88 81
162 149
382 369
949 938
317 316
413 412
704 4
256 490
319 319
514 501
134 583
237 236
715 704
162 807
196 863
875 875
138 125
421 371
687 687
749 748
169 168
391 380
253 242
453 442
711 588
601 590
550 547
351 350
434 421
927 284
257 256
955 944
586 579
226 219
947 936
725 724
248 99
620 607
803 802
176 163
910 903
407 406
83 548
765 754
370 363
122 809
100 97
439 439
869 907
892 879
882 869
773 773
23 970
63 585
833 719
266 263
544 537
261 261
919 908
578 571
341 341
101 100
603 603
371 660
899 899
56 43
314 842
855 855
529 4
594 723
397 396
196 193
190 860
902 899
267 266
13 13
608 595
790 777
324 321
983 982
777 776
189 661
405 404
303 292
338 335
639 638
624 621
595 867
360 356
513 502
98 95
598 585
411 410
704 954
503 502
119 118
955 135
267 267
47 46
759 4
913 114
144 4
121 120
155 600
472 459
806 799
483 482
690 677
164 157
485 904
521 520
474 467
453 364
219 412
220 690
250 237
284 271
14 7
534 527
114 111
349 338
921 921
486 483
244 4
41 40
735 85
252 789
383 71
711 711
807 806
39 39
774 771
313 313
617 606
996 993
100 315
90 83
290 287
749 546
660 657
320 317
499 882
792 779
831 831
854 847
914 907
875 874
536 533
431 430
605 604
116 3
182 179
933 922
124 4
952 939
712 699
110 97
80 813
19 8
98 924
752 739
745 708
593 592
202 189
798 791
685 674
281 888
343 332
879 555
337 336
143 142
554 541
21 10
369 4
357 356
637 626
656 643
630 623
764 757
886 879
271 271
250 243
846 839
639 628
861 651
416 403
271 270
487 133
191 180
179 178
365 365
268 265
198 191
269 268
682 100
137 367
788 179
843 98
968 961
987 986
718 679
222 209
969 969
817 816
234 231
486 473
985 985
66 53
419 418
443 626
641 630
922 454
735 735
834 549
576 569
183 182
650 643
860 853
999 999
152 145
942 604
363 362
595 584
784 781
579 568
797 944
234 227
689 4
429 949
414 411
8 1
550 543
227 226
334 331
50 43
411 571
440 149
392 379
852 839
594 587
306 299
300 297
403 402
642 639
332 373
213 446
677 666
488 481
109 109
584 581
344 356
814 807
129 129
58 55
553 116
304 297
235 234
399 388
269 258
334 321
568 565
993 992
326 323
585 574
696 689
556 549
724 721
565 565
250 376
255 255
495 495
608 605
607 531
944 931
48 45
673 673
885 884
329 329
788 785
84 4
420 506
892 39
413 413
284 281
569 4
679 525
917 916
100 962
867 867
540 473
752 749
478 465
974 961
1000 993
309 680
65 64
59 4
748 667
97 507
707 707
217 217
761 750
377 915
975 975
608 565
887 886
132 125
567 556
604 601
174 600
540 527
448 435
953 952
10 7
774 4
766 759
733 722
40 37
844 837
89 816
872 869
322 319
342 339
242 229
438 425
358 345
145 145
725 1
369 358
467 166
217 206
827 826
749 749
841 840
768 761
490 487
409 408
511 500
686 221
243 243
220 207
364 357
367 367
864 851
429 264
507 507
455 454
618 605
131 282
870 863
932 99
873 872
348 335
412 409
508 505
142 139
579 4
30 569
446 433
314 555
330 327
734 727
523 512
76 73
361 360
312 299
249 238
576 573
764 4
330 323
318 305
190 183
713 702
55 44
379 4
597 597
543 543
808 795
909 909
480 424
531 531
53 53
548 541
536 529
769 768
54 125
574 567
328 315
208 195
154 147
142 129
222 306
589 578
327 326
85 374
865 854
322 309
628 608
510 497
154 141
20 17
37 26
450 447
881 880
594 591
896 883
389 388
166 317
926 923
200 197
193 473
252 249
913 912
905 905
810 797
638 625
674 4
311 201
135 134
630 514
647 636
505 504
627 627
24 17
573 572
671 660
929 928
981 828
727 366
822 819
686 683
12 5
456 449
982 969
95 84
332 329
261 250
223 908
688 685
558 555
139 139
308 248
418 405
860 847
378 375
176 169
541 540
402 389
884 465
279 279
168 155
224 4
89 89
992 989
741 741
489 489
967 966
486 479
471 470
879 868
457 457
711 710
612 605
239 238
542 535
981 981
729 4
57 46
911 900
149 4
370 357
273 272
161 161
968 965
951 950
522 515
22 19
246 239
998 991
305 304
171 918
703 703
339 338
136 133
145 144
517 83
190 603
801 800
727 149
425 424
866 7
527 1000
656 649
362 349
94 91
133 246
771 684
638 890
195 195
934 927
181 180
749 738
229 218
741 740
68 61
472 469
977 977
412 399
915 904
703 692
218 205
856 843
857 846
613 613
462 449
403 392
484 477
394 391
368 361
930 917
458 445
815 814
239 239
617 551
434 431
152 139
496 694
118 115
998 747
549 548
813 802
454 451
404 401
760 747
595 594
711 700
243 947
25 24
657 657
106 103
345 334
863 852
679 4
439 428
554 547
430 423
791 629
257 989
952 945
784 4
994 987
776 763
356 343
866 859
433 433
787 786
558 545
180 167
164 161
104 4
244 237
465 454
614 601
33 22
898 73
626 613
446 443
506 503
922 919
78 212
331 646
149 148
694 691
825 825
841 841
316 303
559 548
238 235
30 699
704 691
155 155
172 169
865 864
402 932
897 897
901 901
927 927
147 136
973 962
892 889
916 909
716 713
266 259
26 13
629 629
229 4
827 827
775 775
237 237
938 925
21 231
4 4
570 276
526 519
742 739
512 499
830 827
717 716
278 199
308 295
843 544
420 407
183 10
70 946
123 122
610 197
116 113
729 1
466 42
85 843
993 993
656 653
107 107
906 899
711 610
788 775
500 497
666 423
621 173
916 903
527 516
423 412
75 74
148 135
918 905
74 4
357 211
508 495
476 473
525 525
230 227
139 662
297 297
947 947
390 383
535 535
787 776
489 478
747 747
838 835
456 443
147 146
649 4
906 893
785 785
669 658
378 371
46 39
844 798
994 251
923 912
930 923
524 517
289 289
388 385
750 747
463 452
383 382
319 308
597 761
788 781
718 705
391 390
727 727
595 595
518 505
642 520
946 943
886 873
106 99
415 415
795 214
112 632
521 510
688 69
373 372
214 211
383 383
701 690
134 4
183 729
242 235
621 610
655 654
161 150
940 933
976 963
29 29
894 891
282 275
85 85
673 662
626 619
948 941
349 348
558 551
881 289
445 444
604 591
442 435
820 729
573 562
72 59
467 466
718 711
470 467
676 669
152 149
65 54
215 829
233 232
866 853
428 425
882 875
6 3
458 455
957 956
420 417
46 43
169 158
793 793
915 914
946 933
1 801
606 599
971 971
31 20
375 374
53 52
811 811
49 49
30 27
439 271
464 4
227 216
272 269
774 837
753 753
135 978
49 38
60 53
462 459
731 731
175 246
386 379
282 279
183 172
122 119
287 276
341 330
78 75
584 571
240 237
966 481
357 584
755 755
714 711
740 737
593 593
620 617
105 104
660 214
464 987
51 512
256 249
149 668
938 931
277 84
348 341
874 867
296 283
781 770
421 421
927 109
663 663
48 41
946 397
444 4
886 883
328 983
240 233
999 4
376 363
867 289
581 581
632 625
924 757
118 105
321 320
808 801
878 317
668 661
339 557
211 211
692 689
810 803
510 507
184 155
698 685
661 660
739 739
393 393
644 631
143 143
516 513
38 35
853 545
348 492
188 175
129 118
405 394
368 455
456 453
835 824
123 160
744 741
858 845
775 774
757 746
301 290
40 27
341 340
509 4
608 601
851 850
616 609
38 674
690 687
498 485
769 457
70 67
562 555
956 953
47 36
527 526
268 261
990 977
426 413
204 197
918 911
890 887
863 863
703 456
21 20
731 730
487 476
802 795
228 225
481 301
338 246
485 484
82 75
739 738
515 514
654 651
404 4
38 25
905 416
193 193
852 845
548 535
649 638
112 105
833 833
382 561
9 9
787 787
241 37
737 737
797 797
923 490
334 96
754 741
538 531
832 829
238 231
208 201
67 56
672 659
284 4
958 951
235 830
343 343
99 88
104 101
113 112
501 500
89 88
603 270
686 673
450 443
123 123
394 381
550 537
404 525
169 4
503 503
704 284
18 433
604 823
380 477
480 473
517 516
60 47
308 305
602 595
9 8
932 925
560 547
367 183
416 413
158 800
382 379
129 296
818 815
177 177
799 80
178 165
706 699
213 212
578 575
567 567
741 730
391 391
818 805
818 681
87 76
617 616
52 39
562 549
505 205
144 131
564 246
944 937
346 339
587 586
14 4
969 4
744 4
263 414
794 4
651 651
62 55
653 652
207 206
761 761
482 479
712 705
979 979
300 287
346 333
84 71
461 450
33 32
54 47
746 733
325 325
502 489
177 166
948 945
879 4
682 679
830 817
834 4
936 929
288 544
768 765
25 14
967 967
829 874
631 630
683 672
911 910
970 967
127 116
987 976
678 665
534 531
748 716
705 704
128 121
566 563
154 4
664 661
767 756
49 48
712 419
347 346
984 695
457 456
292 279
131 130
399 4
205 194
600 597
797 786
305 294
506 493
163 162
139 4
888 885
976 973
169 169
317 306
663 652
874 861
366 301
502 499
138 135
668 665
386 383
421 420
151 151
782 779
936 933
112 866
521 521
165 163
708 701
857 857
674 667
867 856
170 157
279 4
137 137
609 4
548 977
816 813
251 250
819 4
773 772
606 593
530 527
67 686
246 243
701 700
989 4
344 712
42 39
385 374
402 935
409 398
570 563
838 825
189 178
315 511
521 794
104 97
207 196
696 64
786 335
780 991
259 248
509 509
732 729
899 898
133 122
347 336
891 890
687 676
439 761
24 21
216 209
395 395
31 592
242 239
165 154
188 30
928 915
466 459
81 81
366 359
939 939
801 790
753 742
546 533
719 718
471 460
135 135
162 560
68 65
185 174
994 981
362 401
311 822
269 4
587 576
982 975
460 453
18 5
930 927
931 931
836 829
720 717
746 739
396 393
553 552
839 439
961 950
880 877
680 760
402 847
405 405
61 61
909 908
551 540
154 151
5 4
834 821
194 4
280 277
695 694
966 953
688 796
726 994
780 595
26 23
922 1000
477 466
533 532
609 598
847 836
984 456
681 681
324 311
628 625
151 140
804 791
3 3
746 914
34 31
393 743
290 277
274 267
799 4
863 707
719 708
535 534
883 883
190 177
902 907
28 15
634 631
496 489
207 207
96 93
108 95
896 889
954 951
777 777
43 188
855 137
868 244
79 4
206 193
883 662
16 9
828 825
63 62
286 279
641 640
381 381
184 4
709 708
630 617
878 875
375 133
903 903
22 9
398 391
622 615
270 257
39 4
625 625
54 4
402 395
444 431
526 513
567 566
438 553
772 769
285 285
621 579
714 4
481 480
306 293
160 153
700 697
753 752
24 869
190 187
179 168
77 76
894 453
235 235
529 518
748 362
743 732
377 366
500 487
974 4
769 769
189 189
330 317
728 725
103 171
177 537
494 481
889 888
927 926
320 307
489 230
681 680
380 367
584 4
989 988
475 464
713 712
591 590
849 848
277 276
612 599
657 656
328 325
692 53
261 807
747 746
116 109
20 7
800 793
489 4
569 569
514 511
260 253
74 61
435 435
655 644
36 33
945 945
168 161
739 4
765 765
198 195
112 99
51 414
758 751
350 337
740 733
523 523
619 618
154 14
568 561
33 449
763 918
46 33
619 177
388 381
450 437
802 799
871 871
478 23
11 11
967 956
5 5
777 766
642 24
884 877
820 817
870 867
876 863
796 793
489 807
743 743
828 821
835 835
772 759
621 934
193 192
891 891
646 639
733 732
223 212
887 876
909 898
555 554
698 691
296 289
586 583
199 4
291 280
314 301
701 701
204 191
203 192
454 447
624 611
614 4
399 399
219 208
956 943
667 667
748 34
888 875
703 702
161 18
488 485
601 413
110 572
399 398
737 736
284 585
853 842
367 366
32 19
153 142
468 465
640 627
890 877
673 672
460 447
228 569
107 106
298 291
104 91
712 709
93 82
501 490
438 435
795 784
872 865
942 939
354 341
861 364
105 105
779 4
378 365
29 4
28 21
379 379
206 203
625 94
254 247
33 58
566 553
971 960
858 855
27 26
929 929
390 138
381 370
873 862
69 4
108 105
318 315
655 271
233 222
251 548
745 786
897 877
599 4
430 427
494 487
398 385
842 835
798 795
678 675
832 819
806 793
59 59
720 707
865 123
791 791
419 408
30 17
805 804
208 219
309 309
940 937
564 557
167 167
161 381
260 257
202 195
477 476
260 18
843 842
804 797
847 846
174 236
638 369
595 367
103 92
957 957
66 63
211 210
813 812
556 553
476 463
338 769
285 284
344 331
41 30
497 486
218 412
170 167
361 361
820 807
692 685
148 141
872 881
534 469
561 550
880 433
343 342
559 559
534 4
980 973
799 788
349 349
523 522
691 691
286 273
130 127
319 4
531 155
869 869
534 521
4 902
555 673
771 771
736 729
552 539
20 13
554 4
684 4
699 688
893 893
826 813
826 819
313 302
384 371
493 492
218 211
907 907
756 76
371 370
630 473
71 60
921 920
560 557
683 682
490 483
79 68
265 479
360 357
113 102
27 27
965 954
325 458
659 658
666 663
786 773
685 685
39 38
459 458
440 433
421 410
44 31
192 185
126 385
158 145
637 637
999 998
807 796
821 810
814 4
677 677
791 780
503 492
155 860
954 947
289 278
299 299
824 817
593 582
647 646
180 173
941 940
846 843
280 267
891 880
352 339
686 679
16 3
12 9
132 398
45 44
779 768
581 570
602 589
23 330
867 866
734 721
726 723
427 427
659 4
333 322
372 365
345 344
824 534
101 101
709 709
965 964
243 232
134 131
940 206
166 153
159 159
264 4
453 452
599 588
537 84
149 149
699 4
163 163
594 4
272 265
192 189
140 442
393 897
932 919
634 627
545 544
778 765
226 309
111 111
789 778
701 422
495 494
288 285
50 959
125 114
173 173
628 615
306 303
598 595
223 222
70 57
545 354
964 4
920 917
898 52
224 217
354 347
960 957
342 363
93 92
899 888
684 656
70 725
624 811
756 749
160 422
146 143
116 204
417 417
571 560
82 69
212 199
822 616
331 926
730 723
159 158
584 921
373 362
156 153
85 84
633 622
951 760
336 333
245 499
666 659
537 536
536 523
370 352
432 976
531 520
386 967
611 610
422 409
769 588
900 897
201 201
519 519
175 164
954 941
719 719
267 256
685 684
877 877
492 65
147 147
17 6
529 528
950 943
674 671
214 4
220 213
336 738
293 292
149 35
273 262
469 458
485 474
100 87
580 573
88 85
580 577
626 623
426 419
240 907
751 672
225 225
913 829
504 4
164 4
408 401
649 649
196 183
729 728
201 200
302 299
643 643
849 487
325 314
656 157
379 368
549 549
504 501
344 337
610 603
86 79
709 4
939 928
578 565
665 664
811 800
671 671
625 624
215 204
308 651
991 991
906 903
945 677
784 283
927 916
297 286
914 4
97 97
821 821
919 918
385 385
542 941
400 387
91 80
273 273
894 4
498 491
972 959
763 763
957 946
77 77
80 67
627 616
928 925
832 825
377 377
245 234
564 561
160 157
99 98
723 722
864 861
274 271
493 493
721 721
441 440
402 399
50 37
114 207
615 614
935 702
230 223
765 737
383 148
520 517
601 601
817 806
840 827
761 760
13 338
89 78
597 334
157 24
872 859
848 841
766 525
910 491
599 598
670 657
259 4
360 347
908 905
932 89
233 233
32 29
671 559
407 407
903 729
60 256
702 695
570 557
944 4
575 575
81 70
466 463
163 152
400 397
133 133
474 471
684 671
978 971
308 831
591 591
448 445
622 609
852 849
619 619
464 461
957 848
602 409
454 4
946 939
860 857
124 121
524 511
217 216
147 996
684 677
227 227
180 983
425 414
529 529
129 128
491 480
424 411
77 66
93 93
24 11
715 715
478 471
370 367
214 207
313 312
614 607
57 473
667 666
524 521
544 423
844 841
905 904
881 870
601 600
382 375
525 524
935 924
411 411
789 773
902 889
910 897
933 932
463 462
761 285
625 614
792 785
251 251
346 343
212 209
680 677
944 941
961 960
230 217
222 219
718 715
245 245
919 4
525 514
62 49
58 45
121 110
431 431
513 513
724 400
785 884
55 55
622 619
91 91
654 4
850 509
559 4
144 137
828 815
395 338
795 795
603 602
809 809
540 533
307 307
427 416
414 4
826 168
937 936
998 985
610 607
410 403
728 261
443 442
734 731
858 41
689 934
654 641
887 887
721 710
499 488
65 65
691 690
271 260
793 792
923 922
95 95
199 198
805 805
652 649
604 4
27 962
51 51
274 4
224 211
251 240
315 315
444 441
931 930
61 60
532 525
642 629
374 4
808 805
762 755
941 941
132 119
513 512
442 439
101 90
500 943
729 718
99 99
717 717
167 156
497 242
178 175
737 882
865 865
434 427
408 395
651 640
837 826
331 214
627 626
563 552
73 72
514 4
573 573
138 131
388 375
329 328
187 187
549 292
853 853
277 277
870 443
355 482
241 240
966 963
662 659
104 89
935 934
484 4
538 525
710 707
368 708
606 956
285 274
738 725
609 608
355 344
38 31
528 515
531 530
209 198
662 655
357 346
170 130
592 585
477 477
885 885
904 897
33 33
200 193
743 848
92 79
894 552
314 311
817 459
773 762
423 862
669 668
574 4
998 995
652 639
652 645
895 894
624 4
451 450
94 4
243 242
827 816
301 397
275 264
948 935
770 767
844 4
74 71
123 112
597 596
459 4
88 953
824 4
253 252
216 213
979 4
951 951
509 134
181 789
429 4
633 633
336 329
915 915
117 116
350 347
881 881
922 915
570 567
80 73
864 156
296 293
102 99
261 260
883 882
444 437
577 566
249 4
646 633
475 475
299 4
908 895
59 58
931 920
730 717
465 464
539 528
669 669
638 635
231 418
85 228
797 796
876 873
464 457
769 758
823 803
338 331
112 896
744 731
263 252
894 881
427 426
110 103
74 67
618 611
574 571
238 181
527 9
859 848
702 689
109 4
848 975
73 73
748 735
482 475
39 28
933 933
911 753
812 302
281 270
557 546
819 819
448 966
243 686
195 194
407 396
414 401
637 636
783 772
181 170
943 379
629 628
792 789
547 547
410 407
838 831
467 456
868 865
825 824
283 272
502 495
932 929
29 28
988 985
527 527
298 285
263 575
281 280
492 479
206 199
821 820
677 443
512 823
983 972
143 132
49 150
19 19
216 203
644 4
183 183
814 391
831 820
451 440
130 123
103 204
710 697
429 647
47 47
665 665
991 662
305 305
452 445
972 965
843 843
335 334
577 834
22 15
618 615
422 470
287 286
255 254
736 723
416 409
401 390
266 253
419 419
451 451
751 740
473 472
199 199
641 496
242 166
681 670
197 186
352 929
524 670
998 330
672 665
752 461
696 338
616 603
14 185
311 311
983 983
415 404
42 29
834 831
86 83
690 683
75 75
588 575
780 767
331 330
111 110
110 107
687 686
995 603
530 517
616 626
730 839
157 1
623 622
289 149
970 672
65 678
699 703
435 434
996 561
778 771
180 61
564 587
105 555
303 302
436 433
813 813
401 400
917 917
187 186
727 716
362 355
519 508
682 675
945 934
903 902
959 4
912 909
458 451
232 694
226 223
660 647
582 569
995 995
232 597
95 94
937 592
347 347
57 56
868 855
972 969
223 223
707 706
456 957
507 496
229 837
742 729
376 278
253 253
79 79
239 228
785 784
776 773
410 397
541 530
924 911
873 873
806 803
153 153
959 948
151 150
164 151
44 41
622 976
185 185
853 852
359 698
111 100
287 49
313 421
557 557
199 188
34 21
728 721
25 25
219 218
663 662
693 693
508 501
814 811
359 348
629 4
633 714
839 839
474 461
338 325
308 301
10 575
204 4
645 644
562 559
925 914
257 246
83 72
36 916
499 499
713 713
923 923
300 293
566 559
279 835
248 235
384 4
229 229
273 570
417 406
455 455
334 4
714 701
76 69
913 902
672 669
720 713
374 371
919 919
282 270
254 251
244 231
141 130
1000 987
189 4
67 66
880 721
697 686
769 870
48 267
396 274
146 139
719 4
633 991
641 641
816 803
272 259
73 62
162 155
357 357
167 399
468 461
176 504
552 545
309 4
309 298
488 354
820 813
704 605
898 895
81 80
688 675
869 240
916 913
436 423
337 337
611 611
318 311
70 63
209 4
204 201
529 140
194 181
678 5
262 259
975 801
48 35
492 339
969 968
76 63
602 599
269 269
881 406
699 698
590 577
130 117
533 522
812 386
348 345
524 4
555 555
176 173
128 115
424 298
926 913
986 973
45 45
638 631
537 526
69 69
339 4
741 754
964 957
971 970
973 973
836 520
93 43
985 974
861 861
275 274
958 945
270 263
182 169
71 71
122 115
964 951
29 355
433 432
92 85
172 159
800 797
241 241
605 605
762 526
781 781
805 905
423 423
895 219
634 4
84 95
950 937
695 684
869 858
834 827
877 866
256 243
949 948
858 851
145 688
869 4
850 843
729 200
353 342
331 331
904 4
970 413
879 878
18 11
687 824
782 775
24 4
43 32
3 813
756 753
874 871
291 791
495 484
428 377
262 255
895 884
505 494
957 562
134 246
188 185
429 418
632 629
749 4
234 4
184 181
640 633
160 147
82 79
21 21
880 873
847 847
125 125
737 726
390 703
269 32
374 367
879 879
653 653
935 147
194 187
953 953
214 201
289 288
826 823
562 575
920 907
920 498
395 384
760 757
480 467
960 953
650 637
540 537
117 123
683 683
165 863
654 647
26 19
594 581
492 489
135 124
469 469
403 945
572 559
156 149
620 243
263 263
205 204
237 226
303 204
837 837
859 859
764 751
306 783
989 978
23 12
909 4
215 214
323 312
437 426
404 391
855 844
947 119
472 465
844 831
69 58
340 333
941 930
859 4
260 645
954 971
706 693
172 165
385 619
546 539
368 355
195 184
311 310
928 921
353 352
69 68
319 318
153 152
292 285
238 225
793 782
165 165
333 333
158 393
972 69
432 429
185 184
376 369
748 745
265 265
307 306
814 801
120 107
331 320
664 558
845 845
173 172
1000 997
947 946
740 727
959 959
551 551
755 754
63 52
675 664
19 18
167 166
42 35
959 815
384 36
312 309
735 724
977 976
354 351
406 403
481 470
384 381
884 4
15 14
645 645
250 247
660 653
781 780
136 123
647 647
231 231
843 832
530 523
951 940
724 717
393 382
822 809
786 779
563 562
40 926
876 581
995 994
84 77
619 4
897 896
94 87
589 588
40 33
115 114
613 602
388 119
361 350
809 4
92 89
744 737
607 606
732 725
700 693
996 508
498 495
739 728
503 839
446 722
362 359
470 463
29 18
105 94
799 799
208 205
967 959
966 230
369 368
590 583
424 4
984 971
328 321
268 255
301 300
805 794
441 430
723 81
896 893
473 473
572 488
252 194
292 289
931 206
98 91
516 309
270 267
408 405
980 977
889 4
839 232
764 761
63 155
943 932
949 4
90 87
17 514
520 513
327 327
849 4
354 4
80 77
802 789
396 383
736 733
192 179
264 257
189 188
141 141
901 900
295 294
621 620
962 959
798 785
69 305
774 767
239 4
789 788
196 189
114 101
360 990
780 777
665 654
142 135
438 431
442 429
234 221
848 845
257 760
796 783
85 620
240 227
500 493
381 832
119 108
993 501
801 801
163 391
539 539
117 106
304 4
756 91
116 103
751 750
141 140
159 4
819 808
991 990
49 4
