100 100
500
1 1
1 100
100 1
100 100
56 50
36 58
46 38
63 57
59 52
57 49
55 39
54 37
49 64
52 37
62 63
47 40
49 63
45 41
59 38
50 41
40 39
43 56
56 42
46 51
48 45
53 50
60 35
46 49
61 43
51 46
59 48
48 35
58 53
56 59
61 35
62 40
41 59
40 62
61 54
50 61
64 54
46 43
47 38
63 48
51 64
38 44
43 36
60 63
42 46
49 50
64 38
59 58
57 38
48 52
58 41
55 45
59 54
41 53
48 62
41 42
37 46
40 63
35 58
35 54
56 57
35 46
57 47
39 49
57 61
55 53
39 46
53 42
53 55
42 45
58 61
41 48
36 40
35 59
44 35
49 36
46 57
61 48
43 48
59 36
35 39
57 48
59 50
40 47
52 60
47 35
60 52
36 42
63 53
64 55
41 46
60 61
44 45
48 43
56 64
51 60
63 52
51 35
44 49
52 63
61 64
52 56
62 45
48 42
64 41
41 40
54 43
44 36
52 42
37 53
37 55
56 60
64 53
56 55
52 43
53 43
47 53
41 61
58 56
48 60
56 58
60 56
37 39
44 42
44 50
43 52
61 44
57 37
64 43
37 54
49 41
56 40
42 57
40 43
46 54
39 38
45 53
50 49
62 43
38 60
38 49
35 64
57 42
39 59
54 45
39 60
41 56
59 35
54 36
56 43
35 51
55 61
48 41
43 49
37 56
37 41
36 47
54 60
64 59
57 45
38 36
63 62
62 36
37 58
55 52
42 64
53 37
60 43
49 62
61 56
43 60
38 43
57 59
49 43
43 44
47 49
55 47
62 35
58 35
35 60
62 56
38 46
53 58
36 39
41 51
49 48
37 50
50 39
38 42
46 61
43 53
36 59
46 59
60 40
54 53
42 63
45 61
46 50
59 45
41 37
64 44
42 36
39 57
62 64
53 61
52 61
41 49
45 38
50 38
64 62
45 58
53 49
50 57
60 37
46 56
36 43
55 63
61 50
60 50
56 37
57 43
57 36
38 45
62 57
38 61
40 52
43 55
64 50
62 59
40 60
59 60
44 55
46 42
50 47
46 52
59 51
51 38
38 52
57 54
63 44
45 57
61 36
59 44
58 42
51 42
52 57
56 35
39 40
58 55
51 59
51 47
38 50
42 55
39 44
40 48
51 57
60 45
52 41
60 62
61 52
39 51
50 43
61 41
53 39
35 43
36 44
40 53
64 60
62 50
44 62
51 62
53 38
60 46
52 53
36 37
51 39
55 49
59 37
35 42
54 42
48 39
47 63
44 38
62 38
49 39
42 61
58 60
41 38
63 40
49 51
52 62
48 46
61 42
36 49
56 52
49 58
58 44
43 37
35 63
39 54
56 63
37 35
36 56
59 47
43 59
38 54
36 55
54 46
48 59
39 47
53 40
52 35
35 44
55 59
61 57
52 44
42 48
54 61
62 58
49 60
52 47
42 38
49 38
43 50
52 45
44 54
46 58
58 51
48 64
50 45
63 54
51 37
36 60
42 54
42 43
51 54
39 50
38 56
57 56
57 50
53 35
53 63
39 37
49 35
36 53
52 36
49 40
58 50
46 62
53 45
49 37
43 39
64 49
45 59
62 44
58 64
64 39
54 38
56 36
46 53
50 54
39 43
52 46
36 45
43 35
58 49
54 51
53 62
61 45
40 35
55 37
54 64
61 60
41 52
60 54
63 42
38 64
37 57
48 37
55 57
43 61
64 47
60 49
45 40
41 45
41 44
37 45
38 58
35 47
44 63
54 40
58 37
58 59
46 47
63 43
59 62
55 36
63 59
61 58
49 55
41 54
50 59
51 43
40 45
44 39
59 55
51 61
45 55
59 61
47 59
53 44
48 61
44 58
44 64
37 48
45 63
48 54
41 47
62 60
55 40
48 57
35 40
37 38
40 50
35 61
54 62
42 47
45 46
38 41
46 36
40 58
36 48
50 53
60 36
58 57
47 58
56 61
42 39
42 60
60 59
61 51
53 56
59 49
62 48
42 62
42 50
60 47
42 40
59 53
59 39
39 35
42 51
52 39
49 42
36 41
39 45
36 64
41 35
63 58
63 55
53 47
59 41
48 47
50 62
59 46
58 54
47 48
60 53
54 41
56 48
45 51
45 62
37 62
41 64
52 38
54 48
38 48
56 51
35 48
40 49
47 64
40 57
54 39
42 53
47 41
46 35
64 51
35 53
44 53
50 35
58 39
62 53
39 53
62 47
61 49
49 45
