100 200
2000
10 4
95 171
81 145
53 176
90 9
48 138
60 133
93 107
24 142
87 168
65 35
53 30
18 12
46 1
53 141
21 57
58 90
80 130
38 145
68 38
49 115
14 47
18 154
82 102
28 72
64 114
72 101
21 115
71 171
13 117
69 92
4 34
88 45
98 66
82 126
40 17
8 102
58 187
90 67
62 68
41 191
83 93
50 191
70 81
64 35
34 33
13 173
33 6
52 152
65 134
30 22
36 34
64 25
66 102
64 162
83 122
93 26
55 48
70 70
46 19
81 24
2 143
65 152
49 149
53 110
74 199
58 171
65 11
37 178
90 86
40 143
20 120
11 146
3 75
12 8
20 13
21 175
31 115
55 29
99 152
98 6
98 81
86 195
91 85
51 16
18 64
32 109
79 30
97 172
48 152
59 143
16 39
28 19
30 168
10 56
22 191
21 162
17 184
44 139
22 57
42 98
47 146
12 145
77 129
4 116
52 71
93 162
31 32
4 43
40 27
60 45
85 110
64 12
5 154
53 4
79 107
34 144
2 13
80 66
25 178
49 122
15 18
45 192
46 92
43 111
88 33
31 85
86 77
15 162
77 193
43 145
39 12
93 89
65 38
98 125
94 45
18 47
32 18
11 169
84 41
83 14
91 107
84 175
42 45
6 163
97 129
59 112
20 11
35 76
16 144
40 88
44 15
21 167
17 121
84 77
4 186
57 95
91 45
69 14
33 190
91 143
62 96
68 175
25 152
58 188
98 4
80 162
44 161
38 60
28 48
33 136
40 95
63 13
98 99
28 4
18 78
22 109
70 130
16 14
51 113
99 184
83 4
82 192
57 15
32 139
33 9
39 155
49 139
88 151
17 182
86 164
78 77
100 198
81 41
22 82
30 161
53 122
87 158
80 157
86 8
20 33
91 136
87 167
44 157
35 104
88 81
50 138
1 26
19 155
35 63
94 188
22 116
54 82
68 186
39 108
58 159
87 157
47 76
11 132
68 69
52 105
69 74
1 157
81 151
84 64
70 27
5 76
41 188
77 94
81 8
81 16
77 185
26 179
54 136
21 86
55 199
92 194
55 85
69 166
7 6
79 112
35 98
26 116
10 88
29 11
25 115
78 62
65 125
5 196
81 187
24 96
98 86
60 5
42 111
2 2
97 51
33 60
5 16
46 59
31 149
31 34
15 78
51 6
2 42
85 27
84 147
36 44
88 62
4 180
53 170
5 70
87 126
25 21
22 36
12 100
91 56
7 90
25 81
76 117
12 127
52 69
64 153
18 200
51 147
5 136
62 131
48 190
8 35
19 88
32 146
3 86
83 185
42 131
7 161
44 159
16 142
71 110
79 145
65 45
37 41
7 154
57 121
9 16
60 153
60 62
86 138
97 167
38 57
1 71
56 190
55 22
98 122
4 17
61 80
97 185
45 158
79 95
69 72
3 160
65 39
32 164
33 4
93 23
94 127
45 23
81 10
34 183
66 146
19 103
21 116
74 99
38 92
58 57
85 60
39 130
63 96
83 101
84 96
82 78
68 61
18 148
17 106
4 117
24 17
2 173
85 70
96 103
60 93
48 134
76 49
20 117
68 24
43 12
86 88
84 159
50 152
93 130
44 14
39 11
62 56
76 40
7 162
27 54
33 135
63 101
78 13
26 152
16 158
78 131
31 26
98 73
57 92
82 31
49 68
51 121
64 99
10 18
27 40
57 9
34 59
25 12
34 15
46 37
14 200
89 22
3 113
12 175
25 199
65 111
36 57
53 139
89 28
53 71
22 51
23 32
71 174
59 48
86 42
40 70
54 115
64 127
47 120
19 2
43 175
97 177
60 81
38 112
26 42
63 189
60 76
5 40
2 177
97 197
26 150
2 163
41 70
4 80
66 80
26 125
99 101
18 27
24 128
65 90
53 168
13 8
80 196
70 164
4 64
71 112
49 189
71 84
95 3
84 85
90 138
93 51
100 20
18 147
67 198
32 15
15 180
75 46
6 64
26 195
28 13
28 56
46 101
97 65
93 4
31 64
66 38
95 140
5 113
75 148
64 58
69 134
86 54
20 130
70 120
96 197
85 161
32 103
56 52
72 6
75 103
9 86
36 137
30 105
89 157
62 58
56 171
14 49
64 101
52 36
32 5
59 164
79 127
11 82
13 12
33 140
15 142
41 169
84 36
44 96
6 76
17 1
63 161
59 184
63 115
35 171
87 14
44 66
95 48
33 184
16 41
92 43
19 167
5 129
13 27
49 12
36 179
30 5
68 172
4 138
4 164
39 110
31 67
1 27
79 156
22 11
35 123
26 103
37 76
91 194
39 121
31 199
52 199
62 63
37 145
57 23
27 121
34 105
98 128
47 71
72 40
79 169
70 43
47 122
55 9
33 75
55 139
42 22
24 27
44 53
87 190
34 145
91 91
17 72
97 184
83 153
95 162
55 60
65 151
36 198
92 141
98 67
52 45
31 48
38 116
23 193
99 59
65 59
96 77
47 63
98 96
48 187
57 136
61 189
59 130
32 110
30 46
92 165
19 97
96 48
51 44
6 185
50 181
5 112
83 83
78 44
6 138
55 93
15 171
54 127
36 199
93 27
24 126
47 74
80 37
8 1
67 98
86 176
32 34
58 101
5 29
80 123
81 78
95 196
52 140
76 79
44 179
79 71
79 58
5 58
6 191
35 15
10 189
45 2
60 180
14 50
2 109
30 147
33 32
28 101
58 156
82 162
23 135
81 64
95 129
78 151
73 190
98 61
5 190
45 110
58 23
71 96
36 149
84 149
36 49
42 154
92 96
44 99
5 184
97 29
99 162
43 114
9 44
58 24
69 158
42 66
48 14
85 75
22 151
77 109
86 132
97 141
44 127
74 88
11 96
49 33
49 155
19 178
18 90
28 21
81 124
74 14
50 78
92 187
80 155
66 150
57 77
59 32
63 136
29 87
99 151
9 66
16 10
82 85
22 23
10 176
13 199
66 186
19 151
30 116
51 194
22 97
14 170
79 137
47 150
30 143
54 155
18 30
66 128
5 94
37 51
84 119
14 31
30 133
49 63
87 25
56 131
3 195
66 9
1 84
61 58
54 188
67 184
72 38
68 187
27 115
76 97
57 160
55 83
1 145
95 24
99 186
19 66
67 82
61 188
32 117
71 156
100 142
89 17
77 152
100 82
84 102
37 129
32 160
81 39
89 42
16 27
33 132
58 137
66 59
70 108
34 54
27 72
41 165
16 75
49 152
23 162
17 33
23 80
67 61
5 10
13 4
6 122
19 199
91 98
88 31
29 81
18 100
33 103
76 127
17 67
72 21
72 65
59 25
67 40
95 161
91 34
20 198
13 119
20 181
6 147
38 97
73 85
40 75
46 62
69 19
91 112
9 131
39 150
45 135
39 196
82 24
86 142
72 77
51 20
79 63
92 3
85 53
31 180
49 58
76 42
45 38
3 57
71 17
95 65
55 80
14 126
100 42
8 15
18 29
38 64
73 12
86 134
93 53
51 95
69 137
67 199
90 44
52 2
64 89
96 64
98 114
43 75
79 160
52 106
51 25
100 135
15 84
5 124
31 192
39 86
4 83
87 60
4 140
68 101
98 113
32 155
83 16
62 104
77 198
79 173
69 146
20 50
25 51
63 4
82 154
42 94
32 56
7 126
99 197
73 102
64 103
82 157
40 63
90 87
43 7
24 39
27 10
30 48
16 153
90 176
81 160
8 97
88 6
89 96
75 61
96 89
72 82
92 48
16 9
64 150
6 29
10 47
82 40
100 109
40 119
76 152
94 144
26 114
35 187
99 81
49 97
5 179
93 74
9 122
95 61
35 191
20 103
73 139
29 63
72 41
46 23
98 172
65 107
68 14
31 8
13 15
36 170
67 26
91 54
37 87
30 95
84 160
83 181
22 89
1 55
1 164
89 64
95 45
63 113
67 179
74 114
18 2
58 13
73 87
36 3
27 171
57 55
38 103
67 66
56 63
61 107
2 181
76 63
53 97
75 19
59 5
4 91
53 152
21 186
5 82
26 83
94 83
26 84
90 140
5 86
60 117
61 111
42 102
5 103
42 126
48 4
19 140
58 10
90 192
38 117
88 65
68 76
9 146
39 61
90 111
47 33
38 85
38 74
72 194
35 94
40 157
52 132
55 168
61 50
21 142
29 179
63 31
60 172
37 135
88 51
40 103
27 83
63 164
74 70
40 37
64 60
94 63
37 23
31 14
79 162
44 78
71 151
35 129
14 188
70 140
75 159
24 42
32 158
84 122
93 82
12 128
11 185
39 79
71 6
93 77
20 65
38 159
99 168
14 130
58 74
51 59
25 155
91 77
13 142
80 46
96 56
25 87
86 110
40 21
80 24
83 12
19 150
13 112
34 80
55 114
24 183
23 85
30 152
44 135
80 29
57 188
66 147
12 166
66 79
43 23
42 181
85 162
5 100
79 129
32 51
68 35
20 12
40 47
20 192
28 15
33 74
6 42
12 193
18 93
43 65
37 122
49 88
18 4
85 86
44 42
65 126
60 99
5 106
80 73
52 83
48 139
75 139
61 74
67 8
21 10
35 179
5 123
28 109
48 183
85 184
65 67
75 149
48 95
56 189
45 77
60 197
47 168
56 142
51 74
72 30
100 164
5 4
83 66
40 167
7 64
15 63
2 74
69 55
47 126
59 117
55 49
9 158
35 26
50 40
28 63
41 16
48 75
4 12
77 175
20 34
11 135
30 16
62 28
2 97
94 181
59 78
28 17
1 146
62 174
96 147
69 169
20 179
2 199
14 6
76 109
34 181
69 13
45 140
71 3
9 27
15 75
38 8
52 107
63 128
63 160
2 102
73 90
93 65
88 104
47 197
100 93
55 188
20 82
15 200
57 177
48 49
52 81
72 95
79 131
11 37
11 49
63 65
17 79
27 134
1 182
49 166
63 34
5 142
66 176
42 25
64 115
24 176
95 83
55 108
21 46
2 103
23 4
42 71
60 136
86 196
41 178
87 50
36 169
18 103
89 4
20 136
27 92
85 106
100 127
57 96
27 29
90 174
32 20
77 150
74 95
97 10
78 196
27 88
81 161
25 76
52 52
16 128
90 36
38 95
38 75
68 6
55 35
1 161
63 6
40 1
48 195
65 196
46 72
61 24
18 153
62 27
85 87
29 190
54 114
100 41
71 57
86 58
58 148
92 172
68 141
36 26
93 100
35 166
42 105
71 65
7 168
97 132
99 44
55 171
62 181
82 74
8 154
8 4
59 180
25 39
65 118
87 138
51 108
62 45
96 92
34 19
65 176
94 46
71 109
68 188
85 104
2 95
40 134
20 194
16 43
52 40
90 168
72 111
86 33
97 123
73 183
45 9
21 109
82 200
2 200
76 69
41 164
94 145
58 9
71 118
12 5
66 92
89 79
88 165
27 143
94 35
52 93
51 63
96 111
56 87
36 32
61 88
35 155
81 76
4 148
49 43
60 90
19 169
42 27
28 69
2 191
96 186
84 183
24 110
10 78
87 178
91 4
31 27
15 191
97 66
2 122
50 25
89 31
88 121
43 164
60 53
23 21
76 101
40 84
28 199
84 192
2 41
1 177
78 112
97 149
32 39
41 52
25 13
5 104
52 7
49 127
54 45
28 64
23 159
63 131
28 45
12 189
41 199
62 144
17 152
76 90
72 78
86 120
66 75
68 136
44 117
86 194
86 100
5 172
70 177
62 180
88 88
41 26
75 50
91 14
93 103
5 160
56 93
30 57
23 44
73 177
12 52
6 8
85 32
89 53
1 112
12 191
57 43
97 36
22 28
6 18
80 14
94 37
90 19
31 113
17 73
98 18
46 179
98 142
93 19
49 30
66 94
55 144
80 99
33 142
3 32
90 157
73 17
75 78
15 46
8 56
7 39
49 86
23 46
21 117
17 69
31 68
59 86
100 184
24 129
65 169
36 110
58 83
16 84
89 77
70 103
55 180
54 83
56 31
60 94
65 133
96 81
61 97
46 191
22 112
73 28
18 186
21 21
35 158
16 70
18 35
40 108
5 34
52 94
98 53
89 25
17 89
63 169
73 57
65 25
65 160
93 33
77 116
50 117
40 98
18 193
56 83
72 122
82 156
77 149
19 193
31 129
82 138
46 174
65 114
78 132
42 153
65 49
24 144
28 86
77 179
68 148
100 33
62 74
41 108
31 119
89 8
59 23
70 75
89 151
26 185
6 130
58 106
52 75
49 16
51 88
12 156
95 175
93 141
8 77
63 41
91 151
17 29
56 36
62 12
58 75
21 151
47 164
91 5
57 74
57 190
9 106
13 192
93 88
63 55
6 31
91 172
68 4
13 116
17 90
41 65
9 34
26 144
38 4
69 3
46 165
92 80
26 85
20 2
22 86
98 51
76 21
5 62
3 20
39 2
35 25
30 73
45 66
13 26
10 7
36 180
88 4
66 93
16 120
71 103
33 159
4 24
64 20
37 134
79 182
98 58
77 137
58 38
90 93
84 92
3 88
25 121
4 9
6 33
45 125
3 47
62 182
59 196
12 19
57 198
56 169
62 98
3 199
8 8
14 121
68 151
69 25
99 58
10 96
67 75
80 192
36 17
80 101
94 167
86 125
96 80
61 59
83 73
26 127
47 46
43 49
89 171
69 184
10 104
21 56
73 200
52 169
95 43
76 153
35 79
45 88
11 198
74 184
24 193
37 19
15 34
65 24
84 18
88 27
23 136
20 107
48 122
94 148
92 85
13 94
86 47
94 184
14 122
96 172
53 147
87 125
5 178
9 154
16 190
44 38
20 127
95 148
81 90
28 75
83 132
5 22
44 37
40 161
70 51
71 70
76 29
71 130
83 86
53 92
56 105
26 108
37 26
90 62
19 6
82 30
24 155
82 103
43 45
25 35
40 62
79 126
91 196
19 94
77 91
54 144
52 165
6 175
92 195
45 1
50 178
32 65
17 174
70 174
24 56
61 75
84 31
2 168
13 29
30 24
88 29
99 123
4 179
23 31
36 29
14 178
54 84
5 131
75 173
52 21
77 102
65 200
96 35
97 23
74 22
70 112
73 144
4 50
54 130
78 120
33 186
76 150
27 79
27 84
49 193
35 113
19 10
71 119
7 172
65 180
57 179
25 135
34 141
70 169
24 18
32 191
11 176
98 42
86 157
33 122
11 99
5 118
18 191
91 124
81 197
91 60
77 194
17 10
79 157
44 44
21 155
96 31
75 47
62 115
95 193
69 90
88 135
77 28
90 16
52 125
49 154
67 52
86 123
58 4
95 49
35 49
99 21
97 53
85 129
42 31
66 190
41 119
39 94
2 119
32 169
47 199
57 107
20 149
39 174
3 70
31 98
16 151
29 131
14 179
68 50
82 189
37 16
67 18
96 200
20 26
20 47
8 144
14 80
38 144
94 89
49 20
43 162
48 41
37 186
80 143
2 83
47 131
79 166
14 95
73 108
5 130
83 136
47 7
61 32
94 64
82 178
36 20
10 167
41 172
82 68
68 104
56 198
14 83
11 3
82 94
57 81
9 6
30 149
31 88
28 174
37 117
4 7
57 178
97 62
66 106
43 84
2 75
66 134
43 148
48 78
30 45
84 189
25 62
83 138
72 181
16 79
66 35
96 72
82 111
91 159
60 4
53 195
75 132
8 174
16 110
29 198
16 49
25 198
64 24
67 1
97 104
42 15
49 170
60 16
59 55
55 187
34 173
94 186
41 23
35 139
59 57
42 171
70 25
38 140
50 136
86 191
67 60
42 34
14 145
3 109
82 19
39 138
12 49
16 167
5 28
72 187
51 196
100 30
55 57
37 50
93 50
78 182
31 100
6 193
97 20
35 188
53 132
27 164
69 199
78 4
87 122
31 11
98 44
62 33
100 37
84 58
11 79
3 81
7 4
65 19
100 153
45 4
31 137
25 124
5 149
41 78
33 119
7 63
90 198
12 38
91 171
16 188
73 4
18 195
11 40
29 32
56 33
55 92
36 197
91 118
89 71
34 25
4 160
32 25
72 165
67 114
67 185
83 35
78 29
36 6
91 186
51 188
84 129
64 189
5 148
80 147
77 50
90 137
41 11
69 144
98 13
23 145
62 24
77 61
44 92
44 143
8 93
9 107
91 164
91 37
36 91
73 52
37 153
22 180
42 174
14 24
78 50
79 179
12 47
43 18
45 32
24 63
4 74
78 75
20 199
85 6
57 25
36 148
29 113
49 1
80 68
17 134
33 118
24 186
25 108
85 152
19 19
63 90
86 53
43 57
7 37
27 196
62 162
81 100
52 34
5 19
49 62
62 175
85 136
52 163
96 110
68 105
41 47
76 112
15 25
88 170
78 165
5 88
60 137
32 92
40 101
49 49
24 74
91 58
58 124
33 170
46 195
40 31
4 113
93 179
16 25
21 32
80 119
81 141
41 24
21 93
18 162
43 26
15 40
10 53
51 1
59 4
27 57
64 57
96 151
74 30
98 150
96 118
96 159
51 157
26 30
69 44
25 105
69 179
7 111
92 24
56 49
98 144
30 158
18 66
22 184
46 29
44 43
94 160
9 180
5 166
38 17
48 57
87 92
1 43
16 134
35 28
5 64
7 130
59 95
26 176
38 194
43 115
81 148
11 45
95 190
39 146
4 107
37 100
65 70
22 52
47 48
6 177
28 25
52 145
43 91
46 130
64 55
7 120
4 6
100 35
36 86
40 192
43 160
13 25
58 7
80 96
20 31
34 157
72 132
100 118
65 119
23 131
79 155
11 126
4 46
12 130
19 136
40 33
79 20
100 156
8 89
11 13
87 176
75 105
71 121
18 15
40 59
98 37
10 43
44 24
52 9
99 106
5 46
97 124
21 76
44 98
16 6
52 112
5 186
43 4
21 141
93 139
51 67
12 21
50 100
44 69
71 172
9 194
20 43
7 163
13 125
28 29
36 58
83 116
5 52
60 167
62 15
64 135
33 21
71 188
50 193
9 159
11 24
14 96
6 12
56 39
