100 100
4000
71 52
23 23
2 90
40 2
35 18
17 56
98 74
2 14
21 77
63 17
83 12
54 94
1 21
22 88
89 45
56 54
16 62
61 68
27 65
56 60
81 81
17 68
9 76
84 3
35 31
8 91
85 88
46 20
8 30
39 68
60 63
72 63
43 56
69 41
93 51
98 26
70 38
71 65
29 10
32 4
71 36
75 79
76 31
85 16
16 65
28 80
88 58
51 19
6 46
16 58
58 6
4 6
39 79
11 36
92 16
65 23
80 39
12 89
87 83
91 38
85 7
28 32
6 95
11 70
67 100
4 65
44 34
18 13
79 100
28 82
16 96
18 63
7 87
9 99
31 48
27 15
56 6
36 78
100 39
85 78
40 66
80 22
10 21
9 75
69 40
66 5
83 50
53 51
84 69
58 73
22 20
94 15
16 60
45 56
79 25
8 47
44 45
27 12
2 61
32 47
30 35
68 99
77 55
56 56
100 82
7 65
62 76
7 46
67 23
1 100
89 14
76 93
24 90
22 94
35 63
73 75
16 11
48 83
60 30
19 6
19 49
44 21
64 76
45 63
32 8
55 95
16 1
49 69
97 36
54 37
24 63
56 38
96 14
54 78
17 22
37 4
94 45
4 52
72 41
14 52
94 27
6 13
39 66
77 12
29 77
77 23
33 50
41 46
81 99
84 61
71 13
54 68
10 22
53 74
98 69
97 30
2 100
11 7
8 62
38 60
66 58
56 51
34 15
64 57
99 100
59 52
14 66
64 13
8 83
21 51
58 77
67 74
34 76
62 60
42 92
38 44
25 84
86 75
4 20
22 78
96 19
98 93
33 14
50 11
34 90
89 9
47 77
72 64
16 90
6 7
60 88
2 97
43 2
68 6
5 49
20 54
24 74
5 29
5 83
39 3
57 56
99 37
47 20
35 83
94 88
59 99
27 64
24 19
71 78
96 57
74 51
16 54
87 55
20 14
3 58
47 4
11 34
10 61
64 94
100 43
8 20
80 72
12 79
5 7
93 84
35 22
37 57
29 40
7 3
70 31
62 41
52 67
85 18
35 67
19 66
80 30
85 84
11 62
71 69
12 75
1 69
62 93
33 96
60 36
59 11
51 53
8 9
11 75
7 24
35 62
61 78
48 80
87 32
52 35
42 51
77 36
10 94
53 82
70 13
96 54
94 74
8 88
63 45
95 67
91 99
33 73
64 22
7 99
47 24
48 44
69 100
75 10
12 25
58 12
71 44
23 39
5 21
5 26
92 65
33 46
8 56
78 14
6 39
4 78
99 82
41 58
59 61
88 54
7 66
34 79
66 46
22 96
15 43
89 16
83 21
6 80
93 32
1 40
87 24
61 45
89 96
31 31
91 84
94 80
59 47
81 53
60 42
4 15
31 51
1 43
64 92
8 71
20 65
19 93
12 83
9 11
18 97
3 18
50 24
25 74
85 29
90 69
59 24
40 48
88 1
92 53
45 84
59 2
85 63
98 34
81 63
23 34
52 20
94 9
24 91
8 39
14 26
86 11
64 38
59 43
79 13
35 29
33 92
27 60
56 41
67 80
72 30
91 5
54 35
31 40
50 91
8 68
51 50
6 83
27 69
87 84
45 11
36 82
99 46
91 88
96 50
65 92
82 24
82 37
98 28
89 5
1 1
17 23
52 19
63 20
62 43
50 100
24 39
29 61
9 68
70 5
16 66
85 57
70 63
11 59
57 73
95 16
45 78
18 89
99 63
87 45
47 34
65 36
81 28
56 36
62 48
14 18
15 18
40 72
33 91
4 37
75 12
76 76
42 80
81 12
24 43
29 86
88 43
80 51
68 93
9 44
45 83
5 93
38 58
83 39
30 54
17 79
94 78
77 14
2 43
37 84
52 31
45 67
62 7
90 45
78 52
98 65
65 67
72 50
66 29
89 17
31 96
56 66
91 9
25 9
60 47
12 53
85 28
69 90
84 63
78 65
53 8
65 82
42 40
8 42
28 37
69 70
42 74
63 42
41 74
86 15
10 51
55 6
56 15
26 77
51 45
26 31
48 43
62 80
11 66
73 39
71 38
85 11
90 24
65 88
47 81
36 31
100 97
10 25
40 5
47 74
38 1
21 91
73 18
88 53
52 17
56 87
63 77
58 58
37 35
46 76
70 66
65 73
47 67
30 57
50 26
28 40
23 29
32 41
3 73
13 51
57 43
40 58
5 45
69 15
97 12
19 48
92 85
70 73
55 64
18 90
68 91
99 49
61 12
29 36
5 81
52 82
95 9
6 67
36 36
96 85
89 67
9 55
90 92
15 71
29 31
63 97
62 71
25 11
61 86
84 25
81 89
89 89
15 64
19 95
41 65
94 34
13 29
77 92
31 82
10 93
73 7
95 7
67 47
32 61
40 55
95 42
6 54
49 66
11 73
79 62
52 16
88 18
34 2
57 60
21 79
21 24
88 61
4 59
5 1
29 17
85 45
32 44
71 91
1 12
90 22
72 76
81 70
88 8
15 35
86 8
31 91
89 6
29 98
17 6
77 82
37 63
42 56
14 48
45 2
71 59
66 100
73 55
77 2
35 25
93 65
25 21
18 23
73 52
87 31
72 14
69 14
50 36
49 28
77 72
72 93
77 3
28 65
82 74
57 17
20 32
84 49
33 33
93 81
37 85
7 48
69 52
51 92
96 12
95 68
91 80
87 69
95 4
43 92
42 15
69 58
43 50
42 17
74 5
7 85
99 28
29 88
54 99
63 86
4 39
86 53
78 79
99 97
55 100
40 51
64 52
19 10
64 61
81 1
66 77
100 72
14 13
56 44
43 91
100 61
31 11
90 2
45 25
99 90
25 63
14 64
98 53
70 30
48 28
90 1
4 54
76 18
57 15
100 79
17 96
80 25
34 6
100 75
15 14
17 54
24 99
35 14
86 40
68 40
49 79
27 79
100 87
94 95
85 24
44 18
48 92
48 81
83 85
70 59
36 54
16 10
67 68
24 87
10 81
63 100
79 78
89 78
55 71
51 100
61 44
81 18
39 88
92 90
23 72
41 99
36 66
99 59
47 62
49 86
89 56
63 41
2 74
67 39
79 63
45 59
70 76
44 78
71 40
73 3
5 10
42 1
82 31
66 13
65 18
31 12
18 88
72 6
32 52
75 67
70 78
8 76
56 58
19 37
93 88
27 18
13 78
33 32
27 91
90 56
2 88
69 8
25 3
76 5
80 96
83 77
47 79
84 14
12 99
28 62
12 19
60 23
19 36
5 50
82 5
50 35
16 19
69 68
66 25
7 77
63 35
92 97
27 47
21 4
97 27
80 34
54 29
26 23
6 27
37 49
26 63
42 77
44 20
30 81
93 70
19 18
70 58
78 62
37 39
74 55
68 3
40 83
27 93
65 71
64 1
93 80
90 65
44 88
21 5
61 54
91 53
18 1
43 51
33 4
87 20
33 10
51 17
14 90
30 75
30 76
22 58
34 95
43 100
22 5
73 56
54 77
93 31
22 32
59 92
93 38
56 79
26 73
88 37
51 43
64 49
39 90
69 26
69 30
14 62
11 69
3 3
91 29
87 38
13 65
58 42
35 1
64 55
97 34
27 31
59 5
17 94
32 63
80 82
25 32
19 45
17 15
82 83
37 50
37 96
95 88
88 65
74 22
26 13
24 37
48 48
13 97
24 85
30 78
16 49
27 82
94 43
6 55
86 72
90 34
13 41
52 42
9 93
85 25
93 93
29 62
66 1
23 78
92 14
62 90
45 66
44 72
70 62
90 4
61 63
40 33
17 28
91 10
51 7
50 37
72 60
43 35
66 83
93 100
63 29
91 43
99 30
15 77
76 43
64 70
39 98
70 99
38 30
71 85
70 6
87 17
59 29
10 4
88 88
77 56
35 35
72 98
60 91
28 72
56 8
43 22
47 65
100 98
86 51
8 84
96 90
58 71
18 58
35 91
92 56
27 44
29 95
68 43
57 84
81 45
64 67
33 74
76 30
45 99
43 98
83 99
11 13
76 88
87 64
91 13
44 76
34 59
54 80
26 55
60 7
78 34
63 79
7 4
28 8
64 90
10 49
16 82
49 53
25 51
85 99
9 45
10 92
94 87
64 31
96 16
38 56
40 34
52 27
69 13
1 77
75 97
66 82
3 66
64 16
53 9
75 94
6 68
38 86
50 23
20 7
29 87
63 19
97 76
30 71
65 46
53 87
29 91
54 43
30 23
73 84
53 97
31 8
82 10
23 100
4 4
25 100
16 77
31 75
21 65
78 99
89 20
79 23
78 19
4 61
8 74
18 3
31 60
14 59
76 10
81 9
2 5
22 51
42 10
40 98
19 14
71 27
23 91
9 100
82 28
55 45
96 17
42 83
63 56
39 52
93 52
1 16
74 6
12 57
15 89
27 74
10 2
13 13
32 46
42 3
42 31
21 100
51 91
60 20
18 68
14 72
91 58
98 75
86 39
54 46
62 91
49 100
92 66
17 58
100 33
85 34
43 10
6 62
46 34
72 3
46 88
8 79
2 8
88 21
88 9
17 42
60 53
26 21
62 100
93 87
95 5
99 40
12 80
31 57
44 91
61 59
61 43
92 5
82 71
59 64
60 90
89 60
16 86
91 30
88 35
79 77
26 52
19 15
37 100
74 88
96 29
33 24
49 55
50 4
6 2
7 53
39 9
53 88
49 17
52 10
57 11
40 47
35 16
2 27
74 36
57 47
57 70
16 79
69 89
86 60
26 7
2 34
1 91
7 90
58 18
17 67
37 21
82 48
57 79
27 13
31 85
20 93
71 70
59 34
43 76
83 46
93 23
86 79
41 48
40 4
83 78
100 83
4 7
15 48
88 100
39 71
100 13
43 14
26 24
38 40
59 18
50 85
100 55
52 39
9 20
66 7
24 24
15 63
73 89
71 80
90 95
63 63
50 48
68 16
50 21
7 27
6 6
71 72
90 53
8 12
44 64
84 28
28 77
76 13
100 76
3 10
48 62
9 73
43 54
86 93
90 26
51 6
43 31
27 98
100 99
63 84
46 47
42 63
11 80
7 75
44 51
48 35
85 5
17 32
69 49
38 78
54 47
76 54
55 58
2 50
68 55
94 46
32 13
19 21
34 35
65 32
46 63
23 38
25 95
75 5
40 87
50 55
82 20
11 49
51 21
39 29
69 16
91 22
85 70
34 83
78 40
17 64
4 83
45 9
11 30
12 48
32 33
73 80
78 89
42 90
81 10
83 19
98 60
46 36
59 91
100 9
26 8
15 37
30 12
33 41
77 32
10 96
57 16
54 87
58 39
76 83
85 43
100 32
95 31
21 53
23 47
58 31
70 55
79 10
92 41
56 77
96 59
66 43
69 60
86 98
24 48
70 24
59 53
32 83
17 31
96 20
48 38
71 56
19 16
74 40
73 91
80 2
83 86
84 45
74 98
29 13
34 24
65 89
27 76
46 57
75 24
31 32
91 95
91 96
37 47
11 37
30 15
18 15
86 26
92 12
50 33
22 72
30 39
28 79
94 37
36 75
57 44
94 55
41 68
21 80
59 6
73 73
95 80
33 72
66 89
2 16
55 21
96 96
41 30
60 84
84 92
96 75
76 96
84 96
49 93
73 47
34 36
56 39
78 61
4 89
57 99
61 39
39 25
86 81
21 56
89 7
15 12
75 68
20 89
10 11
40 65
51 10
28 28
72 92
17 87
11 72
65 51
98 15
11 19
53 53
10 57
38 54
31 2
66 38
27 45
75 8
11 98
67 95
27 66
52 91
56 22
79 4
46 14
54 38
31 37
36 99
67 14
81 13
89 40
39 47
3 67
19 50
10 36
60 39
36 10
42 61
2 22
27 25
83 90
85 31
34 22
32 29
58 51
27 92
46 22
65 44
83 83
11 56
36 23
29 7
72 84
76 41
19 44
97 96
42 67
100 21
67 16
78 68
71 87
56 28
60 44
59 17
26 92
26 84
65 95
47 9
76 25
24 4
28 47
89 10
6 76
83 7
62 21
19 100
53 3
15 99
8 65
4 17
30 77
24 31
84 23
12 34
78 82
18 5
49 85
73 51
57 88
4 97
42 2
46 86
57 64
22 84
97 80
90 76
47 25
48 26
26 11
22 8
8 73
89 22
93 50
87 80
44 63
82 2
60 2
96 2
56 95
70 80
36 88
12 66
33 53
17 98
21 87
22 87
1 47
31 49
65 16
65 9
72 10
95 20
46 87
12 23
29 67
13 72
21 39
31 20
68 52
73 25
72 71
16 30
19 20
75 22
2 92
47 41
93 79
16 80
92 25
87 35
32 78
56 97
39 15
13 77
36 44
13 12
95 66
33 69
15 88
91 54
46 11
10 18
13 67
84 82
63 58
33 61
55 47
76 20
75 63
96 88
62 17
6 23
73 42
11 61
56 35
96 21
96 27
2 67
4 85
78 7
27 62
11 10
28 46
21 46
23 53
100 38
89 88
98 56
51 74
65 68
3 52
68 87
80 93
54 2
38 91
100 69
36 95
50 51
32 90
62 89
71 61
23 6
85 75
87 40
31 65
86 32
58 20
95 38
35 77
74 60
83 2
14 86
35 58
23 28
52 8
65 86
95 72
12 54
71 7
65 3
19 7
53 80
97 8
87 89
90 20
75 100
13 32
14 35
84 62
50 78
77 46
7 15
22 22
45 79
52 40
27 4
31 88
59 13
39 95
50 73
11 20
40 88
13 24
6 71
24 71
13 33
62 56
33 35
100 68
94 7
5 23
34 96
14 4
67 59
62 97
70 10
12 17
79 43
31 83
51 31
35 45
11 79
84 9
70 53
94 97
65 42
10 6
10 42
10 39
81 75
100 89
35 55
33 54
4 60
32 42
74 87
67 33
54 91
83 84
38 28
24 20
92 29
100 60
7 43
6 81
31 90
86 46
55 83
31 92
5 64
74 38
19 54
67 54
79 99
61 9
82 85
91 69
35 56
20 48
46 16
68 77
88 67
3 68
33 36
10 3
90 81
55 67
41 96
59 37
50 63
38 32
19 17
66 37
20 12
46 25
87 54
74 10
11 2
22 34
48 33
70 42
60 17
62 35
31 19
24 40
64 47
34 4
29 3
62 65
18 18
17 70
89 63
52 7
16 22
34 86
17 34
27 94
87 8
100 67
12 8
43 19
62 14
78 93
65 50
24 81
17 5
91 68
84 42
30 85
38 46
70 3
20 3
45 41
12 55
67 82
67 83
4 44
33 62
19 98
99 80
64 73
82 70
41 56
40 17
36 39
7 51
78 55
87 39
52 45
47 91
45 32
63 90
94 36
71 10
62 50
29 14
41 32
57 34
24 3
82 22
49 23
7 18
54 39
21 21
26 1
55 92
39 13
91 4
53 27
26 65
65 57
53 14
33 9
13 93
59 69
34 32
81 34
40 12
37 80
89 62
30 53
68 46
57 93
9 48
93 62
55 69
39 36
76 26
25 4
24 46
79 52
78 42
24 75
14 60
63 66
48 31
73 85
64 24
75 82
87 25
77 60
6 92
42 6
8 24
87 15
19 67
78 57
73 11
6 24
42 73
90 60
6 70
22 89
38 45
30 32
8 1
58 67
5 44
66 33
68 11
15 86
36 93
29 74
6 5
33 77
96 30
46 53
91 82
9 81
20 90
48 73
82 29
81 94
32 25
44 92
57 24
38 53
48 60
3 47
45 12
28 43
34 18
64 53
77 35
19 68
76 75
62 2
9 92
43 18
31 34
43 80
48 36
93 86
63 38
28 88
86 22
20 36
44 35
53 10
89 46
68 97
39 91
45 20
67 66
99 17
97 78
46 79
72 97
80 36
81 68
66 53
23 84
38 66
61 8
3 96
34 60
61 82
1 80
5 73
33 55
57 50
81 43
97 83
61 28
73 14
38 62
46 35
93 36
72 18
40 10
69 55
27 59
85 65
56 63
100 45
33 66
2 39
64 98
18 66
37 46
64 89
36 100
8 27
47 26
93 3
3 22
86 45
23 5
49 67
69 84
77 77
23 26
62 10
29 37
2 79
82 98
36 19
18 40
28 10
54 95
71 12
67 85
80 23
98 67
19 12
12 85
72 37
90 9
25 15
7 74
97 67
50 93
91 100
2 77
56 88
77 29
31 30
36 60
29 20
34 85
43 39
23 65
82 36
24 45
12 36
26 91
65 41
56 64
71 75
40 45
50 38
50 54
47 30
11 52
17 92
95 29
87 7
81 35
84 24
86 64
12 42
8 52
20 5
89 97
34 54
55 18
35 70
67 7
35 79
36 9
52 43
86 67
36 73
76 74
31 9
21 28
32 89
93 25
5 18
55 99
61 21
41 55
58 41
37 97
72 47
91 89
82 94
71 94
19 83
2 20
90 16
41 72
76 36
4 94
40 46
23 64
19 51
95 36
56 45
40 26
57 98
77 58
88 30
82 61
83 57
40 39
83 1
82 62
92 77
7 78
66 99
55 51
25 93
31 73
100 44
25 5
44 89
16 21
53 93
37 22
69 98
75 74
15 56
4 34
64 64
60 57
44 44
30 20
65 98
87 48
84 46
22 18
21 89
58 50
57 51
19 92
65 21
3 38
65 59
7 33
55 33
67 29
24 82
63 88
7 23
17 97
36 97
42 62
73 67
9 80
95 92
47 27
76 40
80 48
46 43
72 32
85 6
24 55
74 74
45 75
99 88
55 31
52 26
89 2
79 48
56 80
67 28
62 51
4 8
98 30
68 70
71 66
2 28
57 78
2 70
12 95
38 26
72 13
36 69
98 50
86 35
68 96
72 17
10 44
26 42
74 99
66 50
65 78
68 56
63 2
54 64
30 2
77 10
29 60
77 70
7 89
51 63
9 85
68 33
31 46
14 40
40 62
66 80
80 94
62 44
86 78
88 15
65 64
33 94
56 72
23 88
86 33
85 17
56 49
27 75
89 36
25 85
12 73
27 27
67 21
88 75
66 31
88 39
20 86
94 42
44 1
71 1
93 82
32 30
77 98
3 31
76 99
30 72
31 70
51 66
12 15
59 21
30 94
49 44
27 9
72 4
4 36
53 84
52 51
12 63
35 48
92 2
40 90
13 5
68 62
45 36
68 25
89 77
35 96
43 23
70 88
72 74
63 74
86 92
90 40
47 5
82 46
98 98
71 11
99 56
17 17
51 37
16 38
82 54
23 48
82 82
38 20
28 89
89 31
10 23
91 73
96 86
72 31
50 46
76 21
68 66
80 14
48 5
91 74
98 83
28 22
52 9
86 63
7 69
52 55
75 96
21 52
30 31
22 13
91 86
91 40
34 3
45 22
58 17
60 1
69 53
74 27
72 69
81 25
59 9
42 9
16 44
100 10
1 64
76 82
41 19
3 46
96 44
97 92
6 78
85 44
77 1
75 21
84 57
50 41
93 45
32 76
30 30
57 19
31 87
22 73
38 51
62 29
65 69
48 23
46 45
94 69
7 16
50 17
73 20
25 55
23 35
56 48
40 19
84 21
33 79
40 73
99 39
10 55
65 1
27 77
17 7
42 54
58 7
97 33
46 94
42 13
17 41
48 6
1 24
70 54
42 42
67 24
50 97
36 56
65 60
28 7
89 27
87 10
60 62
84 33
91 61
82 12
55 65
23 50
36 22
54 88
14 5
35 90
87 73
30 56
47 68
35 100
69 99
66 94
57 4
97 90
26 6
38 38
87 37
62 70
13 4
26 59
13 42
41 82
21 29
64 41
8 11
67 55
43 33
29 43
4 47
17 91
100 46
14 15
48 30
57 54
18 73
21 92
58 37
14 82
72 9
7 21
39 86
65 38
53 66
95 65
22 67
33 40
74 93
23 93
21 81
36 3
39 58
76 86
14 53
9 9
40 78
67 18
78 13
96 53
61 5
75 17
17 18
30 1
97 3
35 49
31 52
75 46
70 9
18 49
58 3
92 83
31 69
8 13
30 52
66 65
80 31
19 29
93 69
86 73
27 50
83 38
49 5
53 49
90 38
25 36
50 15
16 6
39 74
79 41
34 73
27 17
90 61
69 66
73 35
38 50
60 26
27 41
90 71
1 83
59 68
40 31
95 17
79 30
1 34
58 36
56 90
29 28
95 28
79 38
93 48
50 8
61 26
20 8
26 61
85 93
91 31
47 49
15 10
47 40
45 100
4 51
67 87
14 57
9 91
67 52
78 32
17 3
47 87
22 60
98 52
77 26
92 10
21 68
65 72
4 62
70 40
65 37
19 32
64 66
55 59
11 53
86 44
77 5
91 50
57 2
23 96
55 63
93 64
11 88
60 98
29 85
5 68
91 92
64 3
93 5
46 82
45 92
35 72
10 100
16 59
11 21
91 48
95 39
57 10
78 3
70 91
80 38
29 80
5 63
2 4
3 63
17 78
62 99
70 43
36 11
79 20
22 35
26 75
72 79
16 20
26 28
14 63
56 20
82 35
88 24
36 18
14 22
91 63
54 49
29 27
18 86
58 26
52 83
4 2
80 33
36 84
43 57
30 84
55 53
88 72
64 87
73 93
79 79
74 1
30 33
99 98
63 32
34 12
75 34
77 85
78 50
94 89
33 38
46 67
66 34
43 48
82 50
68 92
99 67
84 65
23 86
72 38
72 77
22 39
7 60
3 17
25 60
23 68
11 26
78 36
67 10
84 100
23 20
86 14
3 78
19 86
14 6
45 69
2 81
35 28
10 41
5 88
55 25
15 39
62 68
61 41
58 45
99 93
79 94
65 63
57 6
86 100
49 40
80 66
25 28
99 50
99 9
48 82
71 93
96 65
19 11
44 79
95 56
93 60
19 80
12 71
59 57
65 79
30 6
69 63
99 34
47 35
83 29
28 68
79 90
41 35
27 100
22 2
40 59
64 50
46 24
40 32
15 81
49 58
55 11
1 99
19 90
27 90
72 59
98 78
85 76
65 15
46 40
30 82
86 85
95 13
94 84
2 65
18 87
20 77
25 24
30 9
79 45
6 79
78 84
28 21
86 65
43 8
24 36
52 84
44 83
39 7
20 42
2 19
52 65
74 90
99 66
34 8
32 66
29 55
58 81
74 57
36 20
75 87
100 14
41 39
99 1
46 38
20 61
13 62
44 40
45 39
68 54
59 56
62 25
73 31
73 36
42 93
3 56
9 57
98 7
46 81
42 48
6 87
17 33
8 75
74 86
76 17
61 32
78 85
2 38
48 25
89 50
23 63
60 83
74 81
97 13
98 27
29 79
17 85
95 75
1 28
60 85
91 93
74 26
21 74
51 36
52 94
13 79
55 80
1 36
52 95
66 26
51 76
100 66
22 11
88 86
91 23
37 38
50 56
93 4
22 85
79 14
94 82
38 98
43 70
3 50
3 62
22 79
34 23
19 34
49 50
53 2
24 12
15 24
30 100
32 64
76 57
45 29
49 45
13 25
72 16
76 38
60 24
24 5
86 59
49 4
20 79
95 8
16 12
11 83
96 70
32 11
85 51
90 3
80 80
55 77
56 19
84 34
60 29
58 75
98 76
76 16
77 37
99 85
3 53
20 49
39 39
8 22
80 81
76 33
48 50
40 70
33 44
45 90
6 47
63 91
16 97
41 76
98 43
11 89
47 73
94 6
45 44
58 57
30 86
83 75
32 82
98 90
93 90
43 38
1 20
71 63
60 40
94 63
49 6
33 19
69 64
29 6
89 93
76 59
25 12
11 97
72 39
61 93
60 34
68 31
49 98
64 39
48 37
83 76
49 41
71 8
27 7
8 60
71 100
19 56
81 54
82 96
38 2
60 79
54 84
23 73
40 22
28 70
84 67
35 26
52 25
28 71
63 76
15 84
97 15
19 38
97 22
91 90
39 20
19 23
92 68
35 85
75 28
95 51
29 68
44 85
7 2
88 3
32 99
12 65
79 91
2 83
34 33
50 84
85 87
78 69
18 61
27 30
78 70
19 63
51 25
10 53
21 40
65 70
19 99
58 4
31 84
60 82
48 99
20 46
95 77
62 53
11 35
52 29
56 93
28 87
100 91
96 23
99 20
4 79
64 84
74 64
29 33
75 78
49 76
87 100
99 61
56 43
88 90
8 81
4 11
39 78
79 73
25 53
85 56
14 12
13 73
58 62
90 70
84 8
16 92
3 11
24 32
1 79
8 100
73 16
57 42
37 99
63 31
21 9
60 58
50 39
99 94
46 21
33 56
62 87
79 60
93 72
25 47
11 47
84 86
11 32
13 94
25 54
79 5
51 4
80 54
25 39
5 79
64 18
1 41
80 44
23 51
77 27
9 31
17 61
55 29
19 25
80 28
31 76
53 28
97 88
80 20
74 59
51 39
74 54
61 30
14 7
44 80
22 33
47 2
97 28
42 21
83 97
87 36
26 29
23 52
95 50
98 31
43 12
69 82
97 6
82 91
41 71
28 31
83 25
2 54
26 54
50 62
68 68
59 59
49 2
12 14
53 34
38 82
45 87
62 36
98 16
38 42
85 62
59 79
89 47
42 84
98 9
72 23
78 78
61 3
1 23
92 93
74 33
62 33
70 67
97 7
77 47
26 57
70 20
48 70
10 59
43 61
55 42
27 53
1 95
2 80
36 16
73 53
60 72
48 47
43 53
62 64
71 89
32 45
3 77
11 99
14 20
28 85
49 52
72 58
99 68
2 13
72 35
76 66
35 3
51 94
64 21
4 22
69 72
24 11
41 75
27 95
72 72
47 29
5 48
90 48
76 1
47 28
34 52
98 70
77 67
31 5
42 85
75 64
54 69
54 71
44 19
83 34
97 20
97 18
77 54
14 89
32 26
32 53
58 24
3 21
75 91
58 86
62 57
18 25
12 60
30 13
90 12
92 52
83 96
63 69
28 53
16 13
95 35
30 63
66 10
42 46
81 78
58 2
59 15
19 5
64 63
38 35
7 1
50 70
93 10
31 58
56 27
85 85
38 7
17 27
92 51
54 92
67 62
95 62
70 35
30 79
96 9
28 49
73 72
44 32
81 83
33 98
93 27
75 42
48 13
80 17
31 29
20 91
60 81
67 63
4 69
32 9
42 7
57 89
45 35
68 10
31 99
61 73
35 82
20 22
61 72
3 59
66 86
67 35
100 93
22 44
15 58
47 33
62 47
68 8
1 31
14 36
72 66
43 55
94 64
40 94
95 78
66 54
64 78
7 10
55 4
89 57
64 77
44 13
6 74
28 16
54 1
94 19
58 34
70 45
42 34
27 24
32 17
61 57
8 50
10 24
17 72
11 16
84 59
58 53
70 75
12 82
63 85
82 95
18 96
28 6
93 24
15 20
3 28
49 36
75 4
88 98
4 9
78 31
56 91
75 71
53 39
40 100
68 18
30 26
19 71
92 62
17 24
39 23
99 58
8 25
82 30
50 10
78 45
83 71
91 49
60 19
84 32
95 44
32 73
6 63
67 26
75 98
82 17
52 81
51 3
73 90
9 78
5 58
86 25
56 98
29 90
29 52
57 75
43 16
94 61
23 2
88 11
28 59
25 67
49 22
17 76
81 65
28 18
100 19
53 52
83 51
41 70
7 79
98 57
84 51
79 31
5 82
18 10
86 47
87 22
54 67
23 30
83 94
80 41
44 25
56 85
26 85
7 81
87 6
31 56
31 43
28 30
92 57
9 46
44 56
5 100
91 78
13 54
78 47
100 24
86 58
74 71
16 41
18 17
37 33
91 15
2 21
92 96
72 55
77 84
38 94
61 42
69 20
78 2
3 87
36 98
74 73
36 49
2 35
74 77
61 22
23 58
50 14
93 9
97 24
12 32
39 49
4 87
49 87
59 55
17 95
34 92
20 19
39 2
12 70
66 72
40 95
92 76
10 80
66 48
67 60
3 5
32 75
70 56
63 80
93 61
7 6
91 8
20 80
46 42
51 87
79 50
24 73
7 25
15 72
35 95
36 79
44 84
51 44
58 90
10 86
53 45
94 8
51 84
90 90
53 26
80 63
73 8
34 80
39 50
52 18
39 64
39 85
47 38
13 85
74 3
46 64
97 81
41 6
75 19
60 56
25 25
96 99
57 69
14 42
43 43
4 40
77 80
51 73
69 71
43 94
7 55
37 13
9 96
14 71
86 77
98 46
81 3
90 25
17 75
7 72
59 50
23 66
2 75
61 90
91 94
13 87
64 37
100 4
76 72
37 67
95 41
42 14
10 54
55 66
88 17
92 28
60 76
56 30
97 45
86 69
43 4
32 58
39 51
15 47
94 14
37 66
46 23
3 55
66 4
28 74
78 6
5 5
83 32
56 1
23 59
37 18
27 58
2 47
51 98
2 72
71 49
76 70
13 36
82 13
84 43
22 17
48 84
70 29
4 68
13 48
55 40
73 23
3 93
86 54
83 49
73 76
76 56
51 29
64 46
35 8
50 29
84 94
88 40
47 7
73 10
32 15
54 23
11 45
46 75
37 26
8 18
89 84
18 78
17 1
81 67
7 42
63 93
45 54
63 30
51 48
14 9
88 71
59 71
82 3
79 75
94 91
20 63
71 31
85 3
70 61
2 6
16 9
14 100
16 85
65 13
66 45
83 9
60 9
47 51
4 28
67 11
36 29
88 50
23 62
15 93
11 93
72 56
81 92
11 23
59 58
93 21
83 6
10 29
81 39
3 24
9 95
30 96
30 3
27 16
8 5
10 46
32 100
92 98
72 49
10 9
3 42
29 23
39 35
77 15
26 35
86 83
12 27
18 41
92 58
96 74
92 46
49 21
100 50
49 47
13 45
22 54
93 67
6 1
14 51
79 27
92 99
53 20
59 84
84 85
31 61
61 80
26 87
41 78
9 97
53 19
97 52
7 54
73 13
36 89
43 6
66 76
94 83
22 21
64 10
60 69
69 91
50 47
14 1
89 21
2 2
21 82
95 19
42 60
81 59
88 10
99 31
97 4
9 39
97 44
48 49
69 54
33 81
94 62
85 90
9 63
29 70
33 84
78 22
53 29
88 28
85 23
93 18
16 16
58 19
72 81
59 38
11 41
71 76
35 33
25 37
2 48
77 33
2 84
49 83
23 87
88 77
12 16
43 63
31 100
37 73
59 49
3 6
98 61
69 45
16 61
20 11
49 15
77 79
77 78
92 24
56 2
12 46
69 37
23 36
5 76
50 13
39 10
29 50
72 44
1 30
97 1
84 56
39 37
51 51
95 25
72 83
52 44
89 58
1 60
73 48
62 26
87 18
75 73
35 7
22 93
78 5
32 54
47 94
81 61
74 21
28 92
22 95
15 54
41 94
96 77
44 99
59 72
91 28
55 96
71 50
9 59
18 99
89 34
83 36
24 53
72 96
95 12
76 94
35 86
51 95
5 61
18 100
8 92
58 1
41 13
18 84
40 53
2 78
20 60
5 53
45 64
90 57
41 69
55 26
3 13
27 80
90 99
26 9
51 77
9 15
48 45
34 19
14 96
51 33
10 45
65 84
12 11
14 79
78 23
79 26
38 31
81 84
16 4
32 7
11 48
5 56
77 57
73 100
10 82
35 41
81 97
98 71
80 40
10 33
41 22
52 32
53 42
29 34
69 22
96 15
24 35
61 77
64 4
95 3
38 74
46 30
26 37
58 70
52 58
85 10
10 83
8 8
7 13
83 3
50 3
39 44
92 60
94 90
76 52
24 61
95 22
82 86
28 15
47 99
60 10
6 48
22 68
47 52
48 85
27 42
15 8
25 16
78 63
64 58
57 13
91 6
20 50
94 52
90 62
80 74
99 84
48 79
64 48
16 67
99 33
23 27
66 98
74 53
21 22
67 3
14 25
28 34
2 96
23 61
3 25
45 27
47 88
80 9
81 66
32 59
7 86
99 48
55 22
98 97
62 39
85 64
94 35
22 98
20 51
75 25
93 95
1 37
61 46
83 33
49 89
79 47
32 86
54 17
35 30
35 40
92 45
97 23
89 38
22 50
90 72
56 37
28 76
59 80
30 4
15 62
25 20
20 73
68 14
6 15
50 53
27 8
52 54
56 4
55 79
46 46
14 31
51 75
88 49
90 47
39 4
13 40
15 45
75 45
15 76
25 1
23 44
33 59
86 96
61 56
80 65
89 37
76 81
6 90
72 24
39 94
94 11
42 95
26 15
5 52
6 31
29 45
55 3
19 82
40 3
88 14
85 82
72 26
44 27
90 30
1 88
99 92
37 69
83 54
88 36
86 19
48 88
68 9
96 95
38 41
4 58
83 55
26 49
13 58
11 100
83 10
73 57
45 19
99 77
5 65
12 49
59 28
1 66
11 94
36 67
82 41
71 20
20 13
39 75
89 53
38 49
57 72
75 40
65 75
4 29
77 11
12 96
22 24
86 3
76 67
60 71
61 25
6 94
82 25
63 53
79 56
86 66
27 88
41 47
51 72
98 49
19 47
51 86
85 37
40 52
88 7
21 47
80 68
27 37
25 86
14 70
88 68
44 62
22 97
66 49
78 49
88 78
38 29
6 73
5 27
32 37
89 59
83 60
55 60
34 41
1 86
48 71
45 30
3 27
15 65
82 65
5 55
69 74
36 15
25 72
95 76
53 67
100 94
65 33
72 52
86 38
100 100
2 56
59 96
9 38
98 81
84 6
96 100
41 93
71 83
56 46
62 16
18 69
17 49
66 55
56 89
100 22
64 93
94 12
48 67
52 71
34 65
74 25
100 7
37 86
82 60
53 11
22 52
43 15
50 20
1 35
85 15
42 99
77 68
42 37
100 31
100 34
75 47
50 94
31 74
54 97
7 82
97 85
37 15
72 1
49 1
57 12
44 53
23 90
83 5
82 73
45 94
74 29
95 70
57 91
4 35
52 90
37 72
74 39
73 60
21 23
12 21
91 51
94 2
8 38
84 1
11 85
23 24
18 26
72 86
42 45
28 36
4 18
14 69
23 9
54 12
46 3
11 4
17 82
21 42
70 49
83 13
57 32
33 22
34 13
63 52
56 96
32 28
12 5
16 95
42 16
22 70
86 13
55 44
75 32
85 55
53 70
27 52
19 57
83 30
40 14
11 42
62 37
55 36
7 5
75 11
59 36
31 45
34 7
21 63
42 76
27 32
60 95
20 39
21 36
67 72
25 38
42 19
93 96
96 62
80 32
80 24
33 47
61 92
21 45
88 25
19 60
35 9
47 85
46 68
97 99
5 8
67 91
18 98
86 30
33 39
57 76
33 7
10 89
88 22
36 5
57 82
90 89
87 23
80 56
74 85
13 55
57 94
8 99
23 89
61 55
18 8
78 20
67 32
68 80
47 19
71 29
21 86
37 25
64 100
43 89
85 52
97 35
75 36
67 79
74 11
77 89
8 54
77 50
80 35
47 10
98 29
72 82
64 75
98 38
51 82
34 63
75 75
98 66
98 89
31 28
17 81
9 1
13 92
75 39
93 43
65 90
42 24
13 43
26 12
49 78
61 60
98 84
6 11
30 73
61 15
81 17
34 74
57 57
54 4
74 18
15 85
56 34
95 84
60 35
25 46
7 8
63 7
32 22
16 37
39 34
44 81
77 48
80 1
40 96
19 91
92 30
7 67
12 26
74 68
24 66
41 8
8 94
44 38
45 65
54 81
75 81
35 78
99 91
61 47
45 70
87 82
97 46
58 40
100 17
54 72
60 8
75 61
90 85
94 70
9 12
43 97
24 22
17 37
21 26
74 61
37 14
33 37
68 100
14 74
88 84
100 81
23 83
74 12
68 64
89 64
7 96
94 32
60 74
20 68
49 90
80 45
100 64
52 46
43 85
17 8
31 18
48 9
71 97
69 23
52 87
85 30
7 80
50 69
79 21
49 32
100 3
88 80
49 59
6 49
24 70
63 72
22 55
42 55
2 10
19 43
55 17
88 13
59 7
8 4
13 75
70 37
95 45
44 15
86 95
3 49
55 19
4 75
93 58
70 52
88 66
28 2
76 48
58 43
34 81
5 38
36 13
35 4
44 49
19 89
15 78
26 50
93 34
5 31
38 83
53 58
87 95
