20 20
100
20 18
18 2
4 4
4 2
16 6
2 8
12 2
18 6
10 18
16 14
20 4
6 10
14 2
16 10
18 14
14 20
18 18
2 12
4 20
18 8
6 20
6 18
2 18
20 8
10 4
2 6
16 20
12 6
10 8
16 2
8 8
2 14
2 20
6 16
4 18
18 4
6 14
18 20
4 6
2 16
18 16
14 8
14 12
14 14
8 16
12 16
14 4
12 8
10 14
6 2
8 10
14 16
14 6
16 18
20 16
4 10
10 2
4 14
16 16
6 4
10 16
8 14
16 8
8 2
8 6
12 20
6 12
8 12
2 10
12 4
12 18
18 12
20 10
20 2
10 20
12 10
20 14
4 8
12 12
16 12
18 10
8 18
14 10
6 8
8 20
20 20
8 4
2 4
20 12
4 16
10 6
6 6
16 4
2 2
10 10
14 18
4 12
20 6
10 12
12 14
