500 500
3000
66 312
442 128
124 98
297 499
233 299
259 228
156 345
280 276
381 406
386 115
244 162
137 125
334 224
4 497
269 232
197 153
204 297
350 439
433 68
27 27
117 396
326 326
107 255
77 352
144 131
64 64
158 339
470 175
436 328
3 418
312 156
345 345
240 247
227 164
162 333
78 67
468 327
483 386
375 126
375 375
474 485
4 191
467 467
435 435
175 448
69 436
205 385
234 234
46 239
4 448
136 340
417 150
340 195
217 358
477 477
312 127
199 199
272 119
378 430
72 387
53 479
13 323
364 34
32 32
307 210
396 149
185 496
27 395
276 5
356 145
47 358
45 330
497 497
78 381
28 340
358 62
139 442
73 73
12 107
209 43
208 118
17 424
33 33
165 36
190 35
458 274
294 335
283 283
73 375
171 341
62 132
47 454
347 288
292 292
140 454
490 326
115 115
413 88
247 244
443 94
405 179
328 352
72 459
256 167
157 251
316 185
201 438
370 432
78 423
368 133
369 369
467 182
281 71
233 315
162 203
481 20
315 466
182 319
402 84
101 126
416 135
499 2
48 201
326 175
102 360
258 243
66 119
163 163
295 40
164 137
172 172
289 212
123 264
462 39
17 33
439 35
232 261
326 490
1 1
12 489
440 92
365 365
108 108
364 347
276 408
500 495
375 173
57 219
390 133
77 425
409 92
115 386
273 410
257 347
226 226
112 415
251 251
249 115
18 345
388 113
88 88
113 225
288 213
15 486
140 406
44 44
477 42
327 154
382 119
353 246
236 265
298 244
59 385
210 292
113 388
58 37
125 211
334 191
270 344
152 59
38 463
220 220
305 7
281 281
492 275
239 78
90 411
297 126
95 145
121 121
260 241
276 413
70 431
237 127
496 496
160 160
222 444
305 196
414 66
264 167
445 80
487 169
79 26
91 13
481 481
373 38
8 191
477 238
442 59
148 461
395 43
416 104
398 287
82 111
452 452
420 420
108 393
412 332
404 97
251 241
222 210
415 268
356 292
463 119
136 396
260 260
203 298
214 497
292 164
154 154
107 107
421 229
197 434
467 34
367 367
27 224
198 16
488 392
25 380
132 24
203 450
429 313
18 83
221 221
26 416
212 289
312 312
353 468
397 180
181 181
110 206
336 361
166 217
204 474
343 304
375 24
375 290
198 184
310 191
396 458
41 41
490 211
419 422
429 105
360 360
475 126
67 179
291 291
311 276
42 457
361 140
63 417
108 295
29 41
392 392
404 322
240 237
335 343
26 125
428 12
188 154
185 271
477 316
315 22
188 223
465 22
115 3
228 249
422 79
151 350
92 192
201 373
168 25
421 143
223 223
182 425
56 359
231 270
408 296
500 500
78 78
370 131
490 18
55 55
366 477
486 362
8 242
265 265
405 405
366 60
369 132
409 409
480 128
227 392
28 28
163 338
128 24
290 206
297 319
146 355
435 286
74 418
271 271
49 408
465 210
81 89
208 261
449 52
332 280
349 136
344 166
5 5
256 238
180 417
37 16
1 369
225 29
305 305
132 279
54 10
137 167
37 37
10 287
325 176
391 481
493 8
284 422
111 390
476 137
147 411
58 386
104 22
184 333
128 404
74 74
355 177
110 177
30 30
142 359
482 482
200 200
310 324
465 36
4 358
40 338
232 269
115 307
182 205
491 198
403 245
83 155
372 187
204 204
30 13
299 243
495 495
286 286
436 27
298 338
471 471
487 206
489 318
367 113
432 193
191 327
157 157
73 121
420 289
98 44
399 399
276 384
244 257
429 429
385 364
381 120
314 314
402 402
19 324
11 490
100 401
29 29
54 217
7 7
242 335
191 18
365 278
481 474
394 107
266 170
439 444
125 96
406 67
293 109
333 46
63 435
387 324
165 112
197 304
132 132
484 484
434 386
335 166
275 387
126 126
382 10
381 260
352 352
89 457
95 401
205 253
23 23
67 126
143 358
176 321
117 154
230 271
163 331
229 184
129 107
42 305
32 37
493 376
346 346
407 67
84 20
109 392
398 398
365 333
104 420
86 144
253 248
433 462
215 468
112 412
412 22
334 167
322 322
176 325
279 488
111 480
13 133
240 447
228 94
24 207
366 478
175 357
397 355
262 239
176 177
245 2
303 412
56 445
415 301
398 422
93 38
260 297
221 269
264 217
142 482
9 9
446 446
141 336
211 43
40 25
223 141
408 446
390 390
160 239
62 439
227 200
461 270
17 67
51 350
296 296
291 174
355 31
443 443
255 361
47 171
320 139
95 130
160 341
205 493
339 339
190 162
215 215
342 159
26 148
406 95
391 313
6 214
192 257
306 71
103 136
242 373
358 411
145 356
385 116
488 469
212 358
134 98
80 370
239 302
14 487
57 208
138 373
218 218
139 440
480 406
86 187
259 396
98 446
366 135
454 37
227 274
246 233
330 96
314 110
95 403
33 495
53 411
204 121
272 184
254 206
492 9
445 319
316 27
379 390
280 132
220 152
110 146
83 66
38 38
391 205
210 210
411 158
439 439
434 50
107 334
496 5
465 465
349 340
93 492
156 156
407 303
343 371
270 231
2 116
443 58
280 221
400 4
238 55
215 361
40 156
51 434
292 341
196 196
39 442
51 450
255 233
418 229
441 441
116 116
396 61
8 488
282 430
328 47
353 149
372 129
89 89
286 322
493 59
448 119
391 391
32 218
15 323
270 352
389 236
123 123
227 288
498 498
490 11
326 83
106 422
140 105
264 158
420 247
117 117
364 208
333 406
397 397
159 342
435 26
67 67
461 52
346 461
420 53
13 488
14 120
335 460
486 109
149 352
189 189
289 289
456 45
420 76
173 173
116 53
301 293
360 494
85 442
45 45
327 91
235 79
453 48
299 202
370 468
311 83
145 145
459 42
5 77
313 313
87 275
127 262
105 353
4 437
167 44
102 451
386 94
196 271
258 258
208 56
450 293
296 186
278 278
311 484
61 61
404 134
419 418
212 212
333 201
139 56
331 170
188 188
384 497
190 459
357 270
161 222
44 46
410 91
193 193
15 15
183 183
239 271
67 24
295 326
457 44
453 453
130 197
359 142
326 224
105 396
355 345
82 37
125 313
52 282
375 199
297 297
196 297
256 256
375 100
240 261
123 75
458 419
393 117
355 355
316 316
309 360
83 83
349 386
171 143
102 209
184 402
35 35
194 459
184 184
457 103
197 281
286 215
160 48
477 311
38 428
315 44
286 391
358 358
388 340
36 465
255 133
396 105
329 401
37 464
187 39
368 391
232 491
111 165
101 400
30 387
5 496
58 443
147 147
467 60
170 273
20 477
243 131
84 412
105 105
287 341
244 137
374 374
102 303
317 364
116 385
335 393
274 274
408 218
97 54
353 353
108 245
268 268
216 309
233 233
252 249
297 99
52 52
331 476
118 351
157 317
122 111
53 379
325 325
432 349
460 253
214 445
176 402
224 279
283 158
310 283
275 378
21 214
229 358
377 309
319 328
279 279
37 421
77 76
192 20
161 131
407 409
490 490
255 469
416 370
330 330
66 453
460 258
174 296
59 442
485 315
389 80
464 29
351 5
51 51
175 326
395 368
129 17
410 410
451 451
247 445
318 161
337 337
201 143
65 186
345 499
438 336
74 427
338 163
257 130
195 421
479 414
229 208
50 451
472 355
457 457
392 477
180 497
287 214
336 150
24 26
284 343
23 109
2 499
211 375
374 230
180 180
193 308
103 103
165 338
388 197
400 213
267 191
365 119
338 338
57 218
163 263
35 430
98 494
167 468
90 422
219 219
389 340
187 66
343 343
465 156
139 128
116 240
122 99
397 191
119 382
229 354
76 425
341 96
415 86
44 419
38 247
154 170
438 63
355 293
102 86
463 440
325 345
20 72
321 321
163 394
327 21
288 17
127 127
40 300
211 69
402 424
187 111
109 109
327 174
217 284
405 96
228 459
459 55
377 377
429 72
499 67
77 215
494 466
118 249
6 495
345 111
448 500
356 51
125 376
44 188
282 219
463 38
176 87
492 465
113 398
6 357
60 285
75 75
468 33
346 155
371 130
440 393
162 195
52 449
181 54
114 387
68 433
158 72
108 380
276 225
449 449
39 462
266 266
368 434
257 127
13 417
70 70
388 252
230 230
8 8
284 61
68 186
64 68
239 262
133 7
281 59
3 17
170 498
120 120
68 276
90 98
447 54
181 320
467 374
267 260
126 1
131 379
385 385
495 6
393 143
15 456
341 410
235 28
478 325
432 432
252 252
480 485
74 397
263 98
273 273
268 233
80 237
31 332
30 359
331 59
407 407
351 351
221 280
357 357
384 117
266 371
297 123
279 222
22 22
21 21
418 127
64 198
371 495
360 440
394 144
231 134
207 122
460 446
78 281
400 400
225 225
383 383
178 323
243 471
10 491
440 328
479 479
354 132
444 312
272 272
339 472
73 212
323 131
3 295
128 380
295 105
113 105
389 235
80 448
298 298
457 450
64 140
356 356
399 342
47 487
205 442
457 36
444 444
377 353
353 17
423 216
370 361
116 226
263 238
261 493
44 238
72 253
371 76
465 382
291 35
263 470
142 120
355 271
219 282
191 310
441 324
479 417
333 333
459 375
423 436
168 168
19 61
174 487
381 485
438 192
65 436
208 350
374 276
65 79
419 246
408 93
438 438
313 188
373 110
65 65
77 443
286 194
437 64
144 144
142 122
408 107
321 464
247 247
265 387
57 57
275 275
318 403
253 495
253 52
110 391
227 227
337 330
249 285
440 119
345 156
50 490
416 85
151 151
194 124
308 392
228 373
48 48
324 71
500 352
46 451
63 77
213 213
161 88
32 469
454 27
221 158
487 56
308 308
430 426
199 150
254 247
260 331
447 171
291 466
224 389
63 438
216 216
268 141
371 462
491 491
382 382
180 366
215 238
487 487
295 48
276 276
54 447
56 56
320 181
188 194
23 478
407 94
227 410
379 379
77 47
390 479
487 425
58 118
354 240
337 224
158 343
417 417
118 383
29 340
490 119
114 148
487 14
97 309
460 102
357 278
291 154
312 280
253 253
461 6
236 498
376 436
15 301
172 312
453 258
323 323
73 485
52 238
211 211
367 36
233 268
411 411
347 310
96 96
480 21
318 209
244 182
495 274
290 275
408 408
394 394
50 435
323 427
399 102
472 53
223 22
359 423
171 171
420 391
8 449
420 175
376 204
385 99
373 128
63 39
220 281
486 15
366 366
481 421
54 200
27 474
283 455
230 192
474 27
467 122
49 49
411 248
179 203
61 423
185 467
246 255
280 337
187 177
440 297
271 230
433 398
214 287
472 347
451 189
291 338
357 25
399 494
269 243
130 130
186 221
162 212
277 485
302 54
352 31
243 123
304 453
11 391
122 122
432 132
263 299
179 78
427 74
70 96
350 283
321 293
217 124
173 12
98 11
191 114
360 100
137 137
34 34
264 237
247 63
364 137
483 18
274 38
105 417
224 277
296 401
415 451
292 209
450 51
221 282
110 134
319 319
209 233
356 416
170 85
228 285
88 366
385 436
170 477
284 78
104 454
448 142
64 437
180 389
485 16
284 217
257 459
242 259
130 3
493 182
461 40
440 61
469 421
103 195
251 250
233 69
484 17
308 253
315 315
479 359
4 4
299 499
170 170
146 146
116 294
142 142
362 139
334 476
478 23
445 455
410 371
493 90
341 341
470 238
294 237
251 361
177 324
205 205
176 308
309 309
106 154
451 50
382 316
122 72
473 223
464 7
82 82
179 397
488 13
381 20
48 37
174 174
204 174
344 167
277 277
227 323
371 371
74 17
79 320
327 327
495 90
158 24
288 350
135 435
174 137
349 349
370 162
185 185
431 431
82 419
146 123
11 11
364 406
165 336
492 492
188 313
170 98
42 42
34 178
430 71
214 214
196 305
38 106
402 212
60 60
456 456
320 320
104 104
188 197
198 364
479 85
98 268
145 96
149 304
4 157
57 444
312 197
332 26
332 395
487 472
231 231
364 225
427 134
315 339
120 114
302 302
250 213
293 219
445 445
287 9
490 367
63 63
180 13
137 364
78 348
245 256
391 271
485 5
429 471
6 322
475 243
140 37
79 79
243 124
407 474
12 12
154 347
244 79
203 203
180 137
305 89
270 122
42 28
45 263
224 224
416 388
376 125
132 369
161 161
319 182
386 449
86 86
433 287
17 73
349 79
305 186
388 388
33 333
240 240
500 247
280 401
75 426
98 113
322 179
282 434
216 285
337 411
185 316
403 99
47 376
66 435
280 204
302 199
14 14
500 384
360 300
341 277
286 25
101 101
309 192
386 386
311 447
77 137
313 394
211 290
101 357
425 425
377 124
180 321
450 98
134 134
51 409
16 190
291 210
375 298
59 378
255 297
292 458
135 146
458 43
328 173
454 47
487 62
64 427
98 98
399 108
283 218
491 10
422 394
239 232
68 396
339 162
146 266
461 221
166 166
272 428
62 62
46 318
302 113
110 110
330 171
198 170
175 403
354 146
308 193
91 410
425 145
365 136
494 379
274 362
36 36
372 372
201 201
189 417
386 95
93 418
460 369
215 286
287 225
332 396
376 376
436 436
339 143
319 267
432 69
364 440
55 45
439 413
133 88
158 443
135 366
63 400
80 109
285 216
87 307
43 458
478 195
494 494
228 77
18 50
405 5
436 339
186 315
157 135
483 104
200 147
457 208
21 288
466 381
380 121
295 111
99 11
452 49
433 433
451 19
397 169
130 371
84 54
157 128
105 364
10 44
126 437
194 268
362 15
123 378
2 373
274 227
41 146
440 131
313 225
376 317
102 438
178 181
273 92
104 397
316 181
469 5
457 39
180 164
349 152
403 403
95 406
424 77
439 485
130 457
359 55
2 8
55 269
52 175
18 18
488 1
255 104
423 423
436 191
391 272
198 232
46 455
81 362
241 214
421 226
205 160
85 478
474 474
439 100
238 263
245 384
310 310
44 194
122 379
363 363
110 258
21 376
193 118
77 424
397 104
6 459
219 194
259 259
332 338
300 201
429 477
468 436
140 458
470 298
453 58
314 244
297 204
171 330
461 303
79 98
293 160
227 472
365 370
125 157
191 191
301 301
447 447
88 127
470 498
19 470
316 218
500 1
139 293
294 379
320 451
34 14
93 306
374 127
398 277
190 33
37 204
476 25
401 47
15 483
76 147
314 187
425 211
446 197
20 384
173 274
85 85
72 378
211 17
15 443
283 475
488 488
475 58
440 398
24 24
169 190
176 39
98 145
64 252
284 385
86 356
416 203
160 259
222 279
84 408
70 374
467 364
34 5
123 413
101 410
221 54
332 187
398 424
202 202
372 389
351 150
31 31
354 473
180 319
334 334
283 462
252 150
401 100
56 393
434 128
398 356
42 419
378 119
5 354
424 201
317 184
213 288
135 375
25 476
430 487
58 236
450 280
420 295
328 43
236 236
250 390
425 235
349 401
389 112
60 106
470 205
294 166
481 402
406 57
304 304
141 132
476 476
311 22
328 23
37 460
338 231
54 150
426 145
30 293
29 249
100 97
428 171
45 456
172 227
77 68
43 43
363 101
498 3
306 195
360 259
38 485
435 66
167 303
408 47
86 221
95 95
100 228
336 336
129 225
147 250
17 17
458 458
3 498
428 73
169 139
495 447
463 139
222 485
363 138
75 459
40 461
395 106
17 163
173 328
107 81
403 387
235 266
192 309
361 332
167 229
35 466
184 382
269 128
305 242
4 400
152 27
147 423
381 381
124 124
47 278
76 361
352 418
150 36
127 387
15 341
72 259
98 403
233 31
24 127
336 323
358 166
205 296
255 390
6 28
483 234
299 447
401 401
344 422
164 337
293 65
47 143
490 178
73 21
422 248
425 76
228 273
112 389
420 488
444 374
419 419
186 186
121 467
280 167
379 64
5 103
88 89
322 304
211 297
292 201
129 160
174 310
133 368
250 260
207 207
125 280
182 214
266 391
241 241
201 251
162 272
225 218
377 51
251 74
187 83
397 204
91 91
81 113
290 290
260 38
209 209
258 461
357 144
329 295
248 248
430 234
452 178
497 128
290 211
354 147
486 157
125 125
455 46
151 117
500 24
411 90
11 434
433 479
377 391
217 317
390 353
356 336
180 443
295 295
101 72
364 364
38 17
312 95
157 398
135 113
371 326
54 54
442 398
149 149
363 168
75 232
152 462
37 104
10 10
315 33
122 177
144 376
134 79
39 109
329 329
370 126
50 76
363 2
399 264
222 66
403 98
110 381
281 220
139 139
7 459
373 359
42 182
489 12
143 143
461 437
208 412
174 327
352 32
3 382
12 104
484 77
90 472
441 60
404 66
440 105
199 302
189 312
242 242
103 398
125 136
455 455
427 427
254 254
279 427
480 471
388 497
395 42
494 440
428 116
144 357
265 263
237 94
267 234
202 299
255 209
437 437
113 24
133 133
486 383
77 77
206 216
284 58
129 129
7 145
344 157
120 369
408 411
100 235
73 333
183 119
316 393
257 244
270 324
337 164
393 349
152 152
270 270
107 394
239 239
480 270
7 24
303 290
343 265
488 144
464 37
241 260
80 483
372 193
191 109
448 281
90 72
153 348
195 306
357 437
468 468
196 473
276 217
290 300
5 305
93 408
96 405
26 475
333 416
66 66
22 313
31 470
453 69
326 378
76 411
143 204
23 118
486 486
291 85
17 342
253 167
460 460
401 60
349 109
368 57
224 266
395 395
171 284
100 76
445 97
487 348
224 36
157 129
247 254
91 4
40 389
290 481
139 145
444 57
413 110
148 441
394 475
198 22
159 159
335 390
83 418
471 30
220 93
384 384
119 113
60 282
397 61
380 380
347 347
194 307
268 317
418 253
351 101
184 348
154 401
76 76
96 38
213 174
447 22
112 411
410 357
209 86
131 370
145 68
93 442
117 131
372 385
172 329
213 33
282 340
440 243
140 140
359 359
366 435
452 182
98 215
55 85
299 299
497 308
361 171
469 32
49 371
244 324
414 424
500 120
470 299
406 406
371 204
482 249
413 413
119 119
212 440
244 244
472 472
317 317
274 405
333 488
176 94
143 361
451 56
103 45
229 229
112 112
26 26
205 125
344 344
140 144
484 276
407 347
427 10
47 47
226 275
128 177
71 71
33 468
301 118
293 293
467 320
94 102
96 108
151 61
311 311
71 448
446 55
373 130
241 35
402 99
152 182
117 384
473 28
128 128
445 56
434 62
485 485
321 494
128 373
412 89
313 106
66 5
247 261
394 396
384 12
337 53
466 20
161 79
234 267
61 440
483 155
18 354
273 22
341 160
269 160
324 177
150 351
394 379
384 66
462 462
138 363
475 475
217 159
209 263
393 134
472 288
20 481
194 194
453 9
493 56
170 331
128 303
284 284
206 295
234 247
205 391
192 192
309 396
433 326
18 156
83 131
450 450
217 217
26 400
316 118
412 412
75 278
71 430
116 48
59 59
148 444
255 255
338 14
47 446
253 86
118 153
250 425
210 291
250 251
416 416
179 322
238 238
97 404
448 53
368 300
228 302
100 67
299 13
213 352
417 84
384 42
291 334
487 189
125 138
424 424
350 455
198 41
180 479
441 82
76 256
459 172
108 163
262 313
464 252
124 301
246 404
129 195
499 499
370 370
3 3
484 114
312 189
183 438
151 213
470 291
7 474
390 111
34 145
430 449
184 317
445 328
249 15
212 345
460 41
162 162
464 464
325 92
259 251
355 169
164 164
56 455
170 37
446 492
292 106
155 160
195 195
35 126
181 207
465 201
111 111
323 178
304 127
79 286
8 460
118 118
124 122
20 495
100 100
276 118
362 362
262 314
433 182
321 180
36 436
426 428
102 259
195 65
127 260
348 153
6 372
486 472
383 118
68 300
249 252
405 419
412 64
135 135
415 326
281 273
8 172
93 272
90 391
135 60
483 100
188 456
138 138
292 370
473 453
428 107
498 210
36 48
187 314
129 149
270 345
500 300
85 416
493 493
487 494
165 180
72 460
431 309
108 39
201 300
179 179
472 328
461 461
198 198
314 120
7 494
176 176
329 129
447 426
167 167
287 170
297 201
382 285
435 305
71 421
114 114
265 490
158 158
428 428
288 288
436 65
349 221
354 30
207 149
485 432
113 113
218 107
169 169
411 371
293 238
424 463
300 494
222 189
286 336
46 46
332 332
192 46
225 353
88 413
148 148
346 323
152 293
407 309
378 153
257 257
19 36
55 446
2 251
440 281
205 481
329 172
430 430
418 418
49 295
493 65
1 89
237 264
118 440
34 467
327 452
265 236
319 384
261 261
54 449
226 108
40 40
421 421
373 373
140 177
414 450
262 472
69 69
85 232
72 72
23 442
168 333
126 347
407 268
189 348
354 354
139 362
360 141
249 249
106 106
445 251
258 43
239 334
229 272
270 258
147 24
92 409
468 400
69 432
236 342
190 325
262 494
56 272
500 142
243 243
88 212
318 39
165 379
28 473
220 346
378 378
225 202
102 102
93 475
34 325
275 226
350 350
332 169
87 124
314 293
336 120
240 346
286 136
358 143
409 330
399 243
32 155
490 429
86 415
9 492
2 150
378 123
492 148
254 331
304 197
15 347
31 418
212 349
378 487
198 303
121 198
60 214
483 483
230 477
225 120
80 421
197 79
97 97
115 357
413 69
70 91
360 56
424 334
80 80
489 26
147 354
220 388
288 41
208 208
313 350
274 233
213 309
462 477
182 182
439 70
361 361
326 395
469 133
329 488
139 126
140 142
305 36
266 235
185 143
294 294
438 175
466 466
170 337
442 442
121 380
187 216
11 330
390 76
166 430
348 348
315 186
120 149
154 95
288 198
230 356
110 12
84 417
51 72
289 36
389 419
246 246
218 283
495 42
12 45
255 155
86 443
273 228
58 74
415 320
300 300
181 474
127 374
60 430
432 5
33 61
264 264
359 367
158 75
239 138
169 496
167 429
481 33
5 463
93 93
424 14
262 246
276 308
291 415
314 351
303 198
19 412
294 207
264 61
96 337
131 131
13 242
1 500
50 330
318 183
207 294
420 55
53 448
259 242
237 237
40 151
60 376
206 294
200 301
295 206
302 132
444 271
215 401
67 146
437 482
486 357
211 359
309 385
297 473
219 461
215 214
307 34
379 407
179 416
464 412
94 94
126 375
280 45
103 294
311 190
404 404
205 153
411 193
60 441
392 109
418 175
294 192
426 426
434 434
477 70
262 330
414 169
429 411
404 25
367 134
206 206
421 80
266 411
214 129
219 478
400 101
296 205
180 55
263 263
427 209
123 218
179 201
99 483
99 402
384 478
462 95
391 127
333 168
263 29
239 240
217 415
267 267
147 380
215 366
97 297
15 223
397 333
222 376
359 82
398 103
211 81
349 290
111 269
246 217
345 374
298 116
475 263
190 490
292 367
447 151
230 473
44 64
482 19
175 175
445 167
175 41
102 399
454 454
34 53
312 217
129 372
62 450
119 498
372 132
489 489
393 393
120 381
470 319
266 157
87 414
306 306
110 399
301 404
280 280
56 436
16 16
303 303
323 125
480 480
452 422
19 19
77 102
289 123
90 90
355 146
85 157
141 171
472 194
1 201
379 122
437 233
246 29
154 251
373 111
381 252
393 242
232 242
408 110
18 483
78 285
186 158
94 407
13 254
153 153
469 469
263 375
419 82
434 67
182 40
393 296
331 331
89 49
162 361
166 335
262 262
433 381
117 311
478 478
238 453
1 161
1 294
272 229
19 482
350 151
21 480
348 23
300 286
471 465
53 53
301 148
320 274
378 370
177 177
396 126
48 175
337 225
469 492
335 335
67 84
307 194
155 346
78 421
183 318
336 78
193 340
415 415
142 242
331 239
368 368
387 387
337 106
22 330
472 29
140 361
52 225
145 50
20 444
424 178
467 4
283 201
30 471
306 312
435 23
410 9
227 44
197 127
253 79
323 245
325 343
128 399
271 226
141 15
190 190
81 81
128 429
137 422
469 400
479 22
250 392
25 25
21 186
197 197
298 203
41 460
383 328
470 31
280 484
10 378
241 489
142 336
165 165
49 452
42 459
493 6
301 200
203 377
395 488
44 457
74 316
475 26
150 150
308 115
436 342
480 213
340 161
200 467
260 301
497 4
482 236
428 325
343 158
278 223
411 196
428 90
124 377
489 360
461 435
423 482
463 463
40 190
273 259
178 178
397 277
409 466
148 353
287 287
105 349
153 101
135 15
297 124
225 276
92 92
293 285
134 367
183 19
295 178
214 401
418 83
431 70
497 418
494 7
385 317
40 403
2 2
254 61
320 142
28 38
35 255
328 328
421 197
181 72
353 148
209 453
144 148
480 16
490 296
21 388
155 155
72 429
73 96
488 123
288 488
208 293
395 194
157 230
328 142
356 160
323 449
143 448
352 149
459 459
416 140
474 486
302 114
456 78
225 398
174 438
396 396
243 258
149 291
84 84
206 432
427 231
221 51
236 83
129 15
60 247
149 474
236 36
154 393
285 285
177 80
25 210
318 318
194 257
4 14
126 415
161 340
228 228
307 307
162 339
200 247
392 225
167 334
352 370
132 242
73 428
470 470
206 470
14 474
223 278
68 68
161 215
209 292
101 390
48 453
448 448
309 114
295 41
89 412
79 125
65 321
48 111
228 37
163 386
451 96
347 57
10 296
81 420
269 269
248 4
22 479
159 94
25 160
171 109
382 21
204 364
248 253
215 74
101 425
19 31
204 157
35 397
393 473
466 35
334 16
250 462
136 136
255 246
76 379
125 238
126 485
256 155
423 78
440 440
141 304
39 39
227 454
169 332
418 125
475 361
258 382
293 208
98 415
336 165
319 141
214 388
342 369
414 414
393 108
67 245
72 488
176 241
209 135
260 240
56 140
239 331
295 444
355 481
190 478
99 99
53 489
118 245
477 24
85 134
400 134
400 63
347 154
420 81
257 209
342 342
426 75
435 472
20 20
418 9
265 86
188 442
17 484
389 389
414 87
65 358
117 203
353 419
27 123
79 422
197 96
157 344
499 348
52 167
256 245
105 82
171 227
279 333
87 87
6 6
387 114
264 231
495 68
439 62
282 282
268 107
271 455
404 71
340 340
30 418
326 338
80 426
65 406
180 27
175 325
422 422
187 187
16 485
236 202
429 286
78 87
53 325
245 245
487 388
497 329
106 310
324 324
212 127
403 79
474 255
360 387
136 365
190 311
119 473
446 272
180 481
141 360
323 262
478 105
336 53
137 110
63 359
391 110
399 36
279 120
282 198
4 35
250 250
366 112
71 390
496 424
29 472
106 395
355 74
487 237
473 473
402 452
277 224
319 485
199 128
6 287
387 60
345 398
58 58
234 275
6 220
461 413
261 240
8 200
152 349
25 244
222 222
383 68
174 403
212 295
24 477
91 245
8 493
498 374
13 13
141 141
26 359
67 434
241 451
145 87
50 50
308 135
194 53
123 294
235 235
113 444
232 232
127 394
137 49
100 237
