200 20
4000
75 12
105 16
73 11
117 14
200 3
37 1
48 10
109 12
20 9
72 11
83 14
186 8
109 20
101 19
126 1
144 14
38 13
20 4
82 1
191 12
67 9
131 10
135 8
190 18
69 14
98 19
20 10
187 17
70 11
179 8
139 14
125 7
105 3
197 20
28 6
49 3
92 9
15 19
63 18
54 16
161 15
64 5
125 1
192 3
77 14
199 14
164 19
62 17
80 4
47 17
47 18
176 20
90 9
104 11
157 18
27 8
109 14
105 10
37 4
49 1
79 9
108 5
193 19
88 5
147 20
169 15
31 14
20 19
19 11
184 18
154 8
118 10
137 20
11 1
26 3
180 7
6 2
184 6
163 6
162 16
99 4
136 17
29 3
51 16
72 13
76 6
103 3
61 19
27 15
50 16
10 14
188 14
29 7
191 15
23 12
61 3
101 2
186 4
184 16
5 1
24 16
60 3
15 16
185 16
193 11
134 8
125 11
152 7
200 17
160 17
137 15
150 11
164 5
4 9
119 5
27 20
147 15
3 10
24 9
166 17
35 4
93 2
109 4
51 10
21 6
169 17
68 9
62 6
141 11
123 5
88 7
159 7
106 10
24 5
77 10
103 11
27 13
12 7
40 11
50 9
135 18
167 16
40 5
155 16
155 8
88 2
141 7
112 5
141 14
108 15
70 13
13 18
165 15
130 1
144 16
23 15
126 12
55 13
175 16
96 18
102 2
186 9
19 12
170 3
91 3
89 17
164 11
164 14
149 7
145 11
63 11
177 18
172 14
153 14
1 11
30 18
60 16
151 19
178 3
124 6
102 18
137 3
181 1
108 1
100 9
8 13
2 17
29 5
30 19
57 15
193 18
30 10
131 1
188 6
191 20
132 5
8 17
43 10
81 8
25 11
153 10
72 18
192 8
30 7
150 8
32 2
78 13
19 1
192 4
113 2
12 16
118 16
181 8
57 16
25 4
4 18
139 11
105 8
184 3
96 2
48 11
194 19
27 17
91 8
78 4
5 2
142 8
119 2
141 4
136 11
21 13
156 4
113 19
171 6
38 18
166 6
113 16
136 2
8 19
15 8
131 20
2 20
189 12
122 19
68 20
57 10
146 3
95 1
151 20
45 9
80 3
51 3
107 8
168 12
137 6
125 20
95 13
30 13
74 3
18 17
189 4
40 19
177 4
141 2
85 11
53 2
49 5
99 12
37 16
102 7
82 14
23 20
158 9
195 10
105 15
104 10
154 14
68 15
75 7
200 12
95 6
62 14
73 16
111 2
157 12
182 10
52 12
182 16
17 8
83 17
173 3
79 8
170 16
97 11
198 13
119 12
120 1
73 9
15 5
138 2
19 4
47 12
110 14
65 18
10 7
21 12
156 20
127 14
19 5
184 15
13 15
48 13
81 20
86 3
70 15
159 4
153 3
58 16
184 4
65 6
186 14
195 2
152 3
191 8
107 18
104 3
45 10
128 1
78 8
68 3
55 18
113 15
80 6
103 2
38 6
64 2
38 1
126 19
125 9
36 13
75 9
68 13
129 7
88 16
71 20
59 1
189 2
31 19
174 11
179 15
60 12
4 4
75 3
90 20
94 4
62 3
39 16
24 8
98 20
43 12
73 15
83 1
29 14
45 1
124 10
128 19
159 8
51 5
136 16
156 14
187 2
43 11
153 5
20 7
48 19
83 3
49 14
71 15
7 19
137 1
93 7
2 12
10 12
146 16
49 9
112 17
185 4
191 7
54 19
163 3
93 9
90 3
114 16
119 10
185 17
151 3
156 18
90 11
141 20
144 6
185 18
137 10
165 18
175 4
153 17
39 8
80 8
154 5
168 19
118 18
145 7
137 16
20 17
93 11
57 5
1 19
10 6
106 18
173 11
9 3
98 13
122 5
168 14
94 14
108 7
121 12
32 7
84 16
121 1
14 17
146 20
78 6
111 10
54 17
129 18
158 20
43 18
150 5
43 16
97 12
184 7
72 3
99 15
143 12
128 8
155 17
50 2
34 18
34 6
88 19
190 15
15 2
108 13
26 11
72 12
143 15
138 4
136 13
174 13
73 12
122 8
95 18
66 7
16 6
74 18
48 17
28 10
16 16
113 4
73 4
194 3
106 3
36 10
168 10
189 15
6 9
45 4
29 18
169 6
34 2
83 18
146 5
178 18
146 2
177 9
95 3
128 20
1 20
13 12
19 8
167 4
76 12
80 5
200 15
32 12
2 19
134 12
50 8
28 20
112 9
11 10
108 2
75 19
91 6
90 7
10 20
65 3
121 4
198 17
71 11
169 11
39 18
191 10
136 8
170 18
17 9
70 10
123 7
131 19
182 7
21 10
131 16
32 14
75 13
195 9
146 1
73 18
139 16
122 6
87 10
79 3
188 16
159 12
117 13
75 17
160 4
104 5
43 6
101 11
31 15
58 8
41 18
110 13
139 2
49 18
148 5
107 9
67 5
8 4
52 7
24 17
20 16
134 7
96 12
148 14
36 16
149 9
100 10
48 3
107 20
67 6
10 13
8 5
85 19
124 8
37 11
181 15
91 14
3 12
194 18
112 11
126 2
87 9
162 1
36 11
36 15
157 8
23 4
61 20
9 4
158 1
140 18
51 2
47 6
32 10
130 17
87 16
151 13
174 9
16 2
190 6
135 13
155 14
200 5
28 13
54 11
46 9
126 15
139 13
175 18
151 8
158 14
104 8
139 1
185 8
13 1
199 3
57 7
141 6
150 3
49 15
67 18
162 12
36 8
2 3
60 2
24 14
60 6
115 13
143 11
150 12
112 2
192 7
122 12
90 18
134 5
89 6
165 8
33 15
39 7
130 15
173 16
162 7
182 8
187 16
7 14
129 16
129 14
168 6
127 10
117 16
71 17
185 10
193 1
17 13
84 7
10 10
184 13
10 15
89 1
163 13
83 2
151 14
185 11
173 18
92 19
41 16
92 7
183 18
35 20
53 8
181 9
6 8
92 4
34 16
75 6
117 18
30 15
130 16
68 10
138 1
186 5
184 11
159 17
66 17
129 3
154 16
121 13
33 7
53 9
70 7
39 10
62 2
20 12
143 18
27 5
29 11
186 2
167 17
93 14
77 5
101 10
34 5
59 5
79 1
189 20
147 18
165 2
158 8
197 16
58 5
128 14
73 6
63 2
27 9
62 7
198 12
41 15
72 5
22 10
82 8
102 19
52 17
126 9
168 11
36 9
32 5
98 7
43 4
41 7
152 16
146 10
142 14
67 17
52 20
155 2
110 8
151 18
9 7
157 17
66 14
4 1
21 8
105 13
109 8
140 7
31 7
39 3
59 14
10 9
162 20
27 14
23 10
68 2
55 4
35 19
100 20
44 18
92 20
155 11
96 15
185 14
42 1
187 4
127 16
17 7
114 17
157 10
150 16
82 17
102 14
186 13
76 10
191 3
198 5
160 5
34 4
45 2
126 11
103 18
61 13
16 1
160 9
195 14
27 10
183 11
146 7
143 20
92 11
83 7
32 11
26 14
17 10
10 5
146 4
67 2
100 2
33 4
164 9
16 5
86 17
132 15
192 19
76 14
15 14
60 20
137 7
118 5
11 19
25 15
142 13
57 11
163 14
43 8
62 11
172 12
179 11
183 12
20 6
44 3
84 6
156 1
181 12
88 8
7 9
73 2
171 15
158 5
53 3
48 7
170 12
5 19
165 6
190 4
187 20
22 9
129 20
120 13
13 20
123 13
13 9
199 19
25 12
27 11
137 18
188 12
125 15
46 12
177 5
135 3
57 14
109 13
181 3
91 13
46 6
54 8
46 18
60 5
26 16
81 4
107 2
12 14
163 11
1 6
55 17
89 2
122 20
25 8
99 13
38 2
29 6
71 8
119 8
199 9
195 13
82 12
187 15
126 7
163 16
187 5
100 14
14 7
42 17
172 7
178 2
55 6
105 2
200 11
190 9
59 9
167 1
88 9
169 3
147 8
4 12
89 13
177 15
109 18
40 13
61 10
90 2
70 4
5 6
158 19
36 14
103 5
78 1
142 20
83 5
169 5
69 15
45 3
166 5
113 12
84 14
5 12
118 14
116 2
116 10
191 16
6 10
124 13
44 8
149 14
152 15
198 6
130 7
84 13
53 17
102 11
14 9
119 15
188 7
69 9
74 20
140 14
192 2
170 2
161 2
58 9
83 8
142 19
12 9
120 12
144 4
45 18
66 5
130 14
53 6
179 19
72 14
12 20
70 5
115 11
32 20
30 14
75 5
14 3
184 5
195 15
73 10
14 2
33 11
172 13
15 17
183 8
116 5
73 7
38 4
149 19
93 13
22 6
151 12
45 20
34 19
187 12
200 1
183 4
143 7
48 2
25 5
126 13
191 5
6 4
173 10
71 1
150 15
141 3
78 19
28 16
115 7
166 10
197 15
121 5
105 12
147 10
41 11
154 15
29 17
129 11
184 2
3 14
93 15
194 1
111 1
16 20
130 2
122 18
10 19
79 19
166 1
169 9
171 7
66 2
147 7
111 19
63 8
159 9
35 10
99 3
73 8
164 10
36 18
177 17
155 6
134 16
18 19
82 3
51 20
150 14
94 1
105 9
148 6
28 5
166 18
148 7
71 9
11 15
196 8
11 9
20 11
147 4
120 20
69 2
178 14
124 16
91 11
23 18
54 18
176 5
138 15
77 7
185 5
141 1
115 4
182 1
58 20
103 19
187 18
188 15
167 12
142 12
180 2
17 6
147 3
139 17
185 1
132 7
5 20
22 2
183 19
40 1
117 3
168 4
20 5
150 7
122 11
50 19
106 6
132 10
48 16
157 15
106 11
45 16
172 3
38 19
175 6
145 13
159 18
99 6
190 13
155 1
96 1
166 15
28 9
58 17
155 7
162 9
110 15
19 17
110 10
131 11
157 3
112 3
172 1
158 4
113 7
155 18
4 10
74 14
22 5
135 20
19 10
145 6
176 1
161 14
160 7
162 2
19 2
110 2
94 18
155 10
120 2
4 7
131 3
173 17
121 11
197 14
23 6
189 3
174 15
183 7
166 9
177 10
127 3
2 13
43 14
14 19
83 9
74 8
65 5
23 9
106 7
89 7
145 5
124 5
153 4
156 12
166 3
100 15
83 16
161 11
45 8
194 10
98 4
179 20
146 12
42 20
144 7
98 1
155 12
69 18
82 9
179 4
21 11
64 10
97 16
87 8
180 8
125 16
63 4
53 14
132 2
56 9
190 16
187 11
10 3
70 2
181 11
43 7
139 9
118 1
69 16
45 14
136 12
18 6
72 4
152 11
107 3
176 6
199 13
42 3
121 2
99 10
49 2
113 6
87 12
51 13
140 9
147 19
107 14
101 15
66 19
9 19
59 17
122 4
138 11
186 10
157 1
57 2
15 10
82 4
6 13
59 11
168 9
108 3
200 6
58 15
21 1
17 18
74 1
46 7
150 17
1 17
85 18
61 5
9 1
127 18
42 9
101 17
45 13
143 4
119 17
7 5
108 8
118 7
90 19
19 16
121 7
138 7
160 8
170 7
71 4
18 15
131 2
151 16
133 6
182 19
123 14
72 7
174 1
171 19
193 13
37 3
43 19
120 5
70 6
46 2
130 18
13 6
168 2
61 7
185 19
46 14
106 1
139 6
101 12
169 20
64 4
21 3
139 15
23 7
144 2
24 11
36 19
167 7
19 18
75 14
155 15
94 8
68 14
85 17
184 17
179 5
98 10
69 3
187 8
62 12
1 8
33 19
91 2
127 19
126 16
87 11
189 8
116 9
81 2
193 3
64 8
33 20
65 20
147 14
35 18
69 5
160 11
164 17
191 4
30 3
52 18
160 6
111 16
133 9
187 19
12 15
152 14
193 2
171 18
164 15
122 16
64 20
45 12
111 13
152 18
162 10
40 17
94 20
109 2
92 16
86 13
87 3
145 20
100 8
124 19
98 12
76 15
113 10
16 19
133 2
101 16
180 18
160 3
177 8
97 18
134 2
131 15
1 4
163 17
61 16
120 19
82 19
69 7
55 19
154 3
2 18
23 16
129 12
151 17
66 15
37 20
1 5
35 16
25 3
96 19
117 12
39 4
189 10
194 5
55 5
179 7
159 15
197 12
196 1
31 1
58 4
99 1
32 1
96 7
1 3
28 2
200 4
150 10
122 9
41 6
18 8
193 16
48 6
76 9
136 9
178 10
12 5
110 20
18 9
120 4
50 5
185 20
98 17
11 18
173 12
21 14
9 13
176 7
104 2
29 16
176 14
174 5
113 8
197 5
77 15
130 6
57 6
112 13
154 18
92 14
137 13
198 20
52 11
63 5
104 6
152 12
39 5
32 18
170 1
95 16
158 15
21 15
40 3
131 12
106 2
174 17
41 4
96 6
36 20
85 4
148 3
42 2
142 4
136 3
62 8
200 8
162 4
143 16
88 14
128 3
160 2
169 13
82 10
86 9
175 20
112 8
120 17
38 14
187 3
40 9
132 14
173 20
156 7
10 8
114 5
152 2
61 4
130 10
36 4
187 13
93 1
152 6
74 13
139 20
155 5
64 18
134 15
173 9
38 3
43 2
181 5
86 10
19 20
86 6
134 20
156 11
85 15
56 5
29 20
200 19
11 7
107 10
106 15
189 19
53 5
157 19
77 8
87 1
18 20
103 17
75 1
80 17
144 3
37 7
93 18
37 12
21 18
2 7
17 4
89 8
84 20
153 15
99 14
48 20
144 13
82 13
40 15
69 12
42 15
193 10
181 7
183 1
184 10
108 9
74 9
68 8
91 17
4 11
127 13
29 19
100 17
186 19
102 5
108 17
198 18
175 9
107 7
1 15
165 17
25 6
168 20
36 17
199 20
110 19
137 2
86 4
67 4
46 13
127 17
171 12
109 1
157 13
96 14
33 9
189 6
140 12
149 11
19 7
15 4
115 9
10 2
172 2
188 4
13 4
190 7
16 14
30 9
194 20
66 16
125 10
84 15
167 20
108 18
171 5
158 7
95 2
144 12
25 1
120 10
63 19
1 10
95 8
153 7
37 6
146 15
119 13
188 18
149 1
14 20
88 4
11 11
90 13
70 3
131 6
62 5
197 4
49 6
55 7
53 1
108 10
145 3
71 12
11 5
79 20
196 20
154 1
134 13
141 19
78 3
48 9
169 14
103 16
25 16
12 17
178 9
33 17
170 19
140 17
85 13
31 18
93 10
81 5
194 16
141 16
17 1
175 17
26 6
144 19
14 13
76 5
159 6
80 9
26 7
160 15
168 15
55 11
141 5
6 7
159 5
198 2
157 16
80 10
109 15
62 13
42 10
128 7
102 10
57 8
157 11
131 13
103 6
123 19
170 20
95 7
153 16
28 3
57 3
174 7
49 4
34 14
100 3
136 19
126 6
87 14
154 11
105 18
160 19
95 4
148 1
3 2
183 9
142 17
165 9
79 11
34 10
44 1
74 7
97 4
122 13
172 11
106 5
116 20
174 18
179 9
102 15
56 6
16 3
132 13
34 3
172 15
65 4
68 19
153 13
28 14
34 1
183 10
148 10
90 1
81 14
85 20
79 16
138 19
160 14
18 11
145 15
171 20
124 7
166 16
64 16
21 20
115 10
141 17
129 10
183 15
128 9
45 19
81 7
56 14
57 17
120 11
66 10
37 9
19 19
94 11
195 19
9 10
189 9
176 4
62 18
77 17
157 9
53 18
97 15
179 12
120 14
140 4
190 5
94 17
103 8
167 6
127 1
37 15
126 3
152 19
173 5
31 13
143 5
113 18
89 20
58 2
180 12
133 13
99 16
90 12
168 1
140 6
18 10
58 10
179 3
41 9
11 2
103 9
151 9
36 3
38 15
168 5
103 15
180 1
29 8
142 16
127 5
60 13
46 17
190 10
123 8
65 8
145 9
185 2
63 14
92 18
90 5
176 2
148 4
16 7
32 17
178 11
85 5
178 8
24 18
84 3
33 1
138 10
62 16
42 19
163 8
122 3
135 15
126 10
155 3
70 1
33 12
79 17
6 15
116 12
34 9
120 16
125 4
196 17
135 9
151 6
114 1
30 6
179 17
50 18
179 6
128 2
171 13
102 3
195 11
101 9
180 17
163 9
95 10
89 11
52 16
139 4
196 4
35 11
120 3
34 12
143 6
99 2
63 7
163 19
162 18
85 14
62 9
113 20
172 17
176 3
101 8
162 5
107 6
106 20
8 14
59 18
153 1
7 3
2 4
94 9
46 5
22 12
81 17
21 16
1 1
148 19
70 9
39 12
1 2
200 16
114 13
97 6
133 4
94 16
55 14
25 14
30 16
42 6
199 11
35 3
85 16
22 15
90 15
158 2
194 8
113 17
96 3
111 18
49 12
191 13
163 18
149 18
108 6
173 1
86 8
80 16
114 10
125 5
12 3
94 7
100 5
71 5
193 17
18 7
41 14
65 9
27 18
14 15
28 8
169 10
7 12
173 8
29 10
197 3
17 16
49 16
192 13
194 9
101 5
102 4
17 11
121 18
1 18
88 6
88 18
193 8
24 4
13 8
49 17
7 8
18 3
77 9
196 6
73 13
33 5
47 10
93 8
162 15
55 1
112 7
164 13
101 1
46 3
106 14
37 5
31 17
130 8
43 1
148 13
56 20
186 12
182 20
25 10
162 3
123 10
147 5
153 12
110 11
74 6
91 19
26 13
104 15
141 18
171 14
182 15
26 10
8 9
185 13
137 5
189 13
134 14
44 6
65 12
175 15
138 13
107 1
69 10
45 15
68 5
82 18
161 4
124 20
196 18
124 9
114 2
160 20
180 6
165 12
154 6
23 1
50 6
13 11
27 2
31 20
95 20
48 12
181 17
147 11
5 17
199 8
85 10
162 6
138 16
60 8
129 1
42 7
124 11
38 17
33 2
69 6
96 17
51 18
18 18
191 6
175 1
147 2
173 19
76 17
19 3
168 18
27 1
18 16
27 7
157 6
114 8
46 1
183 17
174 8
191 18
58 6
46 16
125 3
117 9
199 7
67 12
180 11
147 17
129 6
35 17
176 13
80 1
153 11
92 2
68 17
95 15
73 3
71 2
3 1
161 8
47 5
48 5
31 3
132 18
166 13
145 12
171 1
129 13
147 6
199 17
9 5
82 7
28 4
90 4
88 1
54 2
187 6
47 4
114 19
189 14
179 2
153 19
122 10
34 20
47 15
36 12
14 10
140 19
193 4
104 16
153 20
149 20
70 16
139 5
13 14
8 11
78 15
170 4
86 5
58 11
150 9
74 12
116 4
138 20
133 11
169 1
106 17
13 3
131 17
68 12
81 6
57 9
180 19
149 17
19 15
68 16
150 19
151 11
39 19
72 8
90 6
92 6
161 16
59 6
164 4
117 15
193 5
131 4
52 10
107 12
95 9
98 3
7 6
80 18
109 11
27 16
71 10
83 10
172 5
140 13
142 5
102 16
150 6
20 13
15 7
178 17
140 10
138 18
61 11
92 15
105 17
46 11
198 9
196 3
107 19
69 19
21 19
181 16
81 19
95 19
102 1
8 16
51 12
86 15
161 7
120 7
89 16
35 9
65 14
100 4
129 2
152 13
192 20
185 12
180 14
29 12
165 7
162 8
11 4
192 10
159 16
142 11
42 13
49 20
87 6
175 5
55 8
177 14
174 4
165 4
91 1
175 3
87 7
48 8
79 10
43 3
119 6
185 6
129 5
60 14
82 20
94 15
61 17
36 6
44 19
107 16
59 10
186 6
11 6
40 20
7 17
196 15
198 3
164 1
12 12
128 13
85 8
76 4
54 15
196 19
94 6
78 10
197 10
120 6
163 12
115 17
27 4
190 11
136 1
131 8
2 15
198 16
194 4
30 4
12 18
88 3
196 9
194 2
192 16
2 11
176 15
129 8
175 14
59 4
64 19
144 8
75 16
163 15
98 5
178 19
200 20
99 8
121 10
176 10
159 1
35 12
119 11
184 19
28 17
187 1
66 18
60 18
117 5
20 20
178 1
122 7
115 18
96 13
167 11
76 1
137 8
159 11
42 11
151 2
74 4
25 17
137 12
186 3
39 9
199 10
133 7
101 20
162 17
200 13
124 1
196 5
136 4
114 6
172 16
102 8
194 15
173 6
8 12
176 8
114 20
126 14
108 19
96 20
15 12
99 20
75 15
64 17
104 4
44 2
161 10
62 15
24 7
1 7
45 7
104 9
181 10
48 15
13 2
88 11
164 12
182 17
68 18
87 20
53 7
60 7
129 9
139 3
20 14
118 12
24 19
178 13
7 20
5 18
134 11
72 9
12 2
21 4
172 4
82 16
41 5
149 4
5 13
43 9
100 7
12 8
58 18
200 2
112 10
50 15
97 9
170 9
17 5
198 4
167 19
4 15
9 20
32 4
35 15
119 19
177 1
193 9
11 8
183 6
72 10
60 9
110 1
26 8
172 8
69 11
195 12
95 12
190 1
22 20
173 13
135 19
142 2
70 12
145 19
154 19
200 14
20 1
94 2
31 9
134 3
44 14
47 13
176 11
43 5
65 10
23 14
161 3
15 18
83 11
77 16
104 7
3 8
150 4
182 6
76 13
165 19
11 14
22 11
31 5
93 6
156 3
139 19
115 16
40 6
118 8
70 18
105 7
117 6
142 10
52 8
79 5
8 6
39 6
44 4
98 11
36 2
135 14
28 7
197 7
170 15
12 4
21 2
57 4
62 4
71 18
36 7
80 13
130 20
13 19
126 4
109 19
116 16
119 7
186 1
71 14
68 7
127 9
85 6
77 13
112 14
166 19
35 13
175 7
142 1
150 13
145 16
68 6
148 16
125 2
118 13
33 6
156 6
5 10
197 8
82 6
190 19
38 11
182 12
132 9
111 6
111 11
12 11
41 10
156 5
145 2
95 17
170 11
43 20
84 10
87 13
139 10
191 1
38 9
182 2
133 20
118 15
182 5
55 10
2 6
176 18
84 11
50 13
192 18
77 18
108 12
127 11
186 11
56 16
125 12
62 19
7 7
87 19
114 11
109 3
107 5
90 17
133 17
10 1
124 3
118 11
16 9
174 2
187 14
112 19
149 12
123 17
96 8
2 2
132 6
118 17
97 2
135 2
116 8
33 13
99 5
126 20
98 9
28 11
157 2
173 15
145 10
121 3
187 7
163 10
103 10
58 12
25 2
79 4
33 10
159 10
97 10
77 6
199 15
149 15
26 5
5 7
15 11
103 4
28 1
53 13
187 10
148 11
133 10
148 9
50 10
91 12
168 7
34 13
188 11
192 14
35 14
54 1
10 18
185 9
16 18
165 10
167 14
74 5
90 14
4 20
158 6
56 19
148 2
138 8
64 6
103 13
51 19
172 20
155 4
161 17
136 14
91 15
156 9
146 9
19 13
170 17
29 13
153 18
91 20
156 15
74 16
22 17
175 8
109 7
101 3
116 11
164 6
76 16
72 2
40 18
168 13
168 17
22 13
102 17
30 1
96 11
116 3
54 20
61 6
63 10
38 10
109 16
151 15
154 17
161 5
66 6
143 10
125 13
154 9
6 12
14 1
167 3
55 15
177 13
169 19
22 16
149 6
16 15
34 7
117 11
188 9
132 20
72 1
143 14
100 19
146 6
149 2
8 2
111 3
115 5
192 1
9 2
100 18
109 5
117 8
118 6
180 4
170 14
44 20
171 3
74 10
165 3
39 13
181 4
101 14
116 13
50 14
57 12
93 3
49 8
30 11
53 12
31 10
75 11
26 20
134 6
168 8
87 4
184 9
160 10
198 10
156 2
7 15
37 13
18 14
31 8
130 5
193 12
147 12
149 8
145 17
154 13
61 15
141 9
7 2
47 1
6 1
84 17
116 17
139 7
105 1
165 1
90 8
194 17
31 6
50 20
112 1
160 18
58 13
4 17
189 18
114 4
1 16
101 6
72 15
42 8
23 11
184 12
79 12
103 1
71 13
23 17
81 18
5 11
162 19
148 18
196 7
183 5
39 17
17 12
13 13
3 19
87 17
24 2
34 17
138 9
162 11
81 1
84 5
39 2
96 4
186 7
110 9
19 9
13 5
86 14
12 10
118 3
94 12
123 20
53 10
195 8
16 4
81 10
100 11
40 10
24 10
72 6
99 19
143 1
68 1
183 16
57 20
73 14
106 9
20 2
79 15
189 1
140 8
81 15
6 14
15 20
81 9
14 8
86 19
85 3
154 4
135 6
175 13
158 13
147 16
17 20
23 5
118 19
114 7
195 18
9 15
196 14
89 14
20 15
188 19
56 4
40 12
119 4
86 16
182 18
87 15
80 2
39 15
2 9
111 9
56 3
121 16
65 1
8 7
148 20
111 14
64 9
35 7
40 4
188 13
135 7
89 12
109 17
104 12
85 1
98 14
22 3
28 15
1 12
196 13
141 12
179 14
158 11
134 19
148 15
197 9
119 3
61 1
25 20
179 1
23 13
152 1
101 18
128 17
5 5
7 16
84 2
74 17
59 15
138 5
115 12
57 19
85 12
132 3
178 7
4 8
35 6
26 1
124 17
146 8
175 12
114 12
18 1
172 10
78 12
90 16
117 4
28 19
39 14
8 3
192 11
82 2
5 15
200 10
121 15
151 5
67 15
197 18
1 14
176 9
96 16
15 15
133 15
174 12
114 3
19 14
3 13
161 9
193 20
136 7
65 19
71 3
120 18
67 8
6 6
130 12
6 18
32 9
158 3
111 15
135 12
125 17
140 3
4 5
127 20
70 19
177 6
130 3
134 18
161 18
113 1
137 14
177 2
124 4
83 19
110 12
42 14
115 19
86 1
180 15
161 12
148 17
143 17
167 5
186 17
9 11
31 11
51 8
116 7
176 12
103 7
142 3
80 12
97 8
124 14
18 2
129 17
104 17
13 16
71 16
46 20
116 6
138 3
38 8
44 16
121 6
149 3
173 7
14 12
112 15
162 13
158 18
199 4
37 18
124 2
59 3
31 4
5 14
44 7
173 4
172 18
123 11
77 12
146 11
123 4
112 18
18 12
194 12
14 4
154 10
115 2
83 15
78 7
69 20
33 18
46 10
97 19
133 14
144 20
175 11
26 15
84 4
22 14
148 8
67 10
30 20
20 8
97 13
153 2
76 18
86 12
197 1
53 15
188 17
24 13
174 10
164 3
120 9
42 18
60 17
75 2
97 5
128 16
122 15
38 12
34 8
131 14
15 13
1 13
107 11
12 19
47 8
128 4
130 13
185 15
56 11
180 20
164 7
192 17
159 3
43 15
104 20
86 18
9 9
113 14
131 18
22 18
44 10
132 19
10 4
40 7
47 11
127 15
60 4
99 18
192 12
5 3
125 6
110 17
174 14
51 4
165 13
144 5
98 18
58 7
197 19
183 20
154 20
84 8
128 15
136 5
23 2
188 8
59 8
199 18
183 13
14 11
181 18
156 19
111 12
2 1
66 20
78 9
79 18
17 14
121 17
135 4
41 17
23 8
194 7
6 5
7 13
171 17
32 8
58 14
39 20
88 10
8 18
171 8
72 19
123 18
102 12
124 15
18 13
195 5
65 2
133 19
181 6
198 14
123 12
47 16
51 1
54 13
129 4
166 4
35 5
184 14
152 4
104 13
64 3
164 8
78 14
176 19
55 3
125 8
10 11
4 13
144 15
123 1
8 20
199 2
127 2
66 9
123 15
58 3
60 10
3 6
198 1
26 18
41 1
145 8
119 14
154 12
26 2
156 13
22 19
148 12
140 11
108 11
133 1
26 19
73 5
75 4
49 7
59 16
144 18
193 7
111 8
65 11
65 13
198 11
46 15
103 20
98 2
178 12
91 4
39 11
143 9
6 20
34 11
73 17
91 16
88 12
147 9
126 5
186 18
118 20
106 13
61 12
100 16
39 1
77 1
195 16
52 2
199 6
78 16
81 11
67 7
92 5
128 11
67 19
44 11
53 11
185 3
131 5
102 9
1 9
118 9
191 14
136 15
67 13
11 20
160 1
72 16
115 20
166 2
128 10
193 14
153 8
75 18
3 5
17 2
116 19
123 6
111 20
74 2
24 1
198 8
182 3
91 9
111 17
164 16
74 15
76 3
149 5
9 16
157 14
112 6
162 14
23 3
32 13
54 5
75 20
9 8
179 16
58 19
25 18
131 9
56 17
146 14
61 14
9 14
194 13
70 14
145 4
182 4
53 16
184 20
197 11
196 12
134 4
51 15
174 20
24 6
93 5
86 7
154 2
117 20
4 2
81 12
177 19
3 18
130 4
57 1
16 12
197 17
70 20
70 17
196 16
172 9
59 7
87 2
88 15
128 12
62 1
139 12
89 5
7 4
66 4
79 6
53 20
82 15
97 20
44 12
186 15
4 16
105 20
197 13
140 20
16 10
84 19
32 16
30 12
69 13
178 16
190 8
102 13
8 10
128 5
133 8
65 15
108 20
110 6
78 18
192 15
47 14
53 19
21 7
106 16
174 3
16 13
30 17
2 8
119 16
41 3
181 20
2 10
107 17
28 12
17 3
63 13
45 5
10 16
105 6
121 20
178 5
13 7
115 15
161 19
54 6
27 12
152 8
158 17
52 1
51 11
152 5
128 6
161 20
35 1
135 16
92 17
138 17
111 4
82 5
177 11
26 9
169 7
96 10
63 15
12 1
3 11
37 8
104 18
141 8
122 14
32 19
33 14
33 16
170 10
62 20
189 17
190 12
89 3
171 11
139 18
50 12
65 17
98 15
189 5
136 6
180 5
50 17
32 3
171 2
94 19
110 5
55 12
46 4
22 7
7 18
153 9
169 8
29 2
183 3
115 1
127 4
13 17
34 15
82 11
84 9
69 17
130 19
134 17
103 14
48 18
151 4
52 4
132 12
3 4
190 3
192 5
160 16
132 1
169 2
187 9
54 7
99 7
121 14
121 8
174 16
169 4
197 6
24 3
32 6
149 13
124 18
78 5
159 19
79 14
143 3
101 13
8 15
52 14
104 1
177 3
77 20
91 7
61 8
189 16
169 18
77 11
48 4
93 17
25 9
144 9
30 5
21 9
136 18
188 1
6 16
192 6
88 20
40 8
18 4
54 14
31 2
114 14
59 19
197 2
156 16
173 2
167 10
14 18
37 19
24 15
29 9
194 14
174 19
107 4
17 17
92 3
127 6
183 14
112 20
80 7
122 2
103 12
3 15
55 2
106 19
116 18
94 3
67 16
135 17
11 12
74 11
114 15
117 19
126 8
25 19
189 11
51 14
163 5
193 15
190 14
182 11
85 7
100 6
179 13
52 3
181 14
199 5
25 13
37 17
42 5
64 1
80 11
7 11
67 11
81 13
4 14
123 16
59 2
190 20
99 17
150 1
77 4
43 13
67 20
152 20
68 11
125 19
135 10
151 1
57 18
73 1
168 16
12 13
40 2
84 1
72 20
26 17
56 2
114 18
161 6
116 14
151 7
174 6
9 17
71 19
134 1
199 12
89 18
191 17
57 13
55 20
113 13
137 19
191 11
110 7
41 19
94 10
127 8
101 7
159 14
66 8
80 19
56 12
35 8
110 4
200 7
29 1
124 12
5 4
138 14
163 20
41 8
41 13
41 2
51 17
85 9
182 14
41 12
16 8
22 4
113 3
113 5
4 6
156 10
76 11
127 7
167 15
95 14
18 5
111 7
44 17
152 17
75 10
167 13
167 18
63 1
36 5
50 1
5 9
170 8
116 15
134 9
164 18
56 8
195 3
171 9
111 5
159 2
42 4
129 19
56 15
60 1
140 2
26 12
67 3
94 5
118 2
97 1
9 18
61 18
115 6
163 4
181 2
126 17
46 19
6 3
106 12
74 19
30 2
137 9
73 20
117 10
156 17
173 14
49 19
125 18
136 20
67 1
147 1
157 4
198 15
76 7
8 8
37 14
186 16
95 11
180 10
195 1
157 5
50 11
21 17
38 5
145 18
114 9
146 17
105 11
29 4
133 12
56 18
144 17
165 5
151 10
164 2
102 6
9 6
59 12
67 14
98 6
183 2
105 4
73 19
177 12
48 1
78 11
64 15
4 3
165 11
126 18
47 19
137 4
153 6
175 2
97 17
96 5
3 7
166 7
97 3
155 13
196 2
56 7
16 11
155 20
37 10
191 9
180 16
60 11
81 16
195 7
135 5
14 5
23 19
14 6
69 8
166 20
86 20
196 10
43 17
106 4
121 19
5 16
199 16
10 17
142 15
95 5
172 19
135 1
167 8
59 20
94 13
3 3
36 1
170 6
44 9
45 17
178 6
132 8
42 16
115 14
135 11
149 10
182 13
26 4
50 7
195 20
65 16
177 7
100 1
115 3
85 2
76 19
54 3
104 19
108 16
37 2
143 13
83 12
51 9
117 7
92 1
80 20
196 11
166 12
83 20
157 20
29 15
161 13
71 6
56 1
194 6
105 19
108 4
64 13
144 11
93 19
6 19
180 9
132 17
165 16
166 14
52 6
24 20
158 12
119 20
33 8
31 12
69 1
63 16
54 10
47 3
169 12
177 16
175 19
53 4
138 12
133 3
2 14
113 9
143 2
21 5
119 1
76 20
178 4
27 6
123 3
180 3
167 9
38 16
91 18
75 8
159 20
52 5
52 13
178 15
63 20
3 17
130 11
38 20
91 5
13 10
93 20
87 18
112 12
92 10
48 14
157 7
127 12
22 8
177 20
160 13
176 17
84 18
86 11
64 12
105 5
66 3
191 2
190 2
50 3
51 6
122 17
89 4
69 4
66 12
200 18
108 14
116 1
15 9
47 20
132 16
164 20
50 4
170 5
93 4
136 10
15 6
32 15
163 1
19 6
3 16
110 3
66 13
100 12
169 16
25 7
77 2
93 12
120 15
109 10
109 9
17 19
143 19
105 14
76 8
106 8
168 3
179 10
117 17
178 20
89 19
132 4
63 9
147 13
176 16
63 17
179 18
96 9
88 13
161 1
91 10
27 19
120 8
139 8
150 20
92 12
172 6
186 20
140 1
142 18
123 9
156 8
30 8
61 9
54 12
6 17
17 15
134 10
188 10
107 15
58 1
80 14
60 15
181 13
4 19
41 20
193 6
125 14
79 7
119 9
7 1
150 2
163 7
181 19
171 10
155 19
47 7
195 17
16 17
119 18
86 2
138 6
195 6
113 11
40 14
59 13
93 16
3 20
99 11
198 7
20 3
78 17
117 1
61 2
158 10
110 16
51 7
31 16
184 8
87 5
14 16
185 7
154 7
140 16
88 17
66 1
89 10
131 7
98 8
80 15
188 2
11 16
123 2
115 8
47 9
22 1
52 19
133 18
191 19
47 2
166 11
144 10
92 8
132 11
141 10
133 16
182 9
199 1
112 16
40 16
38 7
42 12
165 14
145 14
109 6
99 9
35 2
165 20
20 18
55 16
49 13
24 12
160 12
121 9
52 9
46 8
142 7
84 12
184 1
56 10
81 3
14 14
142 9
56 13
79 2
11 13
78 20
141 13
63 3
101 4
11 17
146 18
128 18
137 17
104 14
54 4
188 20
11 3
70 8
97 14
78 2
52 15
77 19
146 19
130 9
89 15
44 15
200 9
2 5
44 13
15 1
171 4
188 5
66 11
65 7
64 7
2 16
107 13
167 2
155 9
163 2
145 1
6 11
190 17
149 16
98 16
144 1
12 6
175 10
15 3
72 17
140 15
97 7
62 10
189 7
171 16
45 6
117 2
7 10
158 16
143 8
198 19
64 11
63 12
8 1
27 3
3 9
152 10
194 11
49 11
102 20
170 13
118 4
180 13
192 9
152 9
9 12
33 3
100 13
122 1
133 5
49 10
110 18
141 15
63 6
137 11
76 2
44 5
83 13
129 15
150 18
68 4
54 9
89 9
60 19
71 7
142 6
195 4
188 3
64 14
90 10
92 13
77 3
159 13
112 4
83 4
5 8
166 8
55 9
79 13
45 11
83 6
28 18
146 13
140 5
