5000 5000
4000
1620 4800
824 2412
4556 4940
1099 2676
3179 4534
442 3187
946 2778
268 386
1241 3645
466 1338
2855 1424
532 1284
1199 596
1016 1812
736 2148
4103 2048
1008 1864
2003 4831
81 2240
1187 590
318 894
2344 3154
2766 2785
984 1075
1861 3289
4451 1750
872 2556
408 1164
932 2736
4788 4595
208 564
518 904
2246 3928
556 1608
2238 696
4675 3281
2938 2409
1843 3578
640 1860
668 1944
2587 1394
4044 4579
642 1866
175 1023
4093 3390
33 4021
1846 1810
4959 2895
1550 4590
1744 2354
3476 2584
1396 452
3848 2087
4389 392
1612 4776
3052 4098
1132 1538
3563 1778
402 1146
900 2640
3616 2257
1518 4494
352 996
2738 3588
2015 2932
1010 2970
3767 4584
4513 4414
42 2919
934 2742
220 600
1192 3516
2527 4395
3257 154
4135 3069
1180 1602
354 1002
4377 4333
682 1986
3529 3499
646 1128
4679 2336
992 268
1392 4116
2986 3279
262 456
2249 2373
700 962
1180 704
2759 1376
1149 1828
4854 4646
76 168
3724 1459
4410 980
424 1212
2446 2375
3466 2704
2648 3226
3256 197
995 1576
4249 3935
1476 4368
766 2238
1579 2370
2083 4585
4259 2126
1897 3052
3617 3373
2976 1294
984 2892
2502 2522
4693 1333
775 134
2750 863
2574 1759
2639 1316
1491 3773
1478 4374
366 1038
3041 4924
4919 2456
1927 394
2007 375
329 827
3935 1964
2229 4337
2124 1229
4211 2102
2363 1178
2968 3986
4836 80
1126 3318
488 4868
3565 2058
239 2990
357 532
323 1226
3551 1772
4343 2168
1293 2816
1331 662
1233 99
2140 2882
2543 799
1217 4515
1210 3570
460 642
2328 2948
892 1218
2403 3880
997 2396
3330 1087
3110 3706
1134 3743
1344 3972
1048 1426
4955 2474
3963 3328
3335 202
2327 1160
1869 4499
2333 3426
1094 1912
1887 1773
3683 777
1312 3876
203 280
1608 4764
851 422
3896 4994
3520 2100
1116 3288
688 946
112 276
3683 3094
2692 3618
106 1294
2627 2046
498 1434
2173 1108
1089 4939
1734 3032
533 820
3117 134
3527 3688
2128 2866
3052 1275
2591 1292
654 4933
1847 920
1888 2546
176 4714
1262 3726
1830 3200
4099 3817
3510 2999
1194 3522
2671 1063
3479 1736
1008 1849
2087 3529
3206 2102
3936 3546
2390 696
2228 3714
3652 4898
3179 2190
3784 3245
2375 1184
1571 1358
784 2292
1380 4080
1630 4830
4055 2024
338 3483
4314 1212
767 380
220 322
1869 177
194 2416
2800 3762
3102 1750
3484 1516
923 458
977 4636
1064 3393
1444 3687
750 2190
1205 4469
4250 4250
2728 2169
2777 4492
2823 859
814 2382
2150 3760
3232 3386
1826 3365
617 2215
279 3954
143 68
412 578
368 1044
887 1709
4507 2296
82 1974
239 4774
401 604
4052 1870
686 720
3672 3011
1105 1756
1694 4866
142 4785
2404 2327
4391 2192
4703 2348
4474 3208
1339 3865
2114 1090
311 152
1559 776
1360 4020
856 2508
964 2832
1556 4608
2100 3475
1636 2210
4283 2138
4671 2552
1016 2988
4976 4986
4607 4286
1570 2378
1643 483
4799 2396
1941 3808
2155 618
501 4289
1143 3236
3304 2879
339 1642
236 648
307 2965
2827 410
1324 1794
4270 1687
2997 4852
98 234
868 1186
2189 4239
2999 1496
3692 568
3033 3785
386 919
1075 3160
1247 620
71 32
2170 1410
1642 1766
257 835
1526 3868
3629 1452
1924 2594
806 1408
2914 1897
1583 788
3635 1814
4022 2653
1386 4955
625 4511
925 1573
546 1578
3092 490
968 2844
308 4159
3595 2714
3512 1318
3299 1646
4497 141
90 210
4624 1695
1474 4362
1112 3276
1061 3917
1686 1101
990 2910
4619 2306
3115 4607
484 238
2323 3220
1164 3432
94 3513
3834 199
4107 2169
2351 2450
3132 3259
3569 2227
2745 4082
3755 1874
3535 2870
2951 1472
2321 2165
2009 4743
4684 1887
4776 2414
739 4600
3625 3581
3579 667
1190 3510
1600 4740
1660 2242
4847 3611
1364 4032
1192 2916
3240 48
3467 1730
2205 3556
927 2385
82 186
683 338
3361 3548
1674 4962
1494 4422
1302 3846
2111 1052
2410 1398
81 50
1037 1683
216 588
2075 1034
2603 1298
2515 3545
449 4697
1928 3381
3374 4631
1144 1554
1070 4098
2583 255
136 210
4288 222
4379 1193
323 158
1246 3678
1592 4716
761 2767
1410 4170
3862 3745
2620 3522
4031 2012
4792 1728
3183 3502
302 846
2073 3450
1840 2482
29 1148
341 1157
322 906
937 489
1114 3282
1292 3816
2963 1478
4558 674
2200 2962
1054 3102
635 314
131 62
2381 3844
1567 4066
4537 3576
1127 560
1150 3390
2195 61
538 1554
4476 3781
638 1854
2814 1890
2811 1506
905 3319
191 92
1264 3732
786 2298
2116 2850
155 74
2056 2140
4242 840
4066 4238
165 3395
1064 3132
1126 1968
159 3296
704 2052
686 1998
142 366
2291 1142
3675 1439
3719 4264
1435 2611
46 78
778 2274
522 1506
670 1950
2884 3874
3117 3007
4667 2330
570 1650
4535 2264
626 1818
509 2501
3191 1592
1115 554
4064 1060
924 2712
3247 2329
1918 3899
1610 4770
3304 4434
4346 4780
4450 2228
2255 1124
1578 889
1025 3779
2699 1346
656 1908
483 46
2392 3218
2953 4780
951 1504
526 1518
3016 4050
1211 602
486 1398
916 2688
74 162
4015 2466
162 426
3803 1898
1068 3144
949 1998
2461 1676
134 232
3460 4969
3692 2934
819 1386
2157 1433
516 1488
4188 2697
4113 1973
3124 4194
890 2882
266 738
792 3522
3155 1574
509 3864
556 770
4077 2302
674 1962
168 444
1963 3160
1526 4518
2292 2332
1480 3491
3890 4628
3484 4674
3929 1768
693 4857
2758 4824
2870 3331
3448 4626
2307 1143
509 2391
950 2790
358 4934
1072 1458
3724 4994
660 3773
566 1638
4880 158
2425 1431
353 760
1898 3238
3276 1580
1798 3144
650 2553
4439 4926
2054 372
3227 1610
3248 4133
2891 1946
77 49
138 354
4499 3189
1595 794
2152 2898
3095 1544
340 482
1004 2952
33 2860
1085 1716
794 1092
358 524
2838 2432
1216 4147
684 1992
1602 4746
4634 3070
1653 2595
3024 1916
4307 2150
630 1830
3882 748
644 1872
778 1362
1274 3762
2037 4652
2923 2875
774 1352
2479 2283
2374 4348
3699 3892
1124 3312
643 1000
783 1285
256 708
1286 3798
2732 4053
3018 448
30 30
150 934
1240 3660
176 468
1318 820
1568 4644
1286 92
422 1206
1122 3306
511 3436
562 1626
2224 2994
1127 1792
3063 838
482 1386
1020 1960
1522 4506
605 2169
2281 3309
893 2850
2165 353
3929 649
1739 1456
4464 1405
4811 2402
1990 3480
4965 1738
3626 4584
1889 4829
877 4293
358 624
2799 4528
1823 908
511 4247
1907 950
2489 489
2368 3186
272 756
2425 3916
3407 4551
2245 4854
4906 3390
880 1202
449 1571
1106 4582
930 2730
2271 2254
1148 3384
1936 2610
2397 755
3854 2919
2815 4974
4590 3482
4323 2171
1566 4638
4784 1946
3292 4418
1943 968
4219 526
1052 2676
4237 1006
1460 4320
436 2133
952 2796
2325 2928
1226 4982
3424 393
2332 3138
3723 1390
2381 2338
4492 152
404 1152
3658 4118
804 2352
1012 1378
1384 4884
434 1242
844 1154
150 4239
2027 1279
1700 3668
584 1692
148 4419
2728 780
180 480
4992 3028
4523 58
2329 2613
1927 4038
2311 771
1465 2401
958 2147
2414 3632
2464 3314
1227 1124
1684 2274
4219 3427
912 2676
508 706
1408 4164
958 2814
4890 4115
3689 3683
38 54
1707 2648
2848 3826
3905 2549
240 660
1894 3312
89 191
571 988
4511 2252
1081 1555
353 1203
953 2461
3388 4546
4375 470
1912 4562
4535 4372
1281 2044
110 270
3948 3775
2588 3217
468 1344
2654 1459
1439 716
260 720
2770 4267
4996 3432
2320 3122
134 4491
558 1614
2630 4600
1083 1720
4710 3473
4906 3531
3448 1627
2628 4126
3820 366
2783 1388
1108 1506
773 3015
1178 4685
616 850
2374 2933
292 418
2401 2447
1642 4866
2123 1058
4015 2141
1196 3528
1604 3931
1972 2658
2953 2414
948 2784
1672 4956
92 28
4988 2498
3821 4242
1576 2130
4819 484
3278 4774
2104 3263
486 848
2808 4354
2115 4807
369 3385
2063 1028
2677 1493
2239 4179
916 1250
2553 2026
1290 3404
2435 1214
4469 2774
4100 2755
940 2760
4004 89
671 332
4021 2354
2819 1406
1680 4980
678 1974
2577 1664
1074 3162
1739 866
716 1449
533 1893
936 2748
929 1468
1633 2620
2911 3880
1574 2752
3910 2150
3004 4034
230 2288
1294 3822
575 284
1174 3462
2032 2738
4487 2240
2963 2211
1750 2718
2565 855
995 494
738 2154
2219 1106
782 4143
580 802
2236 3010
1594 4722
3802 3941
1264 912
1572 4656
3412 4578
134 1236
1510 2640
4561 3840
1156 3408
298 834
1061 3394
2428 4223
192 516
1552 4596
998 1744
3193 142
182 486
1975 981
1202 3546
1318 2304
3611 3602
1792 2418
934 1632
599 296
4474 3508
1028 4315
167 80
3047 4248
1348 3984
313 460
1576 4668
2889 932
4863 2942
647 320
4355 2174
863 1360
1122 1019
2440 3282
3228 793
3197 2184
2765 971
1883 938
886 2598
1233 659
590 1710
1403 698
172 456
3359 1676
2906 417
3047 848
4051 3270
2567 1280
2170 887
616 2483
1237 1972
1398 4134
755 374
4631 488
2968 4311
2397 714
3935 1048
4914 4803
1232 626
2406 1474
4007 2838
40 82
3270 2769
4964 939
1216 1650
1542 4566
1743 2084
1041 3076
1376 4068
2749 1936
262 3048
512 1476
3326 660
2481 324
1138 4000
2012 1207
4748 1628
3865 3714
3227 4973
4554 2411
4727 2360
1511 752
4660 4825
4559 2276
2920 3922
1563 2951
2073 3340
228 624
3227 3075
770 2250
1479 2368
2711 358
1751 872
2481 1831
1640 4860
4551 4807
4646 1533
1369 2188
3218 505
77 4605
149 421
44 72
1873 2203
2933 1637
1542 2696
2198 3694
380 1080
3220 4322
1353 4176
664 1482
4302 2182
268 744
857 3135
484 1392
586 1698
2160 1273
1674 1911
410 1584
4518 3536
420 2095
2463 286
986 2898
1316 4888
3131 1562
2686 1021
3868 806
3097 489
4226 1603
1627 1216
1472 4356
3203 1598
572 1656
38 98
2932 3938
4120 1577
614 1072
3575 1784
4430 3624
1809 2908
186 1367
88 204
1991 992
1444 1954
4896 4709
907 1432
2260 3042
692 2016
3182 3797
723 4700
2083 3531
4388 2237
4377 3578
3827 1910
2134 1129
4823 1492
1035 4972
817 808
250 690
3770 2357
826 4747
3371 1682
660 388
4455 559
4984 2974
372 1056
1646 4878
290 810
3975 2939
332 936
4100 3354
3169 3790
3431 1712
1017 1612
222 606
2307 4635
396 3179
4700 3960
4246 841
2253 1658
4560 4088
1032 3036
4751 2372
258 714
3712 4978
2738 2718
620 3404
3971 382
3316 4450
554 1602
3347 1670
1715 3114
1732 2338
1165 2360
134 342
850 3310
977 3595
1986 3460
488 1404
1259 626
2790 4880
4004 410
3851 1922
1725 163
3688 377
4408 18
2094 1480
3533 367
2733 4420
1365 1010
3957 1890
2605 3857
226 618
1310 3870
1452 2455
852 2496
1186 3498
4742 3275
830 2430
286 798
1298 883
2667 4678
2916 2850
4199 2929
4266 1953
3387 3027
820 1122
780 2280
203 98
381 2259
588 1704
737 2675
887 440
1304 3852
2605 561
478 1374
1540 4560
4186 2677
1372 1858
2836 3810
1578 4674
1866 3003
542 1566
2493 4028
293 4626
2438 4264
1067 530
157 2697
1044 3072
3100 4162
2531 1262
4709 1809
2944 3954
3383 1688
2342 4096
342 966
622 1806
3184 4274
2094 1773
504 1452
3767 1880
4212 3416
2588 477
618 1794
3875 4306
36 48
1643 818
998 3682
1101 4312
971 482
3020 2382
3995 1994
1032 678
4353 595
2136 2556
4179 3611
4784 4597
3515 1754
294 822
1834 2003
628 848
1022 3006
1132 3336
230 3308
4151 2072
1232 3636
382 892
2329 4001
1396 3344
947 470
1180 3480
386 1478
2356 3170
4704 4829
4869 1513
1456 1970
743 368
400 562
2830 1959
1116 3482
3628 4866
2500 3362
868 2544
1935 1130
4512 2193
943 3666
3871 4899
1548 4584
2431 1250
3256 4370
4400 2791
798 2334
1256 3708
3187 943
1031 1287
4895 2444
4457 2071
1804 2434
1154 2036
1400 1363
1628 4824
2660 4875
902 2646
156 408
772 2256
4478 3190
3167 1580
696 2028
1224 3612
611 302
1368 4781
3264 3066
751 637
2272 3266
2979 4761
1252 1698
276 3117
567 4734
1268 2390
1683 718
1571 4687
1528 2066
606 1075
636 1848
2189 4210
1980 2670
4930 600
496 1428
1407 3103
2159 1076
564 1436
2619 4976
152 2995
4273 3404
3707 3916
2875 2461
854 2502
422 1195
2825 198
608 1764
2500 3803
3799 27
1623 487
3307 2468
31 1391
870 1520
880 2580
287 140
232 338
306 608
184 274
1442 4266
1550 3121
3822 291
2441 2454
1817 3543
1492 4416
4331 3263
688 2004
1036 1410
1414 2472
3514 1892
221 697
4187 2004
1128 3324
1551 4802
1422 4206
1387 4321
906 2658
508 1464
2198 2007
3664 4914
1703 848
346 978
3051 737
4728 2421
186 498
1371 2090
4991 928
1670 2920
1075 3655
2823 1075
2480 3432
994 2922
2337 3772
550 960
1096 3228
2624 3498
1018 2994
178 474
1280 3970
1528 4524
1787 890
724 994
3616 4850
2206 1346
1871 932
2945 3908
1074 874
1764 3152
4427 1539
3622 469
558 2432
3734 4301
894 2622
4079 2036
1277 4745
4816 2404
1391 2224
957 1472
1034 3042
1404 4152
1775 884
2276 648
4022 3324
38 64
4696 4870
4873 1488
1089 4881
1350 2360
2986 353
422 736
992 2916
3325 4948
1436 4248
275 134
3784 3138
4861 2826
1864 2514
4271 2132
1638 2864
4590 2005
1600 2162
1152 3396
662 1926
223 910
86 198
3696 4821
2659 230
1765 2836
1564 4632
1056 3108
3883 1253
1214 3582
18 3262
2249 3628
4306 1922
1259 2457
1212 4486
964 1314
1062 1856
1039 1648
198 344
4510 3898
3095 2523
564 1632
4832 4470
1379 686
3512 4419
474 2345
476 1368
1336 1810
154 402
712 2076
652 898
4089 2705
3779 1886
304 434
1109 4101
893 3273
646 1878
1221 4235
3064 4114
855 2038
1763 4442
809 4179
2027 2592
4717 2702
400 1140
1875 3016
2764 3714
128 2809
980 2880
976 1330
4482 3098
1278 3774
291 4705
784 1074
3919 3668
726 2118
1212 3576
1400 1966
122 1810
3917 2022
3634 1273
3517 1610
1945 818
2788 3746
1530 4530
499 2135
1202 3322
965 3549
1907 4601
1619 255
2555 1274
812 2376
2761 1527
1611 2584
317 1065
1289 4791
2785 11
119 358
2535 4804
4839 641
2643 917
782 2286
2231 1112
926 2718
184 3365
3999 2409
2685 2766
4016 2048
1595 4947
1106 3258
128 324
1456 4425
374 1062
959 3917
1109 4584
3939 3754
1140 3360
2824 4364
184 492
1612 2178
3643 3480
108 3268
31 1585
364 514
3119 1556
2732 4152
1514 4482
245 789
456 1308
58 114
881 3227
1254 2192
1787 2872
1640 623
3630 403
861 4121
4379 2186
773 1271
4141 2937
1110 3270
4588 823
4576 2878
2575 3890
2810 264
658 1914
340 960
4134 4719
2388 3490
464 1332
2279 1136
3659 1826
390 680
4719 4171
1190 2080
244 672
4969 2128
2859 3635
3023 1508
252 216
546 1872
1655 2656
528 1524
71 503
2923 3160
100 162
690 2010
420 1200
2909 4806
3043 3350
2359 3808
664 1932
1086 3198
1266 3738
2887 4672
326 568
923 2007
3945 3781
774 2262
1037 1641
527 260
319 135
1326 3918
2086 465
2687 1340
686 4858
994 167
502 1446
3193 2514
1037 3825
748 1026
2714 2700
555 3713
124 194
3550 2780
3406 4022
1296 3828
174 462
1391 692
2394 4630
61 3000
2689 4348
533 675
461 1617
4708 2574
1520 4500
3964 1038
173 513
770 1513
3472 4658
2051 3304
1207 1686
1234 3642
361 879
2452 3298
2788 4631
2050 4095
1171 1864
2803 4835
4163 2078
2329 3146
974 2862
672 388
2812 3851
2135 1064
144 372
59 26
338 954
308 1782
3202 2176
284 647
4003 4953
4053 4460
1912 2578
2219 4963
4238 4904
2002 4051
202 3862
4352 1782
4762 4351
890 3199
659 268
4119 2884
738 4008
4361 1852
2651 1322
398 1134
2270 4245
4141 924
717 1727
3494 4053
368 3057
3701 53
1180 4604
4496 2995
3927 2810
2488 3346
1402 4146
1725 1368
3196 3355
1250 3690
4053 4093
1198 3534
2188 2905
3804 2421
67 135
2325 2631
1043 518
1260 3720
224 612
3414 2270
1295 644
4887 4573
2972 2439
3706 794
2374 4152
1756 2370
3580 4802
4804 4256
52 98
407 200
496 2661
3231 1671
115 136
2271 3664
1571 1167
2993 2706
721 312
335 496
4412 3743
4643 2318
710 1240
4959 4880
2284 190
2939 1466
2475 716
2982 3493
752 2196
2862 381
3245 4145
798 1687
1092 3216
2978 2778
514 1482
4542 1631
3887 3125
3133 4376
3474 3680
3514 2649
1320 3900
1076 3168
1384 1874
3277 621
4963 2767
2362 264
551 272
3225 3957
3061 865
827 410
2604 2467
3954 960
2401 204
740 2160
194 522
2183 3520
1540 2082
539 3898
4225 1895
1679 836
933 4865
159 208
3710 3705
3691 2776
3393 2771
2815 1935
1480 2002
764 2232
4835 2414
3047 1520
2566 4488
1676 4968
3173 4581
596 1728
1743 4970
1024 1394
1240 1682
2235 770
2284 3074
1371 4374
3910 2341
3697 768
1169 4331
371 182
4513 1591
840 2460
3312 4829
2360 849
1558 4614
705 4209
664 914
2022 3536
243 1487
1686 4998
944 2772
2191 1428
652 1896
2668 1960
179 86
2781 2525
532 738
1283 638
1457 2332
2832 608
3210 2136
1146 3378
1799 896
1430 2122
314 4544
1260 601
500 1440
511 784
4303 4232
132 336
531 2038
4091 2798
4914 4427
1151 572
1188 3504
3633 1598
876 2568
1519 619
965 395
519 4470
640 882
436 4115
4415 2204
2542 1747
3508 4706
1846 2253
2050 2692
2548 3426
2494 177
3988 3191
3371 1374
2848 3861
148 384
2340 1133
3613 3916
3923 3286
448 626
4288 3033
1250 1522
1866 4802
908 2664
1648 2226
4356 4765
1714 746
3398 338
1412 4176
3035 1512
1432 4236
487 3886
2176 2930
445 676
1030 1800
1119 3272
378 2284
526 1783
2095 3376
114 282
1222 3606
4480 764
620 1800
1862 3256
890 2610
1872 967
576 1668
3027 1582
3839 1916
3205 4527
200 540
2843 1418
545 4487
479 236
388 546
1088 2131
4956 2618
1022 1793
2927 1460
358 1014
137 172
3608 3657
438 1254
1143 2227
2576 2501
4752 4967
3136 4210
1356 4008
430 1230
2987 4686
2595 4882
2555 2578
462 1347
196 290
1142 3366
83 4754
3067 1745
694 2022
166 438
1845 2716
2496 635
3560 587
619 2340
3886 4784
125 329
2896 3890
2155 985
2435 270
1524 4606
72 1114
3148 4226
1430 4230
241 4658
3399 2920
772 1058
4742 2516
4304 2935
1193 4423
1214 4642
322 1700
3523 3536
3679 1961
2601 3101
1484 1643
4015 908
4682 2405
1205 4850
544 3261
1024 3309
454 792
635 3910
911 3634
1244 3672
775 1216
1190 208
1504 4452
3467 495
300 3235
3443 1740
1516 285
1042 3066
855 500
3600 999
1001 3687
2008 2706
4002 1613
1463 4030
3993 2545
1084 2512
4198 1372
2099 1046
1039 2120
2690 2018
4453 1768
3812 3770
118 294
3166 4960
1478 2584
442 1266
4360 3337
2104 2014
4019 2006
2493 3249
433 1086
1360 1842
3076 4130
4715 2354
2175 3464
4914 2793
2406 4208
3615 4430
826 2699
4914 1106
695 344
3654 1
961 3882
446 1278
960 2820
3886 1564
1501 2404
2795 1394
3241 975
1919 3088
249 1801
4181 696
2332 366
763 1020
42 66
35 14
1091 542
492 1416
785 2859
1588 2146
2677 1856
4629 1185
3820 409
3042 2059
4763 2378
416 1188
1140 1906
2092 2818
2827 3311
1316 3888
544 754
2447 3952
3369 2912
816 2388
3210 485
660 1920
3455 1724
1077 521
2680 3602
2601 4204
4826 1829
2557 4132
1593 677
1093 2294
2614 1074
4175 2084
2587 1364
1810 256
2199 3692
2068 2786
1423 3040
3544 4754
2310 4040
212 576
731 1144
1934 1374
1711 4973
521 1847
2862 4591
160 420
1103 548
1480 4380
1811 902
1390 4110
1830 1662
3850 934
598 1734
820 2400
94 222
3825 4918
1454 4302
2911 4161
1664 4932
210 570
4547 2270
460 1320
3370 4663
3715 4554
2830 3215
527 3468
4360 2586
948 1174
1134 3293
1298 3227
3360 3863
4469 1677
2391 2591
2792 817
1825 4407
1443 4553
3556 4770
650 1890
4128 4042
832 2436
240 1068
751 2625
2697 3251
2663 1328
2188 2946
3409 2419
4602 4505
52 96
1049 3871
3770 2140
1500 4440
716 4065
3897 4648
64 132
1828 2466
2818 2328
4415 2884
278 774
2348 628
218 594
1176 3468
4367 2180
2607 3175
2020 1000
4029 2736
2926 944
3196 4290
2463 184
561 1448
4699 2369
2792 2567
3418 1397
3831 72
1448 4284
4826 3976
1968 2322
2122 1739
3714 2185
973 1540
3411 4844
4670 4181
2905 4334
945 1933
3057 2000
2847 4745
3208 1631
2645 422
3028 4907
1741 4178
64 114
1038 3054
117 1029
4925 341
130 330
3863 1928
318 234
2791 2835
4025 4063
1048 3084
894 1876
1361 3259
676 930
951 4944
2507 1250
735 929
4167 611
1440 4260
1342 3966
2465 540
634 1842
3376 4530
4793 3166
1534 4542
3527 3446
1070 3064
2902 3240
2495 1244
935 464
441 3885
76 130
2556 3608
1596 4728
1723 2727
3063 4960
377 1295
3121 2765
3396 2943
689 4216
1091 1721
760 2220
2726 1152
2391 94
929 3411
3576 4357
3807 3348
1361 1879
470 431
1660 4920
3471 2703
1088 3204
1402 3318
2986 1000
2724 4777
1649 1609
3623 1551
4091 2042
1432 1938
1805 4071
3071 1532
825 2291
1154 3402
2387 1190
3720 15
3496 4690
1350 3990
3103 4178
2182 3816
3375 3769
2056 2770
1588 4704
863 428
1461 3724
343 774
3350 724
1511 1705
3836 54
497 59
2044 2754
4950 3404
3503 1748
1084 1474
395 194
2769 3531
1158 3414
1229 4561
1544 4572
4319 2156
2869 2163
806 2358
3338 511
666 1938
606 1758
2246 4044
1499 746
4571 1172
1151 2345
4455 4144
910 2670
204 552
524 2301
2227 3592
2560 1783
862 2526
3883 1667
1624 2194
2896 2427
2333 436
4344 4624
2095 4640
988 1346
436 610
1859 926
4770 3820
88 477
682 178
2349 414
1451 722
1446 2528
4850 3433
539 266
1295 3007
4781 4964
4606 3473
1238 931
1215 1936
1664 1704
1303 2080
112 1630
2477 1354
797 2905
818 2394
2039 1016
1677 2857
2268 3664
3568 4786
1691 842
480 1380
1419 3560
2979 4671
4639 1240
4379 1669
2579 4168
1266 1926
4031 3954
504 4547
1020 3000
998 2934
209 651
84 192
58 1772
3816 4842
306 858
4644 810
4436 3323
2698 3505
604 1752
281 927
834 2442
1580 4680
2315 1154
3046 826
2272 3058
2464 2219
4023 2522
1506 4458
3899 1946
520 1500
2632 3538
318 1034
121 2503
4396 1787
124 312
384 1092
712 978
4236 1888
455 224
1416 4188
1116 3283
334 942
1253 4836
1571 782
2879 1436
1984 2674
1814 4665
807 4211
978 2874
1502 4446
623 308
2543 1268
1487 740
360 1020
1403 2393
877 3532
1463 728
2311 3477
1484 4392
1104 3252
1226 3618
1516 4488
3019 4888
2078 4545
911 452
963 2879
2534 4432
1242 1231
2850 1371
1235 614
4235 2114
2309 1640
3608 797
582 1016
3432 78
1079 536
467 230
2723 2288
2162 2837
4184 4265
1288 1746
3527 1760
1438 4254
1238 3654
42 1314
4691 1373
920 2700
762 2226
1668 4944
137 375
4737 2978
3918 2706
4707 1806
518 1494
3832 1847
300 840
1452 4296
2733 3088
716 2088
2961 4377
1844 4031
1170 3450
362 1026
1870 1896
294 512
2572 3458
239 116
3676 4930
1606 2808
2909 4708
2717 597
1301 4837
2339 1166
424 594
4635 2478
3477 3833
1695 2048
1546 4578
4885 1227
1419 3525
4069 2768
290 2203
77 150
1442 224
2469 3988
2004 1761
779 2191
1325 2116
2214 3872
1895 944
3652 1765
319 3457
3074 4282
1720 2322
3123 3960
410 1170
1432 1236
1370 4050
1743 2800
4647 3080
3470 1561
680 1980
1599 1074
4289 3794
3260 4711
3246 3248
3983 1988
3593 279
1677 2692
1058 3114
1592 1620
4295 2144
1532 4536
3268 4386
4365 2540
1662 4926
3336 1782
2461 307
2755 4456
467 712
197 989
3610 1664
4506 1734
4691 2342
2752 3698
1976 2474
2807 1400
4026 1359
1374 4062
3658 4587
1249 945
664 1199
2248 3026
3153 3451
1763 878
2872 1346
352 498
1462 4326
3695 550
1411 662
3628 363
3109 3888
4007 2000
2662 4656
1831 2944
392 1116
1108 3264
1458 4314
2041 997
485 1709
3251 1622
3142 917
833 3043
3992 4118
3143 1568
3352 4498
3551 486
4233 3036
3154 2733
1028 3024
950 4095
292 816
3375 4665
2436 2838
3097 3749
1040 3060
123 958
2716 3650
3371 1662
1525 612
1654 4902
860 2520
1228 1666
320 3082
472 705
308 4144
3948 2574
4857 683
902 1576
565 216
1348 1826
2555 4429
426 1218
604 834
251 122
491 242
2133 3471
1552 2098
3239 1616
3636 2028
1504 3767
248 3609
147 106
2235 1372
1727 860
2992 4018
2720 3774
1660 343
2027 1010
3811 4708
775 236
83 38
3196 3414
1028 1919
3722 3092
4934 2848
2196 3303
4057 993
197 605
389 4161
1426 4218
1876 2530
1097 4055
1488 4404
2736 2722
4424 3760
3328 4466
2612 4984
4350 180
4905 1922
3258 2946
494 1422
152 396
166 288
242 2364
1120 1522
4088 1205
4943 2468
1066 3138
4610 1015
3975 4202
3355 1552
2164 2914
1181 4377
3626 1234
2081 2125
2618 955
106 258
846 2478
3219 4784
3160 4242
614 1782
3824 171
2638 1726
1272 3756
1076 1744
4967 2480
612 1776
310 870
4273 3931
596 4770
1026 3018
1251 883
679 1487
4107 3965
4754 2255
3968 1191
2296 3090
4964 4817
1172 3621
1859 610
2207 1100
1777 3664
1264 1553
2571 454
3340 4482
3006 2067
2190 4938
2175 4112
744 2172
4327 2479
1853 2980
1428 4224
3719 1856
1159 1533
460 3408
2270 4466
43 4600
1254 3702
791 392
1037 459
2754 3153
1508 4464
227 110
3683 1838
2652 384
2030 3497
2394 1807
1967 980
107 50
1288 3442
4980 2515
1655 824
3718 1279
3649 3342
3611 1802
4999 810
2155 2296
1546 2664
659 326
2191 969
2872 3858
1870 3943
4449 2786
832 1138
78 174
1966 1820
77 145
3116 2532
1570 4650
1218 1941
1622 4806
1241 4607
4513 3468
2783 3111
1918 357
2535 4096
603 2924
2351 1172
3460 4642
4646 4244
4903 3120
3402 2921
4219 3695
2711 4384
241 3762
3059 1526
1288 3804
3623 1808
3298 4648
2975 1484
2428 865
188 504
3362 4219
898 2634
1567 1049
2437 750
742 1296
896 2628
758 2214
4427 2210
4947 643
694 398
2333 3948
2399 1196
4631 2312
4938 3594
4077 4067
1941 3124
4231 2647
1380 4359
2121 349
62 126
1337 2744
1070 1314
587 290
470 1350
1482 4386
4815 4092
270 750
4210 2772
232 636
581 2077
1646 2604
389 1341
1024 3012
560 1620
737 639
4893 3816
1354 4002
3830 532
4881 2763
1667 830
593 2123
1510 4470
4867 465
2385 874
4265 2387
4499 2246
120 2676
4119 2897
1656 2338
2840 29
1449 3039
970 2850
1208 3564
3322 4352
1372 4056
643 2403
282 786
1606 4758
3208 4306
2579 1286
49 52
1672 4725
3522 3473
348 984
3155 4694
592 818
4944 2161
2502 4376
1084 3192
1424 4036
1614 4782
2608 3506
2082 2469
1160 2813
3820 616
394 1122
1060 3120
4786 913
1768 2386
592 1716
954 2802
1014 2982
2785 4007
3436 4610
725 2629
1572 143
335 164
451 4437
702 2046
887 2928
798 3615
2319 750
4484 1620
2451 818
1910 2614
1616 4788
4749 3651
594 1722
4279 2776
3099 117
4413 311
29 3559
1 3879
878 2574
4724 2627
2735 1364
2776 3730
1435 2296
4655 2324
4203 209
378 1074
1539 459
1358 4014
4893 3599
376 1068
3539 1766
2006 4111
4361 4810
1062 3126
1255 4031
450 1290
1308 3864
1759 4700
148 226
1555 2476
2837 3432
2263 2538
2636 4712
1585 2231
838 1464
753 1180
263 128
2287 2403
2423 3111
1470 4350
4911 3843
3921 4152
2100 3740
826 2418
143 4849
1424 4212
1347 2152
2117 3412
396 1128
503 248
305 3248
4549 1186
591 1555
4607 4719
3924 2505
234 642
4808 764
2387 3310
822 2446
1196 2553
2826 3956
2518 4809
850 2490
665 1036
3280 4402
3604 4834
69 3437
4862 111
3085 3226
187 4392
1247 3843
4932 1094
3181 1718
4363 3249
160 242
625 1813
857 3222
1342 3216
2287 2892
312 876
474 4876
2945 3533
1047 4712
2498 2002
4240 391
291 424
126 318
1919 956
4603 392
1252 3696
1478 3896
4179 4419
965 1604
2732 4267
54 102
436 1248
2302 202
1163 578
2436 2455
1061 1684
16 444
3323 1658
3424 3957
247 352
1133 4193
836 2448
1318 3894
3443 1718
653 2353
3215 1604
2448 4625
803 398
600 1740
1595 1169
2519 1256
425 1479
2264 1338
1701 4131
1166 3438
1582 4686
247 2495
2535 4982
3796 154
903 2987
1340 3960
814 4251
749 2721
1063 537
718 2094
208 306
2476 3330
1230 3630
2178 4300
897 3492
4979 2486
239 4065
687 1072
161 467
845 3089
1414 3820
4143 2738
1388 4104
1631 812
50 90
2198 3578
2315 3736
112 178
999 3265
157 872
1666 4938
1282 3664
386 1098
2250 2557
2618 4866
1168 1586
3887 1940
3489 1618
3407 1700
1408 1906
50 2803
418 1194
3572 684
146 378
4257 2404
1386 4098
3143 4587
2216 2963
2080 2802
2704 3634
953 3503
988 2904
194 400
1678 4974
2524 3394
2215 2051
629 2261
788 2304
4171 2336
274 762
1496 2926
4471 4949
1160 3420
1835 770
1030 3030
659 1690
3805 2043
1337 4975
2384 4427
3605 4811
648 1884
524 1512
1475 734
4570 881
4127 2060
616 1788
111 222
762 529
4146 1286
181 244
2171 50
4524 3930
4104 1620
1758 4238
711 4108
1888 1040
164 432
3121 3157
1085 4009
45 4921
4397 766
2416 3250
1053 1129
2676 4757
4223 2108
1589 2548
4435 2217
1415 704
2656 3570
1000 1362
4511 3948
98 735
1607 800
3232 4338
786 3438
1512 844
432 2790
796 2328
3395 1694
800 2866
3648 2237
440 1260
773 2813
4400 4115
443 218
1963 4341
4198 4194
2414 1906
933 67
3640 4882
510 1470
419 206
3602 3042
101 1129
4607 2300
4638 4674
698 2034
350 990
3815 1904
904 3852
1950 649
316 450
4043 2018
3947 1970
1699 3840
1931 962
4635 2113
490 1410
484 674
1549 3156
709 1108
347 170
2627 1310
1175 4280
3957 1122
1204 1634
1619 806
4545 2333
144 1855
111 4665
243 4647
2104 2834
1307 4557
2859 2978
1253 4653
677 2445
357 4023
678 1184
2118 3704
150 390
3401 4640
72 156
472 1356
1711 4817
1632 4836
2554 4872
452 1296
272 3083
1656 4908
245 3154
1889 4380
710 2070
3637 535
1558 2577
2220 186
102 246
47 20
430 3431
2860 3842
2560 4439
3848 2430
4343 2703
2051 1022
448 1284
874 2562
4026 387
1099 2726
4449 3373
1524 4512
1761 1279
379 568
563 278
4199 2096
246 678
4747 434
937 4597
432 1236
3424 4594
2599 687
1145 4239
922 2706
2183 1088
3172 4258
2240 2526
3628 38
4455 4544
2308 3106
1040 4834
378 1468
370 1050
3115 331
28 24
894 2276
2596 3490
1912 1642
4531 811
956 2808
842 4972
1852 2498
2009 2028
1366 4038
4196 3909
4664 2240
515 254
4978 4813
4432 3684
1172 3456
2447 1220
1468 1986
4863 3007
532 1536
1418 4194
1113 4945
1078 4992
2443 9
1182 3486
1330 3930
1583 4707
3727 2452
949 3813
557 2113
4096 909
383 188
1206 3558
4991 2492
2493 2485
1000 3104
1396 4128
761 3340
2252 2738
1885 4246
4 34
599 928
779 2608
1904 3082
796 1090
3176 2701
536 1548
276 768
700 2040
437 1525
978 3167
1258 1949
4956 97
4924 551
2512 3378
1178 3474
1895 3075
3263 1628
4640 4157
489 748
3526 3000
2736 844
2565 4217
3627 485
4932 2391
4331 2162
568 786
1058 2193
514 3686
858 2514
3643 2724
1234 4690
3446 4729
930 3984
1222 2136
2874 2593
767 2120
1427 710
976 2868
3803 3688
3470 155
2956 3970
2728 3666
904 2493
301 3319
1008 2964
108 264
2690 2459
2147 3876
140 360
4900 239
736 1010
616 2200
4871 2432
2175 4556
768 2244
3244 4354
398 1529
120 300
2876 3786
1351 2067
1569 4907
2003 998
3657 3818
3959 1976
2839 4075
2568 554
1598 4734
2931 4744
2675 1334
3685 4922
966 1688
280 780
1466 4338
1055 524
3079 61
71 64
314 882
1955 974
322 3135
4624 2990
986 1783
414 1182
413 1433
497 1755
779 386
624 1812
353 3870
172 258
1956 682
3085 4996
1276 1730
4036 4342
1776 1425
790 2310
1209 3703
728 2124
3520 4722
1121 4147
2557 3177
4931 2462
328 466
1286 2248
4787 2390
713 4537
2867 1430
3419 1706
3451 2209
1102 3246
3258 2453
2306 1961
574 1662
3382 4718
3344 3164
202 546
970 303
1405 508
1336 3948
462 4407
892 2616
662 30
2167 4206
1486 4398
2505 3601
487 4424
4571 2282
1219 2274
287 2107
1012 2976
1001 483
68 144
2683 2708
870 2550
1239 1195
1569 1634
307 2934
3179 1586
4980 3133
4364 979
506 1458
61 2529
2130 4798
1323 2203
4403 2198
665 2399
3750 2745
2458 890
2845 1044
732 2700
3258 4851
48 84
2379 1325
1218 3594
3716 2674
4832 4154
1331 3883
731 362
996 2928
3653 3919
248 684
555 856
3275 1634
3777 358
2503 2438
1060 1442
496 690
46 1062
1985 3196
653 4154
3311 448
746 2178
4673 514
4098 2241
140 3906
231 1068
3506 2749
462 1326
2993 1408
1504 2034
802 2346
864 2532
1351 4059
1192 1618
640 3088
1242 3666
3210 2526
2157 715
719 356
4847 2420
4595 2294
4871 4917
810 2370
364 1032
1554 4602
4244 841
3505 4461
1305 3615
2301 4791
2751 2050
4034 2018
3592 4818
1958 3424
1960 4819
550 1590
3706 4995
4907 2450
3082 1490
1946 2287
1997 722
2471 1232
2278 3198
365 1249
4824 4763
1396 1890
602 1746
1604 4752
841 1324
142 1018
2359 2553
116 288
1270 3750
2514 407
70 120
730 2130
4115 2054
2530 3961
2783 2141
4615 3588
792 2316
1846 2699
3960 2459
41 7
4902 299
3093 283
101 237
578 1674
739 3910
4636 3365
390 1110
4084 2966
2195 1094
251 259
2470 4320
4493 2367
2020 2722
1814 1799
4417 4394
742 2166
800 3794
2343 4289
116 2619
1673 3066
1200 3540
2243 1118
3147 1602
4960 4987
4145 2617
4239 4435
190 510
1648 4884
412 1176
464 2067
2273 4474
3043 3610
884 2592
938 2754
2947 3619
4891 2939
2395 208
1252 1218
748 2184
2584 3474
760 1042
1042 3111
1979 986
2225 1740
2726 4768
3297 1866
81 2845
113 283
628 1824
689 2491
1951 4158
296 828
2212 2978
701 2537
256 370
3491 1742
1915 1653
3896 1609
1545 2476
2763 2908
1392 2892
1175 2921
714 2082
4632 1067
1072 3156
641 2307
2529 1568
4561 3810
2843 4600
1355 674
1394 4122
3006 1980
707 350
509 1801
2351 961
3364 4514
2482 638
238 654
2797 3823
1512 4476
822 2406
2833 3282
4742 400
1901 3527
2550 2253
4893 28
1766 3088
4103 3215
3359 1583
2870 3178
1184 3492
1070 3150
1044 417
4703 4363
4024 1305
1121 3702
2086 1192
3605 2208
1035 2929
815 404
1810 3373
1384 4092
293 973
3703 3282
2171 1082
732 2136
4290 1055
3088 4146
233 743
928 1266
1444 4272
2197 4944
2532 1307
4883 2438
3843 2111
1691 2384
2422 3682
80 180
3152 173
3822 2264
60 120
2123 4053
1013 3733
2694 4712
3688 4946
1824 3818
4365 3283
4219 3861
3410 345
3112 4178
2744 3543
1708 2306
636 305
1567 2512
2908 3906
3464 4758
2147 1070
4730 4181
513 4137
2459 1226
983 488
1090 3210
1990 80
884 1068
1313 4883
2513 804
3022 2662
2436 3961
1926 3368
2831 1412
1780 2402
1300 1762
3405 3483
2411 1202
2544 1060
621 964
1156 1570
128 218
4793 4201
4463 2228
4300 15
3907 2144
1547 770
800 2340
828 2424
4248 78
1916 3234
3287 1640
1617 1862
328 924
2560 3442
2597 1151
2875 1546
3688 2642
3836 370
244 354
3750 3126
1399 978
406 526
4943 1643
2513 4060
1258 3714
566 4117
1626 4818
1382 2416
1238 497
1636 4848
971 3709
2900 4167
3131 4079
3045 895
1220 3600
534 1542
4139 2066
1050 3090
320 900
1265 4699
2654 1980
1228 3624
264 732
4222 4519
1888 2365
1118 3294
1406 4158
487 3989
365 336
558 4610
3807 1570
324 912
3018 1458
2357 2487
4823 2408
1120 3300
2645 1167
4135 4998
1652 4896
1343 668
356 1008
739 2505
269 881
612 1904
3594 2911
794 2322
3999 1466
1513 3129
2769 1176
326 918
262 726
3968 2001
1334 3942
3532 4738
406 1158
2717 1238
4760 2651
720 2100
2821 4564
4739 2366
2157 3870
1562 4626
3951 1038
2590 2240
4676 1751
3260 3525
3939 4198
2425 893
22 3694
1810 3918
2105 3316
366 2338
305 1019
2491 4024
2380 3202
738 1853
1204 3552
4672 1588
1973 2888
3744 3545
2493 2096
4967 2701
1158 2024
1490 4410
904 1234
2015 1004
2588 2420
3452 3423
1290 3810
1881 3977
1356 4897
4628 3336
31 2734
562 2680
4242 3652
2428 3266
1594 336
2860 2383
1312 1778
670 678
1474 2147
1538 4554
866 2538
885 1396
1535 764
3700 4962
632 1836
4769 3926
1715 854
4467 3533
1753 3576
1721 2764
2171 1251
1658 4914
2485 1015
797 1252
3386 3032
2246 1029
3923 630
205 3695
2999 4502
1420 1922
2247 1546
1614 3941
65 99
1062 1756
269 388
2573 640
1624 4812
308 1669
1268 3744
4293 4227
2854 4992
191 304
6 8
882 2586
1365 4145
103 1382
1311 62
1492 2018
996 4211
2865 4636
808 1106
1284 3792
1217 954
654 1902
1342 3915
56 108
717 3844
3104 3356
4255 3228
856 1170
2418 555
1325 4929
959 476
582 1686
2054 3592
1446 4278
4937 1472
2615 1304
924 2909
3011 1502
1586 4698
2939 2957
588 3387
3875 1934
650 792
2703 4306
4351 3130
1564 2114
4609 896
2619 627
3797 785
1965 2471
1670 4950
3707 1850
166 4203
503 2366
722 2106
2906 2447
2491 1753
888 2604
4601 3032
2185 4513
185 559
2513 681
158 414
2125 2813
848 2484
1157 4285
4657 1972
2154 3714
4761 945
705 2174
3105 3167
454 1302
2542 268
2303 1148
1160 2774
914 2682
4280 2497
1400 4140
929 4599
2087 1040
3660 3438
942 2766
198 534
1536 4548
626 389
3099 1830
3671 1832
3213 4100
2029 3268
4501 2255
415 515
68 2498
1156 3710
936 2139
1298 3834
1223 608
1716 2754
1590 4710
53 53
1488 677
2423 1208
31 1078
2980 4002
4901 856
2974 60
1515 3481
4475 2234
1129 2830
982 2886
1916 2871
3754 3149
1138 3354
4939 1016
2505 1217
2244 2440
786 2980
3183 3538
3965 36
1507 2834
1080 3180
520 722
891 4719
3097 3844
3145 863
1096 1490
577 892
4067 2030
92 216
2723 1358
4528 2411
4375 4232
808 2364
3065 143
3083 1538
3791 556
3335 1664
1100 3773
1314 3882
3498 3316
1916 2259
517 917
169 1079
928 2724
1721 4565
3168 1839
1007 500
510 3723
1464 4332
3695 3715
2623 4240
1806 923
4451 2222
3291 1283
304 852
1738 2181
4017 330
2747 1370
844 2472
3417 2474
453 1397
3880 1482
1128 666
1098 3234
3255 4506
1193 1900
1340 510
4508 4437
2668 3586
628 866
3251 102
1046 3078
2973 1520
1861 273
1846 860
875 434
66 138
1259 2008
3522 1725
2667 4312
1216 3588
1991 3959
2167 2955
1548 3574
3743 1868
713 2583
3493 333
148 4746
1002 2946
336 948
2296 2218
2547 3866
1414 4182
1450 4290
474 1362
1686 1568
3575 2941
2483 1238
741 3519
4591 2654
4523 2258
1900 2562
525 4754
4320 3538
4309 3994
1701 1405
1500 1461
3971 1982
1162 3426
718 2909
842 2466
4650 1381
1816 2450
756 2208
431 212
2914 4617
2536 3410
4267 1100
3365 3834
4748 3481
972 2856
1328 3924
252 696
832 1087
2598 4544
2336 954
989 3641
3599 1796
2975 4816
3292 3472
3116 2864
4028 932
776 2268
1136 3348
1832 3174
1434 4242
189 1692
2858 2930
88 146
1699 2728
1130 3330
401 1387
2278 3984
1648 2398
724 2112
4365 954
3791 1892
2719 4804
4631 4811
745 2495
288 804
4072 4934
557 1985
1306 3858
52 92
308 864
388 1104
1570 752
3107 1550
2387 4586
3695 1844
4036 379
4775 2384
445 2797
734 2142
3028 4066
580 1680
2891 1442
1839 2313
3476 1216
376 530
965 1890
444 1272
941 3457
225 316
1618 4794
34 42
3786 3596
344 972
2086 3648
2760 1221
904 2652
1236 3648
2644 3554
2830 1003
4994 259
1307 650
839 416
2850 4748
1523 2440
631 548
473 1663
2293 3700
102 176
1168 3444
196 528
70 150
4047 767
4112 1145
1867 2058
3316 3025
3731 1862
779 2985
1308 4751
1175 584
1979 4478
918 2694
2987 1490
458 1314
1850 816
2341 4976
4031 1025
4337 4107
38 3381
711 614
3311 1652
1644 4872
899 446
1584 4692
96 228
1682 4986
1828 2580
3487 1937
1777 767
545 1939
1634 4842
610 1770
3551 3362
1516 2050
3035 1514
3778 4731
1835 914
1728 1040
4583 2288
1033 3431
1019 506
3266 1579
330 930
2824 3794
1161 330
2541 4057
3488 4390
554 206
4130 2392
552 1596
2383 4503
3368 4381
382 1086
32 36
4439 2216
2711 1352
93 1556
1338 3954
548 1584
2771 1382
2139 3448
2903 1448
2740 3682
4691 2786
423 640
2927 1049
4578 1079
4315 1784
359 176
3850 3195
4218 2928
754 2202
1052 3096
838 2454
1413 2260
104 252
3271 340
4060 2635
1100 3240
230 630
207 907
3751 4512
2347 4815
672 1956
4701 2790
88 1200
4933 371
1134 3342
3053 1596
1454 3288
100 240
2155 3913
569 2031
1283 1925
242 666
3504 65
1031 512
4881 3658
1346 3978
1352 3996
3857 4060
1000 2940
4175 2850
958 2155
2161 3484
2007 3232
3693 1658
215 104
1082 1355
170 450
952 1298
4247 2120
16 50
136 348
1893 576
4124 4381
343 1892
1078 3174
2193 209
598 510
4187 2090
3647 1820
472 658
3587 1790
1226 1186
727 4921
1523 758
1814 3465
4859 2426
2025 1235
316 888
2404 3234
2048 279
708 2064
1672 2258
2625 4841
1960 2642
206 558
299 146
3697 4974
4964 106
2236 821
1751 4433
962 2826
1362 4026
259 4206
119 56
4444 1960
1382 4086
4790 700
1585 1000
4358 2967
2267 1130
1036 3048
1638 4854
1367 680
869 3181
1526 568
3299 1343
1794 967
1006 2958
706 2058
2226 2618
1264 1714
2479 3455
4785 3476
568 1644
4748 3547
4349 4344
2645 4276
4456 2717
1886 4556
1319 656
1179 2402
1996 2690
1332 3936
1280 3780
1139 566
1171 4681
2051 2747
4396 3389
230 400
3978 1007
3923 1958
1082 3186
4091 3190
3400 4562
4450 4164
1420 4200
1684 4992
4173 3364
2971 3235
1276 3768
4469 3994
1468 4344
4882 1366
214 582
1409 4741
2457 3317
1777 3158
4387 2504
4438 2861
1650 4890
1516 761
3687 4425
1248 3684
411 4749
69 3853
95 44
2321 173
280 402
3558 811
3549 4067
595 2775
1351 4326
1702 2976
66 950
676 1968
1073 3963
1156 4202
1913 2587
2441 21
3866 4734
4247 737
1368 4044
1094 3222
28 66
1254 4628
4434 1239
2359 2562
1271 632
1313 4641
809 2951
329 1111
1091 1787
1324 3912
3884 3664
2872 4918
3726 2562
93 100
1799 204
675 2956
1765 1520
1571 4634
722 1553
1948 2626
1893 3248
3911 1952
254 702
940 1282
2915 1454
1696 2290
1300 3840
3418 1203
2139 656
2055 4912
1231 4063
1282 3786
125 624
530 1530
1498 4434
122 306
1716 278
759 3827
966 2838
544 1572
2549 2213
4160 1633
1822 1274
4661 3237
1378 4074
819 1288
540 1560
2799 1486
428 1224
284 792
40 60
1322 3906
1496 4428
3040 4082
3834 664
2324 1419
2397 3709
2716 1299
2812 3778
917 3365
2757 2606
821 2997
1574 4662
1329 4497
1144 3372
3939 406
1860 2341
2591 2429
1560 4620
2494 2735
1456 4308
2822 4936
