50 50
2000
34 28
28 9
25 22
8 15
37 34
24 49
44 45
8 5
30 2
3 18
8 45
6 33
21 40
10 10
30 7
45 30
11 26
6 22
48 14
44 32
19 11
16 36
26 12
15 45
9 44
9 24
40 24
42 14
5 17
32 50
19 30
46 21
12 25
34 20
42 19
23 21
10 32
50 32
43 26
34 23
20 18
9 16
25 39
20 6
19 6
45 15
37 40
16 20
3 26
4 50
38 32
39 22
37 12
10 2
22 49
33 43
40 23
23 6
6 27
25 36
2 8
6 16
28 31
1 23
1 36
2 25
37 43
7 2
23 26
17 36
30 39
11 34
41 33
49 13
25 50
22 26
13 23
27 5
39 46
37 13
18 44
32 2
48 16
30 6
14 47
41 23
46 10
27 35
2 24
50 46
34 7
26 49
46 34
34 24
8 44
36 22
40 35
41 44
50 19
33 21
22 13
7 6
37 8
13 30
19 50
14 8
46 11
39 34
45 42
8 12
9 31
14 39
4 8
38 17
31 14
29 26
38 29
23 30
6 46
34 35
39 8
15 15
7 23
34 4
36 37
34 48
40 27
15 41
26 19
33 36
8 4
47 10
48 33
33 32
23 36
41 2
20 16
12 35
45 8
42 27
43 23
36 46
21 33
21 25
22 12
4 10
1 34
49 44
16 14
6 6
44 31
30 26
36 40
43 47
21 9
49 7
43 4
43 37
6 25
18 37
38 14
19 34
14 32
15 38
35 50
19 48
2 31
48 11
37 7
39 12
3 35
17 47
34 32
46 19
24 37
7 11
13 29
1 37
23 24
17 45
4 7
26 23
28 25
44 19
29 27
22 50
17 17
42 44
36 19
36 48
44 43
15 44
43 32
31 9
41 10
28 39
8 47
21 38
24 18
34 45
37 45
14 42
32 17
2 19
3 30
5 38
28 6
39 29
11 16
16 42
36 38
19 22
25 6
30 19
9 8
15 16
21 8
2 27
19 2
2 34
17 11
17 4
13 48
16 25
11 8
36 45
35 24
8 8
42 22
11 49
2 46
26 26
6 41
15 31
41 17
3 9
15 19
34 43
4 40
30 22
40 20
1 13
19 17
3 45
41 39
37 35
39 41
36 28
40 42
40 21
27 9
30 50
10 47
36 44
10 26
3 12
50 17
4 25
26 15
50 44
50 22
42 11
9 10
48 3
29 37
7 42
34 39
42 10
47 14
42 23
12 48
31 50
15 49
28 4
28 38
4 23
28 33
4 18
30 12
23 18
39 11
29 16
8 32
7 37
37 36
1 24
12 44
16 13
38 26
14 25
25 17
32 31
38 2
41 35
26 45
40 22
47 7
32 45
23 16
48 41
15 11
4 30
15 50
49 3
7 5
25 27
10 43
7 10
50 20
34 40
19 44
31 30
30 15
49 14
48 2
21 19
28 13
27 41
29 34
2 1
12 26
36 30
17 34
47 26
36 32
37 28
36 17
2 15
8 11
13 22
47 16
34 3
8 36
3 1
44 9
17 7
12 10
16 19
46 37
7 40
36 39
10 31
4 16
42 38
41 16
1 2
44 41
28 36
47 21
14 30
31 38
19 25
15 10
24 12
1 35
19 31
10 48
50 37
39 4
1 18
15 7
21 21
26 9
45 24
17 15
12 22
30 8
33 23
40 45
41 21
12 29
24 26
29 15
33 49
43 13
19 8
38 35
33 2
46 12
10 35
22 8
37 11
25 43
34 44
41 40
31 47
29 11
49 8
3 48
8 37
43 2
33 27
22 17
5 6
14 40
42 17
37 29
35 44
4 11
4 46
45 41
3 13
30 37
47 41
29 36
7 28
47 30
18 45
31 46
50 39
3 4
8 26
44 46
36 27
38 41
36 10
48 10
42 47
24 16
34 6
16 45
38 9
17 31
31 45
50 35
28 35
29 25
41 11
14 6
43 12
37 10
29 40
31 18
22 18
17 46
6 26
44 22
21 6
34 1
30 33
8 24
43 6
27 14
31 27
49 25
18 14
2 22
42 31
46 33
4 39
14 16
47 2
23 42
42 16
6 24
21 34
45 16
45 37
24 23
44 36
28 49
21 1
10 30
34 11
7 15
20 28
11 2
4 35
9 2
10 14
36 3
21 14
50 10
39 43
7 41
24 21
41 24
20 15
49 36
13 18
32 49
35 42
6 39
30 16
6 47
4 29
40 36
15 8
12 9
34 26
11 29
7 47
10 29
30 28
29 31
35 19
25 34
1 21
28 47
24 43
3 15
2 16
27 19
1 20
41 13
25 41
6 15
13 11
22 47
42 41
9 17
9 45
11 48
32 48
7 49
18 23
22 16
27 40
24 8
21 37
17 30
8 50
14 7
46 49
8 18
48 47
27 48
48 35
10 37
6 36
31 48
19 26
12 45
42 29
11 47
23 13
35 48
16 39
30 10
49 34
9 20
50 24
4 33
26 40
44 8
19 15
1 31
37 33
50 47
11 35
10 44
26 20
23 4
5 48
11 32
29 44
12 21
48 50
33 41
38 5
28 18
40 41
3 8
49 43
28 48
45 19
39 28
9 19
5 50
50 7
4 47
29 6
38 19
9 4
38 24
29 47
45 27
20 31
43 29
31 8
23 31
35 46
10 16
10 19
2 14
48 9
43 49
32 19
37 47
49 18
40 38
36 18
35 9
22 23
50 49
34 22
17 3
15 25
36 13
29 39
41 27
8 2
45 2
48 6
4 26
5 43
49 38
13 34
43 43
41 29
45 47
47 5
46 2
1 15
45 10
19 19
4 5
41 46
50 5
50 50
22 15
18 16
31 44
14 41
39 17
7 39
44 23
35 3
32 41
18 12
16 46
35 31
11 1
31 7
32 28
31 35
14 15
19 20
23 35
38 6
33 1
19 27
47 24
7 20
8 43
12 6
38 20
36 24
28 8
30 31
23 32
31 1
27 3
9 15
15 42
27 12
1 6
31 17
50 42
24 10
12 17
31 2
1 47
50 21
24 41
8 14
18 29
25 7
16 29
11 19
14 50
35 1
24 11
49 11
49 9
15 23
15 6
15 37
42 36
41 19
18 26
43 39
45 36
44 3
27 25
6 43
17 23
45 39
19 1
13 49
47 28
38 38
26 6
18 15
46 36
31 34
13 13
33 33
2 17
32 23
3 10
36 15
22 40
4 31
50 31
18 2
8 33
3 31
28 17
3 50
40 33
10 42
38 34
1 4
26 3
46 22
29 17
12 28
7 21
2 37
30 46
26 32
9 38
15 1
39 50
42 26
22 30
8 35
28 28
1 19
2 5
37 30
22 6
27 6
39 49
37 42
26 44
5 28
31 41
8 28
46 40
19 38
29 9
30 3
47 19
27 30
8 42
15 20
17 48
1 14
33 38
29 19
28 29
34 31
17 26
23 40
28 11
41 15
36 21
21 5
15 47
45 48
33 39
22 42
19 33
19 10
48 1
8 30
23 15
29 50
46 48
37 9
1 27
34 5
30 49
46 45
11 39
38 7
2 40
32 35
5 36
16 17
46 31
37 3
42 18
36 6
33 14
22 31
35 35
31 29
21 17
13 21
2 26
45 7
44 7
13 38
31 15
6 5
42 50
22 4
36 34
47 3
35 8
39 48
9 11
23 27
49 19
45 38
32 27
47 37
21 15
15 17
10 15
42 30
24 40
25 46
12 7
35 25
25 42
2 21
14 10
7 35
19 36
44 30
29 22
39 21
35 32
3 22
46 13
18 10
33 3
26 41
43 16
21 49
48 36
27 23
46 47
18 27
45 25
6 37
22 24
17 19
13 37
16 7
27 34
30 21
12 37
46 28
6 12
45 31
37 5
16 49
29 12
31 31
45 5
16 37
49 20
8 29
30 43
25 15
14 17
1 30
3 28
25 2
13 6
18 17
24 38
15 48
18 32
26 47
39 45
22 46
26 36
44 27
12 2
18 35
33 35
26 25
17 39
23 50
24 7
28 24
38 44
11 21
9 39
31 21
48 24
49 12
28 37
43 11
6 21
44 1
44 48
36 16
12 41
22 9
20 43
5 16
23 38
26 48
18 8
20 2
14 14
40 18
46 41
3 21
9 29
40 32
18 1
9 23
32 10
15 35
41 32
45 14
35 33
25 4
46 8
40 2
8 20
46 17
32 43
46 29
16 34
18 36
17 1
33 5
3 29
48 42
20 14
41 25
29 45
33 29
43 46
18 18
35 41
33 17
39 1
16 3
20 33
26 27
34 50
30 27
5 25
17 18
3 36
21 29
25 49
39 26
5 49
23 1
32 5
15 28
39 42
28 15
29 32
33 50
9 26
7 7
18 42
2 41
11 6
27 45
49 1
7 29
11 20
47 4
9 43
42 32
10 11
11 10
24 6
21 12
30 11
9 35
20 45
49 17
49 26
21 31
40 25
9 47
35 38
14 2
38 27
31 49
29 21
47 32
14 29
19 7
38 10
47 22
42 15
10 21
47 45
2 7
48 12
27 29
23 11
39 35
31 20
41 22
11 45
16 10
40 10
2 38
21 2
19 42
36 42
4 45
32 36
37 24
7 33
37 14
45 49
50 26
18 22
24 15
46 43
2 6
50 29
44 42
40 48
42 3
6 23
12 46
1 40
24 2
40 15
15 27
7 14
26 38
25 20
14 26
17 43
18 38
16 12
45 21
22 32
4 6
1 26
6 20
30 42
29 13
35 12
37 50
17 41
44 26
46 32
25 16
46 44
1 1
26 42
26 16
31 23
34 10
48 46
20 47
24 34
38 8
46 46
11 50
24 22
38 12
17 20
35 34
7 50
32 6
15 30
10 39
37 46
36 49
5 3
16 38
29 29
3 47
29 14
45 40
50 23
35 14
13 46
23 23
48 26
44 24
14 13
35 13
27 4
38 31
23 25
26 14
15 14
20 21
38 43
6 34
25 48
25 31
15 9
39 30
48 40
20 10
10 8
8 40
5 37
50 2
13 7
5 33
21 27
41 3
20 27
15 26
18 31
7 3
24 36
44 44
37 23
41 20
32 46
37 4
50 6
43 18
31 22
19 29
16 16
49 46
43 40
32 30
18 28
9 13
50 11
29 20
5 7
32 15
48 8
7 45
18 9
36 25
20 11
44 47
6 31
32 34
45 44
17 2
38 11
25 37
31 24
39 31
40 49
47 6
13 40
15 46
44 10
1 38
43 50
13 42
15 13
34 37
19 32
37 39
1 8
49 10
27 15
11 12
39 38
12 42
28 40
21 30
34 30
42 25
24 29
8 34
15 3
18 13
3 49
46 6
27 33
15 33
1 43
44 33
16 6
20 48
4 20
11 5
6 30
4 14
27 24
50 1
29 1
46 25
29 42
34 18
2 9
14 43
15 34
4 24
30 14
22 43
41 50
9 36
13 1
7 32
3 46
39 23
24 47
32 40
43 14
25 23
13 3
2 13
33 16
46 16
9 27
18 4
21 18
34 21
39 15
41 42
29 2
6 17
43 45
11 15
47 25
43 36
22 37
32 11
26 35
37 38
8 38
29 49
9 3
41 14
28 43
42 21
47 42
37 32
8 17
20 38
20 1
8 49
20 19
22 1
18 34
15 22
3 2
5 31
5 9
23 47
12 32
9 32
15 36
29 10
49 45
31 12
24 50
24 17
44 50
28 16
45 9
13 27
9 48
9 40
4 48
46 42
27 20
18 6
35 5
39 40
4 28
21 50
28 7
16 9
36 4
22 5
46 20
5 46
35 43
27 8
6 14
14 44
49 42
44 16
36 29
6 2
38 33
50 15
4 22
17 44
23 20
12 47
40 50
26 22
42 1
45 26
16 1
25 29
49 37
25 9
19 45
18 46
14 24
43 48
9 14
10 7
44 38
40 3
2 48
37 22
42 7
26 37
22 3
34 36
9 37
31 32
14 31
22 11
8 16
23 9
14 21
11 41
24 35
30 29
10 22
22 35
26 17
49 15
50 9
11 38
13 43
30 38
12 50
14 1
12 23
35 6
49 50
3 14
32 1
47 39
13 33
17 29
40 7
43 17
25 13
42 13
18 40
22 28
24 14
23 33
13 28
30 40
27 39
49 4
40 39
29 35
11 14
42 49
14 22
33 28
47 29
7 38
36 8
28 34
42 20
36 36
8 46
28 32
29 41
26 18
21 16
22 34
45 29
37 49
18 25
17 8
49 48
21 22
21 7
25 30
6 49
19 46
9 9
19 13
37 31
17 33
12 19
31 13
9 46
22 14
7 19
3 43
20 50
21 45
31 42
7 46
28 21
18 5
24 24
27 43
48 39
10 41
25 8
20 32
36 50
25 5
44 12
17 22
41 7
46 1
19 39
28 45
50 36
41 38
30 20
49 27
41 41
25 32
33 13
18 7
13 2
15 5
40 12
25 45
34 17
14 46
19 41
34 38
17 12
29 3
10 40
44 14
12 18
19 24
2 18
19 28
29 24
3 16
19 47
3 37
11 44
20 41
35 18
22 33
50 27
8 23
21 4
47 47
23 22
23 10
24 9
11 3
24 1
13 14
19 9
30 23
32 8
23 3
30 9
35 27
2 23
20 37
9 25
17 21
32 38
4 27
4 19
7 9
37 19
17 6
31 26
44 15
39 10
35 21
8 7
48 18
7 12
34 41
2 42
23 14
50 25
30 13
47 40
27 42
39 36
50 43
22 41
29 33
42 48
40 43
32 7
21 13
26 24
25 35
38 23
20 40
12 34
38 47
13 50
23 8
29 5
18 41
14 37
25 28
35 37
45 3
35 45
47 31
31 43
38 42
5 5
33 20
47 1
13 31
49 24
39 2
47 34
12 33
17 24
16 33
46 39
12 16
9 33
11 7
39 47
17 40
19 23
36 35
31 39
39 20
11 4
6 38
26 4
27 18
18 43
5 14
3 42
33 37
8 10
45 45
1 28
25 1
32 14
10 33
42 35
40 28
24 5
33 4
46 18
48 5
4 9
20 4
24 42
10 46
41 36
17 10
32 4
46 3
49 39
6 28
18 50
11 25
29 28
16 32
40 19
33 19
40 5
21 43
4 44
37 1
28 27
12 49
20 25
15 40
11 17
43 15
24 13
14 45
4 49
42 9
24 20
9 28
46 23
40 44
17 37
33 7
5 20
26 46
42 5
23 39
34 27
27 2
47 43
48 19
14 4
42 46
26 10
26 39
18 24
11 46
17 32
45 17
8 1
44 20
42 2
38 13
1 39
1 49
49 22
48 4
7 30
12 20
46 38
42 42
28 20
14 9
48 29
50 16
48 15
6 8
45 4
23 45
34 16
3 7
43 38
9 18
32 29
5 21
41 49
21 36
23 49
3 41
21 10
2 43
9 5
29 30
3 17
27 46
45 28
49 31
47 44
20 8
1 25
17 28
25 10
31 33
48 48
1 44
27 13
29 8
44 39
5 23
10 49
44 6
12 36
49 33
41 43
10 20
25 44
32 13
43 19
43 24
13 19
48 28
11 18
43 5
31 3
40 31
22 21
27 28
34 14
27 11
19 14
28 23
27 7
31 28
11 9
16 31
33 30
4 37
26 34
41 37
49 16
14 12
32 24
38 16
4 15
29 43
39 24
43 20
37 27
39 3
33 34
3 25
42 45
7 44
24 32
33 40
48 21
33 24
36 33
49 30
27 1
13 17
23 2
21 35
16 27
47 20
32 39
50 41
7 17
23 48
34 33
44 17
4 32
3 3
11 24
13 20
47 8
35 36
13 35
43 21
5 42
26 11
10 1
20 29
26 30
47 49
38 28
2 3
28 12
46 4
34 42
43 9
15 2
22 36
23 43
48 49
26 31
2 10
11 40
30 18
42 39
26 2
12 3
6 18
13 15
21 39
40 13
27 16
6 45
34 29
50 8
20 26
5 15
14 38
21 11
35 29
30 24
49 28
43 33
39 6
17 49
2 30
20 17
28 2
20 49
38 48
10 27
5 29
43 31
8 6
31 37
12 39
8 41
43 41
28 44
17 42
1 10
38 18
26 28
48 34
21 48
7 22
42 12
24 3
27 26
39 33
32 3
34 47
44 13
5 24
13 25
34 34
4 2
8 13
4 12
14 23
1 50
6 40
24 44
10 23
16 28
8 31
36 47
45 20
44 40
45 50
50 14
17 38
36 11
11 42
6 9
32 18
34 15
43 3
21 47
10 45
40 14
36 2
22 7
48 13
44 37
5 13
16 24
8 9
10 18
47 36
27 32
12 5
25 40
11 37
36 41
2 44
49 40
27 37
35 2
13 47
49 23
32 32
24 45
48 30
33 45
20 46
33 46
29 23
36 14
38 39
16 48
17 50
40 40
35 47
29 7
45 18
1 29
6 35
34 19
45 35
14 27
6 48
48 17
31 40
11 43
47 46
29 18
13 39
41 5
44 18
5 34
49 21
1 7
4 4
29 48
11 11
16 11
37 16
31 11
5 40
16 8
27 36
35 10
39 25
45 11
20 42
19 16
17 13
7 4
16 4
37 44
23 17
8 48
23 19
33 10
38 21
10 25
30 5
33 11
5 39
49 47
33 9
24 33
35 22
44 49
45 46
14 48
1 5
6 4
10 34
37 2
44 29
37 26
47 12
45 33
43 30
20 12
35 30
34 2
48 27
7 27
38 50
2 33
12 15
7 16
5 1
9 7
25 24
34 49
33 15
1 48
25 19
41 9
19 43
4 43
30 32
34 8
9 6
50 13
28 30
45 12
36 20
19 4
36 26
43 10
6 19
10 12
46 9
22 29
10 6
1 16
43 1
14 33
32 26
43 42
43 25
10 17
33 12
29 46
10 9
43 35
47 17
2 4
31 19
20 24
50 18
44 35
18 11
2 29
37 20
20 20
5 19
5 2
22 10
43 8
31 25
34 25
13 4
9 34
24 4
4 36
17 25
40 6
16 26
19 35
4 1
31 5
32 9
19 5
18 3
23 7
47 48
13 16
32 20
11 13
42 4
50 34
9 50
18 47
50 3
50 12
41 28
32 47
23 44
37 17
23 28
35 7
46 27
