1000 1000
1000
128 174
269 808
315 313
323 321
374 502
463 461
173 520
822 946
309 431
554 742
279 277
402 552
843 841
659 921
602 247
687 685
32 46
664 928
975 149
179 249
791 789
34 46
470 630
1000 633
259 400
413 554
305 916
671 669
811 809
819 817
650 870
19 25
27 25
474 502
747 745
93 339
264 368
356 478
247 742
275 826
281 844
119 358
461 618
19 17
67 65
189 606
991 989
619 865
362 866
7 22
710 950
27 82
206 278
344 462
349 550
344 480
204 284
686 918
205 616
530 710
515 690
479 642
663 661
45 136
251 754
767 32
771 29
574 802
767 765
253 760
462 544
617 826
139 137
947 945
679 776
304 424
161 484
716 958
820 51
683 681
689 922
583 581
530 448
371 498
103 310
267 265
89 122
691 689
234 326
651 649
639 893
434 606
507 505
531 529
931 929
649 907
483 481
491 489
499 497
9 28
595 593
975 973
39 53
182 246
241 724
823 843
131 763
77 106
447 445
147 145
871 869
602 806
41 58
320 430
264 706
37 112
47 142
709 991
575 573
14 18
389 522
405 130
199 277
11 9
484 676
159 157
107 105
455 453
835 833
125 599
817 718
329 459
287 862
399 397
662 886
164 141
105 316
603 601
67 202
133 400
959 957
119 162
254 354
612 643
308 414
79 77
127 125
956 31
129 388
439 437
51 49
219 305
209 282
301 904
541 916
899 897
656 878
424 592
523 521
214 298
215 646
354 494
153 460
323 434
739 737
707 705
81 244
291 289
175 526
715 713
368 494
137 186
512 686
455 610
224 302
593 966
63 61
641 858
348 662
50 70
257 772
71 98
303 301
149 207
394 550
498 126
194 270
85 256
764 614
731 729
505 995
883 881
474 662
84 116
614 858
122 166
33 100
707 946
515 513
127 382
251 249
791 422
68 94
730 194
233 700
51 154
299 898
599 837
23 21
995 993
11 34
907 905
215 290
59 178
309 422
281 148
421 158
494 662
500 355
95 130
539 537
604 279
624 872
143 141
266 358
140 190
280 558
383 514
207 205
235 706
73 220
15 13
266 611
791 322
44 62
933 490
259 257
83 81
296 891
579 809
12 618
689 963
440 590
158 214
169 235
566 758
422 566
172 141
349 487
315 946
43 130
191 189
679 677
351 349
679 630
551 738
723 721
587 786
277 584
842 665
7 5
339 473
945 633
416 558
213 640
735 733
927 925
587 585
529 739
167 165
988 814
201 604
718 144
553 267
116 590
564 788
184 256
115 346
389 543
254 342
319 958
164 222
634 886
219 217
449 627
689 451
359 501
5 16
610 703
270 865
130 119
635 850
379 377
536 674
519 517
571 569
419 585
454 634
167 502
176 923
110 150
247 245
263 790
287 285
629 266
371 369
940 160
395 393
539 753
272 380
293 880
143 194
667 665
63 190
215 625
879 877
558 854
407 546
338 454
471 711
659 882
15 46
579 577
215 213
209 822
434 582
299 755
235 233
914 258
143 430
176 238
185 250
604 844
98 134
185 556
590 790
620 830
319 307
295 886
411 409
919 917
903 901
309 928
955 953
332 446
20 30
974 631
377 506
179 538
763 761
659 657
548 734
231 694
295 293
489 683
488 654
600 119
374 522
536 718
870 648
271 814
629 842
353 474
803 801
707 873
679 949
1 4
473 634
524 732
938 817
692 926
189 568
171 874
638 854
398 534
347 345
469 655
125 376
688 493
255 766
293 394
567 565
131 394
129 179
3 1
335 333
627 625
59 57
325 976
146 198
674 942
125 787
311 309
65 196
21 64
255 253
353 551
495 493
449 602
249 347
695 693
593 794
135 133
572 766
287 386
316 139
823 821
91 89
333 1000
680 910
987 985
644 900
427 425
746 998
909 256
428 574
64 88
99 137
261 784
635 633
591 589
559 557
271 269
779 777
104 142
155 210
386 518
719 962
229 688
979 977
647 645
131 129
875 873
69 208
155 466
708 621
54 74
923 591
304 846
124 172
245 736
49 67
331 994
594 830
605 810
734 982
177 532
379 529
731 978
631 639
743 994
220 609
589 823
575 770
303 910
363 361
4 4
170 230
518 694
120 216
24 32
211 209
279 838
151 454
76 449
263 261
317 952
87 403
243 241
26 267
727 725
188 254
464 648
211 634
179 242
155 153
862 793
159 478
987 260
407 405
257 346
695 930
249 748
273 820
8 14
847 845
364 508
563 561
155 898
339 337
195 193
476 638
698 934
294 410
755 753
275 370
827 825
227 306
194 262
175 173
611 609
41 124
195 586
197 266
151 149
435 433
479 477
161 218
452 606
134 182
224 312
154 214
437 586
203 201
271 732
134 186
713 954
218 294
375 373
609 812
359 482
299 297
87 262
334 466
307 922
391 389
728 974
179 177
111 109
75 73
674 902
350 470
943 941
321 964
982 910
239 333
749 486
521 311
131 178
269 375
74 102
259 778
395 530
631 629
171 237
159 221
147 442
203 274
299 402
759 757
77 232
611 818
676 939
323 970
265 796
638 891
619 617
283 850
47 45
590 572
398 713
431 668
766 322
434 530
355 353
55 53
212 286
499 697
311 934
467 626
139 418
541 958
461 550
443 441
519 725
290 390
939 937
260 350
101 304
376 614
319 445
399 557
895 893
109 151
318 115
599 597
526 695
608 814
831 829
471 469
491 658
523 354
116 158
221 664
47 66
429 599
135 406
107 146
459 641
269 362
694 970
69 549
787 785
284 396
86 170
699 977
239 322
137 412
569 795
191 574
311 418
988 118
644 862
234 151
751 749
25 76
326 438
807 805
815 813
95 89
725 970
347 466
56 760
239 237
557 746
229 319
169 508
187 185
149 448
242 326
283 281
711 709
291 874
865 383
555 553
655 653
514 718
199 598
267 802
244 340
274 382
141 424
5 10
719 717
13 794
167 226
109 328
527 525
117 352
333 63
329 493
277 832
152 206
171 169
839 837
227 682
458 614
523 315
69 95
403 401
911 909
494 690
614 779
717 774
144 766
626 838
61 184
49 148
56 78
425 570
790 295
313 940
431 429
549 767
191 258
89 123
103 101
404 542
237 712
859 857
838 954
203 610
987 597
410 550
319 317
35 50
125 170
296 967
57 172
94 130
248 334
623 834
92 126
997 76
414 578
300 156
171 514
799 797
521 698
80 110
467 465
71 69
771 769
173 234
316 582
405 938
9 11
951 949
704 984
632 846
856 163
44 60
545 730
367 612
783 781
509 711
647 866
192 873
91 274
851 849
380 510
107 322
263 354
239 533
369 515
223 221
75 226
497 666
898 753
367 365
86 118
935 933
560 750
876 324
506 678
891 444
392 526
607 605
971 969
446 598
329 988
225 676
145 436
584 782
59 81
684 956
181 544
529 499
31 29
446 257
482 646
668 894
503 674
272 366
551 549
897 295
207 622
623 621
3 10
123 370
219 658
144 200
35 106
199 197
485 650
55 166
329 442
157 472
275 273
193 580
863 861
533 714
114 158
699 697
97 292
189 263
299 417
609 851
259 361
341 458
119 165
324 452
79 109
409 571
624 521
187 562
383 381
17 26
119 117
221 298
539 111
13 40
915 913
209 628
324 258
87 85
284 382
327 325
123 121
62 86
542 726
568 834
174 242
503 501
599 802
827 855
369 359
23 34
104 144
539 722
419 562
316 672
29 39
554 774
243 730
547 545
279 389
17 52
431 578
584 816
615 613
978 887
669 935
559 554
446 260
268 33
622 454
99 97
71 214
343 341
815 961
662 464
39 37
963 961
53 160
439 613
591 12
39 118
89 536
285 856
236 318
209 291
544 760
233 314
327 982
675 673
29 88
923 921
653 874
703 701
683 914
578 774
2 6
538 833
883 247
230 310
335 450
93 280
704 942
479 669
65 90
829 908
62 809
35 33
500 670
891 889
149 202
163 490
764 966
430 945
804 375
111 334
200 270
66 492
183 181
255 308
887 885
459 457
987 320
115 113
307 305
451 449
217 652
909 951
534 746
524 702
501 801
307 551
365 490
384 536
317 426
43 41
83 250
415 413
297 892
251 338
792 314
855 853
231 229
775 773
443 594
654 914
867 865
487 485
722 966
296 398
999 997
113 340
121 364
183 550
714 998
847 278
444 620
115 116
314 438
677 906
245 330
858 506
559 781
423 421
313 728
38 54
739 779
661 803
629 879
95 286
11 18
701 938
302 406
23 70
527 706
281 378
543 541
164 228
227 225
79 238
772 107
743 741
362 486
197 592
643 641
404 564
113 154
401 538
671 898
740 990
59 82
305 410
860 101
504 704
419 417
359 357
31 94
540 640
581 778
89 268
19 58
83 114
563 754
795 793
331 329
289 403
737 986
980 931
163 161
289 868
318 324
614 822
511 509
296 592
165 496
29 42
535 533
569 762
639 637
665 890
512 134
509 682
314 422
223 670
983 981
627 349
14 22
967 965
278 374
387 385
101 138
261 315
99 298
835 462
464 622
239 718
715 642
597 764
53 74
596 798
475 473
95 93
26 38
139 193
