55 55
500
44 45
13 21
33 28
15 40
51 14
28 30
21 45
30 52
33 15
3 52
25 28
39 15
12 17
5 29
4 9
51 51
7 28
49 26
4 48
28 33
10 17
11 26
2 40
27 18
48 37
24 36
42 14
7 7
22 22
40 45
30 9
24 1
22 33
51 4
21 16
24 51
1 5
33 35
13 28
44 16
39 44
47 13
49 32
11 14
55 18
21 23
35 40
40 53
4 30
50 10
40 28
29 21
31 36
19 54
23 28
50 52
35 29
9 18
20 1
14 41
17 51
44 11
21 14
22 35
17 28
27 47
22 28
5 10
26 14
2 17
6 28
12 13
39 34
13 44
19 1
30 31
39 7
14 30
47 28
51 50
48 3
45 39
54 26
32 33
15 48
47 19
47 46
19 12
19 13
23 19
15 23
2 8
16 21
10 29
28 40
13 13
38 28
27 54
36 21
32 4
41 1
18 37
46 24
47 54
12 10
6 2
12 48
16 47
11 33
20 10
17 44
33 5
42 8
45 28
3 13
32 37
22 52
40 50
25 8
47 25
26 3
48 26
2 29
23 46
51 41
45 42
6 8
9 20
20 36
50 49
3 4
25 20
23 5
49 28
15 33
30 2
12 11
26 12
25 14
21 26
41 12
37 18
16 17
44 28
55 32
3 10
51 17
39 27
40 40
46 28
28 5
7 1
50 41
52 52
45 53
34 20
55 28
5 28
50 55
37 52
6 49
42 13
28 27
12 40
47 17
10 48
17 26
31 26
32 36
17 6
1 45
49 11
28 12
9 28
13 30
34 17
48 45
51 26
44 13
26 25
29 28
48 53
23 17
34 36
36 30
44 37
26 38
53 32
9 11
32 22
41 46
49 47
31 53
43 43
9 10
2 34
49 34
29 2
49 8
8 7
34 28
5 18
54 28
55 47
4 28
41 39
43 17
40 29
48 40
13 45
36 42
38 24
40 4
52 53
35 28
34 39
5 9
49 48
21 24
55 10
29 43
41 28
35 47
22 43
27 28
17 22
18 50
24 11
27 20
25 35
19 28
35 41
41 31
48 27
39 40
24 29
19 55
38 11
38 43
41 43
1 38
52 15
1 39
52 5
43 35
27 33
26 5
51 5
27 40
15 13
29 7
30 40
26 17
31 49
9 15
25 30
51 30
32 28
16 16
45 37
45 12
11 28
1 49
14 46
42 28
42 55
23 48
30 35
30 28
21 28
55 30
10 10
42 29
7 55
4 54
25 25
42 35
45 9
2 19
7 45
2 50
53 47
27 42
6 1
11 37
31 46
37 42
46 51
6 24
15 20
28 37
31 28
19 31
34 7
39 21
6 46
13 18
24 28
20 5
52 48
14 10
26 32
47 43
17 52
29 34
15 28
22 16
18 52
4 6
19 5
8 15
45 50
19 19
10 47
39 28
6 11
16 11
11 55
13 52
8 13
34 32
1 4
32 13
8 33
48 20
6 5
5 21
16 31
48 28
52 7
9 14
1 41
30 26
16 2
8 21
55 55
43 28
52 14
42 33
12 42
28 28
26 1
40 41
28 17
11 16
17 38
2 35
34 34
55 36
10 15
20 16
52 3
52 39
15 25
44 40
31 27
37 37
2 1
40 37
10 38
36 27
36 6
45 44
14 19
19 24
15 44
13 43
18 28
42 37
37 51
29 46
39 37
29 13
36 12
9 46
43 15
38 25
5 2
38 52
53 44
35 46
20 20
27 48
54 54
50 34
50 28
52 31
15 42
28 14
15 31
49 54
33 43
27 30
48 8
31 11
5 49
36 9
35 19
46 26
15 21
3 8
40 55
35 12
48 15
18 30
47 22
51 10
33 34
42 47
21 25
15 12
54 22
25 15
46 49
10 11
20 28
4 4
33 38
21 3
54 29
30 39
14 16
32 31
35 39
18 21
16 26
37 28
22 27
38 42
26 31
47 52
12 43
40 13
18 23
26 55
16 28
20 29
10 9
43 45
36 28
12 28
15 18
23 27
53 55
1 1
17 43
44 49
52 28
40 8
43 48
46 46
9 17
46 41
31 31
47 48
23 26
10 18
21 53
43 9
54 12
54 19
11 25
30 6
27 3
49 49
33 10
4 18
39 42
27 32
48 11
14 28
51 24
8 28
37 41
51 55
54 15
10 28
7 27
53 28
37 23
33 53
26 28
21 10
40 44
8 45
16 4
7 12
8 19
40 3
4 27
41 18
15 11
51 28
33 49
53 25
45 45
36 41
46 33
2 28
20 25
