5000 5000
5000
847 637
4417 2877
2737 4977
2247 3297
1687 4487
3647 2807
287 217
4277 2457
3227 1897
2107 7
4277 3787
3927 3297
4277 1267
2457 217
777 917
7 707
1687 3577
567 1057
497 2107
707 4907
3297 357
3227 4347
497 1057
707 3157
217 4487
4067 4067
4487 1407
1617 4627
637 567
4417 2387
3437 4487
3577 2667
3997 567
427 4277
1547 3157
2387 2177
4137 987
2597 4487
3927 567
3997 1127
3997 4067
4977 1197
3087 147
497 1477
2527 1757
2667 2877
4487 217
707 777
3997 2597
287 2177
2037 4487
2807 3647
2527 1337
1127 2597
1337 1057
1757 217
2877 1197
2457 637
2037 3717
4697 3227
2807 2947
1617 3717
3857 2037
4067 2037
1617 4907
1337 3087
1617 1337
3997 1267
4277 4137
4697 3507
3927 1477
1687 147
4557 567
2527 4557
4557 2597
4137 3717
4627 3997
707 917
357 4207
3787 4417
4137 2877
1197 2457
4907 4697
3017 2457
357 3157
777 777
1057 3507
2037 1897
4277 4067
3787 637
3857 497
1407 1967
4207 2807
1127 1267
3857 3717
1337 3787
1477 2807
4067 2247
1757 2597
427 3997
1407 4417
2177 567
3087 3787
2037 637
4277 4347
4767 4277
4417 2737
777 3507
287 987
2947 777
1687 2947
1127 3087
4417 4067
2457 3577
4767 2107
567 1127
2947 987
3577 427
1827 1057
3927 2387
3787 3647
217 3927
1197 3997
1057 3857
147 217
1337 2737
2597 357
4627 3507
4767 3857
3717 3297
427 357
1547 3787
427 497
4557 3857
4487 4907
427 1617
1687 3857
2317 3297
4627 2457
2597 4627
847 2667
357 3577
357 847
3367 3717
2037 2177
497 1687
3367 4627
3297 2597
3997 7
847 497
217 3997
497 2807
987 777
1057 1477
987 3857
3157 917
4067 1617
1617 4347
1617 3787
1127 4837
287 4487
3927 3717
2177 147
2667 4277
3857 2667
3997 2877
2387 4837
3157 1617
2877 4067
2457 1127
4277 637
567 4277
217 2037
3157 4207
4487 2527
3157 2667
3717 2107
3437 707
3227 2107
1337 4837
4207 3997
2107 567
637 3787
707 4487
2387 1757
3857 1127
3367 3997
3647 1757
3157 4487
3857 3787
3717 707
3507 1897
357 4907
3857 2177
4977 357
217 3857
4557 3787
77 1127
77 1057
3787 777
2177 4487
1897 2177
147 2247
1337 4977
3087 1197
4207 1407
3647 427
3017 3997
3087 1757
357 1757
1267 4767
1127 1547
777 637
4207 4977
3437 2107
4347 3297
497 567
4137 777
3997 2737
1757 2807
3787 1617
4627 917
3437 1547
2597 217
497 77
1197 847
77 1407
2457 917
357 1617
3157 497
3437 1617
1687 847
7 637
3017 1687
3997 1757
1267 1477
4767 777
2807 3577
2597 637
777 2527
2037 2667
2457 4977
7 4277
3227 2457
637 2317
1687 4557
1267 3017
2597 1757
4277 1477
4207 2387
1127 567
1127 2947
3227 3997
7 4907
2877 987
1687 3087
147 287
1757 4627
847 4277
3507 2177
357 1477
3227 987
1477 847
4837 4207
2037 1827
1547 3017
4697 1267
287 1337
4277 567
3507 4697
3227 1757
1127 2177
1407 4767
7 3647
1547 1617
707 4417
707 707
2107 707
917 2527
77 2667
3647 4557
847 987
147 3437
3787 3087
3087 3997
4767 3577
1967 2737
3577 4627
2947 4837
287 357
2807 3927
917 497
2527 1827
847 4837
4627 4067
3577 3927
4487 147
2107 1407
77 4767
3647 3367
1057 2877
3927 3577
147 2667
1967 777
497 2247
4277 3577
2877 3017
2177 3227
1477 1127
1757 2317
2597 4347
4137 77
2037 1477
4697 707
4697 4277
4137 287
4907 427
3857 4277
2737 2107
4067 427
147 77
1337 4767
4837 77
7 3437
3507 1267
2107 4767
3297 567
2877 1337
2527 2317
3717 287
4907 4767
2457 4277
847 2527
1407 4487
2877 2527
2877 2317
3367 287
987 707
4347 1757
847 1057
3717 3577
2597 4837
777 3997
4067 1967
987 3017
1127 3647
637 3577
3367 1757
4557 1757
1897 1617
987 4137
497 2387
3227 2737
2247 1057
147 4977
4487 1057
2807 1337
4207 4557
4207 3717
1967 3087
1547 1407
4487 3437
2177 1687
3087 2457
1967 77
3997 357
3577 3227
217 7
1407 3087
4907 987
2457 987
1197 2107
4487 1267
1337 427
1407 1687
2807 1967
1197 3717
3227 2877
7 4417
3507 4067
2877 2807
147 3367
3647 847
777 2457
1617 497
1827 777
777 2177
4907 2037
1617 4137
1407 4277
2947 3507
287 2387
1967 1197
3157 287
3087 427
4347 707
3717 4697
1757 3157
1407 1337
2597 3157
77 707
1127 3297
1897 3227
2667 3227
4347 3017
4697 3857
637 1897
4277 147
2177 1547
3927 287
7 1477
2037 4067
4347 147
4207 3857
777 4487
4207 917
2597 3717
2387 4347
1757 4067
1127 1967
917 2387
777 3367
3997 4697
3367 4277
1477 4767
4487 287
1827 4487
707 3857
1617 777
2877 3717
4907 917
3787 1547
777 3647
4837 2037
4487 3927
777 77
3297 1337
4837 4767
2667 3507
3507 1337
3997 217
1547 147
3577 3437
4347 287
4207 847
2457 77
3157 1267
4067 2317
3857 4347
637 357
1967 1477
3927 3017
357 4627
217 3367
3997 2387
847 4137
497 1967
3577 4837
1337 1407
1547 4067
287 3017
4767 4347
2387 1967
3997 4557
1267 3437
4487 2457
2037 3927
1617 357
2947 2247
3437 2667
1407 2947
3507 3437
1127 3367
4557 2177
1057 2177
2947 427
7 3087
1477 3857
2667 1337
2107 1127
3087 4067
637 1967
3087 4487
3647 4767
2527 1547
77 4557
1547 77
4487 2177
4417 1477
1687 567
4347 1197
4137 3647
917 1967
1477 4627
1757 2527
427 3787
4557 1197
1407 1547
427 4207
3367 1687
2387 987
4207 147
567 77
2947 3017
3927 4347
1057 1407
1757 2247
3577 3017
3017 4767
2317 707
2807 3017
847 3017
1897 4697
4067 3787
287 1967
3017 3577
2317 2177
2457 2457
7 917
217 3577
1687 3227
217 987
3647 3017
3367 1127
2317 1197
3927 2947
427 3437
1827 3647
357 987
1477 3367
2667 3857
3017 3017
777 217
2737 3997
777 3087
3717 4767
777 4557
847 3647
1127 4487
427 987
2737 427
3997 1617
3297 2807
1897 287
4137 2107
3507 1547
77 3577
1057 637
3787 1477
3857 987
2037 1197
3507 1617
2527 1897
3787 4137
4137 1757
1967 4557
4487 1547
7 4767
567 2947
1687 1267
3717 4837
7 2527
2877 2597
4557 777
2177 4977
1897 3157
4977 4907
2387 3787
3437 1127
2737 3297
4347 1477
4417 2317
2107 3297
147 7
4207 1757
357 2107
3717 497
4347 4277
2387 917
917 2107
1197 4697
917 777
987 497
3087 1127
4487 4067
427 2667
1617 567
147 4837
847 3857
2037 2947
3997 1967
4837 4837
3577 3787
1687 3507
1127 4137
427 4627
3787 707
497 3157
847 2387
3157 3227
1757 4417
2737 3367
2737 4907
2597 1407
2527 7
2877 1897
2177 4207
4137 217
3157 2387
497 4977
2107 287
4767 2807
2317 4137
2877 3157
2667 847
2457 4697
3507 3017
2527 2947
2317 217
707 4207
4557 1267
2667 1197
4487 3507
3997 3577
357 2877
4417 2457
1827 147
4907 4137
1897 2947
917 4907
3367 4767
1057 2247
987 4207
1967 4627
1127 427
1617 4557
1407 3927
637 4137
147 147
777 1127
3367 2387
77 2877
2527 2807
287 3367
3157 3157
217 1827
2457 707
1127 3787
987 1687
2247 4697
3297 1267
4417 4697
1337 987
2597 147
1827 3577
4627 2807
1197 2247
4557 4907
2387 3647
7 287
3577 287
3367 3227
4067 3227
287 3857
7 2667
3997 4977
3927 1967
3507 287
2877 1757
3507 2107
4207 567
2387 1197
4487 4417
3507 3367
1757 3927
4627 3367
4837 217
637 2877
1547 2737
4767 1967
3297 287
217 287
4697 1687
2877 3857
3087 2947
1407 3017
1967 2177
2737 3717
2037 147
357 2457
1547 2597
4557 4837
2107 1897
2247 3087
1057 567
2947 4137
1127 4417
4697 2177
987 2737
1407 3787
3717 637
2107 4977
4767 4837
1267 567
3507 2387
4557 2457
707 4557
1197 1197
987 4627
637 4697
4207 7
3927 3087
4137 2177
4277 217
4277 2737
4557 3927
987 3927
2387 4557
1617 987
637 3507
2037 847
4347 3367
3647 1897
1617 77
1267 3087
3647 287
1827 4417
2317 847
3227 4907
2807 3157
1267 1827
427 3717
4557 147
2317 2247
287 3507
2107 2037
1687 637
2037 4907
1617 4977
4697 2947
3437 2177
1057 7
847 707
1897 3367
987 847
1967 4137
2247 3997
2247 2807
3227 4697
4347 217
4627 2527
1337 3857
2037 2737
147 4137
7 1687
1477 1547
147 3997
2387 2597
147 1127
2527 2737
1407 2597
3367 4697
2177 3297
847 2947
4347 1967
1547 357
1057 1897
77 2527
987 3367
357 3507
777 4137
2527 2527
497 2877
3857 3227
3227 1967
7 987
2667 427
4977 2387
3787 2247
217 2107
4837 427
1197 2947
3787 147
3927 147
3927 637
4907 2387
427 2877
3087 1897
427 4697
777 567
4417 3297
1617 147
4697 4347
3717 3367
4347 3717
4697 2107
4767 3717
2737 1337
3507 4627
2457 2597
3437 2877
4837 2177
4347 2667
4977 1477
1407 3997
2597 1967
3717 1197
4207 287
3857 1267
217 2737
4627 287
497 847
2247 77
4907 3437
1337 1547
497 4417
2247 987
4837 2457
3787 2177
2877 4277
4697 1197
1827 2177
2527 567
4767 1617
427 2317
3927 2177
4767 147
3437 1687
3087 2527
2667 3997
3927 3787
77 427
3647 637
1057 2597
1477 637
2667 567
287 4557
4627 3857
3437 1757
217 2527
1407 3157
1547 1057
357 2807
77 287
4697 3087
1687 2737
4557 2317
1477 3437
1967 4697
3087 4977
1197 3437
1827 3997
7 2737
3017 2737
147 4487
2177 287
4277 1617
3017 1197
2457 4837
3647 1827
2737 3857
3087 497
847 217
707 3437
3647 3787
777 1757
4977 3297
287 1617
4347 1057
4207 2527
1827 2947
4557 1827
2527 3227
4277 4837
3437 1827
2107 1267
3087 357
3017 917
2387 777
287 3997
2317 4767
1827 4767
3297 217
357 1337
4137 1897
3927 1617
4487 567
3577 2107
4697 4907
4977 2247
3787 2597
1057 847
4417 4487
1687 1127
3717 3437
287 4207
4347 3857
2457 1547
2387 1547
1967 1267
567 1267
1477 4417
147 427
987 637
1057 1617
3787 2737
2597 3507
4137 567
147 4207
1687 2527
2247 2947
77 3157
4557 1547
1267 2177
1967 3997
567 777
287 3787
4417 2177
2457 3857
2107 1057
497 707
2247 4067
1197 707
847 567
147 1617
847 287
1687 4627
2947 1827
2107 4067
497 1127
1057 4067
1827 2037
4977 4627
3437 4767
3717 1267
3647 3157
287 567
2457 147
2387 4067
2177 2247
2807 917
3437 2527
4697 3367
637 4067
847 917
1547 3227
777 4697
987 4977
3647 1267
4417 4767
2527 3857
4557 4417
2947 637
2667 2037
3087 4347
1687 4767
2737 4207
1897 1197
1757 917
357 2597
2737 1617
4837 2877
3437 357
2877 2037
1617 917
3017 77
3927 1057
2807 4417
1827 847
2527 3787
3787 3157
3647 777
3647 4207
2947 3227
2877 847
2247 3157
1757 4837
2457 287
77 847
3087 4907
4767 567
4627 3717
3227 917
1197 1687
4557 3367
3507 3997
4207 3577
3367 4137
637 1687
2107 917
357 7
3717 1337
2387 1337
4137 2317
1057 1337
4767 3087
1687 2387
3997 1477
3017 1897
3717 567
2107 2597
3367 1267
497 987
1267 4627
3577 4557
3227 847
3157 1057
4487 847
2527 4767
1827 917
3367 2877
2037 4277
637 147
1267 2037
917 1197
4137 357
217 2597
2037 3367
3227 1547
1827 357
2597 2807
357 3227
497 4697
2247 707
3157 4137
1267 2667
3297 3017
4907 3787
4697 4837
1267 4207
2527 357
3787 1407
3997 3647
4277 4697
2317 2737
2457 7
4627 1757
2037 2317
4067 567
1197 3227
4837 3297
3297 147
4627 4767
1897 2877
2667 777
3297 4977
3017 217
1547 1547
4977 2807
847 777
4697 4487
357 287
4347 2737
4697 1127
3717 3997
1897 1757
4207 2947
2037 2457
2947 3087
4627 3227
4697 3647
217 4557
2317 777
3857 3927
2457 4417
4067 1267
3227 1057
917 7
77 1687
4977 3997
707 1547
217 217
77 3297
4487 3227
3297 4557
1197 4137
4347 4837
1687 4907
567 4137
4697 4137
3717 4137
1477 217
1127 2317
4627 1827
2597 2947
4837 4697
1827 2387
1407 287
497 4137
1477 3507
147 2597
4347 1687
1197 4347
3647 3647
1897 1407
1687 2177
2247 2107
4417 3577
7 3017
147 4067
1127 1617
1547 1967
2947 217
1057 1757
4907 4347
4837 707
4977 147
287 1407
1547 4557
4067 707
2807 2317
4557 2037
2247 2317
7 1897
2877 2877
847 1477
777 2877
1127 3717
1827 4697
777 4067
1197 3157
4417 2247
357 707
3437 2387
2667 2457
2667 1757
4767 4067
2877 3367
4417 1337
3297 1967
2947 3997
4697 2597
4207 3157
2597 1617
497 4557
3157 1547
2457 2177
1757 4907
4767 2387
3507 2947
4627 1547
1827 1757
2947 567
707 7
1407 1757
3927 3157
1057 3087
4557 4347
497 497
3857 3367
3297 3297
4207 497
7 3857
4907 3857
1407 1897
1197 4767
2877 3787
2877 2457
1897 3857
1827 4627
1757 7
357 3087
1057 917
2947 4557
4417 567
1617 1827
1757 3787
2597 4277
3857 4767
2177 3717
567 917
4977 707
3227 3017
777 2317
4207 3367
3297 4767
4487 2877
3227 3437
4067 3717
1897 4207
2737 847
2597 777
3227 3157
4627 3647
4977 3647
4627 77
3647 707
2877 4207
4277 4417
1477 3017
3437 3437
4697 1057
707 217
3157 2947
217 2807
917 1547
4697 777
287 2247
2597 4767
1477 287
2247 1337
637 2107
2807 1757
4767 1407
1757 1757
4767 4557
2457 2317
3017 287
2667 1407
2877 1407
4907 3927
1337 777
987 4697
147 1897
1617 3437
3787 2107
217 2877
777 4417
3997 3157
1267 987
1967 1337
637 4347
217 1337
1547 1757
1477 1967
1337 1127
4487 2597
1827 2317
4907 2317
3997 637
147 4907
4907 4417
3787 3997
1617 3577
2667 147
1407 77
497 3997
2247 357
3017 707
4067 357
2527 4837
3507 3297
917 427
4767 4627
1827 4347
2597 1827
497 2177
2737 4417
4487 1337
1197 1127
1197 427
1687 3017
1757 3717
1687 3297
4767 7
3017 3927
1617 1617
3087 3717
1547 707
3577 3647
707 4767
3997 4417
3157 4417
3367 3297
1757 1617
427 4067
2667 4557
917 3507
2317 1547
4067 1547
2107 4207
4977 3927
77 2037
777 3437
2737 3787
4417 3787
3507 4137
4207 2737
567 3157
2807 3507
3087 1267
1617 637
987 2457
1897 4767
4627 987
2667 357
1827 3227
357 2667
917 1407
2527 2177
2877 3927
3227 2177
2597 287
1827 2457
1057 3437
4697 3997
4487 4837
427 4137
2597 3787
2037 1967
3017 357
3717 1617
4277 1687
3577 1197
3367 2737
3857 1197
4067 1337
2947 2597
847 1407
2947 1197
4137 1337
3927 4697
77 2737
1197 2387
777 1687
4697 1757
1127 287
637 2527
3507 2317
3717 4207
2177 3647
217 3437
3647 4977
1617 3507
497 147
1547 3647
2177 4417
2947 1897
2667 3787
987 3647
567 4697
3227 427
4697 1547
497 427
1407 2457
3717 1687
77 3017
2527 1687
3437 4557
707 497
4207 77
3157 7
7 217
3437 2247
1897 637
4347 2457
2527 1407
4207 4347
2527 1057
1337 3367
217 2177
2597 4137
287 4347
2667 4347
1127 3577
917 3367
2597 2877
1407 3437
4277 2807
2527 4417
917 2457
3717 987
427 427
4627 2387
217 497
357 1267
1477 2177
4277 4277
4067 2807
4417 2527
77 567
3297 2947
4767 1827
1757 3647
147 2877
217 4347
3997 3017
3157 4837
1057 3227
4487 1757
3157 427
2317 4277
1477 3227
2737 987
2107 357
4697 4627
1757 1827
4417 3647
1897 1267
2107 3787
2807 4627
2877 2947
3017 4837
637 2387
4697 2527
2667 2107
3017 1407
3437 3367
987 3577
1617 3227
3367 2597
4697 2457
2177 847
1547 427
2947 2317
567 2457
3997 4627
637 2597
4347 917
2177 1967
497 287
567 2317
847 3577
2877 2667
1267 217
4767 4137
2107 777
1547 2317
4767 3017
7 4347
147 4627
147 1967
637 987
2457 2877
2317 4347
707 3017
1547 3577
4837 1477
1897 1827
4977 1897
497 217
3717 2527
1127 917
4907 4207
4137 4977
2037 567
4767 2317
4837 917
1757 287
2177 7
4627 3437
1897 217
2037 1337
1127 3157
3927 2457
637 847
2107 4277
4347 4627
1617 2877
2947 4977
217 4067
4347 1407
2247 2527
3857 4207
1057 2947
3577 2037
1757 147
4557 1127
147 4697
2947 3717
287 2667
1127 1197
4907 3017
4277 3647
2037 7
4487 1477
1967 287
917 2597
4137 3087
427 217
3857 2877
2667 637
217 2387
147 777
2807 1477
4137 1267
4837 4557
3507 917
2667 1967
2667 3927
7 777
4417 1757
3577 2807
1267 1897
2667 3367
4417 4837
2947 3927
1547 1197
4697 3717
1127 4697
2177 2667
357 4557
847 1267
2807 2527
3087 707
3997 3717
2247 3577
287 1267
4837 3437
4627 847
4207 4207
4627 2247
2247 287
3997 2527
1687 4347
4697 2667
847 3157
2457 1827
3787 4627
357 4767
357 1057
3297 4207
2107 2527
1547 2667
4067 2597
4277 4557
1897 3577
4837 497
3997 147
707 3507
287 3087
4137 1477
3647 77
707 4277
1617 2037
567 3367
3017 4277
1617 2527
3507 2247
987 427
1127 2107
707 1127
4487 3577
1897 4557
2597 2177
3087 4837
2667 77
2737 2317
707 1967
2527 2107
3297 2877
3087 4767
2597 4557
1897 3717
3857 1477
1407 4627
3017 2387
4487 1687
987 4347
987 3087
1757 2877
3997 3367
3857 1897
707 2947
2107 2737
1337 1267
3087 1687
2037 357
1407 637
2037 1687
4137 4767
3087 3857
4207 1267
3577 987
287 2527
777 7
2317 287
3437 4837
4767 1897
357 1897
2107 847
2037 4207
3227 4067
217 4907
637 3157
1967 3717
497 1337
1757 1267
3787 4557
4977 1617
2107 217
1547 2107
4767 4487
4487 2947
3997 1337
7 567
567 3227
2737 3437
4417 357
3437 2037
1057 3157
3857 1407
2947 4697
567 1337
2037 1757
77 3927
2037 3437
707 3647
4277 4767
4417 4347
917 917
4557 1057
1897 357
3297 1127
777 4277
2177 2527
1407 4907
1197 1617
4487 4137
1827 1827
637 4627
497 3857
3157 4767
1687 357
567 4977
2667 4207
3367 1057
77 4067
917 217
287 637
917 567
287 4907
987 4557
4207 4697
3787 3227
1407 4977
2527 4067
3927 4977
3017 847
3717 3507
1407 4557
847 1687
1407 2527
2387 3297
2667 4487
2247 1127
4907 497
2107 1757
2317 1757
1687 3787
3297 7
3507 777
4767 2737
2317 2807
427 2807
1127 4907
3577 4067
1827 1897
3227 2387
3787 4277
847 2037
7 1337
1477 4487
567 3997
1967 1407
427 4417
4767 637
4277 1827
2177 2177
1267 917
2177 2597
1197 2597
2317 427
287 4067
4557 2107
217 427
3367 427
1337 2947
2947 2457
4417 1897
4207 4907
497 2737
2247 637
567 1197
2387 4907
4067 3017
4557 917
77 4487
3297 2177
2387 497
7 427
637 3367
2667 4417
847 1337
4767 3157
3437 1897
1547 497
77 1267
4837 2737
707 2457
2387 1127
4487 357
1477 4277
4487 3997
2737 147
1827 1127
2667 2527
1407 3577
4277 1547
4907 2807
1197 2807
4347 7
1897 1057
4977 2107
427 1267
1827 4277
3507 217
2947 4627
4627 2947
2037 3507
1897 3297
4137 1687
1267 147
4137 1197
2877 3227
2317 357
4767 987
497 2457
707 3717
987 3507
1687 4067
4627 2737
2037 4767
3647 2947
2807 1127
2387 3997
1267 427
4627 7
1197 3927
3927 2527
3017 1127
3157 1827
77 1617
2037 3017
4347 2107
987 1897
3647 3437
7 1197
847 847
3297 4137
4557 3017
4067 77
3087 1547
707 3997
427 2037
1267 2387
2877 567
2177 3787
3297 917
3717 3717
1127 497
4417 777
1547 567
2737 1267
3717 2317
3577 357
567 3927
3647 987
3787 4487
2947 2877
567 3297
3787 847
4417 4627
1897 4347
2807 287
4557 7
3927 847
147 2177
77 1897
1337 847
4627 4137
1197 3787
3997 2457
2177 1197
2807 2037
2317 4417
1197 1407
3297 3787
1267 287
3017 2597
4277 3367
2457 4627
3297 987
3087 3507
637 707
4697 637
1967 4837
2737 1477
1477 2947
3087 4277
4067 4207
1407 1477
3997 3297
917 1267
3577 2317
3367 1477
3857 847
427 77
777 357
147 3017
3157 3857
1757 637
567 1687
2247 497
2247 4557
1967 2807
217 1757
4417 2667
567 2177
427 3227
77 2107
1337 2247
2177 4347
3507 4487
1897 2317
1827 287
1757 2947
4627 567
4207 3297
847 3787
3997 4277
4557 847
3227 217
497 3507
637 4277
1827 1267
2947 497
147 2947
637 1827
637 1547
2317 1267
1897 4417
4417 917
987 1757
1547 3507
4277 917
217 357
3997 3437
3577 3997
1407 567
4697 3787
1757 1687
287 4977
3577 637
2947 2667
2807 3997
3367 847
1617 3997
3507 3717
4207 3647
637 2037
1407 2807
3927 2317
357 637
2877 3437
1617 4697
4837 2387
2807 77
3437 917
637 4417
4277 2877
3577 4137
2247 1827
3717 4417
4837 4137
1407 1127
357 4977
4277 1757
3227 2317
3017 1477
1617 847
7 3997
7 3577
3157 2317
4347 4697
497 4487
497 2667
1337 497
3017 2947
847 3437
1057 3367
3157 3787
2527 987
4697 2317
1127 4977
3857 707
2527 3017
4837 2667
1407 2737
4907 1197
3437 4207
2597 3297
3857 1337
4977 2947
2807 4347
2317 1617
4557 1407
4277 4907
3787 1337
3437 777
3437 3577
147 3717
2177 2317
1617 707
2107 3367
4207 3787
3927 2597
147 3927
4627 4487
4277 7
3507 1757
1267 77
2527 4277
7 3717
287 3717
3157 1757
357 3927
427 287
2177 1477
1197 1897
3857 3087
3297 2667
2807 427
1267 2877
3647 4837
3857 427
1827 2527
3997 4907
2527 77
1967 2597
3087 637
3297 1687
987 357
3927 3997
3297 2317
1127 2527
217 4417
2177 4067
147 1267
4067 777
2177 3857
1337 2457
1337 147
777 4977
1197 2527
777 2107
2317 3087
2737 2457
2177 2947
707 1057
427 777
4837 1757
3927 777
4557 1617
1337 2807
1057 2457
1267 3927
3227 567
4767 3647
2457 567
4697 847
1547 4487
2387 4207
1127 1757
1897 987
2387 427
1687 1617
3787 4977
3157 4347
3927 917
987 2527
4137 4417
1547 3367
1127 147
567 847
3717 147
3017 4557
357 4697
1407 7
3157 987
917 357
2807 637
847 1757
1897 4627
4137 2807
1197 4977
2947 3437
4067 7
4907 7
3927 4207
3857 1547
2737 1197
707 3087
3297 847
77 1967
1267 1407
2947 917
1477 2527
147 2317
2247 4837
77 2177
77 7
147 3647
1197 917
3927 1897
4627 1197
357 497
987 4767
77 4907
3717 3157
1757 4137
637 2807
3857 357
4767 1547
2247 4137
147 1687
1897 3787
1967 1897
1337 3577
4627 3297
1057 4207
2247 1687
2387 2387
2457 1617
7 2387
3927 217
987 3437
3647 2107
4277 3997
3297 2107
4487 1967
2597 3997
2107 4627
2667 2667
2877 3297
2667 4837
2037 987
497 3437
2807 217
4767 217
707 2247
2247 4347
2037 707
1057 3787
287 847
2177 1337
4557 3997
2737 2877
3297 1407
7 2947
1827 707
3857 1617
987 1337
1337 3157
3577 2737
1197 1967
3157 2457
3577 2527
3927 2737
3787 287
4207 1127
357 1547
2737 287
987 147
77 3367
3157 3297
2947 1967
4697 3297
2667 287
4137 1127
4557 4557
1687 1827
1407 217
4767 4697
2317 1897
1547 4417
4067 3087
1057 2317
3997 2037
917 1687
917 2807
3367 357
1827 1407
4907 2667
1687 2667
1827 2247
917 2037
1337 707
1967 3787
2667 217
3857 3507
1897 2527
567 1477
1267 2947
1897 2247
3367 2807
2317 917
3367 147
1757 2177
3017 2037
1197 3577
3647 2597
2667 3647
4767 1127
3367 4417
637 3647
2457 4347
3577 777
707 2527
3017 4977
4837 4627
1057 4417
1197 637
2037 3787
1407 3717
2037 497
4207 3017
147 4557
4557 217
4837 2527
7 3787
4837 567
1127 707
1967 217
3857 3297
1057 707
4837 3717
4137 3577
3577 1267
1547 4837
1127 1477
3717 4557
4487 4977
2597 2737
2177 4627
217 1407
1267 4417
3857 4837
1897 567
2947 4767
3157 1197
2247 1617
4977 4137
707 3297
4627 2037
3437 1057
2317 2317
4907 2107
1477 357
4347 1617
777 2947
1547 847
3787 497
147 1827
77 1197
1827 497
1197 2177
4907 637
1967 4067
1617 4207
357 3437
3437 2737
2527 777
2247 2247
357 1407
2597 3577
3787 2947
427 2737
3787 1057
147 847
4417 1057
3857 3857
147 2387
3857 3577
2807 2667
4067 4417
4347 4977
357 147
1897 3017
1127 2457
7 1127
1267 4977
1267 1337
2387 4697
987 4417
1407 2177
3367 1967
2247 4417
1057 357
4557 1337
3997 3507
3297 3997
4557 2247
3857 4557
2317 3857
217 4837
1967 1967
1827 3717
1337 4137
2107 1617
3227 4767
4557 2807
987 4907
1757 4277
4697 4207
2877 707
2107 427
777 3297
2807 1267
217 3087
3227 357
2597 1547
3787 4907
3367 917
4907 3717
3297 4067
497 3367
3647 1477
1897 1337
1057 4487
147 987
4627 217
1127 1687
357 4417
1687 4417
567 2877
3577 4697
357 1127
1757 1197
1477 1477
567 287
3157 357
4207 1547
2737 4557
2947 1127
2527 707
4837 3087
847 4907
1687 427
4347 987
4697 4067
2317 3717
4277 2037
3717 2737
2807 4137
2807 1547
2877 3087
1127 847
4837 1617
2527 3997
3367 1407
2737 917
3297 1617
3297 2457
847 357
1547 2177
4347 1337
1477 3647
1897 777
3787 2387
3717 2597
3647 217
2597 3017
497 4837
7 2807
2317 4207
637 7
2177 4557
1827 1547
2947 707
1757 1407
357 2387
4487 497
2387 1407
2037 2247
2317 2107
2877 4487
777 4767
777 3787
1897 4277
2037 2527
1197 1267
1547 1267
4767 2037
4907 3297
3647 4907
4627 4697
2947 357
3227 2247
2947 4207
3437 3927
2807 1197
3577 77
3017 987
1127 4347
77 1827
497 2947
4417 3997
217 4627
2037 3997
777 3717
1687 3437
1127 3227
427 3297
3577 847
707 287
2947 1057
3087 3227
1827 3017
3577 3087
637 2947
2037 1127
77 987
2037 3857
4697 3157
4487 7
567 357
2737 4347
1057 1967
4627 637
1757 567
2317 77
2667 4907
4207 4837
147 4277
1897 77
1687 4137
1197 1757
1547 1127
3227 287
3857 1967
1267 2247
1617 3157
3297 3927
3857 2457
707 987
2317 7
1337 3017
4837 2947
77 3507
2457 2247
2597 77
1687 1197
1547 3997
2597 1267
4417 7
3507 4837
1687 2037
2457 3787
917 2667
707 3787
4347 2387
4977 3507
3507 497
2807 2107
1687 4977
4487 4627
2177 497
4137 147
4697 2877
7 77
4347 4137
147 1197
1267 2527
2037 3577
3437 287
1127 987
2807 1407
1267 4697
3997 3997
1197 2737
987 2807
217 4137
3297 4627
1617 1547
1267 4907
147 707
2737 2037
3857 4907
1057 2527
4977 427
567 427
777 4627
3157 3647
4837 2597
987 1127
567 3577
4977 987
4907 1477
3227 1827
1127 1127
287 3647
217 707
2037 217
4417 1827
2527 287
1477 777
3507 4277
777 1827
77 3997
2177 707
2387 2317
2807 3787
1057 4977
1687 2317
1967 3017
1267 1057
2667 917
3787 217
2247 2387
1337 1477
4627 1477
4347 4067
3087 847
3507 147
3297 4277
4837 1967
4137 1407
1477 7
7 4207
4137 3507
707 637
3997 2807
4137 3367
147 497
2807 357
217 2247
217 1967
1267 2317
4907 4837
497 4207
4557 77
1687 2107
1197 3367
917 847
2317 567
1827 567
3647 3927
1197 4557
427 1057
77 4347
4487 4347
2317 4907
2317 3157
2597 1127
2317 147
3437 987
2107 3927
1407 1057
427 637
1197 1477
4627 2597
4277 2247
4417 637
3437 2317
2387 3717
3017 3297
3927 497
1057 1547
567 4557
2877 3647
2457 2947
3717 1057
2457 497
4767 2877
4207 777
2457 1757
2247 2667
4067 3157
2667 4767
1827 3367
4697 497
567 147
2457 1337
3297 1897
2737 3157
1827 3787
497 777
287 1477
2527 3577
1337 4697
3437 3507
4557 3087
4067 1407
1337 637
4277 4207
1197 777
987 2037
147 3297
2737 7
2387 357
3437 1197
4977 3787
2947 2107
777 707
777 3157
1267 3297
1127 1407
2597 2317
3297 77
1407 777
4557 3297
3647 2177
567 3717
2807 3717
3087 1617
4907 1757
2387 2247
3367 217
2947 3857
1617 1197
2667 1897
7 357
1617 3647
1337 3647
1687 1967
3297 3507
2457 777
1127 4557
2877 1127
1337 217
2247 2597
1197 2037
4557 2527
2247 3227
3087 2737
7 4067
847 4697
3017 2107
3157 4067
3297 3087
2247 1897
4277 427
4347 4347
287 917
707 4697
3087 4137
1617 1057
2667 3717
1617 3927
2387 3367
1477 2457
2597 497
2037 3157
1687 3717
3227 3857
2737 3577
287 2947
4487 1897
1617 3297
1197 7
1547 217
2317 987
2877 1057
3507 4417
1547 1897
3997 1407
287 287
4557 3577
777 2597
4207 1337
2667 2737
637 2457
357 4487
1827 2737
4137 1057
3997 4137
4067 4487
4557 4277
1337 917
4067 2457
3437 7
2107 2387
2807 2177
4347 2877
2877 4767
3157 1967
1687 1897
1057 987
2877 1967
3087 1057
2947 2737
4557 3157
3787 2527
4767 427
3227 4207
3787 3717
707 3227
1547 4907
4977 1127
4907 2177
217 1897
4837 1057
4907 1827
707 2177
3577 3367
4417 2037
1757 4347
7 2597
357 1687
2457 3717
217 1477
777 2037
147 3577
1267 1617
1967 3577
7 2247
2737 2667
4137 847
7 4627
4207 4627
707 2107
1827 3297
4487 3717
2247 4207
3577 4977
7 3927
4767 1687
3787 4697
3017 3087
357 3857
4977 2037
2597 1337
1197 3857
497 2527
4907 1617
147 3857
4627 147
2457 3227
217 2457
2107 3717
147 637
3577 497
3577 1967
3227 637
7 2457
917 1827
3017 1057
3927 2037
1407 3297
777 1407
3927 1757
1967 4907
2037 427
917 3087
1687 1757
1337 4067
777 1547
4487 3017
427 147
4557 497
1407 357
3017 3507
1197 4067
2317 2877
77 3857
2177 357
497 3717
4277 3157
1757 4697
4487 3087
1687 917
847 1967
637 917
3647 1687
3227 3227
1757 3017
147 2737
3157 2527
4277 3017
4767 2177
2667 1057
7 4837
4837 847
1897 2667
3157 4557
2247 2177
2947 7
7 497
4417 3857
3997 917
1757 2737
2037 917
2947 3297
2177 3437
1057 1267
3437 1407
4487 3157
1057 2737
77 4697
3997 3087
1477 1197
3997 4487
2807 7
3157 3927
427 3017
2877 2737
3647 4697
3997 4347
987 4837
2247 1967
4767 3437
917 4347
2247 3367
3717 3227
3927 3927
2457 4907
4837 4417
4277 3717
77 2597
287 4697
2457 1687
427 1477
427 2527
2597 2667
2317 3927
1547 2947
1687 217
3927 77
3017 4417
4977 3157
2457 1267
2807 497
637 3997
707 4977
4837 2107
2387 217
3577 1057
2247 2037
4277 3297
1057 1197
4207 1897
4557 4487
3367 4837
4767 2667
4417 3157
3577 2597
4767 2247
3717 1127
2107 1687
357 2317
4067 1477
217 147
497 4767
1057 1827
3437 3017
1687 1407
4977 7
1127 4277
1127 2807
2177 4277
3997 2107
427 3157
777 147
3297 2387
4557 357
4137 4207
3367 1827
707 427
567 4767
4977 2597
2527 3437
1337 1197
777 1057
2737 4837
917 1057
1057 2107
2457 4767
2737 1827
3437 2457
3297 3717
4137 3227
1757 4207
3157 1477
4207 3437
4417 3367
4487 1127
4067 2107
2737 3927
4907 4907
3717 1757
147 1477
1967 2247
637 2737
2457 357
2737 1897
4347 2177
4067 2667
287 3437
3297 497
4277 4627
2807 4977
917 3927
2877 3997
2247 1757
4277 1897
1757 427
3857 4067
3437 637
3367 2037
2107 3227
2527 847
637 1267
2037 2107
4137 1547
4417 2597
3647 3297
287 4417
4837 1827
2597 4417
4767 3787
1687 2877
2527 427
2807 3297
3437 217
3997 1057
1757 707
917 1127
1337 4417
2597 4067
4767 3507
1477 3087
2317 3367
3577 3857
4767 4417
4347 777
3717 217
2527 4207
2387 567
2597 2457
777 3017
3227 3717
4837 2247
1967 2457
4277 2107
4277 1057
3507 2807
2807 4487
3367 987
4417 3017
1477 1617
3157 2177
4837 777
4907 4627
3367 707
3087 1827
1757 3367
1547 4277
2387 1057
2947 1477
2457 3017
4977 3577
4907 217
2037 4347
1547 4627
2527 4627
2247 3787
1267 2457
2107 3437
3577 147
3297 4417
3507 2457
3857 2947
3857 1757
1127 2247
3297 3577
7 2037
4627 3157
287 1687
4767 4767
4977 917
77 1547
1687 1547
4067 3927
3437 4277
2177 987
2247 3647
4347 4907
3227 3507
427 2107
3017 3157
1197 217
1617 1757
917 1757
1267 2807
3227 4417
427 567
1267 3157
4277 2317
4557 2877
4487 3297
1827 7
2177 1057
3927 4557
1757 4487
3437 3997
2597 3437
1897 427
2737 3507
1337 2037
2107 4347
3227 707
287 2807
1197 1827
3087 1337
1057 4767
567 637
3717 77
1547 4767
4417 1267
287 3297
2457 3927
77 3437
987 2247
3647 3577
1967 2317
77 2947
2877 217
777 2387
1687 77
1337 3717
217 3647
1687 2457
2457 4557
1967 3157
4277 3087
4837 4277
3437 1967
2457 2807
2527 1617
4837 7
1827 1617
1267 777
1897 3507
1967 1687
707 4837
917 3577
2387 2457
2387 4137
4207 4767
4067 4557
3507 427
427 4487
3087 4207
2317 4837
4557 4767
3087 4557
707 1267
2177 3997
4417 1967
4137 637
2807 147
1337 4627
4277 3927
4137 2247
1617 2107
1547 3717
2387 3507
3157 637
4907 1687
2947 3647
1757 1127
1967 2667
3017 7
2457 427
1197 3647
4837 2317
3997 987
917 1897
3577 1407
1267 3227
4837 1267
3927 1407
3437 3227
847 3507
1967 1827
2037 1267
1477 1827
3927 1127
3437 427
3017 2667
3227 3927
3577 1617
1617 1897
2317 3437
4977 497
427 4977
3157 707
1967 4207
2247 4907
2387 637
1057 287
3857 3157
3997 2947
357 3717
3367 3087
1967 847
707 1687
4767 2947
3927 987
3647 2037
917 4837
2737 4277
3437 497
1197 1337
2807 2387
3227 4487
1407 987
2457 1967
1967 2527
1057 3297
2247 3437
2947 1617
917 2947
2387 4487
2317 2667
357 3017
3507 637
2667 3437
1267 7
2457 2737
3157 3017
4907 1337
427 4837
4557 2947
3647 2317
3647 357
2247 4977
2527 917
287 1547
4417 2807
1267 3367
2597 3227
2737 4627
4557 2737
3367 2317
1687 707
2667 4627
3787 1197
3787 4207
3717 2457
4907 4487
3997 847
567 1407
77 4417
917 4487
4627 4417
7 1407
1127 3437
3717 3787
987 1827
3857 1827
3297 1197
1477 2317
1967 3227
847 2177
2807 1617
4557 427
2177 917
1267 3577
2107 3157
1897 4067
1547 637
77 2247
1057 3717
4627 4627
3787 357
2527 1127
847 1827
4137 4487
3157 2247
4837 3367
217 917
2247 1407
3087 987
2597 2597
4767 917
987 2877
1127 4207
1057 4697
4557 4137
2177 3367
1267 4557
1757 1547
4697 427
987 1407
2387 3437
2177 4837
1967 3507
3367 3017
637 3927
4067 3997
3787 2317
3227 4977
4277 357
217 4277
3927 1547
2947 2037
1197 2667
2177 217
7 1057
3577 2947
987 4067
3297 2527
917 4067
7 4137
3717 3647
147 567
2527 4347
987 3297
987 77
3647 4137
3577 1477
847 3927
1547 3927
567 2667
3927 4417
2107 987
217 1197
2877 917
917 987
4487 4767
2037 4697
1687 1477
287 707
427 1547
3927 2877
1827 2107
4907 3647
4347 1827
4837 3507
77 2317
4067 2527
4627 1407
4627 1897
2737 2807
637 637
4487 2667
2597 1897
3297 4487
707 2317
2877 637
4907 357
987 567
2247 147
917 4277
3017 1337
1617 3857
2037 4837
1687 287
917 4207
4487 637
2107 3017
2667 4697
3157 1337
4417 3927
4837 1337
1407 2107
2107 2807
4067 3857
1617 1407
4837 1197
4557 1477
2037 4557
3507 4347
1057 427
1477 497
3017 1267
707 1407
3227 777
2807 2457
2527 3157
2877 4417
4907 2597
4557 4067
2597 2107
3507 3927
4067 1687
3087 2037
77 3717
1477 4837
4417 217
4487 1617
3087 3437
7 4557
497 2317
3367 2457
3437 4137
357 357
3577 3157
4207 2177
3927 4627
1687 7
2457 1477
3087 77
917 1477
2107 3647
917 2247
4067 4277
1127 2387
2877 2107
3717 847
357 3997
3437 847
1407 4837
4487 2247
1407 1197
3367 567
3087 1407
2667 4977
1477 4137
2387 4417
3927 2807
217 1267
3647 1967
567 3647
3087 3017
1547 2807
3577 1757
3717 1967
4207 987
497 4277
1967 1127
217 4697
4697 147
2177 2457
1547 1687
2177 77
2317 3787
4697 1617
4417 4207
847 3997
1477 4557
2107 1197
1967 3437
4907 1407
3017 147
4207 4067
357 4277
3717 357
3927 1267
707 4067
4487 3647
2947 1687
1547 4697
2107 4697
1337 4347
2247 2457
2527 3297
2807 4557
2037 1407
3017 427
3787 3367
847 2317
2177 2387
1897 1967
3437 4977
4977 4277
287 3577
1477 2107
1757 3857
3787 2037
2807 1897
1477 4207
2387 3927
2807 2247
847 4767
2107 497
4487 707
7 4487
2177 1897
3647 1547
1897 707
917 2317
2877 2247
987 3227
427 7
1687 3927
1057 217
1617 4277
7 1757
2247 567
3157 2737
2457 3297
4347 3507
3857 4697
3437 4627
3437 4697
1267 3647
3787 1897
3717 4067
2247 7
2737 4767
4977 3017
1267 3787
3157 3717
1757 2667
3227 1617
2387 4277
4137 3157
427 1197
2317 4557
1757 1057
3927 1197
2107 4907
2387 7
567 2247
3227 3297
2107 2247
637 4487
1057 2667
1337 567
287 4767
3507 4907
357 2177
4697 1827
1477 2037
4137 4557
3367 3787
4487 2037
1547 777
2177 637
3367 4207
4137 2527
1197 4277
3857 3647
7 147
77 1337
847 1127
4907 3507
147 1407
2317 4627
3577 567
427 2947
2387 2667
3157 2597
3157 1897
4907 847
4907 3367
3787 1687
1827 4557
3717 1477
1827 3157
3437 2807
357 3647
2247 4627
2597 2037
3927 1827
4767 287
2597 4977
847 4067
497 3927
4207 637
2107 637
1477 147
4697 1477
2597 917
3157 3437
4627 357
4907 147
4277 1407
1477 2877
3997 287
2037 1617
4417 4277
3577 4277
3367 497
1337 3507
1127 4767
1477 1057
4067 2387
217 1687
3367 1897
2877 357
287 497
3437 1267
4277 3437
4207 1687
4977 1827
1897 4137
1967 707
3017 4067
1687 497
2317 3647
4627 2877
3507 1827
3577 2457
3227 3087
1757 2037
147 357
1267 4277
2317 2387
847 427
3297 4837
4907 2457
427 1967
1827 1337
1407 1407
3647 4487
1267 4837
707 4137
4627 4347
1407 2247
2527 2247
1967 7
4767 1477
2877 4837
4347 2037
4347 497
3647 1337
2807 1687
147 3157
3017 567
777 4207
4837 4347
847 7
147 2107
1897 3927
147 1547
3297 777
3087 1967
847 3367
1967 4347
3577 1827
4137 4907
4417 1407
1057 4347
1967 3297
1407 2877
987 3787
4417 3717
4767 4207
4347 3227
2877 3577
3157 4627
4137 917
777 1967
357 427
567 4837
2457 3087
2737 2947
3087 2807
3367 3507
3507 567
4697 2387
3507 707
1197 357
1547 3437
2807 847
4417 4907
4137 707
4067 1757
707 1897
1407 4137
4627 427
2177 3157
1267 637
2457 4067
4207 357
1057 77
3717 3087
4137 4837
1687 2247
707 2597
2807 4837
3647 4067
357 1827
497 3087
4627 3787
1057 3997
217 3017
4347 2807
427 3367
3997 4207
1617 3367
1617 2597
4347 2247
287 2597
2597 4907
1057 4907
777 427
2597 7
4907 3997
2947 4347
1617 1267
1967 497
637 3017
2107 3507
2037 4417
987 1967
2877 4347
4277 1127
3507 2737
3507 2667
3577 3577
4557 4627
357 3297
3787 7
4067 4697
1827 4067
2107 2177
3087 3647
1967 2107
3577 2877
4487 3857
567 1547
1827 217
917 3717
567 1967
3857 4487
2457 3647
2247 1477
2597 4207
2177 777
4347 4557
3227 497
3437 3297
1407 4347
3997 77
497 3647
4137 4277
217 3717
1197 2317
4487 3787
1337 2597
1547 2037
1477 3927
3367 3157
4697 2737
357 2737
3087 287
1127 4067
637 77
7 3507
567 3507
4837 3787
4557 987
1687 3997
987 1547
3717 427
4627 1337
4557 3227
3017 1757
4277 77
4347 2527
777 4907
4907 2877
4137 4067
4417 3507
3367 7
4837 3927
3297 4697
4767 2457
3577 1547
3647 1057
4067 2877
427 2247
707 4627
3437 3717
4977 4697
1407 497
77 777
287 2737
2177 3087
1127 77
427 3647
3017 4907
2317 1687
497 1617
847 77
4907 2247
4767 2527
4697 4767
4207 2107
1827 4207
3017 3717
497 2597
147 1337
917 637
2667 3087
3577 1127
1617 287
1967 1057
3997 1547
2387 1617
707 1197
1757 4557
4767 1197
1827 4137
287 1057
1337 2177
77 4837
2807 4767
3717 7
3227 7
2877 2387
2737 1687
3227 2597
847 2247
4837 3157
4907 2527
1337 4487
4627 1057
287 4627
2737 217
2037 1057
4627 4277
4277 1967
567 497
7 847
287 77
1337 3227
3157 217
1407 847
1337 4557
357 217
3437 1477
1197 987
987 2317
1827 1687
2947 2527
4837 3647
567 987
2737 2177
1757 987
3927 3437
3227 3787
1477 2387
3927 2247
567 3787
567 3437
2457 4487
2807 2807
3717 1897
4697 3927
1337 1337
3717 2247
567 2527
2667 2807
3157 3507
4697 1337
1267 3997
2247 427
4487 917
4557 3647
917 707
1967 4767
4067 1897
637 3227
1337 357
7 1267
3157 777
2807 4907
567 4417
567 2387
1897 847
287 7
847 1547
77 4207
3647 1407
2037 3647
2737 3087
4277 4977
4277 2667
217 567
2177 1127
4837 1687
3227 1267
3227 2037
1617 427
1267 4487
2387 2037
4487 777
4207 1967
707 2877
4977 287
3787 3017
217 1547
4207 4487
3227 1127
3857 77
2877 4977
1827 4907
2037 3297
567 4347
4277 1337
217 1617
3857 7
1687 1337
2457 2107
2737 4487
1757 847
3297 2037
2387 3857
7 2877
637 2247
3997 2177
1967 147
4837 4067
987 7
2597 2527
3857 1687
4067 1057
3857 2317
1547 917
2947 1757
3857 637
1897 4907
4767 1057
1057 1687
3367 4557
917 4697
3297 2737
2457 2037
4137 2037
1197 3507
3647 2457
1337 77
847 2597
2037 1547
3577 917
4347 1267
7 4697
847 2107
4347 77
2247 917
287 147
3297 1477
4277 2177
3927 4067
3227 1407
287 1127
987 2107
287 427
4347 3787
1547 3297
4557 3507
2597 3927
3787 2667
1197 287
3367 2947
3367 2107
3787 2877
4417 497
567 217
1477 3717
1197 3087
987 2667
2107 2947
2527 2877
4837 4487
3227 1337
637 427
3507 4767
3507 3157
1337 1617
2877 3507
3227 4557
3087 2877
1897 2037
4627 3017
707 2807
2037 2037
1127 2037
4697 357
2807 1057
987 1267
77 2457
2667 707
2247 1267
917 2177
2457 1897
567 707
3857 3017
1337 3297
427 1897
1617 2387
77 4277
2527 4137
3787 3577
4417 3227
1127 7
357 917
3927 1337
497 4067
2877 4697
2807 4207
1057 497
3647 3087
7 3297
287 2317
2177 1267
147 2457
1897 1547
4137 497
3717 777
3367 1547
1617 3017
427 2457
4907 1267
4627 4907
3787 917
2317 1407
1057 4837
147 1757
1477 1757
637 4207
1547 3087
3017 2807
4207 2457
1267 1267
2947 147
4977 3717
4977 2177
2317 3017
2947 3367
3857 2527
4067 987
2947 1267
1477 1337
2807 4067
2807 3437
2527 1267
707 2037
917 3227
3297 4907
4627 4207
7 3157
4277 4487
3717 4977
4347 1897
357 4837
3787 4347
3647 2527
1827 637
707 567
4487 987
3087 2247
77 3647
4557 3717
3577 707
4067 4767
4277 2947
2947 4487
3857 917
4277 777
3297 2247
4487 4487
3017 2247
217 1127
2667 1477
1127 1337
3997 2317
2107 4417
987 3997
1617 1687
7 7
2107 3997
4557 637
4627 1127
4137 3997
4137 2947
4627 3577
1967 427
1617 1477
567 7
4067 3297
3367 777
3367 2667
4907 1057
3297 3437
567 1897
567 4067
4277 2597
4417 847
4417 4137
2107 4137
217 1057
4347 2317
497 1197
4067 3437
4347 3647
4277 3227
4557 4207
427 1127
2737 637
637 2177
3577 2247
3367 3437
2807 777
3507 4557
2177 3017
1757 1337
4907 777
4977 4487
2247 777
1827 3857
3227 3367
2177 2737
3087 7
2107 77
7 1617
567 3017
2317 3227
3297 3367
3367 3927
3297 4347
4557 2667
1757 777
3437 77
217 4767
917 77
147 2527
987 287
2177 427
4417 147
4417 4977
1897 3087
4277 287
2247 3717
3647 3227
497 1547
4907 4977
1267 1127
777 1267
4417 2947
777 4347
3997 3787
3927 4837
707 2667
3297 3227
3717 2877
2177 2107
1127 217
3857 4627
7 3227
4347 3997
1127 2667
4067 637
3227 4137
2317 2527
2947 1337
2317 1127
3367 3647
497 3297
1197 77
2667 3157
4627 4977
4137 7
3857 4417
4207 1477
357 777
2177 3927
287 1197
1337 4207
4767 4977
917 3437
1967 987
4417 707
2387 847
2877 2177
4417 427
1477 427
3577 4487
2317 1477
1337 1967
4697 1967
4487 4557
3017 2317
3297 427
567 3087
3857 3437
777 1897
637 1757
357 567
4347 3927
567 4487
2107 2317
4907 1897
3157 3997
847 3717
217 777
2597 2247
1337 1687
4207 427
2527 3647
3087 217
4767 847
3507 3577
3157 147
287 2457
847 2807
707 2737
3507 3647
287 777
287 3157
2317 497
4837 147
2947 77
567 2597
2107 4837
427 2387
3017 3437
917 3017
2877 77
3297 707
4067 497
3997 1687
3087 2667
4977 3437
1127 3927
2107 3577
3507 3857
1057 777
2037 4137
1897 3647
1197 497
3297 3647
217 2947
4417 1617
1127 3857
4067 1827
217 2317
1547 2457
4277 3507
3857 2807
2737 1057
2947 4417
3227 2667
2877 497
567 1827
3017 4137
3927 3647
1617 2667
147 917
3017 4487
357 3367
1337 3437
4417 3437
2527 637
4207 1057
637 2667
4907 1127
637 3717
2457 1407
3577 1337
3577 3507
3157 4697
2737 707
1407 917
1267 1547
2597 1057
4907 707
2177 2037
3857 2247
4347 847
3787 3297
1687 3157
147 2037
4347 4417
3157 847
77 637
567 1617
2247 3507
4487 4207
3927 3857
4347 3577
3997 4767
3857 3997
637 1197
4207 3927
3927 7
2947 1407
3017 3787
1477 4697
4837 3227
4977 4067
217 3787
917 4557
637 287
3647 1617
2527 3507
1687 4697
847 3227
4907 3087
1547 1827
1547 3857
3787 2457
3507 357
1617 7
2667 987
2947 3787
217 637
287 3227
287 1827
4767 1267
3647 4417
847 3297
4067 147
357 77
1757 4977
2037 2877
1827 1477
4697 4697
2527 4907
2597 1197
1057 3647
3997 1827
1827 1197
1477 1407
1407 3507
4697 567
4487 427
147 3787
1407 2667
1477 4347
4767 497
427 917
2387 3227
4977 4767
2177 3507
917 3857
2247 847
2247 2737
1757 3227
1197 4207
3647 2667
1127 357
777 1337
2317 2457
4207 4277
3157 3577
3857 2737
497 4907
1057 3577
1547 2387
2527 1477
2317 3997
4697 2247
2177 4697
3297 3157
987 2947
3717 3927
217 3507
2387 3087
2807 4697
2317 2597
917 147
2877 4907
3787 1127
1407 2387
1407 2037
4627 2667
2667 3297
357 4067
2807 567
2037 287
2247 3017
1967 2387
1617 1967
4767 3997
4837 357
4557 287
4067 4837
2457 2667
1617 4487
1267 847
1477 2737
77 147
847 3087
2947 1547
1267 4137
3437 3647
4347 3087
1827 3507
2737 1547
3507 3227
637 3087
1967 3927
1407 427
2597 987
2387 3017
2387 287
3227 2947
2107 3857
1407 3647
217 77
2247 4487
77 4627
4697 3577
1267 707
2317 2037
2667 4137
2667 4067
3157 3087
847 1617
2737 2387
3157 3367
1057 2037
287 2877
4277 3857
4977 1057
1267 1687
2597 3647
3437 1337
1337 2667
2317 4487
1967 917
2807 3227
4277 2527
3717 4487
4977 4557
4907 4277
2807 2597
2457 4207
4417 1197
4697 287
357 1967
1267 357
3577 217
637 4767
1757 4767
1407 2317
427 2597
4907 1967
4067 4347
1057 147
3157 4907
3087 4417
4627 707
1757 2457
3997 1897
217 4977
1547 2527
3507 2597
4837 987
1827 3927
1267 2737
4487 4277
2527 147
4207 3227
3437 2597
4207 2877
4907 4067
3787 3857
3717 2037
3017 1617
2597 2387
1197 4487
1827 2597
3647 2247
3087 3367
3087 2107
3647 1197
1337 287
3437 2947
2177 1617
4837 2807
3577 1687
917 1337
1477 4067
2247 1547
4697 77
637 1477
1757 1967
4697 3017
2597 427
3577 7
987 1057
4067 3507
1897 1897
3647 3507
1617 4417
3647 4347
3367 1197
987 2177
3997 4837
3507 3087
1967 4417
4977 4207
1477 2667
1337 7
567 2107
1477 987
2527 2597
1267 2597
987 2597
2737 1407
3507 847
2667 3577
1057 1127
1757 497
357 2247
1407 707
4627 2177
427 847
1897 2807
3997 707
2317 4067
777 1477
2597 3367
2527 3367
3787 4837
917 1617
847 2457
1617 2457
1477 707
1267 3717
777 3857
4767 77
2737 1967
1337 2877
1827 4837
1407 1827
1827 987
1267 497
1687 4207
3927 357
4627 1687
357 3787
4277 987
2737 4067
3647 2877
4207 3507
3087 3157
2387 3577
917 2737
567 2737
4137 1827
2597 847
4837 1127
3787 3927
2807 1827
637 4907
2877 1477
3437 567
2457 3997
4627 1967
2807 987
847 4557
1687 4277
3787 987
1547 1337
1967 1617
1897 2387
497 1757
3787 4767
4697 1897
3647 2387
3437 3157
3717 4907
4837 287
1407 4697
1757 1897
2317 1337
427 1757
2037 4977
4137 2597
1477 3577
3367 3857
77 1477
1617 217
3297 1757
427 1337
3717 1407
3927 4907
2317 3577
2527 2387
3997 2667
4767 707
2177 1757
2177 4907
637 1057
917 287
3647 4277
4697 217
3367 3367
2247 3927
2387 3157
4277 1197
3507 1057
1687 3647
77 4137
4417 987
4487 2107
497 1827
4697 4417
3927 4767
847 4347
1617 2317
1477 2597
3787 77
1477 3157
637 1407
3087 567
4767 1337
497 4627
3927 3367
1127 2877
1197 4837
7 2317
2247 4277
217 2667
287 2107
2037 77
2177 1827
2807 3367
427 4767
1897 4837
3857 2597
147 3227
1757 1477
777 3227
3927 4137
847 2877
637 4977
3997 777
4767 3367
2037 777
3787 567
2387 2877
917 4627
1967 3647
4417 1687
1897 7
1407 147
4137 4697
707 1757
2667 1267
2527 2037
3227 1687
4487 77
2947 4907
2947 847
2177 3577
2947 2387
1617 2177
847 1197
4837 3857
2667 1617
3087 3927
4557 2387
4347 4207
1407 3227
3717 2807
4067 4977
4977 847
917 3997
427 4347
3367 637
1057 4277
1197 4907
707 3577
427 3087
3017 1547
3647 147
1967 1547
3647 567
3017 3647
707 4347
3087 3087
4627 4557
1757 3577
3297 3857
707 147
4137 2457
2527 2457
1897 1477
1267 3507
1057 2807
3437 147
3017 3367
3717 917
1197 3017
1897 2737
2527 2667
4487 3367
3367 4347
287 4137
3717 3017
2317 4697
1197 4417
4207 2597
77 497
1337 2387
1267 4067
3437 4067
2177 2877
3717 3857
1547 2877
4417 4417
3787 2807
2667 497
917 3297
917 3157
3437 4907
777 847
3577 4767
2177 2807
1757 3507
77 3227
4627 4837
1617 2947
2877 1617
1267 3857
3017 2527
1407 3367
2737 2737
3157 1407
2877 4557
147 3507
4907 3577
4137 1967
3017 4697
2387 1687
4907 3227
2527 1197
987 917
1687 4837
4767 2597
847 4627
4347 637
497 1407
287 4277
1757 3437
4627 2107
987 4277
707 1827
2037 2807
3507 2037
4907 77
567 1757
4137 4627
1337 2317
1407 4207
2597 567
2247 1197
4137 2737
4977 217
4347 3437
427 1827
2877 777
3787 4067
1827 77
3367 4067
3717 2387
847 4207
4977 1967
707 1477
3857 4137
4627 1267
147 3087
3857 217
4347 357
4837 1547
3227 3647
707 1617
4347 1127
4067 287
2737 357
1547 1477
1267 2107
497 2037
3647 3717
3017 2177
637 777
2107 1967
847 4487
2527 497
2667 2177
4067 917
2457 3367
2107 147
1477 77
4347 427
3857 777
1057 1057
3857 1057
1057 4557
4697 7
1617 4837
4907 3157
4067 4627
427 3507
4347 567
1967 2947
77 217
4207 4417
2877 7
2527 1967
4697 2807
2667 3017
1687 777
1477 1687
4697 4557
3157 567
1967 3857
987 1617
4207 2667
217 3227
1337 3927
497 3577
4067 217
497 3787
2317 637
4137 427
77 4977
4627 3087
77 357
77 3787
3507 1477
3367 2247
3227 4627
7 2107
1127 1827
1967 3367
2737 2527
1477 3997
1757 2107
3367 77
4207 1827
2667 1687
2317 1057
4697 3437
4907 2947
2737 497
1617 2247
2947 2947
4067 3577
1897 147
147 4347
1127 3997
3017 4207
1897 2107
2947 2177
3997 3227
4067 3647
2877 427
2037 4627
1687 1057
917 4417
3227 2527
1617 2807
2737 1757
147 4767
1897 1687
2037 3087
4767 357
3087 1477
3227 4837
1407 4067
567 4907
2737 777
2387 2527
3997 497
2457 2527
3507 1127
3017 1967
2387 1477
3997 3927
4137 3437
2737 77
847 147
1617 1127
497 1267
3717 1827
4557 3437
2877 1547
777 497
2807 2737
4907 567
4907 1547
2597 3087
3577 2177
1267 4347
1617 4067
2177 4137
4767 3227
1127 3017
1897 3437
3297 1547
497 637
567 567
1897 2457
4837 3577
4067 4137
3017 2877
777 1617
3017 4627
3157 2877
2457 4137
77 2387
3717 2947
3647 917
2317 2947
2387 2947
287 3927
4277 847
707 847
2947 4277
2597 4697
427 3927
1477 2247
1337 3997
4907 2737
3157 2107
2037 2387
3787 1827
1687 2597
4067 2947
1547 987
637 3437
2457 3437
1897 497
847 1897
2737 1127
3437 3857
1477 917
777 287
3577 4207
3857 287
4697 917
1967 4277
3227 1197
427 2177
3227 4277
4137 3927
3087 917
1197 147
2107 1477
2107 1547
1547 287
7 1827
777 2737
707 357
2737 2247
637 217
4487 1197
3787 1757
1547 4347
4137 4137
777 987
1547 7
3577 4907
4067 2177
2387 77
497 4347
1127 1897
3647 3857
2597 707
2877 287
427 4557
2527 3927
4417 4557
2247 2877
4347 4767
1547 4137
4697 987
2947 4067
1337 1827
2107 1337
2457 3157
4487 2387
4767 1757
4837 1407
1477 3787
3437 4417
3577 2387
4487 1827
2317 1827
3437 3087
707 77
3927 707
1757 77
4417 77
4977 3367
2247 4767
2177 4767
1827 3087
3507 1407
637 497
427 1407
3927 4487
3507 3787
2247 217
1827 3437
3017 497
3017 4347
2667 1127
357 2037
217 4207
3857 2107
2667 1827
3367 3577
357 1197
1967 357
3997 1197
3647 4627
3367 1337
4207 2247
987 3157
4977 77
3997 2247
4557 4697
77 3087
2667 2947
4557 4977
567 2037
4627 777
2737 3647
2807 2877
4067 3367
3157 77
4977 1267
2457 3507
3577 4347
1127 1057
777 4837
4697 1407
637 1617
4767 3927
287 2037
1407 1617
2387 4627
2387 707
4697 2037
2877 1267
3647 497
1967 567
2387 4767
3227 1477
4487 2807
4207 707
777 1197
497 3017
2107 4557
1197 2877
3087 2597
777 2247
1687 987
497 357
1967 4487
4487 2317
637 4557
3157 1127
2877 147
1477 4907
4207 217
1897 4487
777 3927
4627 3927
1827 427
1337 2527
1897 2597
4067 1127
1617 3087
3507 7
3787 3507
4417 1127
3577 3717
3367 4487
1757 3997
2387 1827
2107 2107
3927 2107
4977 3087
2667 2387
1267 1757
3367 4907
1267 1967
3297 1057
2877 1687
4347 2597
3297 1827
1407 1267
1337 4907
4837 1897
147 4417
4067 4907
917 4137
4137 3857
4207 3087
1197 1057
4207 1617
567 3857
4347 2947
77 77
637 3297
1407 3857
2107 2457
1617 4767
2807 4277
7 1967
2527 4487
2527 4977
2667 2317
4837 3997
3087 777
2107 3087
2527 217
1127 637
2737 567
287 1757
3787 427
4347 1547
4977 2317
707 3927
2737 3017
7 1547
3507 987
847 2737
427 3577
3507 2877
4837 3017
3927 2667
2807 3857
3647 7
3367 4977
3577 3297
1897 917
217 3157
3717 4347
2387 2107
3927 4277
4347 3157
1337 4277
1127 3507
2947 3577
1547 4207
917 3787
4207 2037
4207 4137
2317 1967
3787 1267
1827 2877
4067 1197
3437 3787
2037 2597
987 3717
3507 4207
1827 2667
4137 4347
4487 2737
1057 4137
357 2527
1127 777
3647 1127
3997 427
4907 4557
3017 637
4487 4697
707 3367
2107 2877
3507 1687
77 2807
3297 637
2947 2807
777 2807
1477 567
3437 4347
3227 147
987 1197
1057 2387
3087 3577
3157 1687
4207 2317
2947 3157
2807 3087
987 4487
3087 2317
4977 4837
1057 3017
77 917
1337 1897
4557 1897
2737 2597
2877 4137
3087 3297
217 3297
1197 3297
987 1477
2527 3717
2457 1197
3017 3227
357 4347
4557 707
2457 847
3227 3577
497 1897
357 2947
2457 1057
707 1337
4137 3787
637 1127
497 917
1757 3297
1127 2737
3577 1897
3647 3997
4767 4907
