60 60
3000
39 41
53 30
25 57
29 29
26 18
7 15
27 6
27 57
14 13
42 28
35 48
32 34
33 14
28 35
2 30
39 45
41 26
32 48
42 7
16 36
34 33
11 15
33 41
25 9
48 18
5 59
45 39
12 11
15 48
43 48
54 24
44 59
28 31
20 45
51 32
36 47
56 43
14 33
33 11
6 50
31 42
39 30
29 57
41 25
54 47
34 28
47 9
33 56
24 53
45 45
13 3
14 2
29 59
60 11
12 31
37 34
11 12
54 42
43 5
35 30
43 15
44 21
27 4
2 12
21 20
29 21
16 56
8 6
50 43
6 30
30 24
16 50
17 29
23 15
2 32
8 24
58 24
59 39
37 25
30 16
15 25
42 43
8 33
16 54
51 35
20 50
9 6
53 7
50 13
57 26
22 53
10 50
46 17
40 5
3 7
20 15
41 38
22 58
1 41
41 45
26 11
45 33
6 56
21 56
40 21
21 58
43 50
46 7
49 30
36 28
8 25
32 15
40 40
6 19
5 25
55 46
45 57
49 53
50 7
30 12
24 5
5 53
55 56
42 54
6 2
53 22
17 10
43 41
12 27
34 34
42 8
10 7
15 19
41 10
36 11
1 53
35 32
1 32
5 42
44 48
3 60
6 29
60 28
53 56
12 58
22 7
45 43
13 11
33 16
50 37
46 14
45 8
13 20
2 21
23 24
49 52
35 14
30 40
26 42
11 37
59 29
27 21
25 43
19 16
20 5
7 52
16 18
1 1
45 14
22 25
59 24
49 29
59 21
6 23
21 34
26 3
38 1
8 58
53 29
49 60
58 9
31 5
52 50
29 27
27 12
36 40
36 51
11 20
41 54
15 23
28 59
58 32
39 42
31 4
51 10
45 11
18 31
34 48
37 35
51 29
57 37
55 51
60 52
3 6
49 18
20 10
26 28
8 34
25 41
21 7
29 23
13 43
56 51
47 14
25 34
49 33
10 46
7 58
42 45
35 22
3 3
3 20
54 35
13 34
24 35
5 16
52 53
28 19
58 47
56 40
34 49
15 42
47 5
6 12
55 32
14 21
14 27
41 37
8 54
21 42
56 55
38 4
1 37
55 37
10 59
5 13
52 10
45 47
17 39
48 25
3 53
37 48
56 56
55 40
35 46
50 8
10 12
14 15
43 30
41 24
25 53
40 3
15 30
37 4
41 28
48 55
35 4
14 10
17 19
9 56
51 19
25 47
27 46
23 33
43 36
28 55
6 34
34 47
48 2
11 55
32 55
47 6
27 23
35 9
52 57
11 5
21 6
36 55
20 48
11 58
23 42
8 36
52 19
34 3
51 40
33 53
57 12
8 15
47 37
13 26
14 60
49 35
48 27
15 9
14 50
33 48
1 55
39 8
39 32
27 38
25 1
20 29
10 9
12 47
17 36
10 41
35 49
7 9
15 40
40 14
48 32
60 53
30 48
18 11
36 43
51 36
49 19
47 57
52 35
56 8
49 38
56 32
55 9
10 1
54 4
13 24
41 2
7 6
9 20
30 32
50 10
11 46
20 53
26 20
14 7
25 7
53 1
31 41
27 24
48 41
29 9
45 34
6 37
48 1
57 19
39 27
60 41
7 40
53 23
34 37
51 51
11 3
13 14
47 20
19 18
60 21
50 52
31 60
21 17
45 6
56 21
8 39
53 33
55 47
9 23
36 42
42 53
23 25
27 35
44 28
7 38
40 29
19 44
2 4
1 54
23 27
18 24
3 35
10 10
60 46
47 38
6 25
40 37
45 50
7 48
52 14
7 3
1 21
3 18
25 29
51 22
12 26
14 37
15 18
51 8
42 10
4 37
29 52
19 17
52 42
51 3
31 17
14 30
32 27
43 54
13 6
58 34
2 59
57 27
26 10
5 24
45 46
47 36
58 46
3 40
20 46
43 12
38 50
59 4
49 47
59 34
47 8
20 56
49 22
53 3
39 55
56 53
45 28
26 31
34 18
36 26
23 12
35 31
48 46
4 48
14 20
32 7
9 31
59 50
24 51
36 12
35 20
35 2
12 23
47 7
45 30
44 1
57 25
58 7
32 6
13 13
42 17
43 24
32 42
9 32
53 15
7 49
44 2
31 34
3 28
38 35
41 41
52 2
36 8
20 33
21 27
7 12
41 52
27 20
56 54
38 40
59 27
1 11
35 11
47 28
46 28
34 36
32 46
13 1
39 34
50 28
38 41
17 33
10 19
60 5
39 16
28 29
31 27
18 39
59 3
41 19
1 38
45 15
22 21
11 45
1 42
30 8
27 14
15 13
44 51
37 20
13 41
38 58
25 46
32 58
57 60
50 36
56 4
14 14
37 24
21 23
8 42
36 5
53 52
55 16
30 53
27 47
35 39
5 40
55 6
32 29
4 49
21 33
12 14
55 24
29 38
34 16
13 19
8 29
19 11
11 34
31 21
2 28
3 49
56 16
53 8
11 1
51 21
4 26
11 57
48 24
24 17
4 44
31 52
22 41
4 8
21 49
36 3
18 19
11 50
29 44
22 46
41 49
21 52
59 31
2 13
30 36
2 5
7 56
39 47
12 43
23 39
8 57
53 41
39 1
9 42
58 19
55 8
37 39
7 44
11 47
11 32
50 22
31 33
29 6
19 35
5 29
10 60
21 2
15 12
29 13
23 16
1 10
6 59
39 50
49 1
16 33
13 21
23 36
50 18
34 8
12 16
16 9
44 27
6 27
28 36
46 47
19 37
10 35
14 26
25 50
41 5
20 38
38 49
7 4
42 46
60 30
1 44
19 1
9 22
24 56
24 28
47 23
36 10
28 22
10 23
55 31
31 7
16 24
17 56
43 10
28 17
59 9
26 15
14 49
46 58
10 24
48 20
38 9
32 16
60 57
47 54
23 30
38 19
10 4
19 58
11 4
59 20
31 50
20 44
6 52
7 7
49 24
4 55
3 14
22 13
44 52
7 36
16 17
44 41
25 27
48 4
46 34
28 23
5 52
12 3
31 37
9 41
40 46
55 48
7 25
5 32
57 56
50 20
55 12
45 53
18 43
60 26
34 23
56 29
37 1
59 11
49 58
25 60
23 52
44 3
51 38
48 53
29 24
46 9
1 12
3 13
48 48
59 33
33 44
20 58
40 18
59 49
38 57
33 54
8 10
12 13
11 18
46 50
11 33
15 28
58 50
17 27
15 7
53 59
31 56
59 14
19 28
51 30
5 5
37 50
18 49
27 1
50 3
42 49
10 52
20 52
42 35
50 16
52 1
5 20
7 32
12 15
43 40
16 49
12 33
31 45
33 35
27 8
3 25
35 53
29 26
6 42
44 12
18 18
3 11
52 55
38 23
56 24
5 4
30 30
12 49
36 37
13 38
18 58
56 59
46 54
34 12
2 18
22 45
15 17
20 60
46 44
22 56
40 52
43 58
43 39
24 4
57 58
10 37
2 45
13 4
36 25
10 21
56 57
14 38
6 45
30 55
18 5
27 37
25 25
23 45
38 2
46 25
27 26
22 54
38 42
26 30
36 20
38 27
6 51
50 50
38 31
50 39
30 52
54 53
18 3
33 9
31 36
54 19
14 58
42 55
49 10
49 55
10 36
44 54
41 59
51 2
60 29
38 7
26 48
59 51
34 57
25 37
35 47
14 57
13 57
43 1
59 35
4 56
10 28
50 26
24 24
29 17
35 15
18 44
25 26
29 36
3 52
50 19
11 7
37 51
15 15
12 20
56 37
30 18
46 26
4 19
25 19
4 22
56 31
25 14
17 18
20 54
47 16
17 38
1 43
8 20
57 11
33 19
34 44
52 11
30 43
19 51
16 23
6 36
36 58
59 42
6 55
40 30
47 15
56 44
26 47
2 44
15 10
2 1
36 29
44 40
39 23
5 18
8 12
2 15
24 9
36 33
15 1
44 14
9 29
28 25
1 48
39 33
47 2
53 36
37 21
24 34
42 27
6 18
23 9
53 38
50 58
57 43
45 2
1 56
51 16
1 31
28 14
3 43
6 10
57 24
50 24
50 6
18 30
25 10
20 23
55 42
13 2
46 5
44 26
5 28
5 31
42 16
25 48
39 48
59 58
57 21
8 4
23 26
28 40
46 48
44 46
17 41
3 46
26 2
3 23
21 44
40 56
6 1
60 43
33 23
44 22
42 4
54 26
11 25
29 19
59 53
26 38
46 42
50 11
5 51
9 14
16 47
54 25
39 3
26 14
54 52
1 45
3 19
29 25
2 36
43 56
44 36
39 6
37 36
42 60
23 57
54 30
1 58
27 53
20 4
41 31
59 26
33 20
15 27
17 26
19 6
5 60
37 3
44 53
1 47
55 43
5 7
15 52
33 2
44 57
60 23
33 15
39 40
14 55
18 22
56 52
36 7
48 9
53 54
42 14
31 12
23 3
37 19
34 9
22 43
11 11
56 45
10 43
49 48
51 60
24 36
36 44
40 13
46 33
19 53
23 35
31 32
60 7
40 16
17 32
37 2
37 32
55 34
20 27
27 36
46 49
36 41
17 40
56 27
28 38
31 9
18 23
24 25
59 19
22 29
56 18
31 39
2 23
19 12
50 12
29 8
20 9
42 44
11 14
38 17
45 16
11 36
34 32
23 54
54 57
14 24
46 43
5 22
48 11
41 39
52 17
27 10
60 2
21 53
14 43
33 45
41 4
24 30
53 11
48 44
20 17
48 38
44 35
34 29
11 60
15 14
14 25
40 23
1 2
4 30
31 54
58 39
51 59
5 26
31 25
37 7
20 11
44 23
12 21
31 49
24 45
13 56
56 10
35 21
35 36
42 59
46 45
22 33
43 14
30 10
36 56
38 11
47 56
18 37
15 34
57 13
16 22
25 55
34 22
17 1
36 45
48 5
55 25
26 44
20 32
6 16
9 24
46 41
58 3
15 11
28 50
27 39
58 14
41 33
40 27
27 16
56 47
37 46
13 25
9 43
42 51
12 4
60 51
39 14
21 26
57 40
42 13
52 59
38 6
46 22
56 30
14 28
50 14
8 30
14 19
20 13
52 44
47 44
20 25
13 12
38 30
3 33
30 34
39 46
29 60
16 37
40 35
14 54
40 54
4 5
32 30
45 37
23 28
12 19
23 13
31 23
49 46
47 22
38 8
33 33
47 27
45 38
25 42
59 36
27 41
12 57
29 7
9 34
38 33
49 21
49 20
13 40
26 21
4 39
16 31
54 51
43 19
29 42
57 32
9 26
51 7
27 18
16 41
53 13
33 21
21 41
15 3
43 55
54 28
58 58
9 59
43 6
19 4
60 31
37 59
7 27
53 10
24 7
32 10
16 44
4 58
39 19
28 6
49 11
52 45
55 44
21 3
18 41
7 41
48 28
18 42
29 1
39 29
51 48
53 24
47 49
31 2
59 25
7 42
14 35
16 28
37 15
57 22
30 20
43 53
4 52
48 7
36 54
10 11
13 44
11 10
39 53
29 12
29 46
3 41
49 54
2 19
50 44
57 38
47 43
33 51
45 20
8 44
6 15
52 15
30 11
14 9
7 8
37 27
38 28
53 47
44 38
53 5
56 19
17 2
34 2
54 8
22 55
18 12
10 40
30 46
28 21
48 56
20 21
21 54
18 13
22 52
17 9
12 55
52 18
39 7
5 8
19 9
16 10
26 43
38 29
31 3
10 48
26 5
9 54
59 52
33 36
6 6
35 35
44 34
37 18
13 42
60 58
27 60
41 34
55 5
56 36
41 35
52 49
53 50
58 26
6 14
18 55
28 15
30 58
9 33
58 18
9 50
39 58
59 1
59 7
58 52
43 32
22 24
24 58
4 1
25 22
5 3
4 45
11 6
7 30
8 7
8 22
18 38
14 3
57 54
58 37
41 53
34 54
54 40
17 50
36 2
7 26
20 1
6 9
23 37
50 56
51 18
18 25
50 53
59 13
21 45
50 9
50 32
46 15
14 4
50 27
41 44
20 14
22 60
52 41
28 56
59 47
60 3
24 47
10 17
3 57
23 50
25 40
2 58
44 47
30 39
55 54
11 39
57 5
13 31
35 51
38 34
47 34
15 22
46 24
45 23
49 37
6 26
2 10
27 5
32 18
1 39
21 5
7 23
35 59
20 35
55 57
21 25
58 33
21 37
15 37
51 24
2 38
32 23
51 52
41 21
52 13
18 56
39 26
30 4
30 42
14 18
46 3
20 59
52 48
49 13
30 23
43 45
20 36
38 59
60 56
11 9
21 24
13 52
31 28
17 15
31 31
29 58
33 47
13 50
13 48
49 44
38 43
9 15
43 17
38 25
40 4
27 43
31 53
51 57
4 35
58 16
35 24
34 59
16 8
12 37
58 49
37 44
14 47
50 35
56 49
24 37
33 50
8 46
53 19
28 1
13 22
11 8
22 57
13 53
31 13
28 54
7 24
25 11
34 24
49 26
58 6
28 2
39 4
16 1
40 2
6 11
4 42
38 5
26 56
53 14
49 23
42 11
14 12
14 11
24 59
29 15
58 59
3 29
24 6
49 39
33 31
10 25
8 56
26 9
60 35
58 21
9 12
18 28
2 26
22 23
3 55
37 56
26 57
47 13
56 58
40 39
42 15
4 12
14 34
11 51
37 40
52 12
47 60
28 5
10 32
26 29
32 45
22 34
12 45
51 9
3 39
26 13
34 15
15 21
20 42
45 21
39 36
25 28
60 38
23 34
3 17
31 6
22 26
5 47
26 22
17 20
19 47
46 37
18 8
52 31
33 25
53 17
18 29
22 8
51 27
3 32
37 38
40 34
53 16
46 36
19 29
55 13
34 55
12 53
60 33
23 19
1 6
44 29
46 13
6 49
57 16
17 57
48 58
37 54
59 8
21 21
17 12
16 14
25 16
32 19
41 36
18 33
60 24
21 14
43 57
2 14
48 8
32 51
49 17
2 54
53 42
35 34
14 44
37 8
5 10
43 29
39 12
38 53
58 35
39 35
31 18
18 47
10 39
16 55
40 10
7 34
14 51
1 7
42 30
52 24
30 35
19 52
11 28
29 18
25 52
52 25
36 4
18 59
45 32
29 45
2 46
60 17
9 27
57 46
45 17
35 12
56 6
41 55
23 5
47 39
12 48
36 57
1 34
34 38
2 43
9 8
37 55
21 16
17 13
31 57
57 53
43 38
24 48
20 30
41 30
11 56
13 33
26 46
9 2
16 25
53 45
17 7
56 13
11 38
9 1
2 6
26 34
24 52
6 46
53 9
3 42
15 32
42 21
48 10
46 12
42 23
48 6
3 8
52 16
53 55
19 56
22 51
32 52
22 40
22 1
55 26
41 46
40 41
54 12
11 16
55 41
32 8
11 26
18 26
55 23
41 8
17 14
51 15
41 58
40 50
53 60
44 37
7 54
46 30
51 20
28 20
21 46
40 58
56 7
53 43
25 30
8 26
40 36
25 20
54 22
41 47
35 60
58 27
16 32
9 5
48 33
39 22
47 55
12 34
56 39
44 42
52 21
5 57
31 46
17 22
59 23
22 11
48 36
55 29
53 44
56 11
22 35
3 50
25 3
30 27
18 16
16 6
55 2
9 52
50 59
11 22
29 43
8 2
32 25
14 41
28 8
58 42
14 16
40 60
58 30
22 15
4 28
1 13
18 48
3 10
45 52
1 46
16 15
8 45
48 3
51 55
28 18
35 13
31 24
27 51
10 42
15 50
11 2
59 32
20 40
46 19
58 44
5 58
4 2
24 8
6 3
43 47
38 12
37 12
38 54
5 33
4 47
17 25
2 52
43 35
12 60
28 28
10 15
30 33
45 19
16 29
47 45
43 52
35 55
38 14
56 25
29 16
1 16
47 46
10 44
22 30
46 31
57 17
60 16
48 60
18 9
41 12
51 14
9 3
55 17
29 37
43 18
14 56
36 31
53 2
18 10
53 46
20 24
53 53
47 26
20 19
38 26
54 34
53 58
1 60
49 6
16 35
12 5
9 53
5 27
48 43
46 56
23 17
1 8
19 30
25 49
20 39
16 4
53 27
27 11
16 26
15 41
41 22
53 18
13 45
15 57
3 30
36 50
24 41
10 54
13 54
37 60
50 40
31 59
36 38
4 15
8 55
18 35
54 59
6 28
19 33
4 14
32 24
32 14
25 59
36 34
44 55
41 11
19 32
5 37
24 14
48 23
19 20
6 60
41 51
13 47
25 36
16 20
46 35
30 45
19 21
34 10
59 41
12 51
49 51
23 58
1 51
30 41
49 31
4 59
16 40
34 35
13 32
18 57
57 51
19 26
46 6
48 30
10 56
26 36
39 38
22 9
14 36
12 41
15 59
58 56
3 27
26 24
11 21
43 16
6 4
50 46
49 14
8 51
51 6
20 31
39 11
52 3
19 57
9 58
50 15
7 10
37 33
51 4
19 25
48 12
29 49
44 5
51 41
59 43
11 41
31 48
35 37
22 47
9 13
49 40
2 56
7 47
52 7
54 49
33 40
26 40
38 16
15 8
20 6
56 12
34 39
43 31
57 8
21 36
45 44
18 51
6 20
10 3
24 49
14 17
30 26
59 54
51 31
15 51
60 55
50 54
13 9
60 15
47 12
52 20
4 34
45 31
47 33
39 2
18 52
31 10
8 18
60 44
56 15
4 29
6 43
15 46
23 40
52 47
58 53
37 52
47 25
12 18
35 38
16 60
60 10
15 24
36 6
36 13
21 9
1 28
35 43
29 32
24 19
34 21
39 51
6 40
21 4
7 14
44 9
20 49
34 43
19 23
43 44
24 32
31 19
21 28
33 5
51 37
5 1
50 45
59 37
22 6
55 19
54 3
44 16
15 35
46 4
27 9
50 21
30 6
25 51
13 23
59 45
12 17
60 50
41 50
16 30
19 60
5 17
28 52
16 2
29 34
7 20
59 12
38 24
54 20
34 1
37 10
39 44
27 49
2 42
19 36
13 55
36 27
57 47
47 58
29 41
32 22
4 50
40 55
15 60
30 7
42 26
27 52
24 33
60 19
18 60
58 38
10 2
37 6
36 18
59 5
49 50
26 19
3 36
57 55
37 29
35 56
11 24
57 14
22 14
4 9
48 45
44 11
53 34
8 49
34 5
41 56
31 58
24 10
21 51
24 54
50 31
23 18
50 48
41 57
41 27
27 42
59 30
44 49
54 43
6 41
47 51
52 26
42 56
35 3
7 31
21 47
25 4
24 1
47 24
30 37
54 15
2 39
55 11
49 7
41 16
9 39
25 32
35 50
44 45
11 53
10 34
3 56
8 16
18 45
24 55
49 45
33 49
21 29
21 40
52 51
4 36
14 48
34 17
44 50
27 54
2 3
50 41
22 42
44 31
26 41
35 52
42 9
36 24
59 48
5 46
57 50
52 60
59 15
35 7
45 29
37 17
46 46
52 40
3 59
54 45
55 15
26 8
24 46
26 49
18 34
2 20
39 17
19 48
26 35
46 38
3 9
23 4
17 42
12 38
7 35
49 32
7 50
8 11
42 2
50 17
43 3
50 1
12 10
21 18
27 2
7 46
28 58
54 16
5 34
60 25
51 33
52 29
40 51
37 37
2 11
6 38
28 3
22 5
4 10
46 11
30 44
51 42
32 35
42 52
3 51
53 12
51 28
18 27
48 52
37 47
56 1
10 22
35 29
2 47
44 18
47 30
30 14
27 22
39 56
24 27
29 22
25 21
9 17
34 31
23 10
10 51
56 20
28 4
31 38
57 30
33 55
47 18
25 38
15 5
16 53
32 9
43 59
4 53
54 41
28 44
21 57
55 30
14 1
46 1
27 50
54 21
40 44
19 13
44 56
12 42
29 3
40 11
49 4
19 22
17 21
13 51
17 34
42 1
1 59
32 3
23 44
46 29
17 35
40 19
41 29
21 11
9 10
12 54
44 7
8 27
4 54
55 27
3 12
20 55
48 51
45 35
52 34
4 57
35 6
10 47
55 28
52 28
27 3
4 7
26 26
41 43
49 43
33 1
6 47
53 49
20 51
56 35
20 47
51 23
25 31
15 39
17 30
60 59
17 11
37 42
32 13
57 20
22 39
8 48
55 4
31 15
44 8
57 18
34 26
3 45
59 46
53 32
23 21
50 33
9 18
13 60
32 11
16 34
43 2
29 14
38 39
24 3
33 27
51 44
22 49
15 55
6 22
54 39
25 58
25 56
37 45
39 21
27 15
10 49
47 29
21 1
57 29
10 20
4 11
15 29
45 13
17 44
52 52
2 27
25 33
53 57
10 53
40 28
12 28
57 34
26 53
41 32
7 45
27 59
38 51
51 45
17 55
2 51
34 60
6 21
24 44
13 35
13 58
13 49
23 8
37 49
9 4
16 42
9 11
26 27
34 56
18 17
18 46
57 35
10 58
19 27
2 16
32 1
29 51
31 26
8 3
36 1
9 48
52 37
54 44
30 2
13 16
32 12
39 15
13 15
15 33
44 25
45 25
13 39
23 47
36 21
23 14
46 20
45 5
16 39
36 49
38 46
49 56
17 17
22 16
36 46
15 4
33 7
4 43
41 60
34 4
9 45
24 31
23 48
40 9
22 22
34 27
42 25
2 24
1 18
34 40
48 26
33 60
17 8
59 40
35 16
47 17
5 35
48 34
21 38
30 47
3 4
58 8
16 12
53 39
39 43
6 33
38 55
2 9
7 59
20 18
24 60
21 50
22 4
57 59
56 22
10 38
15 45
14 5
26 25
16 27
42 41
40 12
58 20
29 20
3 15
29 11
33 34
40 57
51 26
26 54
54 18
58 12
42 3
19 7
28 45
51 47
4 27
60 45
35 10
60 1
28 32
29 39
27 19
33 59
60 32
29 33
32 39
17 45
43 37
50 23
4 40
32 36
40 53
35 44
34 30
38 21
1 22
24 18
6 48
48 40
60 36
45 1
40 6
55 50
50 47
57 1
43 7
36 48
34 50
54 17
52 5
14 59
43 9
50 55
52 54
50 29
45 26
47 40
2 60
43 51
20 34
29 31
37 22
7 22
35 27
19 50
26 23
45 58
55 53
44 43
45 4
1 24
42 24
21 35
30 29
11 42
43 42
32 56
14 23
20 16
55 39
32 4
7 37
56 23
28 37
16 51
6 13
49 5
28 47
48 42
58 17
44 60
50 51
8 13
4 23
60 48
17 43
38 37
12 12
12 24
54 5
1 17
56 48
6 5
36 60
56 50
58 43
55 1
60 18
17 28
11 43
31 22
43 49
30 9
24 2
27 34
22 37
10 8
12 22
4 41
15 20
42 34
5 19
18 20
17 3
43 21
4 13
11 13
13 30
21 19
49 8
28 49
8 19
50 57
3 47
12 36
42 20
22 10
26 12
31 1
7 11
55 38
10 13
24 38
30 57
9 44
38 20
28 24
50 5
1 52
48 37
37 16
13 36
24 40
46 39
28 39
45 10
13 37
45 51
45 54
30 49
41 48
56 2
13 17
25 18
28 43
58 28
54 48
45 3
28 11
60 39
23 38
40 43
42 42
31 14
39 10
25 8
59 60
25 2
52 23
45 41
36 35
34 46
58 1
14 42
37 30
32 54
45 7
29 47
48 57
15 6
46 21
38 38
1 5
60 54
41 3
33 4
14 52
52 58
59 18
7 53
26 16
53 31
36 53
20 37
28 60
41 40
21 31
58 29
45 18
55 7
23 1
24 16
17 48
48 49
55 3
18 40
58 2
7 16
5 11
57 33
8 52
23 20
58 22
24 13
39 9
37 58
54 29
20 26
47 42
34 7
17 51
22 17
34 41
24 15
59 2
54 55
42 12
18 15
54 6
26 45
17 52
32 5
33 26
4 38
30 38
32 43
6 44
44 24
46 23
26 6
13 10
26 37
18 14
2 25
26 52
5 23
36 16
48 59
45 56
45 49
51 5
15 2
58 48
23 29
55 22
16 16
2 17
8 5
42 22
1 14
47 35
18 21
36 15
38 13
53 48
38 18
22 18
43 60
17 59
54 9
19 5
9 28
37 57
47 53
11 31
17 49
46 52
19 14
51 39
48 17
51 25
7 1
1 50
3 31
2 35
49 16
24 23
10 26
44 33
18 4
20 28
2 49
48 15
10 30
23 51
54 23
50 4
25 17
7 2
26 33
28 42
37 26
33 8
1 33
23 46
17 24
46 16
32 44
42 31
4 33
28 48
16 48
15 47
33 39
57 2
23 55
24 50
46 32
32 50
49 15
5 6
47 48
8 32
46 40
57 28
18 50
1 19
52 22
27 25
14 46
42 6
30 50
8 9
25 35
18 6
28 53
22 32
42 18
41 6
59 22
44 58
9 9
26 4
8 50
19 3
39 54
26 17
1 4
19 49
48 22
40 25
31 8
34 6
23 56
42 19
20 57
28 7
15 31
58 15
14 53
8 8
21 12
1 49
56 26
57 41
52 9
60 47
57 3
44 19
16 38
28 12
54 14
42 50
8 43
20 12
24 20
5 15
26 58
41 18
6 31
49 3
55 33
21 60
4 32
55 59
7 43
25 6
57 23
21 59
19 55
6 35
35 25
10 14
29 56
11 52
44 39
12 50
36 22
30 15
51 43
49 9
36 36
58 60
38 56
4 16
19 19
1 23
47 41
17 23
8 17
54 7
34 51
44 4
29 50
43 13
24 22
43 22
47 3
10 29
40 38
26 39
25 45
34 52
40 33
46 59
56 33
59 10
28 27
9 37
33 46
9 49
12 40
47 47
52 33
23 31
9 57
5 44
57 52
43 46
38 48
33 38
32 53
42 5
1 9
41 7
33 30
38 10
25 5
33 52
46 57
37 13
56 9
39 57
22 12
40 47
45 42
2 57
35 1
8 31
4 4
26 1
34 19
23 2
40 17
33 42
24 29
40 42
1 26
19 46
40 7
19 10
11 17
58 4
28 41
41 20
51 56
54 11
16 11
58 40
59 6
16 59
22 59
53 6
60 60
59 57
57 42
51 58
5 39
51 17
12 8
53 35
23 23
2 48
23 49
36 59
24 26
9 21
43 27
13 27
5 45
54 46
35 28
33 12
22 2
57 31
35 33
37 9
10 6
3 21
14 22
56 46
45 9
50 30
45 40
52 32
3 54
35 19
34 58
4 31
60 20
45 55
7 18
5 21
4 24
22 48
3 22
50 42
7 17
54 36
16 45
2 53
57 48
55 21
8 59
58 57
45 36
20 43
9 60
19 38
60 6
25 44
55 20
1 3
30 13
9 55
58 51
20 2
24 12
42 57
56 5
6 7
29 28
32 31
45 24
35 57
58 13
49 36
58 54
28 46
30 25
12 56
33 24
49 27
5 49
50 2
39 28
56 38
18 32
60 22
18 2
33 29
9 30
49 49
10 5
9 40
51 1
53 40
54 37
60 37
49 2
39 24
54 1
26 7
50 34
9 19
16 43
1 40
34 11
33 32
16 57
12 6
42 58
47 11
23 53
53 4
41 13
49 42
38 60
22 36
57 49
54 50
8 37
56 34
24 11
