180
208
20
2 8 11 44 51 67 77 99 100 101 147 150 179 189 190 200 205 206 207 208
9
1 2 3 4 5 6 7 8 9
5
8 7 12 11 10
5
8 10 15 14 13
5
1 9 8 17 16
4
15 10 11 18
4
12 7 20 19
5
2 1 16 17 8
4
18 11 12 19
4
15 18 19 20
3
15 20 7
4
2 8 13 14
3
3 2 14
3
4 3 21
4
14 15 7 22
5
21 3 25 24 23
5
23 24 28 27 26
4
5 4 30 29
5
30 4 21 23 31
3
25 3 14
4
24 25 14 32
4
27 28 34 33
4
7 6 5 29
5
7 29 37 36 35
3
22 7 38
5
36 37 29 30 39
5
30 31 23 26 27
3
24 32 14
5
7 35 42 41 40
4
40 41 44 43
5
14 22 47 46 45
3
44 41 42
4
36 39 49 48
4
24 14 51 50
5
42 35 36 48 49
5
44 42 49 39 52
4
50 51 14 45
5
45 46 47 22 53
4
53 22 55 54
3
33 34 28
5
38 7 40 57 56
3
52 39 30
5
33 28 24 59 58
5
58 59 24 50 60
3
45 53 54
5
56 57 40 43 61
3
55 22 38
3
30 27 33
5
54 55 64 63 62
5
44 52 30 66 65
5
64 55 38 56 61
4
62 63 64 67
4
58 60 50 45
5
43 44 70 69 68
4
70 44 65 71
5
68 69 74 73 72
5
71 65 66 30 75
3
45 54 76
5
58 45 76 78 77
5
73 74 69 70 79
4
62 67 64 80
4
68 72 73 81
3
62 80 64
4
68 81 83 82
3
78 76 54
4
70 71 75 30
3
54 62 84
5
79 70 30 33 58
3
78 54 84
4
77 78 84 85
5
62 64 61 43 86
4
84 62 86 43
5
77 85 84 88 87
5
77 87 88 84 89
5
43 68 82 91 90
4
83 81 73 92
3
83 92 73
3
43 90 91
4
84 43 91 93
5
89 84 93 91 82
3
58 77 89
4
58 89 95 94
4
95 89 82 83
3
94 95 96
4
79 58 98 97
5
98 58 94 100 99
5
97 98 99 102 101
4
96 95 104 103
5
73 79 97 106 105
5
99 100 94 108 107
5
73 105 106 110 109
3
102 99 107
5
83 73 109 110 111
3
94 96 112
5
104 95 83 114 113
3
108 94 112
3
110 106 115
5
103 104 113 114 116
5
97 101 102 107 117
4
114 83 111 118
5
108 112 96 103 119
3
114 118 120
4
111 110 115 106
4
107 108 122 121
5
117 107 121 124 123
4
124 121 122 125
3
106 97 126
5
125 122 108 128 127
3
103 116 114
3
127 128 108
3
127 108 129
3
120 118 130
3
97 117 131
3
117 123 132
3
123 124 125
4
130 118 111 133
4
106 126 97 134
5
123 125 127 129 108
4
133 111 136 135
5
108 119 103 138 137
5
133 135 141 140 139
3
135 136 142
5
106 134 145 144 143
5
143 144 145 147 146
4
139 140 141 148
3
138 103 114
3
137 138 149
4
149 138 114 150
5
139 148 141 135 151
5
106 143 146 147 145
5
108 137 149 153 152
4
151 135 142 154
3
131 117 155
4
154 142 136 156
4
111 106 145 134
4
155 117 158 157
5
120 130 161 160 159
4
160 161 130 133
4
117 132 123 162
4
154 156 136 111
5
114 120 165 164 163
5
159 160 133 139 166
3
164 165 167
5
108 152 153 149 168
4
158 117 170 169
5
163 164 167 165 171
4
123 108 173 172
3
151 154 111
5
170 117 162 123 172
5
108 168 149 175 174
5
157 158 169 170 176
3
111 134 177
5
111 177 180 179 178
4
166 139 151 111
3
166 111 178
4
165 120 159 181
4
108 174 183 182
3
97 131 184
4
171 165 181 185
3
97 184 186
4
179 180 188 187
3
150 114 189
3
180 177 190
3
173 108 191
3
190 177 192
5
182 183 174 175 149
5
181 159 166 194 193
5
190 192 177 196 195
4
196 177 134 97
4
166 178 179 187
3
193 194 197
3
188 180 190
4
176 170 172 198
5
190 195 196 200 199
5
163 171 185 181 201
5
176 198 172 173 191
5
188 190 199 203 202
4
108 182 205 204
3
189 114 206
5
199 200 196 208 207
32
157 176 191 108 204 205 182 149 150 189 206 114 163 201 181 193 197 194 166 187 188 202 203 199 207 208 196 97 186 184 131 155
