100
218
2
5 217
3
1 2 3
3
1 3 4
7
2 1 9 8 7 6 5
9
6 7 8 9 1 4 3 2 10
4
6 10 2 11
4
2 5 6 12
8
2 12 6 17 16 15 14 13
10
17 6 25 24 23 22 21 20 19 18
9
13 14 15 16 17 18 28 27 26
3
13 26 29
5
27 28 18 19 30
8
11 2 13 35 34 33 32 31
4
33 34 37 36
8
6 11 31 32 33 40 39 38
6
29 26 27 30 42 41
9
19 20 21 22 23 46 45 44 43
3
34 35 13
9
25 6 38 39 40 33 36 48 47
6
43 44 45 46 23 24
6
48 36 37 34 13 49
5
19 43 52 51 50
8
52 43 24 57 56 55 54 53
4
19 50 51 52
10
48 49 13 29 63 62 61 60 59 58
6
48 58 59 60 61 62
8
41 42 30 19 52 53 54 64
5
24 25 67 66 65
3
67 25 47
6
47 48 62 70 69 68
8
41 64 54 55 56 57 72 71
3
67 47 73
5
57 24 65 75 74
8
66 67 73 47 68 78 77 76
4
69 70 62 63
10
72 57 74 75 65 66 76 81 80 79
6
81 76 77 84 83 82
7
69 63 29 41 71 72 79
6
84 77 88 87 86 85
3
88 77 78
6
83 84 92 91 90 89
4
89 90 91 93
4
85 86 95 94
4
86 87 88 96
5
86 96 88 78 68
8
91 92 84 85 94 95 86 97
6
80 81 101 100 99 98
8
68 69 79 80 98 99 103 102
6
81 82 83 106 105 104
3
97 86 107
9
102 103 99 100 101 81 104 109 108
8
97 107 86 68 102 108 109 104
10
89 93 91 97 104 105 106 112 111 110
9
89 110 111 112 106 116 115 114 113
4
115 116 106 83
5
114 115 83 89 117
5
89 113 114 119 118
7
114 117 124 123 122 121 120
5
120 121 127 126 125
9
124 117 89 118 119 131 130 129 128
10
125 126 139 138 137 136 135 134 133 132
8
132 133 134 135 136 137 141 140
9
139 126 127 147 146 145 144 143 142
10
123 124 128 129 130 131 151 150 149 148
3
123 148 149
4
144 145 153 152
3
122 123 149
5
122 149 150 155 154
10
151 131 119 114 120 125 132 140 157 156
4
140 141 137 138
10
143 144 152 153 145 146 147 127 121 122
4
139 142 143 158
6
157 140 138 139 158 159
10
158 143 122 154 155 150 151 162 161 160
9
159 158 160 161 167 166 165 164 163
4
161 162 151 156
3
156 157 159
7
163 164 172 171 170 169 168
9
166 167 161 178 177 176 175 174 173
5
168 169 170 171 179
6
177 178 183 182 181 180
5
179 171 172 164 165
4
156 159 163 184
8
156 184 163 168 179 165 186 185
3
156 185 186
3
166 173 187
7
166 187 173 174 175 176 188
5
156 186 165 190 189
4
180 181 192 191
10
190 165 166 188 176 177 180 195 194 193
9
156 189 190 193 194 195 198 197 196
8
178 161 156 196 197 198 200 199
9
178 199 200 206 205 204 203 202 201
4
206 200 198 207
10
180 191 192 181 182 183 178 210 209 208
5
208 209 213 212 211
9
213 209 210 178 201 202 203 204 205
3
205 206 214
5
205 214 217 216 215
4
215 216 217 218
14
198 195 180 208 211 212 213 205 215 218 217 214 206 207
