100
225
10
1 21 93 97 102 111 156 171 223 224
3
1 2 3
5
2 1 6 5 4
7
5 6 1 3 2 8 7
9
5 7 8 14 13 12 11 10 9
5
4 5 9 16 15
4
16 9 10 17
8
17 10 11 12 13 14 8 2
5
4 15 20 19 18
3
17 2 4
5
15 16 17 22 21
7
19 20 27 26 25 24 23
10
27 20 15 21 22 17 4 18 19 23
7
26 27 23 24 30 29 28
10
28 29 30 24 25 35 34 33 32 31
10
31 32 33 34 35 25 26 38 37 36
7
28 31 36 37 38 40 39
6
38 26 28 43 42 41
6
38 41 42 43 28 44
9
39 40 38 44 49 48 47 46 45
3
28 39 50
10
49 44 28 50 39 45 46 47 52 51
6
52 47 48 49 54 53
9
52 53 54 49 59 58 57 56 55
10
49 51 52 66 65 64 63 62 61 60
5
61 62 63 68 67
4
59 49 70 69
5
56 57 58 59 69
8
52 55 56 69 70 49 60 61
6
68 63 74 73 72 71
4
71 72 76 75
4
75 76 72 77
6
67 68 71 75 77 72
3
61 67 78
4
72 73 74 63
9
52 61 78 67 72 63 64 80 79
8
66 52 79 80 84 83 82 81
6
83 84 88 87 86 85
9
85 86 87 88 84 80 91 90 89
3
66 81 92
6
92 81 82 83 94 93
4
93 94 96 95
7
89 90 101 100 99 98 97
7
90 91 80 105 104 103 102
6
64 65 66 92 93 106
3
83 85 107
5
98 99 110 109 108
8
106 93 95 96 94 113 112 111
3
80 64 106
6
113 94 83 107 85 89
9
104 105 80 106 111 112 113 89 97
4
90 102 115 114
7
99 100 101 119 118 117 116
10
97 98 108 109 110 99 116 117 118 120
9
119 101 90 114 115 124 123 122 121
7
121 122 123 124 115 102 125
3
121 125 102
9
102 103 104 97 130 129 128 127 126
10
130 97 120 118 119 121 134 133 132 131
7
126 127 128 129 137 136 135
6
135 136 141 140 139 138
6
129 130 131 132 133 134
4
138 139 140 142
7
142 140 141 136 137 129 134
9
135 138 142 148 147 146 145 144 143
6
134 121 102 126 150 149
9
143 144 145 146 155 154 153 152 151
8
143 151 161 160 159 158 157 156
4
146 147 148 162
5
159 160 165 164 163
6
150 126 135 143 156 166
8
142 134 149 171 170 169 168 167
10
149 150 166 156 157 158 159 163 164 172
6
146 162 148 142 174 173
9
167 168 169 170 171 149 177 176 175
5
164 165 180 179 178
5
174 142 167 175 181
5
173 174 184 183 182
10
146 173 182 183 184 174 181 175 186 185
7
155 146 185 186 189 188 187
4
177 149 191 190
6
152 153 154 155 187 192
4
186 175 176 177
3
187 188 193
4
189 186 177 194
10
189 194 177 190 191 149 198 197 196 195
5
179 180 165 160 161
7
195 196 203 202 201 200 199
9
193 188 189 195 199 200 206 205 204
9
205 206 200 201 202 203 196 208 207
10
198 149 172 164 178 179 161 211 210 209
6
204 205 215 214 213 212
4
205 207 217 216
9
213 214 215 205 216 217 207 208 196
7
187 193 204 212 213 219 218
3
187 218 220
9
209 210 211 161 151 152 192 187 220
8
197 198 209 220 218 223 222 221
4
219 213 196 197
7
197 221 222 223 218 225 224
5
225 218 219 197 224
