50
98
20
7 8 10 11 17 20 22 24 33 44 45 46 47 50 56 67 74 80 81 90
3
1 2 3
7
3 2 8 7 6 5 4
4
1 3 10 9
9
8 2 1 9 10 3 13 12 11
3
13 3 14
5
14 3 4 16 15
9
8 11 12 13 21 20 19 18 17
3
13 14 22
9
21 13 22 14 15 16 4 5 6
9
19 20 21 6 7 8 17 24 23
7
23 24 29 28 27 26 25
3
17 18 30
9
17 30 37 36 35 34 33 32 31
5
28 29 24 39 38
7
25 26 27 28 38 39 24
7
37 30 18 19 42 41 40
5
40 41 45 44 43
3
37 40 43
3
44 45 41
9
33 34 35 36 37 43 48 47 46
3
43 44 41
6
47 48 43 41 42 49
3
31 32 50
3
46 47 49
4
25 24 17 51
3
32 33 46
4
17 31 50 52
4
52 50 54 53
9
46 49 42 19 23 25 51 17 52
8
46 52 53 54 50 57 56 55
3
50 32 46
9
55 56 57 50 62 61 60 59 58
5
61 62 50 46 63
8
59 60 69 68 67 66 65 64
8
68 69 60 61 63 46 55 58
9
66 67 68 58 74 73 72 71 70
7
66 70 71 72 73 74 58
6
59 64 65 66 76 75
9
75 76 66 58 81 80 79 78 77
4
80 81 58 82
7
79 80 82 58 59 75 83
8
77 78 89 88 87 86 85 84
3
75 77 90
3
86 87 88
5
89 78 79 83 75
3
90 77 84
6
89 75 90 84 85 86
9
89 86 97 96 95 94 93 92 91
4
89 91 92 98
10
93 94 95 96 97 86 88 89 98 92
