200
247
30
1 3 5 6 9 21 31 39 44 45 71 79 83 84 91 93 97 102 105 111 127 156 166 171 188 223 224 233 245 246
10
1 2 3 4 5 6 7 8 9 10
4
10 9 8 7
4
5 4 12 11
3
2 1 13
6
5 11 17 16 15 14
4
4 3 2 13
3
16 17 18
6
11 12 4 21 20 19
5
14 15 24 23 22
3
14 22 23
3
10 7 25
3
19 20 26
6
7 6 30 29 28 27
5
26 20 21 4 31
4
23 24 15 16
5
13 1 10 33 32
6
32 33 10 25 7 34
5
6 5 37 36 35
3
6 35 36
4
5 14 23 16
3
11 19 26
4
7 27 28 38
6
30 6 36 37 40 39
3
13 32 41
5
31 4 13 43 42
5
43 13 41 32 34
4
17 11 26 44
5
17 44 26 31 42
3
42 43 34
3
17 42 34
4
40 37 5 45
3
39 40 45
6
45 5 16 48 47 46
5
7 38 28 29 49
4
45 46 51 50
3
49 29 52
5
46 47 48 16 18
6
50 51 46 55 54 53
3
29 30 39
5
39 45 50 53 56
3
52 29 57
6
18 17 34 60 59 58
5
54 55 46 18 61
5
29 39 64 63 62
3
29 62 63
3
64 39 56
6
56 53 54 61 18 58
3
7 49 52
4
64 56 66 65
3
63 64 65
4
65 66 68 67
4
57 29 70 69
6
34 7 74 73 72 71
5
63 65 67 68 75
6
59 60 34 71 72 76
3
66 56 58
6
63 75 68 66 78 77
4
74 7 52 79
6
79 52 83 82 81 80
4
63 77 85 84
6
69 70 29 63 84 85
5
82 83 52 87 86
3
58 59 76
5
57 69 85 77 78
6
57 78 66 58 76 72
3
86 87 52
5
57 72 73 74 79
4
57 79 80 88
6
57 88 92 91 90 89
6
81 82 86 52 57 89
6
92 88 80 81 94 93
3
92 93 95
5
94 81 89 90 96
3
92 95 97
4
95 93 94 98
3
95 98 94
5
97 95 94 96 99
5
91 92 97 99 96
6
91 96 103 102 101 100
3
101 102 103
6
101 103 96 90 91 104
6
101 104 91 107 106 105
6
101 105 106 107 91 108
5
108 91 111 110 109
6
109 110 111 91 100 101
5
101 108 114 113 112
3
101 112 115
5
108 109 101 115 116
3
114 108 116
5
113 114 116 115 117
6
117 115 112 120 119 118
5
112 113 123 122 121
3
117 118 124
3
122 123 125
4
125 123 113 126
3
122 125 127
3
127 125 128
5
121 122 127 128 129
6
126 113 117 124 118 119
5
128 125 126 119 120
3
112 121 130
3
128 120 131
5
129 128 131 120 132
4
121 129 132 120
4
130 121 120 133
5
112 130 133 135 134
5
135 133 120 112 136
4
134 135 138 137
6
137 138 135 136 140 139
5
112 134 143 142 141
5
139 140 136 112 144
4
143 134 137 139
4
143 139 144 112
6
142 143 112 147 146 145
4
112 141 142 148
3
146 147 112
3
112 148 149
3
112 149 150
4
145 146 112 150
3
145 150 149
3
145 149 148
5
142 145 153 152 151
3
151 152 154
3
154 152 153
5
145 148 142 151 155
6
155 151 154 153 157 156
6
155 156 157 153 159 158
3
155 158 159
4
159 153 161 160
6
159 160 161 153 145 162
3
162 145 155
5
159 162 165 164 163
6
159 163 164 165 162 166
3
155 159 166
3
155 166 167
3
162 155 168
3
167 166 169
3
162 168 170
4
166 162 172 171
6
167 169 166 171 174 173
4
168 155 167 173
5
168 173 174 171 175
3
170 168 175
5
171 172 162 170 176
4
171 176 178 177
6
178 176 182 181 180 179
3
182 176 183
3
178 179 184
4
170 175 171 185
6
184 179 180 188 187 186
5
186 187 188 180 189
4
177 178 184 190
6
182 183 176 170 185 191
6
191 185 171 177 190 192
3
192 190 193
4
193 190 195 194
3
189 180 196
4
195 190 198 197
5
190 184 186 200 199
3
190 199 200
4
189 196 202 201
4
189 201 204 203
6
198 190 200 186 189 203
4
204 201 206 205
5
191 192 193 194 195
5
198 203 204 205 206
6
180 181 182 191 195 197
5
198 206 201 202 196
5
196 180 197 208 207
4
196 207 210 209
6
196 209 210 213 212 211
4
197 198 196 211
3
211 212 213
4
197 211 213 210
5
208 197 210 215 214
5
207 208 214 217 216
3
214 215 210
3
216 217 218
4
210 207 216 219
4
210 219 221 220
3
216 218 222
4
221 219 216 223
3
223 216 222
6
218 217 227 226 225 224
3
214 210 220
4
218 224 229 228
4
226 227 217 230
6
225 226 230 233 232 231
6
224 225 237 236 235 234
3
236 237 225
5
230 217 214 220 238
5
221 223 222 218 228
6
235 236 225 231 232 239
6
224 234 235 239 241 240
5
230 238 244 243 242
5
239 232 233 230 245
4
241 239 245 246
3
244 238 220
3
230 242 247
14
221 228 229 224 240 241 246 245 230 247 242 243 244 220
