200
231
30
3 5 20 25 26 31 39 44 45 61 62 77 78 81 100 101 109 111 132 133 141 145 146 147 158 169 192 201 214 217
4
1 2 3 4
5
2 1 4 6 5
6
5 6 4 3 8 7
4
3 2 5 9
3
9 5 10
5
9 10 5 7 8
3
8 3 11
5
11 3 14 13 12
4
8 11 16 15
6
9 8 15 16 18 17
5
12 13 14 3 19
6
19 3 9 22 21 20
5
22 9 25 24 23
5
25 9 17 18 26
3
26 18 16
4
21 22 23 27
4
23 24 25 28
5
20 21 31 30 29
3
21 27 32
5
31 21 35 34 33
5
28 25 26 16 36
3
11 12 37
4
21 32 27 23
6
21 23 41 40 39 38
3
16 11 37
6
23 28 36 16 37 12
3
38 39 40
4
40 41 23 42
4
12 19 20 43
3
33 34 44
6
38 40 42 47 46 45
4
44 34 35 21
6
20 29 51 50 49 48
3
51 29 52
5
43 20 48 49 50
6
51 52 29 30 31 53
4
33 44 55 54
4
12 43 50 56
6
53 31 33 54 58 57
5
44 21 61 60 59
3
55 44 59
4
57 58 54 55
3
56 50 51
5
46 47 42 23 12
4
53 57 63 62
3
46 12 64
6
60 61 21 38 66 65
4
38 45 46 64
4
60 65 66 38
5
53 62 63 57 55
3
38 64 67
4
67 64 69 68
4
51 53 71 70
3
69 64 12
4
38 67 73 72
4
12 56 51 74
5
69 12 77 76 75
6
51 70 71 53 55 59
4
76 77 12 74
6
69 75 76 74 79 78
6
78 79 74 51 59 60
5
38 72 73 67 68
3
78 60 38
3
68 69 80
4
38 68 82 81
5
38 81 82 68 83
4
78 38 83 68
3
78 68 84
6
69 78 88 87 86 85
3
84 68 89
5
68 80 92 91 90
4
69 85 86 93
3
87 88 94
3
80 69 95
3
68 90 96
6
87 94 88 78 84 97
3
86 87 97
4
86 97 99 98
3
96 90 91
6
84 89 68 96 91 100
5
92 80 95 69 93
4
99 97 102 101
4
91 92 93 103
5
84 100 91 105 104
6
97 84 104 105 107 106
3
101 102 97
5
91 103 93 109 108
5
108 109 112 111 110
6
107 105 116 115 114 113
4
99 101 97 106
3
108 110 111
6
86 98 99 106 118 117
4
114 115 116 119
3
118 106 120
6
118 120 124 123 122 121
3
105 91 108
3
108 111 125
6
108 125 129 128 127 126
3
121 122 123
4
105 108 126 127
6
129 125 111 112 131 130
3
120 106 132
3
112 109 93
6
119 116 105 127 134 133
4
118 121 123 135
5
114 119 133 137 136
3
112 93 138
6
129 130 131 112 138 93
3
132 106 139
6
117 118 135 123 124 120
5
93 86 117 120 140
4
128 129 93 140
5
136 137 143 142 141
5
132 139 106 145 144
6
137 133 134 148 147 146
3
132 144 149
3
143 137 146
6
144 145 106 107 113 114
4
120 132 151 150
6
144 114 136 141 142 143
5
127 128 154 153 152
5
152 153 157 156 155
3
140 120 150
3
149 144 158
5
147 148 161 160 159
5
158 144 143 163 162
3
146 147 164
4
154 128 166 165
5
158 162 169 168 167
5
150 151 172 171 170
3
171 172 173
5
140 150 170 171 173
5
155 156 157 153 174
3
154 165 175
3
166 128 140
5
158 167 178 177 176
3
164 147 179
5
152 155 174 153 154
5
161 148 134 127 180
4
160 161 182 181
5
143 146 164 179 147
5
165 166 140 173 172
4
158 176 184 183
5
149 158 183 184 176
3
163 143 147
4
159 160 181 182
5
162 163 147 186 185
6
176 177 178 167 188 187
6
127 152 154 175 165 172
6
188 167 168 191 190 189
3
149 176 187
5
127 172 151 132 149
4
127 149 187 192
5
190 191 168 169 193
3
192 187 188
5
192 188 189 190 194
4
147 159 182 161
5
186 147 197 196 195
3
194 190 198
4
197 147 200 199
4
193 169 162 201
3
195 196 197
4
199 200 147 202
3
186 195 203
3
199 202 147
4
195 197 199 147
6
193 201 162 206 205 204
5
204 205 206 162 185
4
190 193 204 185
5
192 194 198 190 185
4
127 192 185 207
4
161 180 209 208
5
195 147 161 208 209
3
203 195 209
3
127 207 210
3
186 203 211
4
211 203 213 212
6
203 209 180 127 210 214
4
212 213 203 214
3
211 212 215
3
185 186 211
4
211 215 212 216
3
207 185 217
4
217 185 211 218
4
218 211 216 212
4
210 207 217 218
4
212 214 220 219
4
212 219 222 221
4
218 212 221 222
4
214 210 218 223
4
222 219 220 224
3
218 222 225
3
224 220 226
3
225 222 227
5
227 222 224 226 228
3
228 226 229
4
223 218 225 230
4
229 226 220 231
4
229 231 220 214
7
214 223 230 225 227 228 229
