15
45 17 4 5
33 44 4 163
22 43 2 44
6 15 3 189
12 12 1 111
11 47 3 117
4 46 0 43
33 32 2 180
35 3 2 156
41 20 2 144
34 36 2 75
14 3 2 130
5 23 4 64
10 2 2 162
5 42 4 73
22 10 0 14
8 48 4 98
27 32 4 177
13 12 4 50
26 35 0 135
39 48 2 142
27 47 2 160
18 10 1 185
8 8 0 9
14 31 2 194
37 28 4 143
2 14 1 112
16 48 0 54
22 40 2 47
31 49 2 104
31 10 4 10
28 19 3 78
42 4 3 183
41 22 4 52
8 39 4 84
6 18 3 166
45 28 1 57
15 42 3 119
41 47 0 60
12 27 3 166
13 48 2 184
29 38 0 42
46 30 4 66
13 8 0 179
36 18 4 29
44 19 0 55
8 31 3 124
42 0 2 43
34 17 0 93
16 17 1 176
41 35 4 36
5 19 3 26
7 40 3 199
6 39 3 93
48 21 3 70
45 48 1 108
49 45 2 184
38 11 4 50
29 1 3 50
46 42 0 72
6 1 2 181
11 24 1 139
41 26 3 43
47 18 4 188
35 36 1 110
6 34 0 185
6 25 4 43
48 6 1 106
15 33 1 166
44 8 2 30
24 7 3 66
21 44 3 138
4 25 3 102
0 18 2 29
28 6 4 28
20 26 2 149
2 44 4 123
9 40 4 130
46 27 3 41
38 49 4 42
5 19 2 168
26 3 3 163
10 44 4 96
20 9 0 48
20 19 2 1
35 31 2 129
15 46 4 149
18 46 1 12
21 3 4 96
10 45 3 90
29 38 3 14
3 46 3 79
8 17 0 126
24 6 3 50
1 29 2 47
25 34 0 186
20 38 3 49
4 13 2 46
22 39 0 31
21 21 4 144
