30
318 29 155 143
10 311 252 60
223 226 131 10
376 105 268 194
93 17 335 46
101 287 39 7
60 182 54 150
97 355 101 69
134 304 118 81
34 213 153 65
16 258 345 85
169 125 15 6
343 29 219 179
202 191 217 85
158 246 383 102
353 151 213 17
201 254 171 121
274 312 214 23
29 99 350 108
173 0 253 89
154 42 301 73
173 337 68 81
17 5 12 163
294 145 216 124
178 129 106 123
252 171 11 44
335 66 290 17
298 40 284 74
364 198 227 19
267 333 169 16
390 369 38 52
59 191 315 78
282 157 24 107
349 38 125 158
165 261 16 13
315 237 216 4
367 215 350 71
389 65 104 26
386 28 66 153
45 219 320 180
84 151 329 64
200 39 143 108
304 165 285 164
246 263 162 139
113 196 128 52
104 101 65 162
268 255 205 117
105 244 50 149
114 303 134 147
297 185 259 152
296 241 360 2
373 272 243 155
109 224 126 148
231 91 48 190
257 102 271 60
347 360 127 117
255 385 55 76
386 363 73 67
40 331 11 126
34 100 186 144
218 363 15 113
47 364 257 194
131 5 188 163
336 342 380 34
149 154 218 137
274 347 190 142
189 63 313 1
21 64 122 12
58 258 172 63
84 333 300 173
21 179 383 73
295 49 247 65
392 145 253 180
220 188 225 183
156 41 49 156
184 161 192 82
206 336 81 84
130 92 393 39
18 221 193 104
301 218 369 189
140 75 96 22
141 219 394 113
107 254 106 188
228 70 140 91
193 205 331 25
31 13 158 23
168 309 259 33
287 69 194 4
300 43 390 46
9 257 324 168
168 70 280 156
116 351 118 195
106 255 219 100
88 354 223 69
72 3 128 104
44 103 377 120
339 129 84 199
256 397 245 103
17 240 70 189
67 46 284 161
