80
85 53 -198 0
-93 -45 92 120
-97 -15 -197 143
21 -108 -15 23
-160 10 58 7
-65 -15 -13 115
-185 -71 -152 83
197 60 -196 136
-116 168 0 181
14 -52 11 49
159 150 -46 116
26 177 -121 21
-154 -104 164 92
-191 -121 134 125
-188 47 -187 8
102 -69 -157 145
-131 -82 -133 70
162 113 -177 101
-2 -35 -161 125
-163 -103 171 78
-120 -109 -113 92
-28 59 -75 178
-34 -34 -162 124
-66 -85 50 174
67 -22 -68 66
-133 180 139 86
-135 -193 92 37
65 -139 57 61
156 24 122 119
-120 -38 91 173
15 115 25 161
145 25 36 129
-116 -69 56 91
-74 -109 7 91
187 -39 83 146
5 -116 167 15
-127 31 -107 12
-127 -171 191 87
75 33 7 78
-131 80 46 93
107 -135 -172 199
20 189 100 84
172 -185 -90 174
29 -11 158 161
7 154 -41 137
-29 -92 -182 175
-155 -39 149 62
120 104 154 129
105 -25 172 171
-92 26 -71 107
-191 -134 4 72
-5 3 -78 103
120 -62 7 190
-127 55 195 169
-195 48 -53 126
196 -71 -133 76
-171 160 140 117
-168 -40 -170 82
-131 117 -75 19
38 -39 -20 17
-49 -161 -144 194
162 131 175 82
15 -49 27 113
74 -8 120 154
-190 29 119 73
115 156 174 10
-97 75 -34 21
177 103 -115 62
-178 17 -144 100
-98 1 -154 1
119 31 149 95
12 138 84 157
-39 95 -176 5
-39 -17 163 169
-155 -44 -47 114
-89 77 -180 173
-163 -63 90 188
-163 -59 124 95
139 156 1 171
150 15 -42 60
