45
359 191 12 125
335 300 280 142
373 247 117 60
283 117 201 148
27 253 30 177
213 215 316 132
276 166 258 137
266 254 59 99
245 113 377 41
232 245 38 158
108 8 326 57
190 179 188 103
104 196 23 56
79 283 252 2
64 321 98 64
201 301 180 8
273 15 165 121
234 199 60 175
54 222 208 158
383 297 363 88
73 337 297 82
249 20 130 107
377 377 229 78
225 84 266 26
150 169 288 119
219 99 373 136
397 374 343 92
99 397 300 110
353 125 55 134
263 92 19 93
17 98 221 184
337 158 230 11
9 204 39 140
394 335 88 89
355 307 294 40
303 259 52 180
196 366 79 45
397 18 269 107
19 6 229 40
270 131 67 25
19 305 290 44
100 156 193 184
180 221 205 38
93 321 156 110
84 25 333 1
55 173 309 1
48 176 187 157
287 267 253 133
377 13 296 42
207 67 360 73
351 269 1 173
298 75 26 118
132 219 364 139
174 191 253 131
1 243 210 101
381 290 145 2
113 224 95 100
317 227 141 113
380 164 189 186
276 72 362 22
84 224 97 152
21 160 93 153
6 195 196 88
279 175 382 103
288 393 102 135
364 54 170 163
13 373 255 70
320 317 342 45
117 271 240 85
396 225 103 28
22 379 223 189
238 158 83 111
393 129 316 21
212 220 162 186
22 119 270 75
52 272 26 14
38 349 283 135
29 187 39 21
239 295 150 127
244 327 49 104
352 398 318 180
57 254 114 47
214 183 82 99
26 56 357 156
86 202 97 54
381 303 338 99
279 203 19 81
19 231 362 161
119 322 69 191
27 143 302 115
227 101 124 96
126 42 356 105
131 130 332 146
44 87 118 131
394 317 50 80
211 71 386 165
80 380 310 185
179 328 86 62
329 165 209 73
369 63 328 94
