100
161 89 366 105
98 350 303 83
158 147 81 40
69 372 172 107
203 69 398 101
17 107 77 117
383 280 125 22
63 396 230 37
317 370 330 55
102 90 101 8
28 284 276 199
148 144 122 30
348 334 280 148
197 147 303 116
44 33 295 153
13 65 180 151
71 159 219 190
47 20 86 78
150 38 331 44
277 87 145 183
67 63 244 108
170 119 196 98
106 223 397 90
175 396 238 117
196 269 55 34
335 300 201 27
192 300 247 58
27 211 241 42
74 173 26 194
31 235 363 59
78 143 49 153
113 154 168 26
346 321 287 192
148 194 319 14
104 165 260 101
352 231 142 11
364 387 193 99
251 213 146 24
150 93 301 42
371 206 268 95
257 342 200 143
251 73 246 26
117 138 34 11
385 372 111 23
211 35 142 193
86 76 14 44
394 178 35 34
72 329 167 71
143 364 306 48
190 216 118 81
341 127 267 6
244 161 142 138
174 53 104 125
372 156 369 1
361 313 361 185
125 6 25 30
305 26 351 145
290 4 3 22
372 249 286 79
225 34 362 147
91 183 338 22
326 288 346 1
285 214 224 130
16 23 132 173
320 174 110 149
60 329 300 122
82 24 49 4
6 132 226 164
282 173 338 88
347 217 208 182
282 208 399 79
214 76 112 33
249 58 193 54
190 386 139 81
27 382 149 131
247 303 122 37
347 179 25 7
15 390 152 108
348 25 291 22
170 366 118 67
233 137 36 133
149 77 181 28
245 56 206 190
188 100 171 137
369 360 155 139
91 364 304 172
360 3 338 129
315 398 35 65
95 75 312 135
189 11 220 121
253 386 73 87
52 384 222 166
110 84 313 124
117 399 324 195
76 286 8 145
62 188 278 140
140 342 120 88
144 303 380 143
250 121 234 109
242 121 257 154
