20
38 48 76 59
50 15 37 51
42 38 75 181
81 60 20 175
85 61 3 192
48 85 64 197
99 12 83 189
80 67 2 86
86 87 20 132
94 80 60 129
72 54 70 66
55 92 92 134
16 10 3 10
86 26 31 97
80 11 81 101
45 18 40 132
47 95 36 7
42 45 72 59
7 72 62 200
31 37 36 66
88 9 2 89
42 77 66 16
51 84 54 22
80 68 0 37
35 34 74 144
75 99 69 153
65 72 88 119
88 74 79 198
10 93 12 120
78 40 13 174
1 58 77 71
22 82 35 88
5 62 57 164
87 5 95 40
54 79 11 25
67 0 46 175
30 93 21 157
72 88 69 106
7 6 50 33
69 41 96 188
50 32 87 56
87 95 46 62
71 64 19 186
75 34 68 58
36 34 95 23
13 61 82 65
34 46 0 157
84 49 38 55
2 90 41 174
99 71 73 79
1 41 29 134
83 13 73 122
54 37 72 105
8 73 50 16
38 41 83 160
95 30 17 20
31 81 75 38
60 5 73 66
18 72 82 68
23 97 93 59
50 17 73 155
75 6 24 43
63 0 78 23
93 27 90 35
49 44 19 134
19 40 0 114
87 63 49 53
95 65 62 174
29 87 91 90
47 13 7 144
42 77 93 193
33 6 17 63
4 13 82 112
44 90 56 28
60 65 24 19
61 16 14 192
35 52 97 196
72 17 53 33
98 71 62 184
35 50 57 86
85 16 46 189
12 37 96 131
80 77 29 160
48 70 86 49
51 15 38 122
10 11 66 139
42 26 44 173
82 65 73 98
19 79 73 148
17 36 25 59
77 39 13 139
45 68 15 100
99 73 38 82
37 61 5 8
75 33 27 5
21 76 29 111
73 21 0 136
66 10 3 165
71 40 52 82
8 68 41 114
