60
183 236 60 10
4 370 52 134
318 97 393 112
36 205 62 165
218 133 59 11
174 145 193 185
39 302 363 164
161 252 276 2
103 329 85 74
186 136 119 124
188 130 362 108
326 188 59 143
130 49 311 138
125 235 238 129
161 129 163 189
280 21 206 35
166 3 333 102
72 312 50 114
268 216 3 7
104 228 243 151
333 161 45 12
379 394 225 108
8 257 253 102
88 326 101 176
77 329 115 49
341 34 273 49
345 240 297 140
205 250 190 197
47 321 62 113
77 88 224 167
382 50 205 106
385 122 275 85
370 136 325 18
1 92 297 175
38 45 8 87
393 34 352 90
125 135 345 73
295 35 183 55
319 29 173 61
102 217 321 22
15 9 235 70
391 135 312 43
397 230 78 83
168 17 64 44
247 165 59 77
38 213 333 22
282 272 90 77
303 75 316 53
7 289 301 17
382 268 388 106
302 151 33 16
356 94 344 75
130 330 348 63
241 253 386 25
170 10 72 118
182 219 18 46
178 272 159 23
377 250 78 119
66 317 380 27
319 12 289 3
316 307 341 125
173 244 335 120
109 34 18 4
265 226 64 70
387 213 225 7
308 298 17 143
233 398 206 111
348 179 278 49
183 327 344 106
232 330 54 69
59 290 4 3
7 331 374 2
126 121 99 41
40 286 319 139
376 16 380 113
64 56 372 41
338 377 246 5
349 314 100 136
211 278 290 40
198 223 149 118
119 162 161 149
170 142 180 174
303 352 352 136
22 162 312 7
221 202 319 172
385 52 108 87
185 258 118 93
157 248 272 98
321 258 371 108
24 253 277 15
50 142 154 131
107 70 321 179
100 101 14 113
134 258 397 193
235 44 109 190
134 210 105 27
316 87 271 50
60 260 371 136
287 78 397 107
334 13 302 192
