-602415398826940
-602415398826940
-602073731296760
-602415398826940
-602073731296760
-555828445322100
-774873585548062
-11438911038865536
9195569071123911
-602415398826940
-602415398826940
-602073731296760
-602073731296760
-602415398826940
-4488409480309323
-4287524583544362
-602073731296760
-5836096309863600
-554286408315280
-9389303422450704
-602073731296760
-602073731296760
6334484973485885
-18681926571943756
-602073731296760
-602073731296760
-602415398826940
-602073731296760
-602073731296760
-602073731296760
-602073731296760
-11633901234259600
-602415398826940
-4488409480309323
92084520257161408
-602073731296760
-602073731296760
-602415398826940
-602073731296760
-4485889729272600
-602415398826940
-602415398826940
-602073731296760
-602415398826940
-4456810478003177
-602073731296760
-602415398826940
-567206100487240
-602073731296760
-602073731296760
-554286408315280
-602415398826940
92562392144602289
-602415398826940
-602415398826940
-602073731296760
-4488409480309323
-4488409480309323
-11438911038865536
-602415398826940
-4488409480309323
-3695298932978933
-567206100487240
-4485889729272600
-53565109841808990
-602073731296760
-602073731296760
-602073731296760
-382747203308510
-5839374479995878
-602073731296760
-602073731296760
-602073731296760
-11137190264665600
-4488409480309323
-602415398826940
-46282789745756853
-602415398826940
-602073731296760
-780367476826938
10211824836316512
-160399420864930
-511411449471155
-491392373159510
-602073731296760
-4488409480309323
-602073731296760
-5839374479995878
-13078142318260800
0
-7831143967164104
-4488409480309323
-554286408315280
-602073731296760
-602073731296760
-602073731296760
-602073731296760
-4488409480309323
-554286408315280
-567206100487240
-4488409480309323
-7562596271729240
-602073731296760
-602073731296760
-602073731296760
-602415398826940
-554286408315280
-602415398826940
-602073731296760
-602415398826940
-4488409480309323
-602415398826940
-602415398826940
-602073731296760
-6934551908127672
-5457420515963554
-602415398826940
-19588094979136200
6312881720914290
-602415398826940
-602415398826940
-491392373159510
-602415398826940
-5836096309863600
-602073731296760
-3695298932978933
-602073731296760
-602073731296760
-602415398826940
-602415398826940
-4488409480309323
-602073731296760
44500496687784605
0
-540755025181290
-602073731296760
26112263633036770
-4488409480309323
98690637349684080
-10903608882710016
53801072731251658
-602415398826940
-497209215789360
-491392373159510
-602073731296760
-9454749376227200
-602415398826940
-555828445322100
18906121367433588
-602073731296760
-602415398826940
-3695298932978933
86723503378009297
-602415398826940
-554286408315280
-602415398826940
-602073731296760
-55849485585208329
-602415398826940
-602415398826940
-602073731296760
-602415398826940
-602415398826940
-602415398826940
-554286408315280
-602415398826940
-5839374479995878
-602073731296760
-554286408315280
-602073731296760
-602073731296760
-602073731296760
-11438911038865536
-602415398826940
-5839374479995878
-497209215789360
-11438911038865536
3361944700424520
-511411449471155
-497209215789360
-602073731296760
-595461064891495
-602073731296760
9296757471526848
-12170400410401200
-602073731296760
1180078600761089
-602415398826940
-39187263436083872
-602073731296760
-602073731296760
-511411449471155
-17663187108689221
-11130873666022400
-11432489341363200
-602073731296760
-602415398826940
-602073731296760
-602073731296760
-602415398826940
-602415398826940
-4488409480309323
-567206100487240
-602415398826940
-15082228982813648
-602415398826940
-602073731296760
-511411449471155
-602415398826940
-6423795160038095
-602073731296760
22076637997832564
-4488409480309323
-602073731296760
-602415398826940
-602073731296760
-567206100487240
-511411449471155
-5839374479995878
-602415398826940
-10903608882710016
-602073731296760
-4287524583544362
-555828445322100
-602415398826940
-602415398826940
-602415398826940
-11438911038865536
-4488409480309323
729241987066678762
-41811386024716086
-4488409480309323
-5836096309863600
-602073731296760
-602415398826940
-540755025181290
-602415398826940
-554286408315280
52568271302146213
1170737826475571
22076637997832564
-602415398826940
84055051331338280
-96195425974518624
-602073731296760
-602415398826940
-602073731296760
-50845793442120608
-602073731296760
-602415398826940
-4488409480309323
17896274171217324
1180078600761089
-602073731296760
1537224705590579
-8319104322194640
-602073731296760
-11130873666022400
-6648131331077098
-511411449471155
-602415398826940
-511411449471155
-511411449471155
-567206100487240
-6423795160038095
-540755025181290
-602073731296760
-4488409480309323
-602415398826940
-511411449471155
-554286408315280
-602415398826940
-602073731296760
-4456810478003177
-554286408315280
9195569071123911
-10752579142393600
-602073731296760
-602073731296760
-602415398826940
-602073731296760
-60583057074230
-602415398826940
-567206100487240
-602073731296760
-602415398826940
-602415398826940
-4755329845941040
-4488409480309323
-11438911038865536
-497209215789360
-567206100487240
-602073731296760
-602073731296760
-743848931353528
-602415398826940
-511411449471155
3361944700424520
161016526131468612
-602415398826940
-602073731296760
-602415398826940
-5262587363153438
-602073731296760
-602073731296760
-4488409480309323
-602415398826940
-7566887928142060
-602415398826940
-4488409480309323
-5836096309863600
-602415398826940
-4488409480309323
-602073731296760
-554286408315280
-602073731296760
-567206100487240
-300515104749490
-602415398826940
-555828445322100
-4488409480309323
-602073731296760
-555828445322100
-40821508003920020
-9454749376227200
-602415398826940
-602073731296760
3565408308228280
-20267904876142768
-602415398826940
-602415398826940
-45688152572864172
-602073731296760
-602073731296760
-497209215789360
84936609191997455
-11137190264665600
-11438911038865536
-4485889729272600
-511411449471155
-602415398826940
-4485889729272600
-511411449471155
-554286408315280
-602073731296760
-602415398826940
-55537830451872048
-602073731296760
-602073731296760
-7124626964886760
-602073731296760
-554286408315280
-602073731296760
946476083727132
-602415398826940
-602415398826940
-602415398826940
1680839390433409
-4488409480309323
-602415398826940
1694250028580731
-540755025181290
-602415398826940
-4488409480309323
-602073731296760
-4488409480309323
-4488409480309323
-4488409480309323
-9766074233661312
-602415398826940
-510426892084785
-511411449471155
18598005560905208
-602073731296760
-602073731296760
-602073731296760
-497209215789360
-602415398826940
6312881720914290
-602415398826940
-602073731296760
-11438911038865536
-602073731296760
-602415398826940
-4488409480309323
-511411449471155
-540755025181290
-602073731296760
36450044438828363
-567206100487240
-602415398826940
-602415398826940
3522609559696670
-9454749376227200
-595461064891495
-567206100487240
-4488409480309323
-602415398826940
-160399420864930
-20972731711256200
-4488409480309323
-602073731296760
1170737826475571
-602415398826940
-6934551908127672
-497209215789360
-267751287445642350
-780367476826938
-602415398826940
3361944700424520
-511411449471155
-88966302822832240
-602415398826940
-511411449471155
30992621007707066
-602415398826940
-602415398826940
-497209215789360
-602415398826940
-10656246434861120
-602073731296760
-602073731296760
-602073731296760
44441123430769884
-602415398826940
-602415398826940
-3593334629420255
-602415398826940
-602073731296760
-602415398826940
-11358379577134464
-602415398826940
-602415398826940
-602073731296760
-602073731296760
-602073731296760
-602415398826940
-602073731296760
-491392373159510
-602073731296760
-602073731296760
-602415398826940
-14285155934110320
-602415398826940
1180078600761089
-602073731296760
-602073731296760
-17215895780948254
-602073731296760
-602415398826940
-602415398826940
-602073731296760
-602073731296760
96537281917102200
-602415398826940
-602073731296760
-511411449471155
-602415398826940
-4456810478003177
361257830027221795
-497209215789360
-602073731296760
-602073731296760
-5578025299460532
-4488409480309323
-9454749376227200
-602073731296760
-5839374479995878
-602073731296760
9893919073750344
-602073731296760
1118303771328800
-602073731296760
-4488409480309323
-554286408315280
31366288812944484
-497209215789360
-567206100487240
-5839374479995878
-602073731296760
-602073731296760
-602073731296760
22307483757287610
-602415398826940
-602073731296760
-602073731296760
-497209215789360
-4488409480309323
-602415398826940
-602073731296760
-602415398826940
-497209215789360
-602415398826940
-491392373159510
-602415398826940
-497209215789360
-595461064891495
3522609559696670
-602415398826940
-4488409480309323
3565408308228280
-554286408315280
-16391827134092204
-8632158783880704
6284345097791015
-602415398826940
-602415398826940
-602073731296760
-4488409480309323
-602415398826940
-602073731296760
-11137190264665600
-56074814766201585
-602415398826940
-780367476826938
-602415398826940
-554286408315280
-3593334629420255
-602415398826940
-602415398826940
3565408308228280
-11432489341363200
-602073731296760
-511411449471155
-602415398826940
-602415398826940
-602073731296760
-4488409480309323
-602415398826940
-602073731296760
-4488409480309323
3480978757030250
9893919073750344
-554286408315280
-88915844456372960
-497209215789360
-602073731296760
-567206100487240
-602073731296760
-602073731296760
-540755025181290
-602415398826940
-602415398826940
-602073731296760
6312881720914290
-602415398826940
-5839374479995878
-602073731296760
-602073731296760
-3695298932978933
-602073731296760
-602415398826940
-602415398826940
-4488409480309323
-555828445322100
-602415398826940
-11358379577134464
-602415398826940
-780367476826938
-602415398826940
-602073731296760
-602415398826940
-554286408315280
-602415398826940
-602073731296760
-50038286978454944
-602415398826940
-602415398826940
-602415398826940
-4488409480309323
-602073731296760
-3695298932978933
-41323007689464384
-3655163345943640
-602415398826940
-4485889729272600
-554286408315280
-554286408315280
-595461064891495
-4488409480309323
-555828445322100
-602415398826940
-602073731296760
1176054037410906
-4488409480309323
-602415398826940
-602415398826940
-602073731296760
-602073731296760
-602073731296760
2285493184332720
-602415398826940
1118303771328800
-602415398826940
-602073731296760
-30732948406045063
-9454749376227200
-602073731296760
-602415398826940
-602415398826940
-20045299426489766
1170737826475571
-497209215789360
-11438911038865536
-11438911038865536
-4755329845941040
-602415398826940
-602415398826940
-6962343824512720
-602415398826940
-602073731296760
-602073731296760
-554286408315280
-511411449471155
-4488409480309323
-602415398826940
-511411449471155
9629076790696608
-5836096309863600
-446857759677070
-540755025181290
-602415398826940
-602415398826940
-602415398826940
-602415398826940
-602415398826940
-554286408315280
1491913383167103
-511411449471155
-602073731296760
-6934551908127672
-511411449471155
-602073731296760
-511411449471155
-602073731296760
-12993364802637016
-511411449471155
-6423795160038095
-602073731296760
-194817812252150
-602415398826940
-4287524583544362
-602073731296760
-511411449471155
-602415398826940
-602073731296760
0
-602415398826940
-4488409480309323
-4488409480309323
-4485889729272600
-4488409480309323
-602073731296760
-602415398826940
-4485889729272600
-33692415601412880
-602073731296760
-602073731296760
-20267904876142768
-602073731296760
-499397907161020
-9454749376227200
-5798264503629122
-602073731296760
-602073731296760
-602073731296760
-602415398826940
-602073731296760
-602415398826940
-20279406598674392
-602073731296760
-6245402126246640
-602415398826940
-602073731296760
-4456810478003177
-9454749376227200
161016526131468612
-602073731296760
-21875840554339084
-511411449471155
-11432489341363200
-602073731296760
-602415398826940
-602415398826940
-4456810478003177
1180078600761089
-5578025299460532
-602415398826940
-602073731296760
-602415398826940
-774873585548062
-602415398826940
-602415398826940
-602073731296760
-602073731296760
-595461064891495
-602073731296760
-4488409480309323
-602073731296760
-602415398826940
-511411449471155
-602415398826940
-567206100487240
-602073731296760
-602415398826940
-567206100487240
-11369565901665064
-602073731296760
-7566887928142060
-567206100487240
-160399420864930
-602073731296760
-602073731296760
-602415398826940
-511411449471155
-511411449471155
1127466413053536
-567206100487240
-4456810478003177
3522609559696670
-4919129795116650
1127466413053536
-4488409480309323
-554286408315280
-602073731296760
-419120701629060
0
-602415398826940
-602415398826940
-491392373159510
1039147131748557
-511411449471155
-602073731296760
1131678137239904
-602415398826940
-11438911038865536
3565408308228280
-507449865308602140
-602415398826940
-602415398826940
-602073731296760
1694250028580731
-642475049814598
-602073731296760
-511411449471155
-602073731296760
-602415398826940
-602415398826940
-602415398826940
1179630296366315
340580674192522081
-602415398826940
-602415398826940
46404880289396686
-101795666827941792
-602415398826940
-602073731296760
1145427718961536
-554286408315280
-491392373159510
-4488409480309323
17749757722038048
44441123430769884
-602415398826940
-602073731296760
-602073731296760
-602415398826940
-7562596271729240
-602073731296760
-511411449471155
-20267904876142768
-602415398826940
-602073731296760
1081505696973280
-602073731296760
-4488409480309323
-68600984694317192
-602415398826940
-11137190264665600
-581611618240390
-602073731296760
-4488409480309323
-554286408315280
-4488409480309323
-11130873666022400
-4456810478003177
45215774226994696
-602073731296760
-10903608882710016
-4488409480309323
-567206100487240
-511411449471155
-555828445322100
-11432489341363200
-602073731296760
-4488409480309323
-602073731296760
-4488409480309323
-35704422326454405
-602073731296760
-540755025181290
-11130873666022400
-602073731296760
-602415398826940
-602073731296760
-595461064891495
3509499595482030
-554286408315280
-602073731296760
3522609559696670
-780367476826938
-602415398826940
-497209215789360
-602415398826940
-602073731296760
-554286408315280
-602415398826940
-602073731296760
-602073731296760
-602415398826940
0
6334484973485885
-602415398826940
-602073731296760
-11438911038865536
-602415398826940
-3593334629420255
6334484973485885
-567206100487240
-602073731296760
-602415398826940
-595461064891495
-511411449471155
-602415398826940
-12177236596955526
-602415398826940
-511411449471155
-602073731296760
-602415398826940
-4488409480309323
-602073731296760
3522609559696670
-602073731296760
-602073731296760
-53565109841808990
-88915844456372960
-602415398826940
1680839390433409
-7617183857832512
-602415398826940
-602073731296760
-602415398826940
-602415398826940
-602415398826940
-602415398826940
-602073731296760
-20267904876142768
-602415398826940
-7562596271729240
-567206100487240
-602415398826940
-602073731296760
-602073731296760
-511411449471155
-602415398826940
-602073731296760
-602415398826940
-38636450544426705
1680839390433409
-602415398826940
-602415398826940
-88536919261084740
-602073731296760
-602073731296760
-602415398826940
1180078600761089
-554286408315280
-602415398826940
-602415398826940
-4488409480309323
-4488409480309323
1145427718961536
0
1131678137239904
-602415398826940
-602415398826940
-160399420864930
-602415398826940
-33286313873038916
-602415398826940
-602415398826940
-602415398826940
-602415398826940
-602073731296760
-745441064540172
-3695298932978933
-602415398826940
-5839374479995878
-4488409480309323
-7562596271729240
-491392373159510
-554286408315280
-554286408315280
-602415398826940
-602073731296760
-602073731296760
-602073731296760
1694250028580731
-4488409480309323
-11432489341363200
-602415398826940
-602073731296760
-602415398826940
-511411449471155
-602073731296760
-511411449471155
-595461064891495
1176054037410906
-602073731296760
-2014763307490570
-4488409480309323
-602415398826940
-602073731296760
-11438911038865536
1688471924845374
-602073731296760
-4488409480309323
-602415398826940
-602073731296760
-602073731296760
-602415398826940
-602415398826940
-602073731296760
-602415398826940
-602415398826940
36740862442740617
-51284544409459990
-602415398826940
-567206100487240
-16737798985940448
-497209215789360
-9454749376227200
-602415398826940
-602415398826940
-602415398826940
-554286408315280
-6245402126246640
-4488409480309323
-602415398826940
-602415398826940
3480978757030250
-11130873666022400
-497209215789360
-602415398826940
-602073731296760
-602073731296760
-602073731296760
-602073731296760
-6930658915646400
-602415398826940
-602415398826940
6334484973485885
1693606393713385
3565408308228280
-602073731296760
1180078600761089
5049830824127350
-595461064891495
-602073731296760
-602073731296760
-554286408315280
1680839390433409
-595461064891495
-602073731296760
-602415398826940
-602415398826940
18612393017815341
-602073731296760
-602073731296760
-602073731296760
-602073731296760
-602073731296760
-540755025181290
-4278367172579588
-602073731296760
9629076790696608
-602415398826940
-624747249656530
-4485889729272600
-602073731296760
-555828445322100
-595461064891495
-5798264503629122
-602415398826940
-4278367172579588
-511411449471155
-511411449471155
-511411449471155
-602073731296760
-3695298932978933
