4 18
8 23
13 22
15 20
21 23
22 34
26 20
30 17
36 53
43 25
48 13
49 19
50 16
59 24
64 17
66 40
67 26
75 24
80 13
81 15
90 26
92 15
96 15
97 21
102 19
105 20
108 31
113 17
122 19
125 23
126 11
131 17
133 12
134 18
138 17
143 15
144 19
156 25
163 21
166 25
169 13
172 19
175 30
176 18
184 37
188 19
189 27
191 24
193 16
202 14
206 25
212 16
214 16
223 19
224 17
228 23
236 36
239 45
241 22
246 29
250 21
251 16
252 25
264 16
267 9
271 25
276 49
282 19
286 27
290 49
293 18
294 12
297 28
301 30
304 21
308 21
309 35
313 16
314 36
331 17
333 24
334 20
337 14
343 20
344 46
351 13
353 13
354 16
359 29
364 15
374 20
377 18
381 24
383 18
384 47
387 25
391 17
394 25
396 12
399 14
417 21
421 29
422 23
429 20
430 20
434 29
436 24
438 21
439 15
440 17
443 19
450 13
452 52
458 22
466 17
468 21
474 14
476 29
478 37
483 17
485 22
493 25
504 20
506 22
512 19
516 22
517 23
521 21
523 15
524 15
533 14
534 20
537 14
544 41
546 21
548 52
551 22
552 18
557 20
559 11
561 12
563 22
564 27
573 18
574 24
577 21
580 41
583 29
585 60
591 14
600 26
602 15
603 29
605 18
607 17
608 21
609 12
610 43
611 17
615 11
617 22
622 23
623 20
624 21
631 33
640 22
642 21
660 16
665 17
667 13
670 12
678 21
681 20
682 21
686 30
687 17
688 36
689 41
695 24
701 23
703 19
718 31
726 24
727 11
734 32
739 24
742 14
744 12
747 18
748 13
753 28
766 26
767 23
778 23
784 20
799 45
801 15
818 18
820 25
821 15
826 15
828 16
832 21
842 19
843 31
846 25
852 25
856 24
857 21
858 44
859 85
863 15
865 14
866 23
867 24
869 26
874 12
876 26
879 12
881 47
885 26
886 13
887 27
891 14
892 23
893 30
900 27
901 64
902 19
903 31
908 20
914 29
915 23
916 18
920 11
922 17
927 15
928 16
941 28
950 32
958 24
961 21
969 18
974 17
975 17
980 14
982 36
984 7
992 21
997 15
998 22
1001 33
1008 24
1009 15
1017 60
1023 22
1024 13
1026 25
1027 14
1028 22
1029 30
1031 13
1036 29
1040 21
1046 24
1047 14
1050 12
1055 16
1056 25
1057 20
1061 18
1065 18
1070 18
1071 19
1072 30
1073 21
1083 56
1090 22
1091 12
1093 35
1097 22
1100 41
1103 23
1110 15
1122 28
1129 17
1130 46
1139 17
1140 16
1141 9
1142 15
1145 35
1146 17
1163 15
1171 17
1172 32
1174 19
1176 21
1178 21
1179 19
1182 16
1186 18
1189 23
1192 20
1198 20
1201 14
1204 19
1206 22
1218 23
1222 20
1223 20
1229 30
1230 20
1232 19
1241 14
1242 24
1251 25
1252 16
1259 41
1263 16
1273 22
1277 28
1282 53
1289 20
1290 19
1296 25
1299 23
1300 15
1302 20
1305 15
1308 46
1309 46
1310 49
1312 19
1313 18
1315 15
1318 17
1322 29
1336 29
1339 26
1348 42
1351 11
1354 22
1356 14
1358 16
1359 20
1365 39
1370 35
1373 18
1378 27
1381 16
1382 43
1383 19
1384 33
1388 22
1391 20
1394 22
1403 20
1404 12
1405 33
1409 30
1437 18
1438 21
1444 18
1445 16
1446 17
1447 20
1450 20
1453 22
1454 24
1455 18
1462 17
1465 13
1466 52
1467 18
1479 20
1481 22
1487 24
1491 29
1496 19
1509 18
1514 27
1515 21
1517 20
1522 24
1524 22
1544 39
1545 26
1549 17
1551 18
1556 16
1562 14
1573 14
1582 20
1585 17
1589 17
1595 14
1599 18
1611 14
1612 28
1613 26
1614 23
1615 19
1616 44
1623 24
1625 25
1626 13
1632 17
1636 16
1640 18
1641 31
1643 18
1644 18
1645 11
1649 23
1651 44
1659 26
1660 15
1662 30
1666 10
1669 22
1671 23
1673 22
1684 13
1686 19
1688 20
1690 21
1694 22
1695 19
1699 13
1705 21
1719 43
1723 17
1726 31
1729 19
1747 19
1758 20
1761 17
1773 19
1774 20
1777 13
1778 29
1779 23
1784 19
1787 18
1791 15
1795 24
1802 26
1816 20
1823 26
1825 18
1828 11
1830 18
1831 17
1835 28
1836 32
1840 25
1842 22
1843 21
1848 15
1868 31
1874 21
1875 14
1877 17
1890 22
1895 25
1899 20
1900 13
1901 11
1904 27
1905 25
1906 17
1908 17
1909 21
1910 21
1911 25
1912 26
1913 12
1914 24
1915 22
1918 22
1919 15
1928 13
1929 15
1934 25
1940 27
1944 18
1957 19
1959 15
1968 15
1971 18
1974 18
1977 24
1979 13
1980 24
1984 29
1987 17
1998 12
2001 17
2002 34
2004 16
2011 17
2015 48
2016 30
2018 20
2020 18
2028 9
2029 13
2044 24
2048 23
2053 32
2055 16
2058 41
2060 22
2072 23
2073 49
2075 19
2076 17
2081 22
2082 30
2084 25
2089 22
2091 24
2095 11
2106 21
2107 22
2108 28
2115 15
2119 20
2121 15
2126 15
2127 24
2131 21
2133 19
2139 21
2144 19
2145 19
2148 25
2149 20
2153 18
2154 19
2158 21
2163 21
2167 25
2174 23
2175 16
2182 23
2209 34
2212 16
2213 47
2217 20
2218 24
2220 18
2221 28
2229 15
2231 24
2236 22
2244 22
2250 19
2257 15
2260 47
2261 23
2262 25
2271 26
2275 25
2278 14
2282 30
2284 20
2286 22
2287 17
2298 21
2306 23
2307 11
2308 29
2329 14
2343 36
2345 53
2347 20
2351 14
2363 19
2375 32
2381 17
2384 28
2385 27
2388 12
2390 21
2394 17
2396 20
2398 21
2410 22
2412 23
2415 17
2422 15
2424 16
2426 29
2427 46
2428 14
2438 39
2441 23
2443 22
2448 40
2450 15
2452 34
2454 15
2455 37
2463 28
2466 13
2468 15
2471 21
2475 18
2477 28
2484 24
2486 28
2487 24
2489 27
2500 16
2503 42
2504 52
2506 14
2515 16
2518 21
2523 17
2525 21
2528 21
2529 48
2535 46
2536 63
2538 19
2540 19
2541 27
2546 35
2565 21
2568 11
2572 17
2575 18
2587 23
2589 19
2596 30
2597 22
2607 18
2612 17
2614 32
2627 23
2632 21
2639 16
2642 22
2655 27
2656 16
2660 20
2662 15
2664 22
2668 11
2669 19
2672 51
2675 19
2677 19
2679 13
2688 26
2690 25
2695 27
2697 34
2698 20
2703 23
2704 18
2709 36
2713 12
2722 18
2724 14
2743 17
2747 18
2759 22
2763 23
2766 21
2768 16
2769 15
2772 21
2773 19
2783 16
2784 17
2787 29
2795 26
2797 36
2802 16
2804 26
2817 15
2820 25
2822 24
2824 39
2825 18
2830 19
2837 14
2841 10
2845 12
2849 20
2853 29
2856 29
2860 40
2865 21
2871 49
2884 17
2888 15
2892 27
2894 21
2896 17
2901 19
2912 24
2915 18
2916 16
2919 16
2920 14
2923 21
2932 23
2934 24
2947 24
2950 17
2955 21
2969 18
2975 15
2977 19
2980 29
2991 13
2999 14
3002 12
3003 13
3009 44
3014 15
3016 48
3019 18
3021 28
3025 28
3031 12
3033 44
3039 23
3046 22
3051 25
3058 14
3065 17
3069 27
3073 38
3074 21
3078 22
3080 24
3084 21
3092 23
3095 18
3097 25
3098 20
3109 21
3110 25
3116 25
3118 16
3126 23
3132 10
3141 24
3143 13
3146 13
3149 16
3155 20
3160 21
3162 12
3174 20
3179 66
3180 18
3185 29
3186 21
3189 22
3191 21
3194 18
3196 20
3203 25
3208 23
3213 16
3225 30
3229 24
3235 17
3237 25
3240 20
3248 16
3253 18
3262 11
3264 30
3273 43
3274 22
3276 40
3277 31
3281 20
3283 24
3289 31
3293 48
3294 24
3300 19
3315 19
3322 13
3331 50
3333 22
3336 46
3339 16
3352 24
3356 15
3357 8
3358 46
3361 25
3372 24
3374 15
3376 22
3378 22
3379 23
3384 44
3387 13
3389 20
3394 23
3396 18
3400 18
3408 23
3412 23
3423 19
3424 13
3428 35
3432 43
3437 22
3440 24
3448 20
3455 38
3456 22
3458 19
3467 21
3473 24
3479 27
3480 21
3482 16
3484 16
3487 19
3488 27
3492 38
3494 21
3495 23
3500 14
3502 38
3503 23
3509 16
3511 21
3521 20
3530 19
3535 20
3539 16
3540 16
3546 19
3553 25
3554 32
3557 12
3560 26
3562 40
3569 44
3574 15
3576 25
3578 9
3580 50
3581 15
3584 35
3586 20
3587 16
3590 18
3592 20
3610 29
3627 21
3633 20
3636 18
3639 12
3645 18
3661 39
3662 22
3682 37
3683 22
3687 14
3688 20
3689 41
3690 15
3705 19
3706 30
3710 13
3711 22
3713 28
3714 20
3721 38
3729 22
3732 20
3735 17
3738 16
3742 63
3743 10
3746 9
3750 12
3756 14
3770 31
3772 28
3775 22
3780 23
3784 19
3786 25
3789 21
3790 19
3792 22
3793 29
3799 29
3810 21
3812 23
3818 17
3819 33
3832 15
3835 18
3836 18
3838 16
3840 24
3844 13
3847 22
3848 20
3852 43
3856 12
3864 17
3866 21
3870 27
3871 16
3874 20
3875 30
3885 18
3887 24
3888 25
3889 21
3896 15
3907 12
3914 28
3918 16
3920 50
3921 22
3922 61
3932 18
3937 19
3939 12
3945 22
3948 17
3952 16
3963 18
3965 14
3966 26
3973 14
3976 17
3977 23
3980 17
3985 40
3991 15
3992 19
3996 33
4006 16
4007 18
4008 30
4019 17
4021 21
4022 24
4025 42
4030 15
4032 22
4043 27
4044 16
4052 18
4054 24
4059 13
4062 27
4080 16
4081 44
4082 34
4084 20
4093 28
4097 24
4098 24
4100 20
4102 16
4106 23
4107 27
4111 18
4112 19
4117 21
4122 34
4123 15
4126 17
4128 33
4131 24
4134 10
4141 20
4142 37
4145 21
4152 17
4153 17
4157 22
4159 18
4161 17
4162 24
4163 16
4167 10
4176 16
4180 15
4181 50
4184 23
4188 23
4190 31
4191 29
4193 18
4200 19
4210 21
4211 21
4212 12
4216 24
4224 18
4232 11
4233 14
4238 23
4247 22
4250 18
4255 28
4260 32
4261 20
4264 13
4269 15
4284 12
4293 30
4294 19
4297 20
4308 28
4311 18
4321 22
4324 36
4326 17
4327 50
4328 21
4329 19
4331 14
4338 53
4341 16
4342 23
4343 23
4344 25
4346 14
4351 14
4357 16
4359 41
4360 15
4363 19
4366 22
4367 13
4372 32
4380 28
4383 52
4384 18
4385 16
4386 37
4390 19
4393 14
4394 13
4399 24
4400 14
4401 15
4402 20
4403 16
4405 16
4406 21
4408 22
4411 23
4413 34
4417 18
4429 21
4437 32
4438 29
4439 14
4440 23
4445 16
4446 21
4450 52
4452 22
4453 17
4454 15
4455 47
4458 14
4465 15
4476 22
4477 22
4485 25
4486 33
4487 16
4490 27
4492 15
4494 15
4503 19
4509 36
4511 14
4513 15
4514 19
4522 31
4523 20
4527 23
4531 16
4532 21
4533 31
4537 32
4545 16
4560 28
4561 26
4563 22
4567 37
4569 24
4573 33
4575 25
4578 15
4579 24
4581 22
4582 21
4584 23
4587 27
4589 22
4590 24
4595 16
4609 24
4613 16
4620 44
4627 21
4635 15
4636 28
4640 22
4645 38
4648 48
4649 18
4654 24
4656 46
4661 18
4664 30
4666 54
4670 28
4681 34
4682 18
4686 18
4688 19
4693 10
4695 13
4697 14
4699 15
4702 27
4703 20
4709 38
4715 25
4721 19
4726 42
4740 28
4741 28
4749 27
4751 22
4752 18
4753 14
4755 8
4771 15
4774 18
4775 26
4778 21
4783 20
4784 16
4785 15
4789 21
4799 56
4802 13
4808 18
4810 22
4817 28
4819 17
4820 14
4824 26
4828 45
4829 22
4830 17
4840 38
4841 21
4845 19
4846 30
4852 16
4855 22
4856 17
4858 23
4863 17
4866 22
4868 41
4869 29
4870 18
4874 15
4877 16
4880 17
4881 22
4885 26
4888 13
4891 23
4896 19
4897 22
4900 14
4903 14
4907 18
4909 49
4912 20
4913 36
4914 27
4916 28
4920 25
4922 18
4924 23
4925 37
4927 14
4929 16
4933 17
4934 20
4937 18
4938 16
4941 36
4944 30
4956 17
4958 12
4968 17
4974 12
4975 12
4976 14
4977 23
4978 18
4989 25
4992 16
4998 20
5000 13
5004 19
5016 27
5024 18
5031 14
5033 16
5034 23
5035 20
5041 16
5043 22
5050 25
5053 26
5057 24
5086 15
5087 20
5095 19
5101 18
5103 24
5106 25
5115 45
5119 10
5128 19
5129 14
5135 20
5138 14
5139 15
5144 21
5147 22
5150 16
5156 24
5161 19
5162 15
5165 25
5170 23
5172 18
5175 16
5176 21
5177 31
5180 20
5187 25
5191 14
5196 47
5197 42
5201 24
5203 17
5205 18
5213 20
5215 11
5222 17
5236 15
5247 13
5250 18
5255 16
5258 22
5267 19
5274 11
5283 24
5284 19
5288 39
5291 16
5294 18
5298 21
5299 16
5308 24
5309 23
5314 23
5320 28
5321 17
5331 35
5335 27
5340 12
5341 35
5349 17
5350 35
5357 20
5360 29
5361 14
5362 13
5363 22
5367 33
5369 29
5373 31
5376 35
5383 42
5390 22
5395 21
5406 24
5412 20
5415 19
5423 21
5428 19
5434 16
5439 20
5441 22
5448 18
5456 35
5457 16
5460 31
5463 24
5468 23
5472 29
5473 22
5479 24
5480 21
5483 24
5486 22
5492 30
5494 32
5499 19
5505 18
5509 16
5510 16
5511 21
5513 24
5514 15
5517 27
5519 18
5522 14
5524 31
5532 24
5534 22
5536 16
5539 23
5541 18
5544 12
5550 11
5551 23
5554 27
5565 19
5580 17
5583 33
5587 25
5590 58
5603 15
5605 42
5607 14
5612 21
5613 25
5615 35
5632 12
5635 30
5644 16
5645 19
5649 28
5653 15
5661 16
5664 44
5667 18
5668 19
5673 28
5676 21
5677 38
5682 10
5683 17
5684 31
5688 44
5689 14
5692 17
5696 17
5699 16
5703 46
5706 22
5710 19
5713 15
5716 26
5720 26
5722 28
5723 19
5729 18
5730 23
5733 21
5737 28
5742 24
5743 24
5746 22
5748 24
5750 15
5751 15
5760 17
5773 24
5774 11
5777 36
5785 26
5791 20
5793 22
5794 21
5795 22
5796 25
5797 21
5804 14
5814 16
5815 22
5825 70
5827 34
5830 18
5837 13
5841 37
5843 26
5845 23
5847 42
5857 17
5858 18
5863 39
5873 19
5874 16
5886 27
5888 32
5891 26
5892 17
5893 23
5894 19
5900 31
5906 20
5907 19
5908 48
5910 26
5912 22
5913 35
5918 20
5921 20
5924 18
5925 24
5928 27
5929 14
5933 18
5938 34
5945 36
5947 42
5954 21
5955 17
5964 17
5966 20
5969 19
5971 15
5973 18
5987 24
5992 20
5994 68
5996 55
6003 44
6008 20
6010 14
6012 15
6016 16
6017 23
6018 17
6020 20
6021 21
6022 12
6025 19
6027 25
6028 31
6035 16
6038 28
6043 49
6044 23
6053 21
6055 24
6057 27
6063 45
6065 14
6066 16
6067 24
6068 61
6072 21
6075 18
6076 21
6077 20
6078 19
6079 23
6080 19
6082 21
6084 19
6085 34
6086 21
6087 14
6089 18
6093 12
6096 19
6106 26
6109 15
6110 13
6114 16
6116 14
6120 16
6128 27
6131 52
6133 21
6137 23
6141 19
6146 15
6147 26
6160 25
6163 19
6165 35
6166 52
6169 24
6170 28
6173 22
6179 16
6181 27
6182 52
6184 29
6191 25
6195 20
6203 14
6205 44
6206 21
6208 20
6211 29
6212 22
6218 21
6220 14
6234 19
6235 28
6236 23
6238 34
6243 25
6249 23
6252 21
6258 26
6264 17
6267 41
6271 47
6272 15
6274 37
6277 14
6278 19
6281 25
6285 13
6288 18
6294 14
6297 35
6298 26
6301 48
6307 39
6312 16
6317 20
6318 17
6319 19
6321 18
6322 22
6326 20
6329 11
6330 24
6331 41
6338 27
6342 18
6343 47
6348 22
6355 30
6364 16
6370 11
6371 20
6373 14
6374 22
6376 22
6381 24
6388 17
6389 13
6390 17
6392 16
6395 23
6400 23
6404 15
6405 29
6406 37
6412 24
6416 14
6417 14
6418 29
6420 21
6423 18
6435 45
6439 19
6442 18
6453 37
6466 27
6468 19
6469 24
6470 19
6479 18
6483 18
6491 13
6497 19
6500 44
6501 25
6511 22
6512 34
6514 17
6515 38
6517 21
6518 18
6519 20
6520 14
6521 20
6530 26
6531 12
6532 27
6539 18
6540 23
6541 27
6542 28
6545 14
6547 21
6551 16
6552 21
6555 16
6558 24
6565 18
6575 14
6584 17
6586 19
6587 11
6588 16
6592 26
6600 24
6607 48
6611 32
6614 28
6618 14
6619 15
6620 26
6624 21
6636 14
6642 32
6643 19
6648 22
6650 24
6655 18
6656 20
6658 15
6664 19
6673 17
6674 24
6676 19
6678 41
6679 18
6686 14
6687 31
6690 26
6694 13
6701 17
6706 22
6710 13
6714 57
6719 53
6720 13
6727 26
6736 14
6740 16
6742 21
6743 20
6753 14
6757 18
6767 17
6777 24
6786 20
6794 19
6795 24
6802 17
6804 22
6806 20
6811 20
6812 25
6814 20
6818 22
6821 13
6822 17
6829 18
6842 20
6844 24
6847 17
6849 21
6852 12
6859 24
6862 47
6867 17
6869 48
6870 31
6871 18
6885 23
6887 19
6888 30
6891 21
6893 23
6894 37
6905 28
6913 26
6920 27
6921 44
6925 28
6928 20
6929 11
6933 31
6936 23
6937 22
6939 19
6945 31
6949 24
6950 14
6957 12
6963 24
6974 15
6976 16
6983 13
6990 20
6991 15
6992 16
6993 26
6995 9
7006 21
7007 16
7010 14
7011 20
7012 20
7014 20
7017 53
7023 15
7024 42
7030 27
7038 25
7044 22
7047 22
7050 36
7064 29
7071 24
7074 10
7075 15
7082 20
7096 22
7097 22
7101 15
7106 22
7111 30
7117 47
7120 19
7122 24
7123 43
7125 26
7126 20
7129 20
7132 18
7135 20
7143 42
7150 18
7153 26
7161 16
7165 14
7170 42
7172 29
7175 9
7177 19
7180 25
7183 14
7187 43
7195 12
7202 29
7212 15
7213 20
7214 22
7216 27
7220 23
7224 15
7228 51
7235 48
7236 18
7241 18
7250 41
7252 13
7253 16
7254 44
7262 23
7263 17
7265 44
7269 14
7270 12
7276 51
7285 42
7287 19
7290 23
7295 25
7305 19
7307 37
7308 25
7314 17
7318 19
7323 16
7327 14
7336 19
7342 16
7345 16
7347 16
7353 29
7354 15
7361 14
7371 16
7378 16
7385 15
7389 26
7392 22
7393 12
7396 16
7403 23
7404 16
7405 20
7412 12
7414 10
7415 15
7428 16
7430 14
7431 18
7438 23
7439 13
7442 22
7444 14
7446 16
7460 18
7475 21
7478 23
7481 25
7486 14
7487 15
7489 36
7495 31
7497 20
7503 16
7510 17
7522 25
7524 22
7527 20
7532 18
7538 25
7541 32
7548 20
7554 15
7561 27
7566 31
7567 24
7570 14
7572 23
7575 39
7578 25
7585 38
7592 22
7599 25
7600 20
7603 17
7607 34
7612 28
7613 13
7620 18
7623 10
7624 42
7631 27
7636 21
7638 25
7643 18
7645 21
7646 17
7648 24
7657 15
7666 22
7667 21
7672 27
7677 23
7684 19
7687 15
7688 32
7693 15
7699 20
7701 17
7702 45
7704 10
7706 22
7708 33
7714 45
7715 19
7717 12
7722 30
7723 17
7730 27
7733 30
7734 21
7745 24
7746 17
7749 16
7754 22
7763 30
7764 20
7765 24
7769 20
7774 20
7778 20
7781 19
7786 21
7787 36
7788 14
7797 20
7802 20
7804 16
7806 26
7813 22
7815 9
7816 52
7825 10
7829 24
7830 18
7831 36
7838 32
7847 18
7848 20
7849 33
7850 19
7871 14
7875 22
7889 22
7894 19
7895 9
7896 23
7902 27
7912 17
7915 18
7917 19
7923 20
7930 27
7933 28
7937 21
7942 19
7946 36
7952 19
7953 14
7954 18
7958 41
7959 19
7965 36
7973 13
7983 25
7992 15
7994 21
7995 34
8004 32
8017 21
8019 23
8021 26
8023 26
8029 13
8030 27
8036 30
8041 16
8047 20
8048 15
8050 21
8060 13
8061 20
8066 16
8067 77
8070 25
8076 19
8077 19
8079 24
8086 22
8089 24
8090 18
8091 17
8096 27
8099 19
8101 21
8105 31
8106 19
8107 15
8116 15
8127 19
8132 27
8133 16
8134 24
8147 25
8148 26
8153 25
8156 18
8163 20
8170 22
8172 24
8174 17
8175 17
8178 20
8179 14
8183 39
8187 18
8192 17
8197 19
8204 16
8209 25
8216 25
8217 12
8222 17
8223 61
8224 13
8230 14
8232 23
8237 23
8238 24
8250 24
8276 21
8277 28
8280 27
8282 14
8285 27
8287 18
8293 20
8294 22
8295 21
8297 36
8300 20
8305 18
8306 48
8311 21
8314 17
8318 19
8319 15
8320 28
8321 48
8324 19
8332 16
8337 23
8341 20
8342 31
8345 32
8348 14
8360 21
8364 20
8367 29
8371 11
8373 13
8375 26
8377 13
8378 25
8385 20
8386 27
8388 18
8392 20
8393 14
8395 28
8397 30
8398 23
8399 15
8405 15
8420 29
8426 13
8432 16
8433 43
8434 13
8435 22
8441 13
8443 22
8446 15
8449 19
8452 28
8464 20
8465 17
8471 24
8472 16
8485 29
8492 25
8496 26
8497 18
8498 20
8499 27
8508 21
8515 17
8520 26
8524 27
8531 19
8542 20
8544 18
8545 25
8549 30
8550 18
8555 25
8556 23
8557 17
8558 13
8559 23
8560 16
8563 13
8568 20
8571 33
8572 19
8576 22
8577 13
8578 16
8584 14
8586 49
8587 18
8596 23
8597 23
8598 25
8601 15
8605 31
8608 17
8616 20
8621 42
8622 23
8638 26
8642 10
8648 21
8656 21
8657 19
8658 37
8665 25
8668 18
8673 14
8674 15
8677 30
8680 19
8685 13
8689 24
8696 17
8698 24
8699 30
8700 23
8702 52
8711 10
8712 28
8722 24
8725 29
8728 20
8732 38
8733 20
8739 18
8752 29
8753 18
8768 17
8769 20
8774 32
8776 18
8777 17
8778 32
8780 15
8781 20
8782 15
8785 14
8786 32
8787 44
8791 21
8793 27
8798 20
8802 16
8813 17
8818 37
8823 48
8826 16
8829 47
8830 50
8838 23
8839 22
8841 15
8844 21
8845 20
8846 19
8848 22
8851 24
8863 18
8879 50
8882 11
8884 19
8885 29
8890 17
8895 24
8898 15
8902 13
8903 19
8910 18
8912 24
8922 16
8924 18
8925 57
8926 20
8932 22
8935 18
8941 13
8945 36
8949 26
8951 16
8957 31
8960 9
8963 14
8965 18
8967 18
8968 38
8969 21
8970 12
8973 18
8974 23
8984 36
8985 24
8990 24
8993 41
8995 22
9000 28
9007 18
9011 18
9013 19
9015 23
9016 13
9019 10
9023 19
9024 20
9031 32
9034 41
9036 22
9038 24
9039 35
9046 20
9049 24
9050 8
9054 12
9056 17
9087 25
9091 34
9096 14
9100 36
9103 18
9105 17
9109 23
9111 20
9120 23
9123 21
9124 22
9129 21
9135 7
9136 20
9138 16
9146 16
9150 25
9152 16
9156 20
9157 18
9167 18
9173 30
9176 12
9178 22
9191 16
9192 24
9199 16
9200 18
9205 19
9208 17
9210 34
9212 17
9222 44
9227 15
9228 18
9232 22
9239 14
9243 19
9244 22
9251 26
9252 17
9258 12
9261 19
9263 45
9270 13
9285 21
9286 22
9287 26
9289 21
9292 23
9294 22
9304 19
9307 27
9317 18
9322 27
9323 38
9325 22
9331 29
9332 19
9333 20
9339 14
9345 25
9350 49
9359 16
9361 19
9363 23
9365 15
9366 13
9369 17
9371 22
9375 11
9379 19
9381 16
9388 45
9391 14
9400 24
9401 22
9405 22
9408 22
9410 45
9412 13
9416 25
9419 34
9421 19
9426 25
9428 21
9437 18
9438 26
9443 20
9445 38
9449 16
9455 15
9456 21
9458 33
9461 60
9474 27
9476 16
9482 26
9490 42
9497 16
9498 9
9499 16
9502 22
9508 10
9511 30
9525 10
9533 24
9534 20
9538 34
9540 20
9542 12
9550 14
9558 16
9572 40
9582 23
9583 23
9590 20
9611 22
9613 15
9618 13
9621 22
9627 33
9628 20
9631 22
9633 20
9638 15
9639 20
9645 11
9646 27
9657 22
9659 39
9665 43
9667 23
9668 20
9672 25
9675 19
9678 32
9679 20
9685 18
9687 19
9704 16
9709 22
9710 17
9711 13
9718 29
9720 21
9727 16
9729 18
9731 82
9735 43
9738 22
9747 44
9751 54
9755 21
9756 22
9762 21
9764 18
9769 37
9775 19
9780 25
9789 35
9794 54
9795 16
9797 14
9802 28
9808 20
9809 18
9814 22
9826 8
9832 31
9834 27
9842 21
9848 20
9855 37
9856 23
9864 19
9867 36
9870 16
9873 21
9877 13
9881 27
9884 13
9886 24
9887 17
9891 29
9894 20
9902 46
9906 27
9914 27
9921 16
9924 16
9931 60
9937 28
9938 17
9939 22
9956 25
9958 25
9961 21
9963 22
9975 36
9979 14
9983 19
9986 12
9987 19
9992 24
9995 15
10000 53
10008 63
10009 17
10010 21
10013 17
10019 17
10021 44
10027 19
10028 37
10045 28
10048 11
10049 25
10052 24
10057 22
10058 14
10062 18
10070 19
10071 28
10077 41
10083 14
10087 16
10088 12
10096 18
10101 17
10106 20
10109 24
10112 56
10119 36
10121 21
10129 20
10133 15
10134 22
10137 22
10139 18
10140 33
10146 20
10153 13
10156 21
10158 18
10163 34
10168 30
10171 60
10176 15
10182 21
10184 27
10187 18
10190 40
10193 20
10194 12
10197 17
10201 19
10203 19
10208 27
10224 20
10227 23
10235 14
10241 29
10248 20
10249 20
10262 30
10266 21
10269 20
10272 19
10276 21
10286 30
10292 19
10294 27
10295 47
10298 19
10302 24
10306 57
10309 34
10311 23
10316 14
10321 15
10322 18
10323 11
10332 15
10335 20
10337 22
10354 18
10357 32
10358 13
10366 24
10381 45
10388 19
10389 18
10392 20
10397 38
10403 48
10408 20
10413 26
10414 17
10415 25
10419 17
10421 27
10431 19
10441 19
10445 19
10449 17
10454 15
10456 16
10458 24
10473 16
10474 9
10477 27
10478 13
10483 16
10487 22
10489 8
10493 14
10496 27
10497 24
10498 23
10500 19
10501 24
10506 17
10508 15
10509 22
10510 22
10512 21
10515 13
10517 18
10518 35
10528 50
10536 16
10539 19
10540 18
10547 13
10555 22
10559 21
10560 18
10564 21
10566 13
10569 45
10571 15
10572 16
10573 20
10577 16
10580 13
10586 14
10589 15
10591 24
10593 19
10607 17
10609 19
10620 17
10626 20
10631 20
10633 23
10634 23
10636 27
10637 14
10643 22
10645 13
10646 18
10649 14
10651 15
10656 19
10671 15
10673 18
10680 16
10684 19
10687 38
10690 25
10692 40
10694 15
10702 23
10706 23
10708 35
10718 28
10719 25
10721 15
10726 15
10727 21
10730 27
10731 10
10739 16
10743 22
10748 18
10750 19
10753 18
10762 22
10781 26
10784 38
10787 19
10788 26
10790 24
10796 20
10800 47
10804 22
10807 17
10811 25
10812 15
10820 18
10822 25
10826 20
10836 23
10837 14
10840 19
10841 24
10845 12
10851 24
10859 22
10861 24
10869 22
10874 9
10885 26
10889 19
10895 13
10903 24
10912 17
10938 19
10941 18
10943 26
10947 26
10953 18
10959 16
10961 35
10968 23
10969 24
10970 18
10974 29
10982 19
10984 22
10990 26
11003 31
11007 20
11016 16
11025 15
11033 21
11038 16
11040 17
11048 20
11049 23
11051 28
11059 22
11066 17
11067 22
11069 25
11070 23
11073 17
11076 15
11083 22
11085 16
11091 23
11092 33
11094 14
11096 42
11097 12
11102 19
11104 19
11105 27
11108 20
11114 18
11117 22
11119 23
11121 45
11128 30
11136 17
11137 24
11143 24
11144 21
11154 16
11159 17
11162 28
11165 25
11167 18
11168 29
11180 18
11185 19
11188 16
11199 18
11202 16
11204 25
11211 23
11218 16
11223 27
11226 21
11227 37
11232 13
11239 15
11243 18
11244 17
11245 11
11251 27
11257 17
11260 18
11267 17
11271 16
11275 11
11281 23
11283 22
11298 12
11301 19
11302 22
11306 41
11308 25
11309 46
11311 19
11316 16
11323 34
11327 17
11331 16
11335 30
11338 17
11340 62
11342 18
11345 14
11346 16
11354 15
11357 13
11366 19
11371 39
11386 30
11407 22
11412 20
11413 21
11417 13
11420 13
11430 24
11431 21
11432 53
11433 16
11440 16
11448 20
11451 30
11460 25
11466 22
11472 19
11477 29
11478 19
11481 18
11482 21
11483 13
11492 20
11499 26
11503 19
11505 42
11509 23
11510 35
11512 18
11521 22
11522 15
11528 16
11534 18
11540 22
11543 14
11547 16
11555 19
11558 15
11564 16
11572 16
11573 29
11576 23
11582 13
11603 16
11622 32
11630 17
11631 11
11632 11
11634 20
11641 35
11658 14
11661 47
11668 39
11674 31
11677 16
11693 11
11700 14
11705 45
11712 16
11716 25
11723 45
11724 22
11726 35
11729 18
11737 43
11738 31
11749 16
11750 19
11759 32
11761 48
11765 25
11766 16
11767 10
11771 21
11772 22
11773 26
11774 41
11777 18
11778 17
11779 51
11792 17
11796 27
11797 15
11798 26
11801 47
11803 11
11808 14
11815 25
11818 14
11821 34
11826 17
11834 21
11835 31
11838 13
11840 23
11844 15
11855 26
11861 19
11869 17
11877 18
11882 42
11890 33
11900 30
11932 20
11937 31
11944 40
11950 16
11951 19
11953 17
11967 19
11968 19
11971 24
11974 20
11976 14
11978 14
11980 16
11983 24
11986 27
11987 13
11989 21
11993 23
11996 14
11997 22
12003 21
12006 14
12007 26
12010 34
12011 19
12013 26
12016 18
12017 69
12020 15
12024 24
12026 24
12031 39
12033 24
12046 20
12048 15
12049 17
12050 23
12051 16
12060 30
12061 16
12067 42
12080 15
12092 13
12099 17
12103 18
12107 28
12110 16
12111 46
12114 18
12125 24
12127 33
12129 16
12131 14
12133 22
12134 20
12135 16
12143 26
12145 19
12147 22
12148 25
12149 27
12160 26
12163 13
12164 18
12167 20
12169 22
12184 13
12189 10
12191 22
12205 16
12209 25
12211 22
12217 14
12218 15
12219 26
12221 21
12222 17
12224 35
12246 26
12248 17
12250 48
12253 20
12267 32
12272 17
12285 32
12288 29
12291 18
12296 14
12312 17
12315 19
12316 24
12320 17
12328 21
12336 17
12337 20
12341 17
12342 28
12357 19
12359 18
12360 25
12361 25
12366 19
12369 35
12370 37
12381 20
12385 48
12386 27
12387 16
12388 15
12389 22
12394 22
12396 25
12403 16
12404 43
12410 15
12414 31
12426 32
12427 19
12432 41
12433 19
12435 25
12438 27
12440 21
12444 26
12445 16
12460 18
12464 22
12472 11
12473 19
12476 39
12482 16
12490 41
12493 25
12495 50
12496 19
12498 26
12499 18
12501 39
12502 14
12503 30
12504 27
12518 23
12527 18
12536 19
12538 22
12539 23
12550 23
12554 18
12557 17
12558 15
12560 27
12562 20
12564 27
12566 42
12568 15
12570 16
12571 14
12575 22
12576 17
12577 99
12581 17
12582 20
12589 14
12593 18
12599 19
12600 20
12602 14
12603 19
12608 18
12628 29
12632 51
12635 18
12637 23
12638 16
12645 17
12647 23
12649 15
12657 21
12663 17
12665 21
12666 18
12673 18
12674 30
12683 17
12688 16
12695 26
12696 18
12697 15
12700 22
12706 26
12709 25
12718 12
12722 25
12723 26
12736 18
12740 22
12741 27
12746 33
12747 56
12753 16
12756 30
12757 30
12761 20
12763 22
12764 40
12769 16
12778 14
12783 16
12788 29
12792 21
12800 21
12804 18
12805 27
12806 31
12809 22
12814 15
12817 16
12818 14
12820 30
12823 10
12828 19
12830 20
12839 19
12840 16
12843 11
12847 24
12848 27
12849 23
12850 16
12856 21
12858 17
12861 22
12864 25
12866 14
12867 25
12871 17
12881 21
12890 64
12894 22
12899 24
12905 19
12906 28
12908 25
12911 24
12912 19
12917 12
12926 25
12929 24
12930 24
12932 17
12940 20
12941 23
12950 17
12955 12
12957 22
12963 23
12973 13
12980 12
12984 40
12987 24
12989 18
12992 26
12999 14
13004 26
13005 19
13012 30
13013 18
13016 36
13017 27
13018 21
13019 17
13020 16
13023 35
13024 10
13032 25
13036 12
13040 18
13041 21
13043 37
13050 23
13051 12
13052 19
13054 17
13057 41
13064 66
13065 25
13070 68
13075 36
13076 28
13085 45
13088 24
13094 16
13099 53
13109 37
13113 40
13118 34
13119 21
13128 23
13130 23
13144 12
13158 23
13160 18
13163 40
13164 20
13165 20
13168 20
13171 23
13172 17
13174 39
13175 16
13182 24
13188 18
13189 19
13193 17
13198 19
13211 13
13213 49
13216 31
13217 19
13229 16
13234 21
13236 28
13239 23
13254 11
13258 18
13260 25
13262 17
13264 13
13276 65
13278 33
13287 9
13291 19
13295 22
13297 23
13298 28
13301 15
13302 26
13303 23
13312 51
13314 15
13321 19
13347 36
13351 19
13352 13
13367 13
13370 20
13373 38
13374 21
13379 22
13385 25
13389 23
13390 9
13398 11
13402 23
13408 20
13410 27
13414 33
13417 28
13421 20
13422 31
13423 19
13428 38
13429 13
13436 16
13438 26
13442 16
13443 18
13448 19
13451 24
13463 15
13467 15
13474 14
13478 22
13479 13
13481 20
13484 24
13496 29
13497 30
13498 27
13499 29
13503 22
13505 19
13506 24
13509 23
13522 13
13525 14
13532 26
13553 17
13556 19
13560 23
13565 19
13567 16
13568 20
13570 15
13571 16
13574 17
13579 15
13580 15
13587 34
13589 25
13595 63
13601 14
13603 18
13606 26
13610 24
13615 18
13617 18
13618 17
13624 21
13625 31
13626 17
13634 14
13636 24
13638 14
13642 24
13645 13
13653 25
13655 36
13658 17
13659 35
13675 20
13681 22
13682 21
13684 19
13685 27
13691 16
13701 23
13704 23
13706 20
13717 26
13719 22
13723 14
13727 30
13733 29
13735 25
13737 20
13739 15
13740 14
13741 17
13747 47
13748 19
13751 33
13753 18
13757 29
13758 23
13760 26
13769 20
13772 17
13777 19
13781 13
13783 41
13790 15
13795 16
13808 35
13813 22
13818 26
13822 17
13827 18
13830 16
13837 17
13838 28
13847 30
13855 27
13856 17
13857 23
13869 14
13875 30
13877 15
13879 23
13880 18
13883 56
13890 35
13892 20
13894 10
13897 16
13899 15
13902 7
13904 33
13910 31
13914 21
13916 19
13924 14
13925 25
13929 24
13932 23
13941 21
13946 44
13955 18
13956 18
13964 22
13972 14
13975 14
13987 18
13993 17
13996 24
13998 15
14002 23
14007 24
14012 17
14014 19
14021 21
14023 20
14026 14
14028 20
14029 29
14038 23
14039 21
14040 22
14043 15
14052 27
14053 13
14056 19
14057 19
14058 23
14060 17
14068 17
14069 49
14073 12
14077 12
14080 26
14082 22
14084 20
14086 8
14091 23
14099 23
14102 27
14103 25
14113 23
14116 14
14117 15
14120 18
14127 15
14133 23
14136 27
14137 17
14142 27
14145 21
14147 18
14161 35
14164 26
14166 18
14167 14
14169 22
14170 19
14174 23
14177 14
14189 34
14195 17
14197 18
14209 21
14215 21
14216 34
14218 16
14220 21
14222 23
14228 38
14231 27
14234 20
14235 14
14236 27
14238 18
14266 11
14268 23
14270 21
14277 25
14279 14
14288 25
14295 16
14304 29
14314 11
14316 30
14320 30
14326 31
14327 23
14330 26
14343 20
14346 17
14347 14
14357 13
14376 22
14378 17
14380 28
14384 63
14385 30
14395 30
14396 25
14402 17
14410 15
14414 12
14417 19
14420 23
14422 29
14430 41
14436 15
14450 12
14451 22
14459 31
14462 48
14463 16
14465 22
14470 13
14473 34
14476 19
14482 24
14483 18
14487 15
14488 42
14493 19
14499 26
14500 21
14502 19
14507 44
14519 38
14520 20
14521 43
14526 48
14528 29
14532 37
14535 13
14536 20
14538 19
14545 18
14551 26
14554 40
14555 13
14558 21
14559 16
14564 34
14569 24
14574 18
14575 17
14578 19
14581 22
14583 22
14585 15
14587 12
14592 45
14594 39
14598 21
14611 33
14612 15
14614 28
14619 20
14620 27
14621 48
14623 19
14624 18
14631 24
14635 18
14636 22
14638 19
14642 14
14656 27
14661 19
14672 18
14674 17
14676 47
14678 13
14684 37
14685 18
14688 14
14698 16
14701 19
14702 37
14706 39
14715 14
14719 18
14722 25
14737 31
14738 19
14740 27
14741 21
14747 14
14755 27
14757 16
14758 17
14760 40
14763 15
14772 18
14775 27
14776 22
14778 12
14788 21
14790 16
14795 25
14798 17
14799 38
14802 18
14804 20
14805 18
14809 8
14818 17
14819 16
14825 27
14828 22
14829 18
14831 14
14839 21
14845 22
14851 36
14862 16
14865 28
14868 22
14878 26
14885 26
14889 40
14908 20
14909 56
14912 23
14913 9
14914 26
14926 17
14930 19
14933 18
14934 27
14937 25
14943 16
14946 18
14947 19
14953 23
14956 32
14962 16
14964 32
14970 16
14973 18
14974 11
14980 25
14986 15
14988 19
14989 12
14996 14
15005 23
15007 26
15008 16
15011 23
15017 19
15018 41
15019 25
15024 21
15036 19
15041 23
15048 17
15059 18
15061 19
15071 17
15076 23
15083 19
15090 18
15092 21
15094 34
15096 10
15097 24
15101 21
15102 21
15104 23
15110 20
15113 21
15114 20
15129 16
15130 13
15131 15
15132 36
15133 20
15136 26
15141 28
15142 12
15143 16
15144 32
15146 10
15153 11
15155 40
15161 39
15162 74
15166 15
15169 18
15170 16
15174 52
15177 19
15178 17
15179 25
15189 34
15191 18
15194 19
15195 13
15196 10
15197 13
15199 51
15209 15
15212 18
15216 17
15220 40
15225 17
15230 40
15232 22
15233 19
15236 11
15239 20
15245 25
15249 17
15250 25
15251 30
15260 22
15261 31
15262 21
15265 42
15268 19
15269 31
15270 12
15278 16
15280 21
15287 15
15300 48
15306 29
15307 15
15310 24
15312 14
15313 29
15315 22
15316 17
15321 22
15322 19
15325 16
15332 15
15333 14
15336 50
15341 25
15355 23
15357 24
15358 13
15365 22
15368 17
15377 40
15378 13
15379 35
15381 17
15382 11
15395 13
15403 26
15409 16
15411 23
15412 13
15415 34
15417 27
15422 11
15428 16
15434 17
15437 17
15448 22
15453 34
15456 20
15460 19
15464 19
15468 23
15483 19
15490 24
15491 27
15492 36
15496 23
15501 15
15514 19
15525 22
15529 15
15531 22
15533 18
15534 24
15535 43
15539 37
15540 40
15545 18
15546 19
15547 17
15548 25
15549 24
15556 25
15563 23
15564 16
15565 16
15567 19
15568 13
15570 18
15572 17
15577 17
15578 23
15587 22
15588 27
15594 35
15600 17
15605 25
15607 19
15608 24
15609 16
15611 15
15612 16
15620 15
15623 17
15632 16
15635 20
15636 25
15639 27
15642 49
15645 23
15648 27
15652 13
15657 40
15660 63
15663 23
15666 15
15676 23
15678 28
15689 22
15693 18
15695 23
15698 17
15701 24
15708 19
15710 23
15713 17
15715 20
15717 24
15722 27
15724 21
15727 7
15736 14
15752 14
15759 18
15762 13
15764 43
15766 21
15768 21
15781 14
15785 26
15788 16
15791 21
15792 26
15798 19
15808 19
15810 30
15817 15
15820 55
15831 31
15837 9
15839 23
15851 28
15858 11
15871 22
15872 22
15875 20
15879 48
15881 23
15886 17
15887 29
15891 20
15892 30
15893 16
15894 17
15900 17
15903 22
15907 28
15910 21
15911 9
15918 15
15923 21
15924 13
15927 28
15928 17
15937 20
15941 27
15944 22
15945 20
15947 25
15951 21
15953 24
15954 19
15958 65
15959 17
15962 15
15974 20
15975 25
15978 31
15985 16
15993 39
15994 26
16003 18
16007 18
16009 36
16015 18
16017 31
16021 25
16026 20
16034 26
16035 22
16045 18
16048 10
16053 9
16057 22
16060 19
16062 18
16064 21
16066 23
16069 21
16070 15
16071 19
16078 28
16080 21
16085 38
16086 28
16087 15
16092 10
16101 22
16111 22
16114 24
16122 23
16125 16
16131 22
16135 18
16146 33
16148 19
16149 16
16150 19
16152 32
16157 20
16160 17
16161 31
16164 19
16173 37
16175 20
16181 18
16182 20
16188 20
16200 11
16210 20
16212 17
16213 16
16216 20
16219 21
16230 13
16232 25
16243 22
16248 14
16251 15
16256 18
16264 12
16270 19
16274 23
16287 28
16289 24
16290 29
16291 20
16297 19
16298 21
16299 18
16301 28
16302 19
16304 12
16309 56
16313 31
16314 39
16316 19
16317 21
16318 51
16323 29
16331 43
16340 30
16342 13
16352 27
16353 29
16355 13
16356 21
16361 19
16365 20
16378 15
16381 34
16383 8
16384 23
16390 16
16391 11
16399 29
16404 17
16407 16
16409 17
16411 13
16413 24
16424 44
16428 15
16432 44
16435 24
16444 42
16454 21
16472 45
16475 20
16476 23
16478 27
16480 26
16490 27
16495 30
16499 14
16502 16
16507 15
16513 15
16516 27
16518 24
16520 33
16525 20
16540 34
16544 15
16545 11
16546 22
16552 20
16556 23
16558 18
16559 52
16560 22
16561 26
16567 15
16573 24
16575 20
16582 18
16590 71
16591 19
16596 23
16597 20
16609 16
16627 35
16632 22
16633 17
16636 18
16637 20
16642 43
16644 14
16648 25
16649 12
16650 15
16656 22
16658 20
16664 45
16667 17
16674 26
16675 16
16678 19
16684 24
16685 47
16687 19
16689 17
16695 21
16697 18
16700 13
16704 47
16705 37
16706 24
16715 13
16722 18
16730 28
16739 10
16744 57
16745 14
16749 20
16753 20
16759 39
16761 24
16767 17
16768 13
16773 17
16775 52
16779 18
16781 12
16785 26
16789 16
16796 14
16801 15
16802 20
16803 33
16805 22
16806 27
16811 18
16813 26
16817 23
16826 16
16836 53
16840 37
16842 44
16843 12
16854 11
16855 16
16862 13
16865 14
16868 21
16869 16
16878 23
16879 23
16881 26
16884 15
16885 17
16886 34
16889 20
16892 25
16893 16
16895 24
16901 21
16904 28
16907 19
16910 18
16911 21
16913 24
16919 22
16922 14
16926 18
16931 40
16935 27
16936 25
16941 14
16944 15
16952 27
16957 18
16970 27
16986 31
16989 16
16992 13
16993 18
17002 16
17004 14
17006 15
17009 24
17015 29
17019 27
17020 50
17025 46
17038 18
17039 38
17042 23
17044 14
17046 20
17052 22
17053 16
17060 20
17065 23
17076 17
17078 24
17086 45
17087 24
17089 40
17093 22
17094 19
17096 14
17101 19
17105 17
17113 24
17115 27
17123 24
17124 19
17148 35
17156 19
17159 47
17160 21
17162 25
17165 17
17167 14
17169 45
17173 28
17175 28
17176 26
17179 13
17181 8
17183 16
17188 23
17191 18
17198 21
17200 18
17202 21
17204 21
17206 21
17207 24
17217 17
17219 17
17226 20
17228 15
17233 9
17236 11
17238 23
17239 37
17246 36
17249 28
17264 13
17265 18
17270 18
17279 13
17281 33
17285 15
17289 16
17290 32
17298 25
17301 18
17303 15
17307 14
17308 14
17311 24
17314 41
17317 10
17321 24
17325 22
17332 24
17340 17
17346 20
17353 42
17356 12
17357 23
17363 20
17364 24
17374 31
17376 20
17381 31
17382 18
17385 22
17392 19
17394 16
17395 47
17400 15
17402 24
17415 14
17422 37
17424 21
17425 49
17429 11
17430 24
17437 44
17439 19
17441 43
17443 37
17444 45
17450 14
17459 46
17462 21
17466 38
17469 28
17470 25
17480 34
17482 13
17488 22
17492 14
17497 19
17501 47
17506 13
17510 31
17512 14
17516 17
17521 26
17525 14
17526 26
17533 22
17539 19
17542 36
17546 10
17559 50
17568 12
17569 24
17572 15
17577 23
17579 19
17585 22
17588 39
17589 32
17592 32
17593 18
17595 47
17597 42
17603 28
17616 18
17622 21
17623 28
17626 25
17627 30
17628 22
17632 23
17643 17
17652 27
17654 21
17670 20
17681 29
17683 17
17684 24
17685 43
17688 9
17692 19
17706 12
17708 36
17724 25
17728 39
17732 24
17746 18
17747 36
17755 26
17761 16
17762 28
17765 13
17768 15
17775 33
17776 20
17777 15
17779 15
17780 39
17793 26
17798 28
17799 17
17805 25
17808 31
17810 22
17817 10
17827 20
17829 21
17839 17
17840 23
17841 15
17847 37
17848 18
17850 24
17853 16
17856 36
17860 37
17868 16
17870 22
17871 23
17874 27
17875 15
17881 20
17883 24
17884 43
17886 23
17890 11
17893 15
17898 16
17905 22
17908 27
17917 21
17921 15
17924 24
17928 29
17929 13
17932 11
17933 21
17945 28
17947 17
17952 14
17960 19
17962 16
17967 23
17968 25
17969 25
17970 28
17972 22
17975 19
17980 21
17987 24
17988 20
17991 23
17994 19
17999 19
18001 20
18003 21
18019 20
18020 26
18025 23
18029 15
18030 19
18036 23
18039 19
18043 16
18048 37
18051 14
18055 13
18060 18
18062 19
18063 18
18071 20
18072 30
18077 22
18078 22
18084 21
18088 19
18093 10
18094 23
18097 20
18103 18
18111 20
18115 16
18122 19
18128 25
18129 18
18133 16
18136 17
18139 16
18143 33
18148 19
18156 25
18161 24
18162 32
18167 26
18172 23
18173 19
18182 14
18183 35
18185 15
18188 17
18190 15
18195 13
18204 12
18207 29
18208 17
18209 29
18213 23
18222 15
18223 40
18232 7
18233 32
18246 15
18247 24
18248 15
18251 19
18265 19
18269 21
18271 55
18278 22
18282 27
18290 40
18291 24
18295 17
18296 28
18298 24
18307 20
18310 41
18315 27
18319 18
18322 22
18338 18
18339 24
18342 12
18352 26
18365 18
18369 27
18377 20
18379 16
18385 19
18391 25
18393 19
18394 17
18397 21
18398 13
18399 17
18403 19
18408 21
18411 40
18416 12
18417 20
18418 20
18419 41
18430 16
18431 46
18432 28
18434 46
18435 13
18455 20
18457 10
18458 29
18459 23
18461 19
18463 16
18465 19
18468 13
18474 18
18480 45
18491 8
18499 17
18501 30
18504 16
18505 15
18535 43
18540 9
18543 19
18546 17
18550 54
18553 26
18557 15
18560 41
18563 20
18565 12
18569 21
18575 18
18576 14
18577 16
18580 19
18586 14
18598 29
18601 17
18602 21
18604 20
18609 79
18615 17
18617 22
18618 20
18623 20
18630 13
18631 11
18633 19
18647 22
18648 26
18650 21
18651 22
18654 17
18661 24
18672 16
18675 21
18677 13
18687 11
18688 22
18693 17
18696 17
18698 18
18702 17
18709 26
18727 16
18733 14
18752 24
18754 26
18761 16
18765 23
18771 9
18772 31
18779 20
18780 16
18785 20
18788 38
18791 12
18797 25
18799 20
18813 22
18820 21
18822 28
18825 65
18826 56
18829 22
18839 26
18840 17
18847 27
18861 18
18863 20
18869 21
18870 31
18872 13
18878 20
18883 49
18886 31
18887 18
18890 21
18899 18
18900 18
18910 18
18917 17
18920 16
18921 11
18927 14
18928 25
18932 21
18935 14
18936 12
18939 20
18943 21
18946 14
18948 20
18953 23
18960 18
18963 17
18964 34
18971 13
18974 12
18975 18
18978 26
18981 15
18983 12
18985 17
18986 21
18993 21
19002 12
19003 40
19006 29
19008 21
19009 42
19010 25
19012 17
19018 20
19032 16
19047 28
19052 36
19061 26
19064 30
19074 18
19076 18
19086 27
19093 40
19094 18
19108 31
19114 15
19115 20
19116 11
19118 17
19124 12
19126 15
19128 15
19139 19
19140 13
19145 25
19149 21
19153 17
19157 14
19161 15
19163 36
19168 16
19171 22
19176 19
19180 16
19182 23
19183 18
19186 23
19187 21
19190 15
19191 8
19192 19
19198 14
19199 42
19200 26
19201 23
19207 20
19211 14
19212 21
19213 22
19215 25
19219 20
19224 16
19231 8
19233 17
19236 22
19243 33
19259 15
19261 28
19278 30
19289 25
19292 21
19297 15
19298 23
19301 28
19307 24
19313 21
19314 22
19315 19
19316 20
19319 18
19320 27
19321 18
19323 36
19327 17
19340 27
19342 18
19343 16
19345 19
19348 40
19350 23
19352 13
19354 69
19370 12
19376 28
19386 36
19388 28
19389 23
19395 31
19412 16
19420 18
19422 24
19423 26
19428 26
19432 21
19435 22
19436 31
19440 16
19445 41
19449 18
19451 28
19455 22
19456 26
19463 21
19468 20
19472 18
19478 16
19482 19
19486 42
19487 17
19496 18
19497 15
19500 22
19506 22
19508 21
19514 26
19516 17
19530 19
19531 40
19533 36
19537 18
19541 26
19547 59
19559 29
19560 20
19570 16
19577 24
19585 38
19586 17
19587 12
19597 24
19599 23
19600 11
19610 23
19613 27
19620 25
19628 37
19632 42
19638 11
19641 16
19642 12
19645 18
19649 21
19653 21
19654 19
19655 21
19660 19
19665 23
19666 43
19668 20
19670 23
19672 44
19674 31
19676 28
19682 28
19684 16
19686 18
19687 26
19688 17
19692 21
19693 11
19694 21
19695 26
19711 33
19719 21
19720 21
19726 16
19730 30
19732 19
19736 22
19743 23
19745 64
19747 21
19750 18
19751 12
19755 14
19767 15
19768 15
19769 18
19770 13
19773 48
19777 25
19781 19
19782 26
19783 60
19801 22
19803 19
19806 28
19811 16
19816 21
19817 27
19819 32
19831 32
19838 18
19845 48
19848 16
19849 27
19852 22
19857 19
19858 21
19863 46
19865 21
19867 14
19868 18
19870 24
19871 20
19873 20
19875 24
19878 25
19880 30
19881 25
19882 18
19883 18
19884 41
19900 18
19901 20
19907 23
19911 25
19913 26
19914 22
19925 16
19929 30
19931 25
19932 19
19935 21
19936 17
19950 17
19951 30
19956 19
19960 19
19961 18
19975 28
19976 16
19977 16
19986 16
19990 15
19992 15
19994 19
19995 13
19998 19
20000 20
20002 17
20008 38
20017 19
20021 27
20022 12
20025 21
20028 14
20030 17
20032 24
20034 20
20036 25
20037 31
20045 28
20046 38
20047 21
20048 19
20049 14
20054 27
20059 20
20063 29
20069 19
20072 15
20076 24
20078 21
20080 11
20085 20
20089 17
20090 19
20095 17
20108 28
20111 27
20112 46
20113 23
20115 24
20119 28
20120 34
20121 25
20124 16
20125 16
20127 28
20128 24
20130 15
20131 17
20137 31
20139 53
20140 19
20143 25
20144 21
20164 29
20173 14
20178 15
20183 23
20192 15
20199 19
20200 21
20201 19
20203 30
20210 20
20213 19
20217 25
20219 20
20227 16
20234 12
20250 63
20251 19
20254 14
20261 25
20263 27
20264 19
20265 30
20266 22
20271 29
20274 18
20275 17
20278 17
20280 14
20281 22
20290 23
20291 22
20293 23
20299 24
20303 30
20306 23
20313 12
20314 44
20315 36
20321 24
20323 23
20324 20
20327 16
20333 49
20338 22
20342 24
20348 30
20349 25
20350 38
20357 12
20363 16
20365 25
20366 18
20368 16
20369 18
20376 22
20377 29
20378 36
20379 19
20382 18
20383 16
20387 17
20392 8
20399 9
20400 26
20417 46
20422 25
20426 27
20436 16
20440 33
20441 64
20450 21
20457 17
20462 17
20463 23
20475 18
20477 30
20478 14
20479 23
20494 17
20501 21
20506 10
20507 31
20510 15
20512 26
20513 24
20517 22
20524 34
20528 19
20532 26
20533 16
20535 22
20536 19
20537 17
20540 24
20542 21
20547 18
20550 34
20555 19
20563 22
20571 17
20578 43
20580 17
20581 17
20583 14
20587 23
20592 28
20598 19
20600 20
20603 20
20612 30
20613 12
20624 18
20627 30
20629 18
20633 17
20636 10
20638 17
20641 20
20647 19
20648 35
20653 65
20656 14
20662 31
20663 17
20672 12
20687 33
20688 12
20695 24
20697 16
20700 26
20702 36
20704 25
20715 23
20716 28
20722 30
20724 45
20736 24
20742 20
20745 14
20747 30
20751 12
20757 28
20763 17
20769 12
20773 38
20777 19
20785 42
20786 22
20793 18
20795 23
20798 19
20800 22
20806 25
20812 18
20815 23
20818 36
20819 26
20822 22
20825 41
20826 24
20828 17
20833 16
20842 20
20843 30
20848 13
20852 35
20855 14
20857 25
20864 18
20866 17
20867 19
20869 19
20870 24
20874 35
20879 61
20882 12
20888 19
20894 46
20895 11
20898 22
20902 33
20904 46
20913 20
20914 37
20917 26
20918 40
20922 18
20924 23
20934 25
20939 40
20941 19
20947 19
20948 28
20949 44
20955 18
20958 19
20960 14
20961 20
20964 43
20982 24
20983 25
20985 11
20988 18
20989 16
20991 18
20996 16
20997 37
20999 18
21002 21
21003 41
21006 20
21007 14
21012 22
21018 10
21021 49
21024 17
21025 17
21027 19
21028 21
21035 20
21037 19
21038 22
21043 21
21045 17
21047 23
21069 19
21070 17
21071 16
21072 19
21080 16
21083 23
21097 22
21100 23
21107 43
21117 22
21119 21
21121 18
21126 18
21127 19
21135 17
21136 20
21140 25
21143 21
21147 22
21148 17
21153 15
21155 32
21158 14
21164 18
21166 23
21167 29
21170 27
21178 22
21180 21
21181 22
21184 24
21197 31
21198 20
21202 17
21204 21
21205 20
21206 27
21208 40
21215 19
21218 23
21221 21
21225 22
21227 20
21231 23
21234 16
21239 20
21243 19
21244 26
21250 19
21251 10
21252 14
21255 15
21258 22
21263 17
21266 22
21272 27
21273 22
21276 22
21284 23
21287 25
21290 17
21293 15
21295 16
21299 14
21305 16
21309 24
21311 22
21314 18
21320 15
21322 26
21334 23
21337 21
21340 25
21342 20
21344 19
21346 21
21356 15
21358 29
21359 17
21368 20
21374 53
21382 27
21383 48
21384 18
21385 16
21386 28
21390 14
21391 25
21405 19
21407 17
21411 29
21412 19
21414 16
21415 20
21417 14
21422 16
21427 22
21428 25
21429 18
21433 31
21437 15
21442 19
21443 18
21445 34
21448 49
21452 16
21456 19
21465 25
21466 20
21467 15
21471 20
21475 19
21476 24
21477 19
21481 24
21484 25
21485 16
21496 21
21497 11
21500 34
21516 25
21517 54
21525 40
21541 15
21545 40
21549 15
21550 18
21552 43
21553 17
21555 19
21560 37
21567 26
21571 22
21579 20
21585 15
21588 13
21592 17
21594 18
21596 27
21601 19
21603 20
21612 17
21613 18
21614 22
21615 28
21618 26
21628 20
21632 18
21635 28
21645 16
21646 23
21651 17
21657 22
21660 17
21662 21
21666 17
21667 23
21669 19
21675 32
21683 21
21694 26
21700 15
21710 30
21711 22
21715 22
21716 20
21720 21
21726 47
21731 13
21732 20
21733 21
21735 18
21737 27
21740 17
21741 12
21742 16
21750 15
21753 25
21761 10
21762 19
21769 35
21772 11
21775 16
21777 12
21778 30
21779 8
21781 13
21782 28
21783 36
21784 41
21792 62
21802 25
21810 14
21815 71
21816 19
21826 46
21828 39
21837 20
21838 10
21839 31
21849 16
21850 13
21855 23
21857 15
21862 22
21866 26
21868 54
21871 16
21872 21
21875 33
21879 44
21882 11
21885 21
21887 15
21889 17
21890 38
21894 19
21907 12
21908 29
21910 14
21911 35
21915 16
21916 17
21922 18
21923 17
21930 32
21932 24
21934 54
21947 23
21948 24
21953 8
21954 14
21955 19
21957 12
21959 28
21960 24
21964 38
21967 16
21974 29
21976 14
21984 17
21990 43
21992 29
22002 18
22006 14
22009 14
22010 16
22021 21
22022 44
22024 31
22030 17
22034 50
22036 43
22040 16
22045 14
22048 17
22049 20
22055 24
22057 17
22065 15
22069 16
22073 23
22077 10
22084 15
22087 21
22088 17
22091 29
22092 29
22094 27
22100 17
22102 32
22107 24
22117 19
22119 13
22120 19
22127 16
22129 21
22135 26
22140 23
22153 26
22163 20
22166 13
22184 15
22187 45
22188 18
22189 29
22190 15
22208 28
22209 16
22212 22
22222 28
22224 52
22227 12
22229 18
22231 17
22233 14
22235 24
22236 23
22244 37
22250 20
22255 16
22256 18
22266 23
22270 16
22272 15
22277 16
22283 8
22286 17
22294 44
22300 18
22304 45
22305 27
22316 24
22319 19
22321 9
22322 30
22323 20
22324 19
22333 25
22337 20
22339 30
22340 21
22349 40
22351 18
22352 16
22356 14
22359 24
22360 23
22366 21
22367 14
22369 24
22373 19
22377 22
22383 27
22384 39
22385 23
22386 19
22387 22
22393 21
22396 19
22412 46
22414 21
22417 17
22418 20
22423 17
22424 19
22425 17
22431 13
22438 17
22441 14
22445 19
22450 24
22451 27
22454 11
22464 41
22465 22
22470 20
22471 21
22482 19
22488 22
22497 30
22499 32
22521 17
22526 19
22530 46
22531 17
22536 23
22539 13
22543 42
22546 14
22548 41
22555 16
22556 22
22557 15
22558 21
22559 18
22560 11
22561 10
22562 19
22563 21
22564 52
22565 28
22571 19
22575 27
22577 18
22579 31
22580 19
22591 27
22598 12
22601 16
22602 26
22607 30
22611 25
22613 18
22617 42
22619 22
22620 21
22621 74
22622 46
22631 19
22634 31
22635 29
22638 16
22643 16
22645 22
22647 17
22648 15
22651 24
22652 45
22657 12
22659 21
22669 21
22672 20
22673 23
22677 19
22679 42
22682 58
22684 22
22685 11
22686 39
22687 12
22688 28
22693 26
22695 23
22701 21
22706 71
22707 27
22713 25
22714 41
22718 23
22722 15
22727 13
22728 11
22729 30
22730 15
22732 40
22737 19
22739 34
22742 22
22743 19
22750 22
22753 25
22755 23
22759 19
22762 24
22764 17
22771 19
22772 29
22773 23
22777 16
22779 20
22784 18
22788 21
22789 29
22790 22
22795 73
22807 15
22810 23
22812 28
22813 13
22815 10
22820 18
22821 50
22822 21
22827 14
22830 15
22832 21
22833 51
22843 14
22845 26
22849 27
22852 20
22853 13
22854 20
22855 9
22861 30
22864 15
22865 16
22867 56
22876 11
22877 20
22879 22
22884 15
22886 15
22887 26
22895 24
22901 15
22903 15
22905 19
22906 39
22931 21
22937 18
22945 20
22949 14
22951 17
22954 41
22955 13
22956 23
22962 15
22966 21
22971 25
22992 28
22993 15
22997 16
23007 25
23010 45
23016 34
23017 21
23022 25
23026 11
23028 19
23033 16
23038 11
23046 31
23047 32
23066 12
23073 21
23086 14
23091 30
23092 17
23094 24
23098 16
23105 18
23107 15
23108 49
23113 19
23115 24
23117 16
23118 15
23132 15
23136 12
23137 26
23143 19
23149 21
23150 15
23151 38
23153 17
23158 30
23159 27
23160 24
23163 24
23173 14
23179 32
23180 20
23183 30
23188 15
23189 17
23191 19
23192 18
23196 38
23199 23
23205 39
23209 41
23211 23
23216 14
23217 18
23223 23
23231 24
23232 34
23235 27
23236 20
23247 14
23251 27
23252 31
23255 17
23259 18
23264 31
23265 15
23268 61
23274 14
23277 21
23280 29
23286 20
23287 14
23290 20
23295 20
23302 22
23303 23
23306 20
23312 22
23325 29
23333 17
23341 12
23348 14
23351 18
23357 20
23362 21
23364 24
23366 20
23372 21
23373 17
23382 17
23394 19
23398 27
23403 24
23412 28
23415 20
23431 21
23433 12
23437 13
23443 34
23444 30
23445 19
23448 24
23453 22
23458 28
23461 20
23462 18
23475 19
23477 19
23479 24
23480 20
23504 24
23507 17
23510 17
23515 14
23520 51
23522 15
23526 23
23527 19
23530 56
23535 35
23539 14
23540 54
23541 14
23544 19
23549 28
23559 19
23565 28
23566 35
23568 25
23573 14
23576 43
23583 13
23588 22
23591 21
23593 12
23596 24
23600 28
23603 15
23607 16
23608 13
23612 21
23614 18
23616 30
23617 25
23619 18
23620 15
23621 17
23624 13
23636 17
23639 58
23640 19
23644 19
23649 19
23653 18
23654 17
23660 13
23661 20
23662 28
23667 17
23671 19
23673 22
23680 20
23681 21
23683 27
23687 17
23690 13
23698 15
23700 21
23703 24
23707 23
23708 18
23709 45
23710 14
23713 21
23717 22
23718 16
23721 29
23723 38
23731 21
23733 15
23735 14
23742 24
23745 16
23746 24
23747 19
23756 44
23766 22
23767 39
23768 18
23769 29
23770 16
23772 29
23773 24
23781 19
23783 41
23790 12
23793 21
23794 16
23796 15
23803 33
23810 47
23814 21
23815 10
23833 16
23834 18
23841 24
23854 17
23864 11
23871 19
23872 27
23873 18
23875 14
23883 14
23885 19
23888 16
23890 18
23891 18
23894 18
23895 22
23897 38
23899 14
23900 23
23901 28
23904 21
23910 20
23912 33
23917 19
23918 12
23922 23
23948 19
23949 16
23952 15
23953 20
23958 29
23961 26
23964 23
23971 25
23972 32
23975 21
23977 29
23979 21
23981 16
23982 20
23985 21
23986 15
23987 21
24000 18
24001 17
24004 33
24009 14
24014 24
24019 45
24020 21
24023 22
24029 8
24043 20
24051 20
24055 25
24061 24
24063 15
24065 24
24067 15
24073 14
24075 30
24078 20
24082 16
24086 16
24093 28
24098 18
24099 11
24100 19
24105 13
24113 26
24117 20
24124 23
24126 23
24127 19
24128 17
24135 16
24139 45
24140 21
24141 30
24153 11
24154 21
24160 12
24166 15
24193 12
24196 15
24207 19
24210 15
24217 14
24230 19
24232 20
24236 15
24239 17
24242 28
24244 13
24246 13
24249 35
24250 33
24255 20
24258 35
24260 30
24262 12
24264 26
24268 26
24274 17
24278 40
24279 15
24280 44
24282 17
24284 30
24289 32
24294 16
24299 33
24302 19
24303 11
24307 24
24308 14
24309 51
24311 24
24313 17
24329 23
24330 31
24331 17
24332 18
24338 22
24340 23
24344 12
24354 21
24358 41
24360 22
24368 64
24374 26
24376 14
24378 19
24386 18
24392 19
24396 25
24399 16
24401 45
24405 21
24412 46
24417 16
24419 25
24424 17
24427 12
24433 18
24437 24
24443 80
24444 21
24449 15
24450 18
24453 48
24457 24
24458 15
24459 19
24464 17
24468 18
24476 19
24478 50
24479 19
24484 28
24489 14
24492 13
24493 18
24495 17
24496 23
24506 11
24507 39
24513 19
24515 9
24516 27
24521 25
24526 18
24531 20
24534 10
24536 22
24539 29
24547 22
24548 19
24553 28
24554 16
24555 42
24557 22
24558 27
24562 41
24568 26
24569 19
24578 37
24580 24
24581 28
24583 39
24592 13
24593 23
24597 21
24598 17
24601 16
24607 19
24610 9
24615 25
24616 21
24619 15
24622 13
24629 14
24635 48
24638 16
24641 22
24652 24
24656 27
24666 21
24670 24
24673 43
24675 21
24678 20
24683 15
24689 28
24694 22
24700 20
24703 16
24709 26
24711 23
24716 22
24724 17
24725 24
24731 18
24734 36
24738 24
24740 15
24742 30
24743 24
24745 16
24749 18
24753 45
24757 39
24761 19
24762 25
24764 42
24765 36
24767 19
24771 11
24778 23
24779 15
24780 21
24787 33
24789 22
24790 15
24791 15
24792 27
24795 24
24800 17
24805 25
24808 31
24809 17
24814 51
24816 22
24818 18
24820 22
24823 26
24826 15
24829 19
24831 27
24834 15
24836 18
24837 40
24839 33
24848 12
24850 12
24859 23
24860 33
24861 26
24862 20
24863 15
24864 41
24868 34
24869 21
24872 17
24873 18
24875 11
24877 30
24883 18
24884 27
24888 16
24889 17
24895 20
24901 16
24903 32
24905 18
24906 17
24907 29
24909 26
24914 24
24916 15
24920 15
24922 42
24924 22
24926 36
24928 18
24930 20
24931 13
24933 23
24939 26
24948 15
24951 25
24964 10
24965 25
24966 24
24971 15
24973 23
24975 16
24977 28
24979 21
24986 21
24993 33
24995 12
24996 20
24997 16
25003 15
25007 14
25010 23
25024 26
25028 20
25030 51
25032 28
25042 26
25049 36
25053 12
25054 18
25056 15
25058 25
25081 23
25082 23
25084 20
25089 49
25091 17
25095 20
25096 16
25104 17
25109 22
25111 29
25115 27
25122 23
25123 24
25135 26
25138 15
25141 17
25142 14
25147 19
25159 26
25160 14
25161 17
25171 32
25176 15
25177 17
25188 16
25194 10
25197 31
25198 13
25202 24
25203 23
25205 37
25211 14
25213 11
25215 32
25217 15
25231 25
25240 14
25252 55
25256 18
25257 17
25262 18
25263 23
25264 39
25267 19
25268 24
25273 15
25278 19
25279 20
25286 17
25293 20
25307 14
25310 31
25312 17
25314 11
25316 12
25320 16
25337 25
25338 26
25341 23
25344 19
25346 26
25347 18
25348 21
25349 18
25354 24
25362 15
25366 28
25368 23
25373 44
25376 15
25380 26
25386 20
25387 18
25394 18
25400 25
25401 16
25402 19
25410 13
25427 17
25428 17
25433 20
25434 27
25436 14
25439 19
25442 19
25445 18
25447 23
25448 13
25452 17
25463 11
25469 25
25472 18
25473 18
25480 25
25481 30
25483 17
25485 15
25486 27
25489 15
25490 18
25492 26
25493 16
25498 35
25504 24
25506 18
25508 22
25509 26
25511 18
25516 39
25528 16
25530 16
25542 23
25545 17
25546 12
25549 13
25551 22
25552 22
25554 20
25558 38
25566 33
25567 24
25578 18
25581 13
25583 22
25593 23
25594 19
25599 27
25600 16
25605 16
25606 20
25608 22
25612 19
25617 15
25618 11
25619 19
25620 22
25622 26
25624 31
25636 27
25637 41
25638 17
25639 28
25641 28
25643 24
25645 15
25646 16
25654 17
25660 20
25666 19
25667 16
25668 21
25670 18
25675 61
25679 15
25692 15
25699 16
25700 19
25710 25
25711 26
25712 22
25723 45
25727 12
25731 22
25736 19
25740 24
25741 13
25742 19
25747 25
25752 21
25755 19
25758 15
25760 19
25770 16
25772 14
25773 17
25774 16
25777 21
25778 49
25779 27
25783 16
25785 8
25786 35
25787 11
25788 27
25791 31
25793 27
25799 22
25805 21
25813 57
25815 15
25825 20
25826 20
25828 20
25835 14
25839 16
25859 15
25863 26
25873 38
25874 18
25876 18
25877 19
25882 13
25885 26
25892 32
25900 13
25905 20
25907 15
25916 27
25918 43
25926 13
25940 20
25942 12
25948 15
25949 21
25960 33
25962 20
25964 19
25971 24
25977 15
25981 17
25985 20
25989 46
25996 38
26010 23
26022 21
26027 25
26028 40
26047 35
26049 40
26052 11
26054 29
26058 21
26067 19
26071 15
26073 21
26077 34
26085 18
26088 24
26090 21
26091 18
26092 18
26106 21
26118 24
26121 34
26134 25
26136 20
26138 7
26140 17
26144 16
26146 59
26147 22
26150 35
26151 22
26154 15
26157 43
26161 16
26163 26
26175 26
26177 55
26192 24
26193 55
26202 21
26204 17
26205 19
26222 22
26223 12
26231 23
26233 20
26235 21
26236 46
26238 24
26244 19
26247 20
26249 17
26250 20
26259 24
26261 23
26264 17
26271 23
26276 38
26283 15
26287 12
26288 18
26291 26
26295 27
26301 26
26304 17
26305 52
26306 42
26312 13
26315 15
26316 25
26320 17
26322 19
26326 22
26331 30
26343 11
26344 29
26347 47
26348 43
26356 22
26365 22
26386 25
26397 30
26399 9
26400 20
26401 22
26409 17
26410 33
26411 24
26416 19
26420 18
26423 15
26438 19
26447 30
26456 22
26457 60
26458 21
26460 30
26461 15
26466 11
26468 33
26470 23
26473 17
26476 20
26484 31
26486 26
26489 17
26504 28
26509 34
26513 21
26515 16
26519 19
26522 16
26524 23
26525 12
26530 21
26539 17
26544 20
26551 25
26552 15
26563 19
26564 22
26569 24
26572 17
26573 27
26577 12
26584 33
26590 21
26591 28
26592 26
26598 15
26612 17
26614 21
26616 28
26617 18
26620 37
26621 14
26623 24
26626 19
26631 45
26635 18
26638 12
26640 22
26650 26
26656 48
26661 60
26662 20
26666 20
26670 19
26685 33
26686 12
26689 15
26691 31
26694 59
26699 18
26705 43
26706 19
26711 32
26716 19
26721 16
26727 23
26730 21
26732 24
26740 28
26741 22
26743 37
26745 24
26759 19
26761 19
26762 21
26764 7
26771 25
26775 19
26781 18
26783 49
26791 20
26796 26
26803 58
26817 19
26823 27
26835 6
26853 19
26860 26
26865 20
26867 17
26871 10
26874 15
26876 11
26888 13
26889 22
26896 19
26898 15
26903 11
26908 39
26910 12
26917 19
26918 13
26921 21
26922 43
26924 26
26928 21
26929 25
26933 29
26936 15
26939 21
26941 29
26948 17
26949 22
26953 19
26954 18
26955 18
26956 15
26959 20
26961 18
26968 20
26969 13
26980 12
26983 31
26986 19
26999 25
27004 20
27007 14
27010 15
27012 45
27013 27
27015 17
27017 19
27021 17
27024 16
27025 22
27035 19
27039 26
27041 33
27042 60
27046 16
27052 20
27053 26
27055 39
27056 13
27059 15
27066 20
27074 27
27079 48
27080 28
27085 18
27087 24
27092 16
27094 22
27098 33
27099 40
27117 18
27121 25
27124 12
27127 23
27128 12
27130 11
27131 26
27133 8
27139 14
27140 17
27144 15
27145 23
27146 15
27153 69
27160 23
27163 23
27165 20
27168 19
27172 26
27173 27
27177 14
27179 19
27185 28
27186 14
27187 33
27192 16
27195 27
27197 21
27198 16
27199 36
27202 32
27208 18
27210 22
27219 36
27222 18
27225 21
27235 35
27243 29
27246 44
27251 33
27253 16
27256 20
27264 16
27265 15
27271 17
27272 19
27279 19
27280 20
27282 22
27289 17
27290 37
27292 15
27295 14
27297 19
27298 11
27299 24
27301 24
27304 14
27308 36
27312 21
27317 19
27319 10
27324 21
27334 22
27337 28
27342 17
27359 25
27360 19
27370 16
27372 22
27375 23
27388 34
27389 13
27392 29
27393 47
27394 64
27396 18
27401 17
27404 20
27409 20
27412 24
27414 37
27420 17
27430 24
27435 17
27440 20
27443 33
27447 14
27448 17
27449 17
27459 16
27461 16
27470 24
27475 11
27509 27
27510 28
27515 13
27517 23
27519 21
27521 15
27522 21
27524 14
27526 17
27529 16
27534 16
27553 13
27556 16
27561 24
27574 16
27589 29
27592 35
27593 15
27602 25
27603 34
27609 17
27624 18
27638 25
27644 13
27647 19
27658 10
27660 30
27662 17
27663 18
27665 36
27666 29
27669 21
27672 26
27674 23
27676 20
27679 15
27682 18
27688 25
27695 19
27697 22
27709 27
27710 48
27712 21
27714 24
27726 38
27731 17
27735 24
27736 26
27737 22
27738 31
27739 14
27746 39
27755 32
27756 19
27759 13
27760 16
27762 15
27763 25
27768 52
27769 40
27776 18
27779 10
27782 14
27784 15
27785 29
27787 20
27794 19
27803 58
27806 30
27807 21
27813 18
27819 19
27821 19
27828 25
27829 20
27831 12
27832 30
27833 24
27836 15
27841 19
27852 21
27854 18
27855 36
27859 20
27860 16
27864 30
27865 17
27866 21
27877 25
27880 13
27881 28
27891 47
27892 23
27902 25
27920 20
27922 22
27924 20
27925 16
27930 21
27934 21
27937 16
27941 21
27943 13
27951 13
27958 21
27960 20
27967 16
27968 18
27969 20
27982 17
27984 27
27988 16
27993 25
27995 24
28003 17
28005 16
28013 57
28020 18
28021 52
28022 28
28026 19
28028 14
28035 25
28036 23
28038 19
28042 19
28055 15
28059 17
28064 18
28066 40
28069 22
28070 20
28076 20
28078 20
28082 31
28090 26
28091 14
28096 30
28100 72
28104 17
28111 38
28113 17
28115 27
28118 16
28122 12
28127 19
28129 33
28136 24
28138 30
28139 30
28152 23
28153 22
28154 16
28163 14
28171 24
28173 22
28180 20
28183 19
28184 25
28197 39
28198 13
28202 17
28203 23
28211 19
28223 27
28224 22
28225 25
28231 32
28232 17
28238 20
28240 28
28243 16
28245 16
28251 21
28256 39
28259 15
28262 41
28275 15
28279 17
28280 18
28281 28
28282 15
28284 18
28288 14
28295 21
28300 18
28311 19
28312 25
28319 22
28322 20
28331 26
28334 20
28338 22
28339 34
28340 17
28343 39
28354 24
28359 32
28361 17
28362 42
28366 17
28367 15
28369 14
28370 20
28371 22
28377 14
28388 27
28391 15
28394 18
28398 15
28413 18
28414 19
28416 25
28417 17
28418 15
28421 15
28423 19
28427 44
28437 25
28438 25
28440 21
28446 14
28450 30
28451 20
28455 25
28461 54
28467 23
28483 15
28485 17
28486 13
28493 21
28495 19
28496 41
28498 9
28502 16
28503 18
28504 23
28508 35
28509 27
28510 42
28512 18
28515 19
28528 27
28529 14
28530 25
28544 15
28563 17
28567 27
28572 25
28574 22
28575 19
28583 22
28590 18
28591 48
28600 40
28603 18
28604 19
28605 13
28606 23
28612 22
28617 11
28620 15
28622 36
28626 19
28628 17
28634 24
28635 16
28642 24
28643 25
28647 14
28651 23
28652 23
28659 18
28670 13
28677 26
28678 16
28688 10
28689 19
28696 9
28701 14
28705 42
28709 15
28711 18
28712 30
28714 27
28720 27
28724 52
28725 58
28726 17
28728 21
28732 18
28733 30
28741 19
28746 23
28751 16
28754 19
28766 13
28770 22
28772 28
28782 24
28796 15
28799 45
28805 25
28807 16
28809 25
28810 14
28812 23
28814 14
28816 21
28825 21
28826 23
28832 28
28834 17
28837 13
28839 17
28844 19
28846 27
28858 16
28872 15
28874 28
28878 27
28896 22
28898 24
28900 22
28903 17
28905 23
28910 17
28913 27
28916 24
28917 19
28920 24
28927 39
28928 26
28935 27
28937 18
28941 13
28943 13
28946 37
28947 17
28955 14
28956 27
28959 18
28967 23
28986 36
28987 22
28988 15
28992 19
28998 22
29002 19
29004 10
29005 44
29007 25
29010 64
29012 21
29014 32
29015 31
29022 23
29024 14
29025 16
29030 18
29035 31
29039 23
29042 18
29046 17
29049 13
29052 27
29061 21
29062 51
29063 22
29067 35
29070 18
29074 14
29076 25
29089 20
29092 19
29093 17
29094 37
29102 14
29108 15
29109 37
29111 15
29120 13
29121 31
29130 13
29139 12
29148 29
29155 26
29161 32
29172 25
29180 14
29183 14
29185 20
29188 23
29195 18
29206 11
29209 22
29211 16
29216 17
29218 26
29221 28
29222 25
29237 24
29239 11
29243 20
29245 25
29247 20
29249 15
29253 23
29254 32
29263 15
29264 21
29265 20
29266 16
29267 31
29268 19
29271 24
29274 38
29278 36
29279 12
29285 15
29286 14
29288 31
29290 17
29293 42
29300 50
29307 34
29311 17
29313 13
29315 24
29318 24
29324 34
29329 43
29336 13
29339 22
29342 26
29343 21
29344 30
29351 39
29359 10
29365 42
29369 27
29370 28
29376 20
29386 19
29388 40
29392 49
29393 26
29394 19
29398 41
29399 24
29400 14
29410 24
29411 23
29413 21
29415 18
29422 19
29425 22
29429 42
29433 33
29438 14
29442 15
29448 27
29450 33
29451 60
29453 16
29456 27
29461 44
29466 14
29468 21
29469 17
29477 22
29481 23
29487 19
29495 22
29500 17
29507 15
29525 65
29528 28
29539 24
29542 40
29544 18
29545 50
29547 23
29552 12
29555 26
29556 44
29560 11
29564 26
29566 25
29567 33
29575 12
29577 15
29583 11
29589 29
29597 16
29600 17
29602 38
29603 20
29604 33
29605 22
29608 25
29609 53
29610 25
29619 20
29621 18
29623 11
29626 23
29627 21
29629 20
29630 35
29633 20
29637 29
29641 18
29642 41
29644 51
29646 26
29649 25
29656 14
29657 21
29658 21
29661 15
29678 15
29680 16
29690 20
29698 22
29705 22
29711 22
29718 24
29727 14
29729 25
29751 11
29752 11
29753 22
29754 21
29758 21
29759 16
29760 22
29761 46
29767 46
29772 16
29773 53
29775 22
29777 20
29782 19
29805 23
29810 16
29816 19
29818 10
29819 21
29824 20
29829 19
29831 33
29833 24
29840 25
29844 51
29857 22
29860 20
29864 45
29871 18
29875 23
29877 20
29882 24
29884 21
29888 26
29889 34
29891 43
29893 22
29894 19
29896 25
29906 21
29907 23
29908 16
29909 10
29912 23
29916 21
29918 11
29919 24
29920 20
29923 12
29924 29
29928 15
29939 16
29940 52
29942 20
29952 29
29954 14
29965 25
29966 19
29970 18
29978 22
29980 11
29982 22
29984 17
29986 31
29990 18
29992 26
29994 16
29998 23
29999 15
30006 19
30013 27
30015 23
30017 23
30020 17
30021 22
30033 18
30034 14
30039 20
30042 15
30046 12
30048 16
30049 24
30053 30
30054 18
30057 14
30065 43
30067 14
30069 18
30070 28
30074 9
30078 18
30079 21
30082 18
30089 43
30093 25
30107 19
30109 21
30113 23
30116 19
30119 16
30120 29
30121 18
30133 15
30138 20
30140 20
30148 28
30157 23
30161 20
30163 22
30170 19
30174 22
30177 30
30180 20
30183 23
30186 22
30194 25
30199 23
30207 20
30212 65
30213 17
30214 24
30218 18
30219 20
30226 16
30242 15
30245 50
30249 21
30254 32
30256 16
30258 31
30272 17
30276 28
30290 12
30293 21
30296 20
30298 13
30301 17
30302 48
30306 17
30312 18
30315 17
30316 50
30318 15
30319 15
30322 28
30325 21
30327 18
30328 17
30335 15
30337 27
30341 31
30350 25
30351 13
30352 12
30355 10
30356 18
30359 17
30362 19
30365 16
30372 45
30374 20
30385 16
30388 23
30397 19
30398 10
30408 24
30415 38
30422 22
30426 24
30427 17
30428 24
30429 17
30433 34
30435 25
30436 15
30440 48
30443 24
30444 36
30448 18
30449 15
30459 22
30463 18
30473 12
30474 14
30475 20
30477 16
30481 19
30483 13
30485 10
30492 19
30496 20
30499 30
30501 19
30519 30
30520 15
30526 15
30527 18
30534 30
30535 20
30537 36
30547 29
30557 29
30564 29
30565 11
30569 14
30589 17
30592 16
30595 17
30596 15
30597 17
30598 49
30601 24
30602 16
30603 60
30604 18
30606 23
30607 55
30613 17
30617 22
30620 18
30624 36
30635 20
30639 16
30641 14
30645 21
30651 20
30653 15
30655 26
30659 19
30670 29
30679 34
30686 19
30688 13
30694 18
30699 21
30704 22
30705 29
30706 16
30710 25
30712 22
30717 13
30718 18
30724 18
30725 16
30733 16
30737 23
30741 12
30745 28
30750 22
30752 37
30753 18
30755 15
30762 26
30766 30
30770 45
30775 19
30776 27
30780 12
30782 26
30783 15
30784 21
30785 26
30792 16
30793 18
30794 28
30803 16
30805 24
30807 32
30810 28
30814 19
30815 15
30819 23
30821 25
30825 12
30826 35
30843 24
30846 26
30851 30
30860 26
30865 22
30873 24
30875 20
30876 21
30878 12
30879 18
30887 22
30888 19
30889 15
30891 14
30894 14
30896 22
30902 28
30914 24
30918 24
30921 18
30922 20
30926 14
30927 11
30936 27
30939 21
30944 22
30954 27
30963 21
30964 26
30966 16
30967 16
30968 22
30976 14
30989 37
30991 19
30993 50
31005 30
31006 22
31009 22
31010 24
31016 15
31018 17
31019 25
31025 33
31028 24
31033 23
31035 57
31045 23
31049 39
31055 22
31061 17
31075 65
31083 26
31089 14
31095 22
31102 16
31103 27
31104 23
31108 45
31112 14
31114 30
31120 18
31121 19
31127 17
31139 56
31153 27
31154 14
31155 29
31157 22
31168 25
31169 52
31170 19
31171 22
31172 47
31173 20
31174 18
31178 25
31179 9
31190 26
31193 17
31195 32
31198 22
31209 19
31211 13
31223 15
31224 16
31226 12
31230 29
31232 15
31237 16
31241 20
31244 34
31245 21
31246 15
31247 16
31249 16
31254 40
31260 15
31264 17
31277 27
31285 37
31303 14
31304 26
31307 22
31308 19
31310 17
31311 14
31319 24
31320 12
31325 17
31330 41
31331 16
31334 14
31338 22
31351 18
31356 24
31358 30
31359 17
31362 25
31363 23
31364 24
31369 29
31375 27
31389 24
31403 19
31404 15
31407 15
31408 23
31410 23
31416 43
31417 20
31418 15
31420 21
31425 45
31426 21
31431 25
31433 17
31439 13
31441 19
31445 29
31451 20
31455 25
31465 22
31474 24
31477 16
31485 40
31488 12
31490 21
31498 19
31504 23
31512 26
31514 14
31517 22
31518 21
31522 19
31525 14
31529 18
31530 14
31537 24
31540 18
31545 23
31553 28
31557 16
31559 24
31562 23
31570 21
31577 20
31578 28
31583 22
31599 25
31606 32
31610 15
31613 21
31617 15
31619 23
31626 34
31629 20
31633 15
31634 13
31641 35
31644 31
31649 22
31659 20
31662 28
31664 24
31665 27
31670 39
31671 22
31673 24
31674 19
31677 21
31685 42
31686 22
31690 24
31693 23
31696 32
31698 13
31699 20
31705 29
31706 19
31709 14
31714 23
31718 19
31720 18
31723 20
31727 18
31750 16
31752 11
31753 16
31759 34
31761 23
31762 22
31765 21
31766 18
31769 31
31776 12
31777 19
31784 19
31785 12
31789 21
31797 18
31803 16
31804 10
31808 20
31809 16
31810 22
31813 16
31816 63
31818 22
31829 16
31835 23
31836 21
31837 21
31838 45
31839 52
31842 17
31843 18
31844 21
31847 18
31856 18
31862 9
31864 50
31870 20
31874 35
31877 43
31885 39
31889 20
31892 20
31893 18
31897 35
31910 17
31915 25
31927 21
31932 24
31936 27
31945 29
31947 17
31950 17
31953 13
31954 22
31958 22
31964 17
31968 7
31969 25
31970 16
31972 19
31979 36
31980 18
31985 16
31986 10
31990 17
31995 17
31998 15
32004 10
32006 43
32013 23
32014 23
32016 18
32018 19
32020 26
32034 19
32048 35
32058 22
32060 24
32062 30
32081 11
32082 22
32087 39
32100 15
32101 10
32104 13
32111 15
32112 51
32113 21
32118 35
32121 20
32122 25
32123 17
32124 32
32127 23
32134 17
32138 14
32143 25
32144 15
32153 21
32157 19
32161 16
32163 37
32165 29
32168 16
32175 21
32180 22
32182 11
32188 22
32192 15
32194 18
32201 18
32208 15
32232 38
32244 14
32248 15
32252 16
32261 7
32263 22
32266 18
32270 24
32279 30
32285 48
32286 12
32288 16
32293 25
32295 28
32296 16
32300 25
32302 11
32305 22
32311 54
32313 41
32319 17
32320 18
32322 29
32331 32
32337 28
32341 18
32344 46
32345 14
32347 34
32354 15
32355 18
32363 36
32366 35
32369 20
32370 27
32371 24
32377 15
32378 42
32383 27
32385 29
32388 17
32390 27
32391 24
32393 27
32397 21
32417 39
32419 25
32421 22
32423 29
32428 15
32431 15
32436 19
32437 21
32438 16
32442 23
32446 24
32449 21
32453 23
32459 13
32468 30
32469 15
32470 42
32476 10
32495 22
32513 16
32518 17
32520 21
32521 21
32525 26
32550 17
32551 18
32555 15
32559 35
32561 32
32562 10
32564 16
32566 25
32576 21
32581 26
32582 16
32590 16
32610 32
32611 21
32614 24
32615 15
32620 17
32621 16
32623 29
32626 21
32630 26
32632 18
32643 20
32645 19
32646 16
32647 27
32650 40
32652 23
32664 29
32676 14
32682 27
32689 15
32691 58
32692 29
32700 19
32702 27
32709 14
32715 22
32719 14
32724 18
32731 22
32734 13
32739 18
32742 24
32750 15
32753 23
32756 25
32757 13
32760 53
32761 21
32762 21
3730330 18
4833251 10
5286566 18
5358908 31
5686291 14
7489194 17
8245777 18
9327184 22
9508354 19
10735977 35
12717572 20
14367424 21
15536244 16
16586957 26
17060359 14
18693209 15
21941218 19
22275501 23
24663612 16
24966671 16
25681577 24
25835832 19
26165266 22
27303021 19
29274047 24
30732052 14
31140926 20
32444288 19
33496567 22
34337156 20
36262490 19
38541287 10
38769653 20
38930129 21
39299391 24
41255736 20
43828687 18
44211057 22
49186130 19
50989912 14
51156944 12
54102294 14
56090979 21
59300581 20
60606121 23
61637246 20
61671017 17
62277626 31
62909084 17
63674306 27
64189161 17
65808830 18
67092753 16
67650094 20
67875078 25
68003897 15
70149198 21
73596427 31
74281531 25
76736016 20
76910325 25
77201550 19
77748472 16
78887710 14
79070230 15
79082596 28
79196762 28
80294898 15
80525247 20
81621910 19
82501098 28
82894371 26
83834291 19
86993590 11
87298433 22
87657305 20
87895781 11
89610096 15
90066676 20
90344393 23
90396233 16
92028892 18
93659120 21
96437477 16
100092990 26
103019456 13
103268089 15
103480109 17
109016745 28
110271327 18
113553516 18
115397447 20
115465040 11
119792803 19
120944653 17
121399638 21
123076733 18
124369549 23
125408631 18
126590810 15
127417473 32
128077685 32
128810821 13
130946997 14
131147486 18
131541024 26
133678412 23
134408380 19
135575596 23
136609362 16
137236049 15
139007263 24
139452872 22
140796320 17
142990302 19
144035229 26
145056166 26
145727174 19
145893019 19
145895232 19
146222737 14
146841542 16
147187707 14
147582950 18
149824249 16
151770303 22
154120443 26
155057346 16
157465808 16
158091921 16
159891380 27
160243780 21
160617937 14
162289454 20
163251696 18
163492228 15
164884529 21
165589491 22
166095447 15
168109658 30
168857585 22
170730903 26
171308653 18
172986183 13
175763315 24
176723792 19
178765044 18
181284782 18
182362405 25
184186867 21
185934147 30
185958851 16
186596555 15
186785632 24
187968093 20
188584425 17
191971468 20
192110709 17
192418946 26
192993735 19
193175134 22
194413349 14
194468425 19
194861429 14
194998513 25
195087475 19
195302080 23
195778126 18
196091779 22
197982234 21
198721611 24
198937476 20
203869333 18
204246971 14
206884506 18
208004304 22
211392655 12
211730518 22
213425770 20
213606410 19
213884266 23
215107976 29
215801037 20
215938702 22
216965874 24
217368533 16
220466131 21
221809937 15
222176974 21
223104312 21
223434885 19
223690879 17
224549453 14
224606507 20
224818846 22
225534628 14
226980905 17
227439839 16
228078458 25
229792385 23
230518419 24
231410737 17
232711058 23
233735679 34
235806854 21
236448354 12
236684310 19
238116815 18
238428037 21
238835585 11
240415429 22
241930487 28
243142270 16
244343836 22
244957611 25
245721734 13
245929304 19
248068570 20
248328466 23
248362658 31
249870505 18
251509028 13
251771275 15
253141036 20
253155455 8
253699238 24
260292361 22
263497805 20
264055644 14
265813536 13
268506385 16
268664862 18
268876993 18
269893514 28
270260213 18
273798784 25
275531286 11
279067825 26
279148135 14
280529378 16
280737490 31
282058177 20
284016043 29
284704550 18
288106440 15
289307895 17
289826984 26
290422529 9
290769443 21
290976997 21
291010783 25
291275066 18
292613269 17
294947637 26
296396691 21
296439019 13
296862246 18
299509607 15
300929934 24
304677974 19
305572939 13
306388183 26
306860064 28
307353097 27
309071195 20
310684775 21
311814403 17
311956014 22
314883256 17
315171979 20
316306655 16
318746049 15
321739453 20
321934268 22
322303279 17
323513539 22
328328013 32
328435284 22
328890300 17
329161931 22
329597276 32
329649531 19
329765698 15
330159803 17
332842011 30
333166385 26
336397151 19
336420794 14
337041099 24
337953397 22
338625110 14
339451411 25
339958069 16
340069438 19
340345990 30
341817102 26
342900830 17
343241067 23
345550902 21
345819040 18
345946613 17
346928338 25
349265452 25
349377938 18
349661678 25
352962731 17
353059167 19
353283076 23
354736640 29
354860035 13
355015084 20
355219374 11
355264719 28
355734928 23
359288415 19
359554286 21
359967163 24
360376837 19
360908934 20
362975650 29
363606158 18
366293489 17
367188169 19
367740012 18
368248360 12
370759140 23
372479198 30
375276045 16
376369831 16
376449320 31
378831688 29
379911054 21
380108858 15
382802971 25
382902669 22
384972726 20
385123789 23
385508497 26
386355165 13
390906431 21
391090414 29
391318178 18
391958880 17
392691932 23
393086015 15
393720206 18
393939636 20
393986242 20
394986117 17
395139668 13
395834793 30
397879962 19
400184846 8
401917596 18
403520915 26
403721447 28
404560013 21
405612030 23
406000131 31
407478274 21
408722947 17
409560708 18
409846593 16
410710860 18
412700179 17
414776319 20
415427569 21
415613643 16
417027696 13
417766481 17
419461898 14
419509287 24
419612638 16
420127582 16
422134051 15
427210045 23
427339499 18
427985656 23
429572152 18
429605841 19
429772051 23
430015481 18
430465787 14
431917582 24
436602508 24
442419816 24
444399954 22
445477967 18
446206058 23
446538772 32
447027210 26
448760046 21
449362197 11
450591414 21
450764617 23
452282785 18
452963926 26
453090502 19
453654408 22
454313193 24
454434292 22
455393924 20
457142444 22
458283071 15
461277064 27
462589202 29
462910439 17
463035576 18
464493188 31
464703413 16
464901830 22
465496919 18
466407152 23
466822790 27
466895569 26
467421403 17
469657013 17
471507746 23
472087440 15
472330180 19
472492534 14
473198471 18
473270624 27
475811794 13
476240820 14
476864914 17
477925588 16
480390692 15
483775210 24
483843128 21
484310184 15
484426086 22
485046253 21
488251248 22
490663799 17
490726739 19
490744948 17
492988425 16
497021021 20
498666675 33
500550687 11
501586030 20
502144944 19
503218957 27
503896617 13
504428086 13
504508952 20
504608093 24
507789109 21
509352747 21
509606916 16
510017880 26
511296763 18
512128164 21
512512703 13
515552666 17
516829386 20
517903186 17
518055098 23
518120821 23
518417905 20
518624943 16
519336328 19
522048339 16
525802869 15
529585642 20
531600320 21
532880782 31
533078012 19
533476351 17
533948334 28
534285331 23
536464710 18
536735414 16
538293986 19
538786362 16
539601098 17
541087189 22
542071492 9
542295626 21
542336074 11
543278591 11
544803518 10
545509574 24
545549059 20
546000077 21
547488687 18
547839872 25
548602017 19
549907492 19
549962050 24
551852208 17
552056204 22
552788764 23
554100033 23
555677364 11
557679414 21
558084621 19
560467389 20
561627178 27
561740885 17
564184338 16
565299629 19
565593805 17
566535181 26
567113435 21
569699847 26
570867483 20
571605512 14
572264701 17
572834493 16
573404863 22
574653853 21
578152970 19
578949498 18
580372891 23
582958153 27
586165913 20
587293467 22
588197016 32
589882737 17
589886788 24
590791345 18
591901163 20
592666506 30
592690051 21
594488198 17
594750521 27
594762075 17
595289714 14
595942659 17
597796445 22
597917676 11
598246017 19
598553511 23
600930403 21
602935893 16
606788536 24
606881088 19
609403371 18
610473963 23
610773839 18
612137112 27
612277592 21
612807585 16
613429844 23
613995410 15
615650603 19
616977445 28
618386534 33
618859804 15
620726739 16
621395034 24
621749066 17
625190697 20
625318789 9
625657182 22
627712427 31
629271359 26
629431260 17
630093307 30
630350637 27
630354738 7
631393247 30
631540174 15
633537610 18
634854294 27
635470917 18
636839151 17
637790145 13
638607948 21
640778508 24
641245860 20
642256957 18
642957786 21
643348206 12
646646250 27
647614569 19
648749540 12
651605410 16
651885085 17
652152676 21
652689549 21
653627586 25
656045798 19
657016490 20
657681557 11
658174212 20
660380383 18
660879764 9
661309396 19
662831263 21
663426662 27
663997845 26
664773412 16
665668403 15
665875322 15
666268046 14
666820756 19
672253387 29
673150696 20
674585055 21
675282828 16
676064002 22
676736040 26
677416738 22
677668690 18
677782451 12
678698016 18
680671778 21
683248809 25
683267855 24
683636595 18
687763923 17
688887999 17
692296598 24
692430287 17
692434415 16
693593454 20
695107402 17
696198829 10
696717231 22
697438511 21
699487053 25
699735627 18
699747195 19
700574071 24
701104944 19
701463599 18
702036288 16
702431857 12
703293243 26
705049941 21
705345848 16
706944221 25
711445733 29
711737444 19
713845005 20
715317189 13
715989952 16
716737822 18
718788893 16
720519970 18
721000141 23
721283276 18
723466242 23
723695589 13
724861432 19
725112481 29
726616181 14
728180005 26
729284343 21
730297274 27
731202992 17
733026486 14
734095839 22
737190283 26
740490411 27
741194541 18
741844162 13
742020694 18
742303875 23
742394050 18
742863148 26
744924752 24
745180397 20
746614703 29
746854482 27
747479347 15
747883166 22
749234322 22
750091950 16
751443494 14
754590698 22
756626234 17
758300039 15
762372985 20
762404314 20
766296907 25
766823878 24
767163246 13
767853461 20
767879674 22
768384939 21
769731785 25
770236869 21
770352958 20
771101042 16
772225462 17
773245885 14
773818094 20
775886610 21
777917138 16
778090494 21
778360537 14
779295714 22
780421252 22
781061662 16
782079517 15
785579678 16
787176313 19
787866898 13
790740335 22
792992230 37
794313601 29
795585329 13
796418068 24
796710006 15
796974588 11
798556108 21
798919697 20
802636738 14
803008640 14
803501162 19
804551652 17
806595480 23
807729187 20
808046354 20
811900994 27
811903348 24
812501196 18
813445009 15
813566502 14
814251226 22
814529805 12
817319335 25
817589563 21
817993855 27
818027795 17
819245666 18
819410135 11
822039461 17
822044300 17
823092168 26
824269836 15
824801269 18
824805661 19
825070278 19
825145787 21
825237014 20
826379647 28
826485957 29
828880865 20
829238473 18
830605272 18
832182246 23
832680993 26
832685755 18
833103889 24
833267066 24
835842891 19
836023503 19
837732693 20
839907039 33
844426824 24
845869748 22
851461297 24
851641765 23
851649066 18
853929883 17
854319027 10
854801176 16
856207789 21
858781524 22
859072541 22
859864853 26
859945928 11
863724463 37
864335235 17
865024622 28
865943268 24
866716513 15
867204060 19
867439205 11
869579568 13
870140950 18
874086522 31
874205684 20
874277401 13
878327399 22
878706911 16
880657446 15
881060186 23
881770255 23
882072880 21
882883285 18
882975724 18
883636298 19
884345720 30
884774553 34
885448314 16
885912742 17
889191331 17
889980949 21
892237149 21
892761992 19
892998692 43
894853305 30
895793244 21
897504558 26
899069837 34
902218792 23
902551600 16
903238229 26
905243991 25
905400521 21
906900427 18
907054612 17
907975664 20
908304474 13
909060841 27
909240806 21
909441673 24
909487409 16
910649337 20
911989185 25
912418915 24
913748172 16
914782749 17
917654268 14
917948279 31
919564231 21
919715285 8
920628575 32
921025890 14
922299518 19
922621576 32
922781658 19
923278241 13
924305293 17
924349614 22
924495346 27
924623339 22
925227500 17
926344921 17
927244002 27
929979970 17
932686918 15
933132804 17
933943837 24
934139475 16
934603940 19
936438616 16
937121142 21
937965064 10
938231172 25
940466982 23
942511264 20
945573236 24
946065776 13
946828519 13
949910453 23
950474614 20
951589516 17
952542015 21
952776110 14
953124189 20
953442727 17
954298556 15
954515225 13
955278291 20
955541494 19
956457972 15
958694130 18
959661605 20
959731862 23
959926239 16
960941343 20
961570424 20
961973024 24
968340439 17
968471067 19
968985812 18
970891878 20
971511440 17
972607490 17
972928650 22
975640473 28
977602386 19
978839708 28
980014702 21
980280743 13
981344217 14
982580241 17
984310150 21
987156465 21
988543234 16
989153034 16
989223855 17
989611833 20
989959857 19
990149555 17
990900808 25
991427156 29
991546674 22
993438440 16
998031657 15
1001982030 19
1004406848 26
1004618554 24
1005059728 26
1005111773 19
1007237282 24
1007560760 14
1008532069 9
1011025313 18
1011243118 18
1013710959 18
1014219856 19
1015911830 18
1016264428 17
1018366689 20
1019310585 4
1019686302 14
1019836518 18
1020413297 22
1020435935 30
1021539295 15
1021683009 32
1022122593 24
1022585985 29
1023188123 27
1023500634 27
1025777893 18
1028326137 21
1028508113 16
1029673386 21
1029808281 19
1030062040 12
1030729571 18
1034522985 21
1037970148 15
1038153995 15
1038473147 32
1039454929 26
1039573980 23
1040089099 18
1040298715 23
1040971019 16
1042062182 19
1043715684 14
1043810333 15
1044185404 22
1045027275 19
1045497002 17
1046343587 16
1048322512 19
1051977677 19
1052417407 12
1052640660 17
1052924890 14
1053394108 38
1053511540 33
1053934584 13
1055209860 20
1056334367 10
1059407870 22
1062457191 12
1062737082 15
1063098759 24
1066556883 26
1066627044 15
1066927070 20
1067563998 22
1068171828 26
1069115708 23
1069917996 25
1071082105 15
1071548646 24
1071900543 30
1071907016 18
1072899509 20
