1000 100
0.80054124092436040 0.59927766651134693 1.33584360916477216
0.97067835326585251 0.24038205944099247 4.03806488522130633
0.97714686597115952 0.21256528955297667 4.59692581054081118
0.97401191694233351 0.22649676742576438 4.30033473772013778
0.79190224592227510 0.61064787963543813 1.29682305029053295
0.80901699437494742 0.58778525229247313 1.37638192047117354
0.84125353283118117 0.54064081745559758 1.55603037297544165
0.81732777794940694 0.57617298044275292 1.41854582858318285
0.93694972499976174 0.34946417959909834 2.68110375739974464
0.99745211461025354 0.07133918319923234 13.98182695510574371
0.99989804300943334 0.01427948128978729 70.02341490685396390
0.92112365311485012 0.38927010631739149 2.36628407413286364
0.87074607711977719 0.49173292464560377 1.77077033787666652
0.99175270473590268 0.12816619152109276 7.73802118144929380
0.99348173534855021 0.11399140989054063 8.71540878652640058
0.89739842869135840 0.44122110124322129 2.03389735024633660
0.90963199535451837 0.41541501300188643 2.18969456298968106
0.98768834059513773 0.15643446504023087 6.31375151467504310
0.86363560737315705 0.50411659135283190 1.71316640274729084
0.93186402921145232 0.36280770535064101 2.56847915705328858
0.77414161063908245 0.63301245380887039 1.22294846804518654
0.94184436363952469 0.33604939321543013 2.80269621863515609
0.99908251182339574 0.04282679731960243 23.32844327273805930
0.99959219282818923 0.02855605079369625 35.00456698476139190
0.95949297361449739 0.28173255684142970 3.40568723888925001
0.82547189696277396 0.56444321886676918 1.46245338657814192
0.92658831331907146 0.37607724953859979 2.46382442558245831
0.98281840367675562 0.18457514836584540 5.32476019864124173
0.98982144188093273 0.14231483827328514 6.95515277177347334
0.78310177098055537 0.62189357311932225 1.25922152089888574
0.95105651629515357 0.30901699437494742 3.07768353717525340
0.85634903025158897 0.51639746163896192 1.65831378708500197
0.89100652418836786 0.45399049973954679 1.96261050550515058
0.84888783159002264 0.52857303126284201 1.60599913613053521
0.87767898956725562 0.47924898672005683 1.83136326604261190
0.75574957435425828 0.65486073394528506 1.15406152053300952
0.96341814137257893 0.26800277027337891 3.59480665214704532
0.90360734110809170 0.42836173159558127 2.10944926789396889
0.98535383584769301 0.17052219263262378 5.77844924836591698
0.99633173086269139 0.08557500847883974 11.64278857312711558
0.95537215182429668 0.29540489420220008 3.23411077668320290
0.76502359199982316 0.64400225440885539 1.18792067382133011
0.83344769071531763 0.55259835942690262 1.50823410257620497
0.88443293099781432 0.46666732322567370 1.89521075717168888
0.99836910392613568 0.05708881086276798 17.48799964192719180
0.96714685470195714 0.25421833419348693 3.80439458770844006
0.94654694704548995 0.32256608166213392 2.93442801601481964
0.98008256109239341 0.19859046664574546 4.93519441112300929
0.99500818114535958 0.09979338381778271 9.97068285571106002
0.91547116291940606 0.40238358547906782 2.27512054655377906
0.74632144880424702 0.66558567822236807 1.12130034227525195
0.73674113787640491 0.67617490027401944 1.08957185127374744
0.72701059513007373 0.68662624080981351 1.05881562911523821
0.71713180475896349 0.69693756865529345 1.02897567445335716
0.70710678118654752 0.70710678118654752 1.00000000000000000
0.69693756865529345 0.71713180475896349 0.97184027263934060
0.68662624080981351 0.72701059513007373 0.94445149136645687
0.67617490027401944 0.73674113787640491 0.91779169848318417
0.66558567822236807 0.74632144880424702 0.89182172010300192
0.65486073394528506 0.75574957435425828 0.86650493254306289
0.64400225440885539 0.76502359199982316 0.84180705163012052
0.63301245380887039 0.77414161063908245 0.81769594233062251
0.62189357311932225 0.78310177098055537 0.79414144644395656
0.61064787963543813 0.79190224592227510 0.77111522638031890
0.59927766651134693 0.80054124092436040 0.74859062328803873
0.58778525229247313 0.80901699437494742 0.72654252800536089
0.57617298044275292 0.81732777794940694 0.70494726349361682
0.56444321886676918 0.82547189696277396 0.68378247756655451
0.55259835942690262 0.83344769071531763 0.66302704486784010
0.54064081745559758 0.84125353283118117 0.64266097716833108
0.52857303126284201 0.84888783159002264 0.62266534115913761
0.51639746163896192 0.85634903025158897 0.60302218300784225
0.50411659135283190 0.86363560737315705 0.58371445902532680
0.49173292464560377 0.87074607711977719 0.56472597186098202
0.47924898672005683 0.87767898956725562 0.54604131170594974
0.46666732322567370 0.88443293099781432 0.52764580203857986
0.45399049973954679 0.89100652418836786 0.50952544949442881
0.44122110124322129 0.89739842869135840 0.49166689748569880
0.42836173159558127 0.90360734110809170 0.47405738323272387
0.41541501300188643 0.90963199535451837 0.45668469790355528
0.40238358547906782 0.91547116291940606 0.43953714958741071
0.38927010631739149 0.92112365311485012 0.42260352885418243
0.37607724953859979 0.92658831331907146 0.40587307667574399
0.36280770535064101 0.93186402921145232 0.38933545450579370
0.34946417959909834 0.93694972499976174 0.37298071633372560
0.33604939321543013 0.94184436363952469 0.35679928254478301
0.32256608166213392 0.94654694704548995 0.34078191543375373
0.30901699437494742 0.95105651629515357 0.32491969623290633
0.29540489420220008 0.95537215182429668 0.30920400352691906
0.28173255684142970 0.95949297361449739 0.29362649293836671
0.26800277027337891 0.96341814137257893 0.27817907797704138
0.25421833419348693 0.96714685470195714 0.26285391195510703
0.24038205944099247 0.97067835326585251 0.24764337087792856
0.22649676742576438 0.97401191694233351 0.23254003722746459
0.21256528955297667 0.97714686597115952 0.21753668456144906
0.19859046664574546 0.98008256109239341 0.20262626285728201
0.18457514836584540 0.98281840367675562 0.18780188453466456
0.17052219263262378 0.98535383584769301 0.17305681109560479
0.15643446504023087 0.98768834059513773 0.15838444032453629
0.14231483827328514 0.98982144188093273 0.14377829399497332
0.19859046664574546 0.98008256109239341 0.21753668456144906
0.14231483827328514 0.98982144188093273 0.15838444032453629
0.37607724953859979 0.92658831331907146 0.38933545450579370
0.34946417959909834 0.93694972499976174 0.38933545450579370
0.32256608166213392 0.94654694704548995 0.35679928254478301
0.87074607711977719 0.49173292464560377 1.71316640274729084
0.70710678118654752 0.70710678118654752 1.02897567445335716
0.78310177098055537 0.62189357311932225 1.29682305029053295
0.95949297361449739 0.28173255684142970 3.23411077668320290
0.88443293099781432 0.46666732322567370 1.96261050550515058
0.99633173086269139 0.08557500847883974 13.98182695510574371
0.76502359199982316 0.64400225440885539 1.15406152053300952
0.55259835942690262 0.83344769071531763 0.68378247756655451
0.91547116291940606 0.40238358547906782 2.36628407413286364
0.87767898956725562 0.47924898672005683 1.77077033787666652
0.73674113787640491 0.67617490027401944 1.12130034227525195
0.46666732322567370 0.88443293099781432 0.50952544949442881
0.44122110124322129 0.89739842869135840 0.47405738323272387
0.82547189696277396 0.56444321886676918 1.50823410257620497
0.55259835942690262 0.83344769071531763 0.64266097716833108
0.84888783159002264 0.52857303126284201 1.55603037297544165
0.89739842869135840 0.44122110124322129 2.10944926789396889
0.94184436363952469 0.33604939321543013 2.93442801601481964
0.92658831331907146 0.37607724953859979 2.36628407413286364
0.62189357311932225 0.78310177098055537 0.81769594233062251
0.90360734110809170 0.42836173159558127 2.03389735024633660
0.76502359199982316 0.64400225440885539 1.15406152053300952
0.73674113787640491 0.67617490027401944 1.05881562911523821
0.99500818114535958 0.09979338381778271 8.71540878652640058
0.87767898956725562 0.47924898672005683 1.77077033787666652
0.98535383584769301 0.17052219263262378 5.32476019864124173
0.19859046664574546 0.98008256109239341 0.18780188453466456
0.99836910392613568 0.05708881086276798 13.98182695510574371
0.32256608166213392 0.94654694704548995 0.35679928254478301
0.45399049973954679 0.89100652418836786 0.52764580203857986
0.38927010631739149 0.92112365311485012 0.40587307667574399
0.55259835942690262 0.83344769071531763 0.68378247756655451
0.99633173086269139 0.08557500847883974 9.97068285571106002
0.25421833419348693 0.96714685470195714 0.24764337087792856
0.24038205944099247 0.97067835326585251 0.23254003722746459
0.47924898672005683 0.87767898956725562 0.56472597186098202
0.99348173534855021 0.11399140989054063 7.73802118144929380
0.24038205944099247 0.97067835326585251 0.23254003722746459
0.36280770535064101 0.93186402921145232 0.37298071633372560
0.92112365311485012 0.38927010631739149 2.46382442558245831
0.61064787963543813 0.79190224592227510 0.74859062328803873
0.40238358547906782 0.91547116291940606 0.45668469790355528
0.90963199535451837 0.41541501300188643 2.27512054655377906
0.98768834059513773 0.15643446504023087 5.77844924836591698
0.33604939321543013 0.94184436363952469 0.37298071633372560
0.24038205944099247 0.97067835326585251 0.23254003722746459
0.99989804300943334 0.01427948128978729 35.00456698476139190
0.98535383584769301 0.17052219263262378 5.32476019864124173
0.80901699437494742 0.58778525229247313 1.41854582858318285
0.85634903025158897 0.51639746163896192 1.71316640274729084
0.55259835942690262 0.83344769071531763 0.64266097716833108
0.87074607711977719 0.49173292464560377 1.83136326604261190
0.97401191694233351 0.22649676742576438 4.59692581054081118
0.92658831331907146 0.37607724953859979 2.56847915705328858
0.72701059513007373 0.68662624080981351 1.02897567445335716
0.25421833419348693 0.96714685470195714 0.24764337087792856
0.56444321886676918 0.82547189696277396 0.70494726349361682
0.41541501300188643 0.90963199535451837 0.47405738323272387
0.36280770535064101 0.93186402921145232 0.37298071633372560
0.50411659135283190 0.86363560737315705 0.60302218300784225
0.61064787963543813 0.79190224592227510 0.74859062328803873
0.98281840367675562 0.18457514836584540 4.93519441112300929
0.98281840367675562 0.18457514836584540 5.77844924836591698
0.99989804300943334 0.01427948128978729 35.00456698476139190
0.98535383584769301 0.17052219263262378 5.32476019864124173
0.99348173534855021 0.11399140989054063 7.73802118144929380
0.86363560737315705 0.50411659135283190 1.65831378708500197
0.54064081745559758 0.84125353283118117 0.62266534115913761
0.87767898956725562 0.47924898672005683 1.89521075717168888
0.64400225440885539 0.76502359199982316 0.86650493254306289
0.50411659135283190 0.86363560737315705 0.56472597186098202
0.71713180475896349 0.69693756865529345 1.05881562911523821
0.44122110124322129 0.89739842869135840 0.47405738323272387
0.97067835326585251 0.24038205944099247 3.80439458770844006
0.81732777794940694 0.57617298044275292 1.37638192047117354
0.98535383584769301 0.17052219263262378 6.31375151467504310
0.80901699437494742 0.58778525229247313 1.33584360916477216
0.36280770535064101 0.93186402921145232 0.37298071633372560
0.98535383584769301 0.17052219263262378 6.31375151467504310
0.62189357311932225 0.78310177098055537 0.77111522638031890
0.65486073394528506 0.75574957435425828 0.84180705163012052
0.95105651629515357 0.30901699437494742 2.93442801601481964
0.85634903025158897 0.51639746163896192 1.60599913613053521
0.79190224592227510 0.61064787963543813 1.25922152089888574
0.41541501300188643 0.90963199535451837 0.47405738323272387
0.94184436363952469 0.33604939321543013 2.93442801601481964
0.57617298044275292 0.81732777794940694 0.72654252800536089
0.63301245380887039 0.77414161063908245 0.79414144644395656
0.98535383584769301 0.17052219263262378 6.31375151467504310
0.52857303126284201 0.84888783159002264 0.60302218300784225
0.75574957435425828 0.65486073394528506 1.12130034227525195
0.19859046664574546 0.98008256109239341 0.21753668456144906
0.40238358547906782 0.91547116291940606 0.45668469790355528
0.55259835942690262 0.83344769071531763 0.64266097716833108
0.14231483827328514 0.98982144188093273 0.15838444032453629
0.95949297361449739 0.28173255684142970 3.23411077668320290
0.95537215182429668 0.29540489420220008 3.40568723888925001
0.55259835942690262 0.83344769071531763 0.64266097716833108
0.56444321886676918 0.82547189696277396 0.66302704486784010
0.40238358547906782 0.91547116291940606 0.42260352885418243
0.17052219263262378 0.98535383584769301 0.15838444032453629
0.56444321886676918 0.82547189696277396 0.66302704486784010
0.58778525229247313 0.80901699437494742 0.70494726349361682
0.63301245380887039 0.77414161063908245 0.84180705163012052
0.55259835942690262 0.83344769071531763 0.68378247756655451
0.26800277027337891 0.96341814137257893 0.29362649293836671
0.99348173534855021 0.11399140989054063 9.97068285571106002
0.87074607711977719 0.49173292464560377 1.83136326604261190
0.59927766651134693 0.80054124092436040 0.77111522638031890
0.71713180475896349 0.69693756865529345 1.05881562911523821
0.33604939321543013 0.94184436363952469 0.34078191543375373
0.29540489420220008 0.95537215182429668 0.32491969623290633
0.99175270473590268 0.12816619152109276 6.95515277177347334
0.99500818114535958 0.09979338381778271 11.64278857312711558
0.37607724953859979 0.92658831331907146 0.38933545450579370
0.89739842869135840 0.44122110124322129 2.10944926789396889
0.56444321886676918 0.82547189696277396 0.66302704486784010
0.63301245380887039 0.77414161063908245 0.79414144644395656
0.99175270473590268 0.12816619152109276 8.71540878652640058
0.22649676742576438 0.97401191694233351 0.24764337087792856
0.91547116291940606 0.40238358547906782 2.36628407413286364
0.18457514836584540 0.98281840367675562 0.17305681109560479
0.49173292464560377 0.87074607711977719 0.54604131170594974
0.25421833419348693 0.96714685470195714 0.24764337087792856
0.97714686597115952 0.21256528955297667 4.30033473772013778
0.79190224592227510 0.61064787963543813 1.25922152089888574
0.30901699437494742 0.95105651629515357 0.30920400352691906
0.36280770535064101 0.93186402921145232 0.37298071633372560
0.94654694704548995 0.32256608166213392 3.07768353717525340
0.56444321886676918 0.82547189696277396 0.66302704486784010
0.19859046664574546 0.98008256109239341 0.18780188453466456
0.99348173534855021 0.11399140989054063 7.73802118144929380
0.99908251182339574 0.04282679731960243 35.00456698476139190
0.17052219263262378 0.98535383584769301 0.18780188453466456
0.81732777794940694 0.57617298044275292 1.46245338657814192
0.22649676742576438 0.97401191694233351 0.21753668456144906
0.67617490027401944 0.73674113787640491 0.89182172010300192
0.45399049973954679 0.89100652418836786 0.49166689748569880
0.56444321886676918 0.82547189696277396 0.70494726349361682
0.59927766651134693 0.80054124092436040 0.72654252800536089
0.32256608166213392 0.94654694704548995 0.35679928254478301
0.55259835942690262 0.83344769071531763 0.64266097716833108
0.89739842869135840 0.44122110124322129 2.10944926789396889
0.98535383584769301 0.17052219263262378 6.31375151467504310
0.80054124092436040 0.59927766651134693 1.37638192047117354
0.76502359199982316 0.64400225440885539 1.22294846804518654
0.42836173159558127 0.90360734110809170 0.49166689748569880
0.68662624080981351 0.72701059513007373 0.91779169848318417
0.77414161063908245 0.63301245380887039 1.18792067382133011
0.33604939321543013 0.94184436363952469 0.34078191543375373
0.95537215182429668 0.29540489420220008 3.07768353717525340
0.25421833419348693 0.96714685470195714 0.27817907797704138
0.99836910392613568 0.05708881086276798 23.32844327273805930
0.24038205944099247 0.97067835326585251 0.23254003722746459
0.63301245380887039 0.77414161063908245 0.79414144644395656
0.99836910392613568 0.05708881086276798 13.98182695510574371
0.58778525229247313 0.80901699437494742 0.74859062328803873
0.54064081745559758 0.84125353283118117 0.66302704486784010
0.74632144880424702 0.66558567822236807 1.08957185127374744
0.45399049973954679 0.89100652418836786 0.49166689748569880
0.86363560737315705 0.50411659135283190 1.77077033787666652
0.95105651629515357 0.30901699437494742 2.93442801601481964
0.65486073394528506 0.75574957435425828 0.89182172010300192
0.46666732322567370 0.88443293099781432 0.54604131170594974
0.37607724953859979 0.92658831331907146 0.42260352885418243
0.67617490027401944 0.73674113787640491 0.89182172010300192
0.99633173086269139 0.08557500847883974 13.98182695510574371
0.97714686597115952 0.21256528955297667 4.93519441112300929
0.21256528955297667 0.97714686597115952 0.20262626285728201
0.50411659135283190 0.86363560737315705 0.60302218300784225
0.26800277027337891 0.96341814137257893 0.26285391195510703
0.99836910392613568 0.05708881086276798 13.98182695510574371
0.49173292464560377 0.87074607711977719 0.58371445902532680
0.97401191694233351 0.22649676742576438 4.03806488522130633
0.36280770535064101 0.93186402921145232 0.40587307667574399
0.42836173159558127 0.90360734110809170 0.45668469790355528
0.79190224592227510 0.61064787963543813 1.33584360916477216
0.93186402921145232 0.36280770535064101 2.46382442558245831
0.93694972499976174 0.34946417959909834 2.56847915705328858
0.99500818114535958 0.09979338381778271 8.71540878652640058
0.97067835326585251 0.24038205944099247 4.30033473772013778
0.59927766651134693 0.80054124092436040 0.77111522638031890
0.57617298044275292 0.81732777794940694 0.68378247756655451
0.36280770535064101 0.93186402921145232 0.37298071633372560
0.79190224592227510 0.61064787963543813 1.25922152089888574
0.95949297361449739 0.28173255684142970 3.23411077668320290
0.80054124092436040 0.59927766651134693 1.29682305029053295
0.99836910392613568 0.05708881086276798 13.98182695510574371
0.64400225440885539 0.76502359199982316 0.86650493254306289
0.22649676742576438 0.97401191694233351 0.21753668456144906
0.37607724953859979 0.92658831331907146 0.38933545450579370
0.98982144188093273 0.14231483827328514 7.73802118144929380
0.99908251182339574 0.04282679731960243 17.48799964192719180
0.49173292464560377 0.87074607711977719 0.54604131170594974
0.95949297361449739 0.28173255684142970 3.59480665214704532
0.87074607711977719 0.49173292464560377 1.71316640274729084
0.21256528955297667 0.97714686597115952 0.20262626285728201
0.40238358547906782 0.91547116291940606 0.42260352885418243
0.38927010631739149 0.92112365311485012 0.43953714958741071
0.97401191694233351 0.22649676742576438 4.03806488522130633
0.73674113787640491 0.67617490027401944 1.12130034227525195
0.99836910392613568 0.05708881086276798 13.98182695510574371
0.51639746163896192 0.85634903025158897 0.58371445902532680
0.32256608166213392 0.94654694704548995 0.35679928254478301
0.98008256109239341 0.19859046664574546 4.59692581054081118
0.98768834059513773 0.15643446504023087 5.77844924836591698
0.99959219282818923 0.02855605079369625 70.02341490685396390
0.63301245380887039 0.77414161063908245 0.84180705163012052
0.96341814137257893 0.26800277027337891 3.40568723888925001
0.80054124092436040 0.59927766651134693 1.29682305029053295
0.79190224592227510 0.61064787963543813 1.33584360916477216
0.19859046664574546 0.98008256109239341 0.21753668456144906
0.24038205944099247 0.97067835326585251 0.23254003722746459
0.18457514836584540 0.98281840367675562 0.17305681109560479
0.87074607711977719 0.49173292464560377 1.83136326604261190
0.94184436363952469 0.33604939321543013 2.68110375739974464
0.26800277027337891 0.96341814137257893 0.26285391195510703
0.58778525229247313 0.80901699437494742 0.70494726349361682
0.44122110124322129 0.89739842869135840 0.50952544949442881
0.37607724953859979 0.92658831331907146 0.38933545450579370
0.74632144880424702 0.66558567822236807 1.15406152053300952
0.21256528955297667 0.97714686597115952 0.20262626285728201
0.99633173086269139 0.08557500847883974 9.97068285571106002
0.96714685470195714 0.25421833419348693 3.59480665214704532
0.30901699437494742 0.95105651629515357 0.30920400352691906
0.26800277027337891 0.96341814137257893 0.26285391195510703
0.61064787963543813 0.79190224592227510 0.79414144644395656
0.61064787963543813 0.79190224592227510 0.74859062328803873
0.95105651629515357 0.30901699437494742 2.93442801601481964
0.93186402921145232 0.36280770535064101 2.46382442558245831
0.94184436363952469 0.33604939321543013 2.93442801601481964
0.98008256109239341 0.19859046664574546 5.32476019864124173
0.92658831331907146 0.37607724953859979 2.36628407413286364
0.96714685470195714 0.25421833419348693 4.03806488522130633
0.92112365311485012 0.38927010631739149 2.27512054655377906
0.56444321886676918 0.82547189696277396 0.70494726349361682
0.95105651629515357 0.30901699437494742 3.23411077668320290
0.24038205944099247 0.97067835326585251 0.23254003722746459
0.57617298044275292 0.81732777794940694 0.68378247756655451
0.67617490027401944 0.73674113787640491 0.94445149136645687
0.28173255684142970 0.95949297361449739 0.30920400352691906
0.88443293099781432 0.46666732322567370 1.83136326604261190
0.26800277027337891 0.96341814137257893 0.29362649293836671
0.63301245380887039 0.77414161063908245 0.84180705163012052
0.95105651629515357 0.30901699437494742 3.23411077668320290
0.99989804300943334 0.01427948128978729 35.00456698476139190
0.80054124092436040 0.59927766651134693 1.29682305029053295
0.28173255684142970 0.95949297361449739 0.30920400352691906
0.99989804300943334 0.01427948128978729 35.00456698476139190
0.83344769071531763 0.55259835942690262 1.46245338657814192
0.81732777794940694 0.57617298044275292 1.46245338657814192
0.63301245380887039 0.77414161063908245 0.84180705163012052
0.98535383584769301 0.17052219263262378 5.32476019864124173
0.49173292464560377 0.87074607711977719 0.58371445902532680
0.57617298044275292 0.81732777794940694 0.68378247756655451
0.66558567822236807 0.74632144880424702 0.91779169848318417
0.34946417959909834 0.93694972499976174 0.35679928254478301
0.58778525229247313 0.80901699437494742 0.70494726349361682
0.99836910392613568 0.05708881086276798 13.98182695510574371
0.67617490027401944 0.73674113787640491 0.94445149136645687
0.54064081745559758 0.84125353283118117 0.66302704486784010
0.46666732322567370 0.88443293099781432 0.50952544949442881
0.98982144188093273 0.14231483827328514 6.31375151467504310
0.76502359199982316 0.64400225440885539 1.22294846804518654
0.82547189696277396 0.56444321886676918 1.41854582858318285
0.30901699437494742 0.95105651629515357 0.34078191543375373
0.99959219282818923 0.02855605079369625 70.02341490685396390
0.90963199535451837 0.41541501300188643 2.27512054655377906
0.87074607711977719 0.49173292464560377 1.83136326604261190
0.92658831331907146 0.37607724953859979 2.56847915705328858
0.26800277027337891 0.96341814137257893 0.26285391195510703
0.26800277027337891 0.96341814137257893 0.29362649293836671
0.97401191694233351 0.22649676742576438 4.03806488522130633
0.75574957435425828 0.65486073394528506 1.18792067382133011
0.87767898956725562 0.47924898672005683 1.77077033787666652
0.57617298044275292 0.81732777794940694 0.72654252800536089
0.49173292464560377 0.87074607711977719 0.58371445902532680
0.94184436363952469 0.33604939321543013 2.68110375739974464
0.88443293099781432 0.46666732322567370 1.96261050550515058
0.34946417959909834 0.93694972499976174 0.38933545450579370
0.65486073394528506 0.75574957435425828 0.84180705163012052
0.40238358547906782 0.91547116291940606 0.45668469790355528
0.80901699437494742 0.58778525229247313 1.41854582858318285
0.36280770535064101 0.93186402921145232 0.37298071633372560
0.80901699437494742 0.58778525229247313 1.41854582858318285
0.66558567822236807 0.74632144880424702 0.86650493254306289
0.87074607711977719 0.49173292464560377 1.71316640274729084
0.96341814137257893 0.26800277027337891 3.40568723888925001
0.99175270473590268 0.12816619152109276 6.95515277177347334
0.97067835326585251 0.24038205944099247 3.80439458770844006
0.45399049973954679 0.89100652418836786 0.52764580203857986
0.80054124092436040 0.59927766651134693 1.37638192047117354
0.50411659135283190 0.86363560737315705 0.60302218300784225
0.85634903025158897 0.51639746163896192 1.60599913613053521
0.82547189696277396 0.56444321886676918 1.41854582858318285
0.33604939321543013 0.94184436363952469 0.37298071633372560
0.78310177098055537 0.62189357311932225 1.22294846804518654
0.98008256109239341 0.19859046664574546 5.32476019864124173
0.62189357311932225 0.78310177098055537 0.77111522638031890
0.41541501300188643 0.90963199535451837 0.43953714958741071
0.96341814137257893 0.26800277027337891 3.40568723888925001
0.99989804300943334 0.01427948128978729 35.00456698476139190
0.99633173086269139 0.08557500847883974 9.97068285571106002
0.99633173086269139 0.08557500847883974 13.98182695510574371
0.49173292464560377 0.87074607711977719 0.54604131170594974
0.52857303126284201 0.84888783159002264 0.60302218300784225
0.44122110124322129 0.89739842869135840 0.47405738323272387
0.15643446504023087 0.98768834059513773 0.14377829399497332
0.82547189696277396 0.56444321886676918 1.41854582858318285
0.87767898956725562 0.47924898672005683 1.77077033787666652
0.57617298044275292 0.81732777794940694 0.72654252800536089
0.85634903025158897 0.51639746163896192 1.71316640274729084
0.42836173159558127 0.90360734110809170 0.45668469790355528
0.77414161063908245 0.63301245380887039 1.25922152089888574
0.98281840367675562 0.18457514836584540 5.77844924836591698
0.96714685470195714 0.25421833419348693 3.59480665214704532
0.47924898672005683 0.87767898956725562 0.52764580203857986
0.99989804300943334 0.01427948128978729 35.00456698476139190
0.98768834059513773 0.15643446504023087 5.77844924836591698
0.99500818114535958 0.09979338381778271 8.71540878652640058
0.99908251182339574 0.04282679731960243 17.48799964192719180
0.34946417959909834 0.93694972499976174 0.35679928254478301
0.80054124092436040 0.59927766651134693 1.29682305029053295
0.46666732322567370 0.88443293099781432 0.54604131170594974
0.30901699437494742 0.95105651629515357 0.30920400352691906
0.78310177098055537 0.62189357311932225 1.29682305029053295
0.77414161063908245 0.63301245380887039 1.18792067382133011
0.96714685470195714 0.25421833419348693 4.03806488522130633
0.98008256109239341 0.19859046664574546 5.32476019864124173
0.96714685470195714 0.25421833419348693 3.59480665214704532
0.99836910392613568 0.05708881086276798 13.98182695510574371
0.77414161063908245 0.63301245380887039 1.25922152089888574
0.65486073394528506 0.75574957435425828 0.89182172010300192
0.91547116291940606 0.40238358547906782 2.36628407413286364
0.52857303126284201 0.84888783159002264 0.60302218300784225
0.46666732322567370 0.88443293099781432 0.50952544949442881
0.54064081745559758 0.84125353283118117 0.62266534115913761
0.99908251182339574 0.04282679731960243 17.48799964192719180
0.81732777794940694 0.57617298044275292 1.37638192047117354
0.52857303126284201 0.84888783159002264 0.64266097716833108
0.77414161063908245 0.63301245380887039 1.25922152089888574
0.90963199535451837 0.41541501300188643 2.27512054655377906
0.88443293099781432 0.46666732322567370 1.96261050550515058
0.99959219282818923 0.02855605079369625 70.02341490685396390
0.24038205944099247 0.97067835326585251 0.23254003722746459
0.92112365311485012 0.38927010631739149 2.46382442558245831
0.99745211461025354 0.07133918319923234 11.64278857312711558
0.66558567822236807 0.74632144880424702 0.91779169848318417
0.70710678118654752 0.70710678118654752 1.02897567445335716
0.45399049973954679 0.89100652418836786 0.52764580203857986
0.98281840367675562 0.18457514836584540 5.77844924836591698
0.67617490027401944 0.73674113787640491 0.89182172010300192
0.89100652418836786 0.45399049973954679 2.03389735024633660
0.85634903025158897 0.51639746163896192 1.60599913613053521
0.21256528955297667 0.97714686597115952 0.23254003722746459
0.94184436363952469 0.33604939321543013 2.93442801601481964
0.19859046664574546 0.98008256109239341 0.21753668456144906
0.65486073394528506 0.75574957435425828 0.89182172010300192
0.40238358547906782 0.91547116291940606 0.45668469790355528
0.65486073394528506 0.75574957435425828 0.84180705163012052
0.84125353283118117 0.54064081745559758 1.50823410257620497
0.74632144880424702 0.66558567822236807 1.08957185127374744
0.81732777794940694 0.57617298044275292 1.46245338657814192
0.26800277027337891 0.96341814137257893 0.26285391195510703
0.51639746163896192 0.85634903025158897 0.58371445902532680
0.72701059513007373 0.68662624080981351 1.08957185127374744
0.52857303126284201 0.84888783159002264 0.64266097716833108
0.17052219263262378 0.98535383584769301 0.18780188453466456
0.89739842869135840 0.44122110124322129 2.10944926789396889
0.46666732322567370 0.88443293099781432 0.54604131170594974
0.41541501300188643 0.90963199535451837 0.47405738323272387
0.95537215182429668 0.29540489420220008 3.07768353717525340
0.87074607711977719 0.49173292464560377 1.71316640274729084
0.90360734110809170 0.42836173159558127 2.03389735024633660
0.74632144880424702 0.66558567822236807 1.08957185127374744
0.69693756865529345 0.71713180475896349 0.94445149136645687
0.63301245380887039 0.77414161063908245 0.84180705163012052
0.89739842869135840 0.44122110124322129 1.96261050550515058
0.99959219282818923 0.02855605079369625 23.32844327273805930
0.93186402921145232 0.36280770535064101 2.68110375739974464
0.65486073394528506 0.75574957435425828 0.84180705163012052
0.30901699437494742 0.95105651629515357 0.34078191543375373
0.30901699437494742 0.95105651629515357 0.30920400352691906
0.89739842869135840 0.44122110124322129 2.10944926789396889
0.28173255684142970 0.95949297361449739 0.27817907797704138
0.54064081745559758 0.84125353283118117 0.62266534115913761
0.85634903025158897 0.51639746163896192 1.60599913613053521
0.26800277027337891 0.96341814137257893 0.29362649293836671
0.99633173086269139 0.08557500847883974 13.98182695510574371
0.66558567822236807 0.74632144880424702 0.86650493254306289
0.96714685470195714 0.25421833419348693 3.59480665214704532
0.73674113787640491 0.67617490027401944 1.12130034227525195
0.76502359199982316 0.64400225440885539 1.15406152053300952
0.33604939321543013 0.94184436363952469 0.37298071633372560
0.94184436363952469 0.33604939321543013 2.93442801601481964
0.25421833419348693 0.96714685470195714 0.24764337087792856
0.21256528955297667 0.97714686597115952 0.20262626285728201
0.87767898956725562 0.47924898672005683 1.89521075717168888
0.98008256109239341 0.19859046664574546 5.32476019864124173
0.22649676742576438 0.97401191694233351 0.21753668456144906
0.98008256109239341 0.19859046664574546 5.32476019864124173
0.80054124092436040 0.59927766651134693 1.37638192047117354
0.59927766651134693 0.80054124092436040 0.72654252800536089
0.98768834059513773 0.15643446504023087 5.77844924836591698
0.47924898672005683 0.87767898956725562 0.52764580203857986
0.38927010631739149 0.92112365311485012 0.40587307667574399
0.66558567822236807 0.74632144880424702 0.86650493254306289
0.99908251182339574 0.04282679731960243 17.48799964192719180
0.50411659135283190 0.86363560737315705 0.56472597186098202
0.18457514836584540 0.98281840367675562 0.17305681109560479
0.99175270473590268 0.12816619152109276 6.95515277177347334
0.63301245380887039 0.77414161063908245 0.84180705163012052
0.26800277027337891 0.96341814137257893 0.29362649293836671
0.62189357311932225 0.78310177098055537 0.77111522638031890
0.99348173534855021 0.11399140989054063 7.73802118144929380
0.98281840367675562 0.18457514836584540 4.93519441112300929
0.24038205944099247 0.97067835326585251 0.23254003722746459
0.19859046664574546 0.98008256109239341 0.18780188453466456
0.98281840367675562 0.18457514836584540 5.77844924836591698
0.99959219282818923 0.02855605079369625 23.32844327273805930
0.76502359199982316 0.64400225440885539 1.22294846804518654
0.71713180475896349 0.69693756865529345 1.00000000000000000
0.63301245380887039 0.77414161063908245 0.79414144644395656
0.64400225440885539 0.76502359199982316 0.86650493254306289
0.29540489420220008 0.95537215182429668 0.29362649293836671
0.95949297361449739 0.28173255684142970 3.23411077668320290
0.98008256109239341 0.19859046664574546 5.32476019864124173
0.70710678118654752 0.70710678118654752 0.97184027263934060
0.26800277027337891 0.96341814137257893 0.26285391195510703
0.59927766651134693 0.80054124092436040 0.72654252800536089
0.88443293099781432 0.46666732322567370 1.83136326604261190
0.98535383584769301 0.17052219263262378 5.32476019864124173
0.18457514836584540 0.98281840367675562 0.17305681109560479
0.29540489420220008 0.95537215182429668 0.32491969623290633
0.21256528955297667 0.97714686597115952 0.20262626285728201
0.90963199535451837 0.41541501300188643 2.10944926789396889
0.63301245380887039 0.77414161063908245 0.84180705163012052
0.71713180475896349 0.69693756865529345 1.05881562911523821
0.95537215182429668 0.29540489420220008 3.07768353717525340
0.51639746163896192 0.85634903025158897 0.62266534115913761
0.87767898956725562 0.47924898672005683 1.77077033787666652
0.37607724953859979 0.92658831331907146 0.38933545450579370
0.69693756865529345 0.71713180475896349 1.00000000000000000
0.87074607711977719 0.49173292464560377 1.83136326604261190
0.49173292464560377 0.87074607711977719 0.58371445902532680
0.73674113787640491 0.67617490027401944 1.12130034227525195
0.56444321886676918 0.82547189696277396 0.70494726349361682
0.98982144188093273 0.14231483827328514 7.73802118144929380
0.40238358547906782 0.91547116291940606 0.42260352885418243
0.65486073394528506 0.75574957435425828 0.84180705163012052
0.40238358547906782 0.91547116291940606 0.42260352885418243
0.99500818114535958 0.09979338381778271 11.64278857312711558
0.37607724953859979 0.92658831331907146 0.38933545450579370
0.44122110124322129 0.89739842869135840 0.50952544949442881
0.84125353283118117 0.54064081745559758 1.50823410257620497
0.44122110124322129 0.89739842869135840 0.47405738323272387
0.89100652418836786 0.45399049973954679 2.03389735024633660
0.42836173159558127 0.90360734110809170 0.45668469790355528
0.99348173534855021 0.11399140989054063 7.73802118144929380
0.98008256109239341 0.19859046664574546 4.59692581054081118
0.75574957435425828 0.65486073394528506 1.12130034227525195
0.68662624080981351 0.72701059513007373 0.97184027263934060
0.28173255684142970 0.95949297361449739 0.27817907797704138
0.94654694704548995 0.32256608166213392 2.80269621863515609
0.37607724953859979 0.92658831331907146 0.38933545450579370
0.97714686597115952 0.21256528955297667 4.93519441112300929
0.18457514836584540 0.98281840367675562 0.20262626285728201
0.28173255684142970 0.95949297361449739 0.27817907797704138
0.98008256109239341 0.19859046664574546 4.59692581054081118
0.81732777794940694 0.57617298044275292 1.46245338657814192
0.91547116291940606 0.40238358547906782 2.36628407413286364
0.97714686597115952 0.21256528955297667 4.93519441112300929
0.34946417959909834 0.93694972499976174 0.35679928254478301
0.45399049973954679 0.89100652418836786 0.52764580203857986
0.14231483827328514 0.98982144188093273 0.15838444032453629
0.81732777794940694 0.57617298044275292 1.37638192047117354
0.64400225440885539 0.76502359199982316 0.81769594233062251
0.89100652418836786 0.45399049973954679 2.03389735024633660
0.26800277027337891 0.96341814137257893 0.29362649293836671
0.65486073394528506 0.75574957435425828 0.84180705163012052
0.95105651629515357 0.30901699437494742 3.23411077668320290
0.91547116291940606 0.40238358547906782 2.18969456298968106
0.91547116291940606 0.40238358547906782 2.18969456298968106
0.40238358547906782 0.91547116291940606 0.45668469790355528
0.28173255684142970 0.95949297361449739 0.27817907797704138
0.32256608166213392 0.94654694704548995 0.32491969623290633
0.99633173086269139 0.08557500847883974 13.98182695510574371
0.96714685470195714 0.25421833419348693 3.59480665214704532
0.44122110124322129 0.89739842869135840 0.50952544949442881
0.98768834059513773 0.15643446504023087 6.95515277177347334
0.95105651629515357 0.30901699437494742 3.23411077668320290
0.94184436363952469 0.33604939321543013 2.93442801601481964
0.36280770535064101 0.93186402921145232 0.40587307667574399
0.74632144880424702 0.66558567822236807 1.15406152053300952
0.58778525229247313 0.80901699437494742 0.70494726349361682
0.93694972499976174 0.34946417959909834 2.56847915705328858
0.99959219282818923 0.02855605079369625 70.02341490685396390
0.74632144880424702 0.66558567822236807 1.08957185127374744
0.96341814137257893 0.26800277027337891 3.80439458770844006
0.92112365311485012 0.38927010631739149 2.46382442558245831
0.44122110124322129 0.89739842869135840 0.47405738323272387
0.55259835942690262 0.83344769071531763 0.68378247756655451
0.18457514836584540 0.98281840367675562 0.17305681109560479
0.98535383584769301 0.17052219263262378 6.31375151467504310
0.38927010631739149 0.92112365311485012 0.43953714958741071
0.29540489420220008 0.95537215182429668 0.32491969623290633
0.95537215182429668 0.29540489420220008 3.40568723888925001
0.99959219282818923 0.02855605079369625 70.02341490685396390
0.92658831331907146 0.37607724953859979 2.56847915705328858
0.99633173086269139 0.08557500847883974 13.98182695510574371
0.95105651629515357 0.30901699437494742 3.23411077668320290
0.95949297361449739 0.28173255684142970 3.59480665214704532
0.99348173534855021 0.11399140989054063 9.97068285571106002
0.19859046664574546 0.98008256109239341 0.18780188453466456
0.56444321886676918 0.82547189696277396 0.70494726349361682
0.93694972499976174 0.34946417959909834 2.80269621863515609
0.45399049973954679 0.89100652418836786 0.52764580203857986
0.57617298044275292 0.81732777794940694 0.68378247756655451
0.87074607711977719 0.49173292464560377 1.83136326604261190
0.95105651629515357 0.30901699437494742 3.23411077668320290
0.77414161063908245 0.63301245380887039 1.18792067382133011
0.29540489420220008 0.95537215182429668 0.29362649293836671
0.99959219282818923 0.02855605079369625 70.02341490685396390
0.57617298044275292 0.81732777794940694 0.72654252800536089
0.89739842869135840 0.44122110124322129 2.10944926789396889
0.98535383584769301 0.17052219263262378 6.31375151467504310
0.52857303126284201 0.84888783159002264 0.64266097716833108
0.83344769071531763 0.55259835942690262 1.46245338657814192
0.99175270473590268 0.12816619152109276 8.71540878652640058
0.72701059513007373 0.68662624080981351 1.02897567445335716
0.87074607711977719 0.49173292464560377 1.83136326604261190
0.99175270473590268 0.12816619152109276 6.95515277177347334
0.95105651629515357 0.30901699437494742 3.23411077668320290
0.42836173159558127 0.90360734110809170 0.45668469790355528
0.59927766651134693 0.80054124092436040 0.72654252800536089
0.58778525229247313 0.80901699437494742 0.74859062328803873
0.98535383584769301 0.17052219263262378 5.32476019864124173
0.67617490027401944 0.73674113787640491 0.89182172010300192
0.93186402921145232 0.36280770535064101 2.68110375739974464
0.69693756865529345 0.71713180475896349 1.00000000000000000
0.49173292464560377 0.87074607711977719 0.54604131170594974
0.14231483827328514 0.98982144188093273 0.15838444032453629
0.89100652418836786 0.45399049973954679 1.89521075717168888
0.45399049973954679 0.89100652418836786 0.49166689748569880
0.69693756865529345 0.71713180475896349 1.00000000000000000
0.44122110124322129 0.89739842869135840 0.50952544949442881
0.86363560737315705 0.50411659135283190 1.77077033787666652
0.61064787963543813 0.79190224592227510 0.79414144644395656
0.44122110124322129 0.89739842869135840 0.50952544949442881
0.94184436363952469 0.33604939321543013 2.93442801601481964
0.88443293099781432 0.46666732322567370 1.83136326604261190
0.68662624080981351 0.72701059513007373 0.91779169848318417
0.28173255684142970 0.95949297361449739 0.30920400352691906
0.98281840367675562 0.18457514836584540 5.77844924836591698
0.98008256109239341 0.19859046664574546 4.59692581054081118
0.75574957435425828 0.65486073394528506 1.18792067382133011
0.66558567822236807 0.74632144880424702 0.86650493254306289
0.92658831331907146 0.37607724953859979 2.36628407413286364
0.85634903025158897 0.51639746163896192 1.60599913613053521
0.97401191694233351 0.22649676742576438 4.59692581054081118
0.38927010631739149 0.92112365311485012 0.40587307667574399
0.99989804300943334 0.01427948128978729 35.00456698476139190
0.78310177098055537 0.62189357311932225 1.29682305029053295
0.96341814137257893 0.26800277027337891 3.40568723888925001
0.81732777794940694 0.57617298044275292 1.37638192047117354
0.83344769071531763 0.55259835942690262 1.55603037297544165
0.15643446504023087 0.98768834059513773 0.14377829399497332
0.99745211461025354 0.07133918319923234 17.48799964192719180
0.34946417959909834 0.93694972499976174 0.35679928254478301
0.82547189696277396 0.56444321886676918 1.41854582858318285
0.80901699437494742 0.58778525229247313 1.41854582858318285
0.46666732322567370 0.88443293099781432 0.50952544949442881
0.92658831331907146 0.37607724953859979 2.56847915705328858
0.57617298044275292 0.81732777794940694 0.72654252800536089
0.95537215182429668 0.29540489420220008 3.40568723888925001
0.84888783159002264 0.52857303126284201 1.55603037297544165
0.99633173086269139 0.08557500847883974 9.97068285571106002
0.96714685470195714 0.25421833419348693 3.59480665214704532
0.18457514836584540 0.98281840367675562 0.17305681109560479
0.77414161063908245 0.63301245380887039 1.25922152089888574
0.77414161063908245 0.63301245380887039 1.25922152089888574
0.26800277027337891 0.96341814137257893 0.26285391195510703
0.92658831331907146 0.37607724953859979 2.56847915705328858
0.98008256109239341 0.19859046664574546 5.32476019864124173
0.44122110124322129 0.89739842869135840 0.50952544949442881
0.99745211461025354 0.07133918319923234 17.48799964192719180
0.73674113787640491 0.67617490027401944 1.05881562911523821
0.99836910392613568 0.05708881086276798 23.32844327273805930
0.73674113787640491 0.67617490027401944 1.12130034227525195
0.98281840367675562 0.18457514836584540 5.77844924836591698
0.92658831331907146 0.37607724953859979 2.36628407413286364
0.94184436363952469 0.33604939321543013 2.93442801601481964
0.93186402921145232 0.36280770535064101 2.46382442558245831
0.15643446504023087 0.98768834059513773 0.17305681109560479
0.45399049973954679 0.89100652418836786 0.49166689748569880
0.52857303126284201 0.84888783159002264 0.64266097716833108
0.66558567822236807 0.74632144880424702 0.86650493254306289
0.71713180475896349 0.69693756865529345 1.00000000000000000
0.29540489420220008 0.95537215182429668 0.32491969623290633
0.37607724953859979 0.92658831331907146 0.38933545450579370
0.86363560737315705 0.50411659135283190 1.77077033787666652
0.90963199535451837 0.41541501300188643 2.10944926789396889
0.90360734110809170 0.42836173159558127 2.03389735024633660
0.71713180475896349 0.69693756865529345 1.00000000000000000
0.85634903025158897 0.51639746163896192 1.60599913613053521
0.38927010631739149 0.92112365311485012 0.40587307667574399
0.99500818114535958 0.09979338381778271 8.71540878652640058
0.82547189696277396 0.56444321886676918 1.50823410257620497
0.93186402921145232 0.36280770535064101 2.68110375739974464
0.37607724953859979 0.92658831331907146 0.42260352885418243
0.87767898956725562 0.47924898672005683 1.89521075717168888
0.72701059513007373 0.68662624080981351 1.08957185127374744
0.52857303126284201 0.84888783159002264 0.60302218300784225
0.92112365311485012 0.38927010631739149 2.46382442558245831
0.57617298044275292 0.81732777794940694 0.72654252800536089
0.99500818114535958 0.09979338381778271 11.64278857312711558
0.99175270473590268 0.12816619152109276 6.95515277177347334
0.97714686597115952 0.21256528955297667 4.93519441112300929
0.88443293099781432 0.46666732322567370 1.96261050550515058
0.33604939321543013 0.94184436363952469 0.37298071633372560
0.93694972499976174 0.34946417959909834 2.56847915705328858
0.99348173534855021 0.11399140989054063 7.73802118144929380
0.95537215182429668 0.29540489420220008 3.40568723888925001
0.64400225440885539 0.76502359199982316 0.86650493254306289
0.54064081745559758 0.84125353283118117 0.66302704486784010
0.44122110124322129 0.89739842869135840 0.50952544949442881
0.47924898672005683 0.87767898956725562 0.56472597186098202
0.99908251182339574 0.04282679731960243 35.00456698476139190
0.97401191694233351 0.22649676742576438 4.59692581054081118
0.87074607711977719 0.49173292464560377 1.83136326604261190
0.75574957435425828 0.65486073394528506 1.12130034227525195
0.45399049973954679 0.89100652418836786 0.52764580203857986
0.92112365311485012 0.38927010631739149 2.46382442558245831
0.90360734110809170 0.42836173159558127 2.03389735024633660
0.55259835942690262 0.83344769071531763 0.68378247756655451
0.99175270473590268 0.12816619152109276 8.71540878652640058
0.37607724953859979 0.92658831331907146 0.42260352885418243
0.78310177098055537 0.62189357311932225 1.22294846804518654
0.86363560737315705 0.50411659135283190 1.77077033787666652
0.80901699437494742 0.58778525229247313 1.41854582858318285
0.99500818114535958 0.09979338381778271 11.64278857312711558
0.59927766651134693 0.80054124092436040 0.72654252800536089
0.62189357311932225 0.78310177098055537 0.81769594233062251
0.44122110124322129 0.89739842869135840 0.47405738323272387
0.71713180475896349 0.69693756865529345 1.05881562911523821
0.97067835326585251 0.24038205944099247 4.30033473772013778
0.89100652418836786 0.45399049973954679 2.03389735024633660
0.42836173159558127 0.90360734110809170 0.49166689748569880
0.99500818114535958 0.09979338381778271 8.71540878652640058
0.97067835326585251 0.24038205944099247 3.80439458770844006
0.99836910392613568 0.05708881086276798 13.98182695510574371
0.45399049973954679 0.89100652418836786 0.49166689748569880
0.97401191694233351 0.22649676742576438 4.03806488522130633
0.46666732322567370 0.88443293099781432 0.50952544949442881
0.91547116291940606 0.40238358547906782 2.18969456298968106
0.76502359199982316 0.64400225440885539 1.15406152053300952
0.56444321886676918 0.82547189696277396 0.70494726349361682
0.24038205944099247 0.97067835326585251 0.26285391195510703
0.97067835326585251 0.24038205944099247 3.80439458770844006
0.42836173159558127 0.90360734110809170 0.49166689748569880
0.37607724953859979 0.92658831331907146 0.38933545450579370
0.89100652418836786 0.45399049973954679 2.03389735024633660
0.95105651629515357 0.30901699437494742 3.23411077668320290
0.25421833419348693 0.96714685470195714 0.27817907797704138
0.80901699437494742 0.58778525229247313 1.33584360916477216
0.37607724953859979 0.92658831331907146 0.42260352885418243
0.61064787963543813 0.79190224592227510 0.79414144644395656
0.32256608166213392 0.94654694704548995 0.32491969623290633
0.63301245380887039 0.77414161063908245 0.84180705163012052
0.28173255684142970 0.95949297361449739 0.30920400352691906
0.38927010631739149 0.92112365311485012 0.40587307667574399
0.90360734110809170 0.42836173159558127 2.03389735024633660
0.57617298044275292 0.81732777794940694 0.72654252800536089
0.38927010631739149 0.92112365311485012 0.43953714958741071
0.97067835326585251 0.24038205944099247 3.80439458770844006
0.75574957435425828 0.65486073394528506 1.18792067382133011
0.91547116291940606 0.40238358547906782 2.36628407413286364
0.59927766651134693 0.80054124092436040 0.72654252800536089
0.92658831331907146 0.37607724953859979 2.56847915705328858
0.22649676742576438 0.97401191694233351 0.24764337087792856
0.96341814137257893 0.26800277027337891 3.80439458770844006
0.99175270473590268 0.12816619152109276 8.71540878652640058
0.90963199535451837 0.41541501300188643 2.10944926789396889
0.37607724953859979 0.92658831331907146 0.38933545450579370
0.28173255684142970 0.95949297361449739 0.30920400352691906
0.99500818114535958 0.09979338381778271 8.71540878652640058
0.33604939321543013 0.94184436363952469 0.37298071633372560
0.86363560737315705 0.50411659135283190 1.65831378708500197
0.14231483827328514 0.98982144188093273 0.15838444032453629
0.94654694704548995 0.32256608166213392 2.80269621863515609
0.99989804300943334 0.01427948128978729 35.00456698476139190
0.34946417959909834 0.93694972499976174 0.35679928254478301
0.70710678118654752 0.70710678118654752 0.97184027263934060
0.97401191694233351 0.22649676742576438 4.59692581054081118
0.55259835942690262 0.83344769071531763 0.64266097716833108
0.69693756865529345 0.71713180475896349 1.00000000000000000
0.21256528955297667 0.97714686597115952 0.20262626285728201
0.79190224592227510 0.61064787963543813 1.25922152089888574
0.80054124092436040 0.59927766651134693 1.37638192047117354
0.70710678118654752 0.70710678118654752 0.97184027263934060
0.99908251182339574 0.04282679731960243 35.00456698476139190
0.62189357311932225 0.78310177098055537 0.81769594233062251
0.84888783159002264 0.52857303126284201 1.65831378708500197
0.98535383584769301 0.17052219263262378 5.32476019864124173
0.79190224592227510 0.61064787963543813 1.25922152089888574
0.45399049973954679 0.89100652418836786 0.52764580203857986
0.64400225440885539 0.76502359199982316 0.86650493254306289
0.96341814137257893 0.26800277027337891 3.40568723888925001
0.71713180475896349 0.69693756865529345 1.00000000000000000
0.99500818114535958 0.09979338381778271 11.64278857312711558
0.45399049973954679 0.89100652418836786 0.49166689748569880
0.80054124092436040 0.59927766651134693 1.37638192047117354
0.96714685470195714 0.25421833419348693 3.59480665214704532
0.97714686597115952 0.21256528955297667 4.93519441112300929
0.99745211461025354 0.07133918319923234 11.64278857312711558
0.86363560737315705 0.50411659135283190 1.77077033787666652
0.87767898956725562 0.47924898672005683 1.89521075717168888
0.97401191694233351 0.22649676742576438 4.59692581054081118
0.76502359199982316 0.64400225440885539 1.15406152053300952
0.19859046664574546 0.98008256109239341 0.21753668456144906
0.55259835942690262 0.83344769071531763 0.64266097716833108
0.47924898672005683 0.87767898956725562 0.56472597186098202
0.73674113787640491 0.67617490027401944 1.05881562911523821
0.88443293099781432 0.46666732322567370 1.96261050550515058
0.73674113787640491 0.67617490027401944 1.12130034227525195
0.40238358547906782 0.91547116291940606 0.45668469790355528
0.36280770535064101 0.93186402921145232 0.37298071633372560
0.94654694704548995 0.32256608166213392 2.80269621863515609
0.97067835326585251 0.24038205944099247 4.30033473772013778
0.99500818114535958 0.09979338381778271 8.71540878652640058
0.56444321886676918 0.82547189696277396 0.66302704486784010
0.99175270473590268 0.12816619152109276 6.95515277177347334
0.70710678118654752 0.70710678118654752 1.02897567445335716
0.82547189696277396 0.56444321886676918 1.41854582858318285
0.90963199535451837 0.41541501300188643 2.27512054655377906
0.95105651629515357 0.30901699437494742 2.93442801601481964
0.98535383584769301 0.17052219263262378 5.32476019864124173
0.97067835326585251 0.24038205944099247 4.30033473772013778
0.38927010631739149 0.92112365311485012 0.43953714958741071
0.67617490027401944 0.73674113787640491 0.94445149136645687
0.98982144188093273 0.14231483827328514 6.31375151467504310
0.99989804300943334 0.01427948128978729 35.00456698476139190
0.88443293099781432 0.46666732322567370 1.96261050550515058
0.79190224592227510 0.61064787963543813 1.25922152089888574
0.99908251182339574 0.04282679731960243 35.00456698476139190
0.37607724953859979 0.92658831331907146 0.38933545450579370
0.77414161063908245 0.63301245380887039 1.18792067382133011
0.21256528955297667 0.97714686597115952 0.23254003722746459
0.61064787963543813 0.79190224592227510 0.79414144644395656
0.83344769071531763 0.55259835942690262 1.55603037297544165
0.99836910392613568 0.05708881086276798 13.98182695510574371
0.95105651629515357 0.30901699437494742 3.23411077668320290
0.99745211461025354 0.07133918319923234 11.64278857312711558
0.46666732322567370 0.88443293099781432 0.50952544949442881
0.96341814137257893 0.26800277027337891 3.80439458770844006
0.59927766651134693 0.80054124092436040 0.77111522638031890
0.96341814137257893 0.26800277027337891 3.80439458770844006
0.77414161063908245 0.63301245380887039 1.18792067382133011
0.42836173159558127 0.90360734110809170 0.45668469790355528
0.54064081745559758 0.84125353283118117 0.66302704486784010
0.54064081745559758 0.84125353283118117 0.62266534115913761
0.45399049973954679 0.89100652418836786 0.49166689748569880
0.97714686597115952 0.21256528955297667 4.93519441112300929
0.58778525229247313 0.80901699437494742 0.70494726349361682
0.19859046664574546 0.98008256109239341 0.21753668456144906
0.91547116291940606 0.40238358547906782 2.18969456298968106
0.99989804300943334 0.01427948128978729 35.00456698476139190
0.95537215182429668 0.29540489420220008 3.40568723888925001
0.69693756865529345 0.71713180475896349 1.00000000000000000
0.22649676742576438 0.97401191694233351 0.24764337087792856
0.28173255684142970 0.95949297361449739 0.30920400352691906
0.52857303126284201 0.84888783159002264 0.60302218300784225
0.99745211461025354 0.07133918319923234 11.64278857312711558
0.92112365311485012 0.38927010631739149 2.46382442558245831
0.44122110124322129 0.89739842869135840 0.47405738323272387
0.84125353283118117 0.54064081745559758 1.50823410257620497
0.21256528955297667 0.97714686597115952 0.20262626285728201
0.30901699437494742 0.95105651629515357 0.34078191543375373
0.99989804300943334 0.01427948128978729 35.00456698476139190
0.85634903025158897 0.51639746163896192 1.71316640274729084
0.97401191694233351 0.22649676742576438 4.59692581054081118
0.78310177098055537 0.62189357311932225 1.22294846804518654
0.67617490027401944 0.73674113787640491 0.89182172010300192
0.84888783159002264 0.52857303126284201 1.65831378708500197
0.64400225440885539 0.76502359199982316 0.86650493254306289
0.36280770535064101 0.93186402921145232 0.40587307667574399
0.45399049973954679 0.89100652418836786 0.49166689748569880
0.84888783159002264 0.52857303126284201 1.65831378708500197
0.93186402921145232 0.36280770535064101 2.68110375739974464
0.61064787963543813 0.79190224592227510 0.79414144644395656
0.18457514836584540 0.98281840367675562 0.20262626285728201
0.99989804300943334 0.01427948128978729 35.00456698476139190
0.84888783159002264 0.52857303126284201 1.65831378708500197
0.26800277027337891 0.96341814137257893 0.29362649293836671
0.26800277027337891 0.96341814137257893 0.26285391195510703
0.51639746163896192 0.85634903025158897 0.62266534115913761
0.93694972499976174 0.34946417959909834 2.80269621863515609
0.73674113787640491 0.67617490027401944 1.05881562911523821
0.94654694704548995 0.32256608166213392 3.07768353717525340
0.24038205944099247 0.97067835326585251 0.26285391195510703
0.21256528955297667 0.97714686597115952 0.20262626285728201
0.92658831331907146 0.37607724953859979 2.56847915705328858
0.94654694704548995 0.32256608166213392 2.80269621863515609
0.41541501300188643 0.90963199535451837 0.43953714958741071
0.51639746163896192 0.85634903025158897 0.62266534115913761
0.17052219263262378 0.98535383584769301 0.18780188453466456
0.98982144188093273 0.14231483827328514 7.73802118144929380
0.26800277027337891 0.96341814137257893 0.26285391195510703
0.80901699437494742 0.58778525229247313 1.41854582858318285
0.92112365311485012 0.38927010631739149 2.27512054655377906
0.89739842869135840 0.44122110124322129 1.96261050550515058
0.50411659135283190 0.86363560737315705 0.56472597186098202
0.70710678118654752 0.70710678118654752 1.02897567445335716
0.94654694704548995 0.32256608166213392 2.80269621863515609
0.78310177098055537 0.62189357311932225 1.22294846804518654
0.22649676742576438 0.97401191694233351 0.24764337087792856
0.96714685470195714 0.25421833419348693 4.03806488522130633
0.45399049973954679 0.89100652418836786 0.52764580203857986
0.93186402921145232 0.36280770535064101 2.46382442558245831
0.79190224592227510 0.61064787963543813 1.25922152089888574
0.57617298044275292 0.81732777794940694 0.68378247756655451
0.18457514836584540 0.98281840367675562 0.17305681109560479
0.99989804300943334 0.01427948128978729 35.00456698476139190
0.80901699437494742 0.58778525229247313 1.41854582858318285
0.87074607711977719 0.49173292464560377 1.71316640274729084
0.98281840367675562 0.18457514836584540 4.93519441112300929
0.92658831331907146 0.37607724953859979 2.36628407413286364
0.22649676742576438 0.97401191694233351 0.21753668456144906
0.54064081745559758 0.84125353283118117 0.62266534115913761
0.64400225440885539 0.76502359199982316 0.86650493254306289
0.25421833419348693 0.96714685470195714 0.24764337087792856
0.77414161063908245 0.63301245380887039 1.25922152089888574
0.52857303126284201 0.84888783159002264 0.60302218300784225
0.68662624080981351 0.72701059513007373 0.97184027263934060
0.81732777794940694 0.57617298044275292 1.46245338657814192
0.86363560737315705 0.50411659135283190 1.65831378708500197
0.57617298044275292 0.81732777794940694 0.72654252800536089
0.80901699437494742 0.58778525229247313 1.33584360916477216
0.66558567822236807 0.74632144880424702 0.86650493254306289
0.28173255684142970 0.95949297361449739 0.30920400352691906
0.95105651629515357 0.30901699437494742 3.23411077668320290
0.92658831331907146 0.37607724953859979 2.36628407413286364
0.87074607711977719 0.49173292464560377 1.83136326604261190
0.89739842869135840 0.44122110124322129 1.96261050550515058
0.55259835942690262 0.83344769071531763 0.68378247756655451
0.36280770535064101 0.93186402921145232 0.37298071633372560
0.92658831331907146 0.37607724953859979 2.36628407413286364
0.67617490027401944 0.73674113787640491 0.94445149136645687
0.42836173159558127 0.90360734110809170 0.49166689748569880
0.65486073394528506 0.75574957435425828 0.84180705163012052
0.28173255684142970 0.95949297361449739 0.27817907797704138
0.18457514836584540 0.98281840367675562 0.20262626285728201
0.63301245380887039 0.77414161063908245 0.84180705163012052
0.80054124092436040 0.59927766651134693 1.37638192047117354
0.38927010631739149 0.92112365311485012 0.43953714958741071
0.71713180475896349 0.69693756865529345 1.05881562911523821
0.21256528955297667 0.97714686597115952 0.23254003722746459
0.93186402921145232 0.36280770535064101 2.68110375739974464
0.42836173159558127 0.90360734110809170 0.45668469790355528
0.92112365311485012 0.38927010631739149 2.46382442558245831
0.40238358547906782 0.91547116291940606 0.42260352885418243
0.88443293099781432 0.46666732322567370 1.83136326604261190
0.90963199535451837 0.41541501300188643 2.27512054655377906
0.95949297361449739 0.28173255684142970 3.23411077668320290
0.75574957435425828 0.65486073394528506 1.18792067382133011
0.74632144880424702 0.66558567822236807 1.08957185127374744
0.85634903025158897 0.51639746163896192 1.60599913613053521
0.97067835326585251 0.24038205944099247 4.30033473772013778
0.49173292464560377 0.87074607711977719 0.54604131170594974
0.94184436363952469 0.33604939321543013 2.68110375739974464
0.46666732322567370 0.88443293099781432 0.54604131170594974
0.70710678118654752 0.70710678118654752 0.97184027263934060
0.92658831331907146 0.37607724953859979 2.56847915705328858
0.88443293099781432 0.46666732322567370 1.96261050550515058
0.90360734110809170 0.42836173159558127 2.03389735024633660
0.54064081745559758 0.84125353283118117 0.66302704486784010
0.52857303126284201 0.84888783159002264 0.60302218300784225
0.55259835942690262 0.83344769071531763 0.68378247756655451
0.34946417959909834 0.93694972499976174 0.35679928254478301
0.91547116291940606 0.40238358547906782 2.36628407413286364
0.49173292464560377 0.87074607711977719 0.58371445902532680
0.61064787963543813 0.79190224592227510 0.74859062328803873
0.96714685470195714 0.25421833419348693 4.03806488522130633
0.90360734110809170 0.42836173159558127 2.18969456298968106
0.68662624080981351 0.72701059513007373 0.97184027263934060
0.92658831331907146 0.37607724953859979 2.56847915705328858
0.71713180475896349 0.69693756865529345 1.05881562911523821
0.99348173534855021 0.11399140989054063 9.97068285571106002
0.46666732322567370 0.88443293099781432 0.50952544949442881
0.80901699437494742 0.58778525229247313 1.41854582858318285
0.92658831331907146 0.37607724953859979 2.56847915705328858
0.25421833419348693 0.96714685470195714 0.27817907797704138
0.87767898956725562 0.47924898672005683 1.89521075717168888
0.51639746163896192 0.85634903025158897 0.62266534115913761
1.88038624769299895 4.63294156659535731 0.40587307667574399
