2000 1000
2 1835092 287 516
1 2538091 233 153 431 1
1 4204527 330 291 574 -1
2 4600163 202 681
1 4826645 82 25 187 1
2 5335049 79 759
1 6013678 937 515 680 -1
2 6300478 203 460
2 6835256 14 500
2 7244902 637 755
2 7594204 504 689
2 8050491 610 690
3 8418491 937
2 9880321 357 567
1 11247359 161 379 779 1
3 11925051 82
2 13310478 206 302
1 13435842 139 252 989 1
1 14107934 176 90 678 1
1 14203647 594 855 951 1
2 15518899 464 769
2 15872218 409 893
1 15872748 11 316 977 1
2 16462916 736 952
2 18681657 466 608
1 19009795 881 212 862 1
2 19398450 197 224
2 20074406 629 740
3 21157227 233
2 21212236 122 904
2 22335683 469 701
2 24259203 117 592
2 24765907 169 196
3 25107991 881
3 25409733 176
2 28055371 536 913
2 28848997 142 858
1 28885004 500 369 399 -1
1 30009217 775 434 994 -1
1 30037184 187 120 909 1
2 30565036 833 951
2 32020026 71 250
1 32314991 825 774 898 1
1 32495128 870 6 700 1
1 33060607 103 76 754 -1
2 33473032 34 441
2 34202158 733 874
2 34688869 664 838
1 41182269 723 593 700 1
2 41773988 152 324
1 41937539 306 503 843 1
2 42161141 969 982
1 42354593 914 397 656 -1
3 43391397 594
1 44967238 43 391 725 -1
2 45617646 401 586
2 46328673 497 512
2 46454392 358 602
2 46738708 426 529
2 47123759 416 751
2 47571498 422 763
2 47819490 310 778
1 48011037 331 36 283 -1
2 48191532 233 373
3 50178685 723
2 51286277 66 737
1 51449924 91 38 58 -1
1 51712797 520 776 902 1
2 52367985 103 147
1 52400534 319 488 528 1
2 54285739 36 606
1 54508983 108 205 233 1
2 54972060 12 216
1 55765969 397 88 556 -1
1 57142348 42 627 905 1
2 57876016 366 399
1 58244631 354 599 932 1
2 60160451 375 592
2 61001667 285 952
2 61266264 412 952
3 61784935 91
2 62484691 276 584
1 63054859 932 87 671 1
1 64018286 296 562 853 1
3 64542024 932
2 65983596 309 904
3 66147485 331
1 67019770 492 506 910 1
3 68121394 43
2 68173751 647 918
3 68300709 492
1 68618208 900 167 201 1
1 68976020 440 706 769 -1
3 69862058 500
2 71176188 371 941
2 73790118 555 626
2 74969871 41 152
2 76043196 373 766
2 76088915 11 732
2 76294145 254 564
3 76634414 11
2 77294467 162 832
1 78733451 959 860 866 1
2 79608367 369 634
1 81018212 810 261 580 -1
2 81298526 728 953
1 81859222 596 316 844 1
2 83001465 361 883
2 83389401 314 355
2 84098126 158 603
2 84472416 334 746
2 84707010 169 324
2 85046111 14 414
3 85727929 775
1 85958999 861 57 290 -1
1 87852487 54 300 738 -1
2 91764197 11 314
1 92382207 238 728 748 1
1 93759925 188 296 898 1
3 94691095 861
3 94794540 139
1 95152864 531 263 452 -1
1 95231074 597 565 810 -1
1 96045911 684 123 600 1
2 96671719 398 528
1 96834229 21 707 889 1
2 96897032 129 464
2 101451966 349 850
1 101974713 432 250 564 -1
2 102188402 667 819
3 104796367 959
3 105002723 187
2 105557164 252 524
1 105793946 114 593 639 -1
1 106300781 594 264 741 1
2 106567075 19 401
1 108483546 390 186 190 -1
1 109009208 516 74 634 1
1 109075638 136 352 613 1
1 110021283 988 132 132 -1
1 110328149 858 564 976 1
2 114601699 70 210
2 115262034 40 87
2 117907499 273 688
1 118597324 298 373 608 1
2 120950372 805 947
2 122871293 783 929
1 123267050 434 39 299 1
2 123894665 341 885
2 124884267 224 428
2 125520581 644 779
1 130359928 720 90 227 1
3 130416652 397
1 131000109 139 84 105 1
1 132793249 702 202 668 -1
1 132967283 286 630 863 1
2 132985273 179 629
3 133740056 914
1 133887976 494 396 474 -1
2 134378518 92 544
2 135060278 720 866
1 135548895 633 366 944 1
2 136845768 763 940
2 137347024 358 933
2 137733016 259 339
2 138130683 748 802
1 138243676 276 357 764 1
2 138282713 687 701
2 138600270 315 395
1 140151909 137 174 527 1
1 141294231 869 382 998 -1
2 141421901 317 472
2 141910709 214 760
2 147522908 213 323
3 147668975 330
2 148208336 267 431
1 148418997 469 60 939 1
1 149147939 229 132 165 1
1 149471438 778 200 201 1
2 149552097 86 255
2 149923587 68 553
1 150400757 379 273 628 1
2 152458719 427 800
2 155346755 201 755
1 155381102 959 248 375 1
1 156144082 569 588 970 -1
3 157398732 810
2 159668193 92 430
2 159877367 65 340
2 160569911 741 787
2 161711720 231 976
3 162958727 870
2 163493387 261 445
2 165173444 451 815
1 168158811 509 252 318 1
1 168775169 34 181 620 -1
3 170128239 354
3 170600820 188
2 172932136 101 905
2 172955410 541 729
1 172967572 363 78 426 1
2 173236933 208 689
2 173491398 445 507
1 174112130 485 618 755 1
1 174213809 154 302 387 -1
2 174273070 258 570
1 174310768 156 267 580 1
1 179319612 895 487 879 -1
2 179466466 7 692
1 181310433 566 544 792 1
2 182626174 450 719
2 183922422 357 824
3 187430250 139
2 189558080 245 699
2 190634890 344 924
1 192648736 729 423 442 -1
2 192674880 145 297
2 193964597 805 999
2 194119522 283 802
2 196786296 574 999
1 197655079 255 212 388 1
2 200450874 376 881
2 200498174 517 614
2 200761582 231 635
2 201679646 120 479
1 202810739 451 264 958 -1
1 205457348 862 407 491 1
3 206193312 531
2 206399236 741 828
2 206624884 214 462
1 207427195 534 872 979 -1
2 207493629 492 918
2 208455982 7 280
1 208739837 490 197 742 1
1 210301071 325 7 219 1
2 210444288 341 477
1 211465309 881 620 725 1
2 211498565 231 503
1 211559765 946 898 998 -1
1 212245309 141 488 921 -1
2 212360513 345 643
2 214063823 370 770
2 215000162 726 727
2 215280084 694 920
2 215879879 65 261
2 216186328 598 991
2 216924619 179 790
2 218664554 519 797
2 219353208 306 324
1 219516969 497 757 834 -1
1 220707044 547 58 349 -1
1 221250136 847 36 902 1
1 221266835 916 394 616 1
1 221551794 169 332 994 -1
2 222223158 579 742
2 222625312 134 687
2 224354622 289 513
2 225714667 675 866
2 226478113 29 618
2 226605222 406 933
2 226872379 785 940
2 226971086 68 486
2 227593536 777 965
2 227960261 779 897
2 229305969 403 723
1 229579680 860 473 828 -1
1 231335123 626 648 790 1
2 232114145 28 903
2 232794062 302 351
1 233586113 827 855 951 -1
2 234784872 535 546
1 235266339 294 415 503 1
3 235661546 306
1 236654603 859 227 808 -1
1 239944648 871 476 917 -1
2 241270548 262 571
1 243192818 586 280 574 -1
1 244905315 129 693 824 1
2 245378888 96 195
3 245781312 390
2 248793746 558 999
1 249005928 791 178 534 1
3 251832924 633
2 253342889 477 784
1 253602851 670 530 941 1
2 254442244 591 690
1 255636853 337 173 258 1
1 255844731 159 732 993 -1
1 257368683 624 42 739 1
1 257729628 950 155 518 1
3 258233479 497
2 258806028 74 630
1 259917335 776 241 951 1
2 260321080 191 665
3 261556541 596
1 262342588 591 119 239 1
2 264061708 461 872
2 265381504 493 768
2 266232295 740 777
1 266919179 620 281 525 1
2 267722592 499 910
1 268205464 926 240 901 -1
2 272663374 101 473
2 273633751 42 398
3 274165641 926
2 274765802 448 790
2 276476328 109 541
2 279305320 64 734
2 280489318 92 946
1 281034829 202 450 911 -1
2 281038449 104 493
1 283396144 45 109 448 -1
2 284245214 108 301
2 284357256 392 964
2 285162579 650 842
1 285185063 732 200 962 1
2 285469264 228 738
1 287436125 894 326 434 1
1 287742751 785 452 788 -1
1 288001318 362 139 315 -1
2 291220366 592 674
1 291237254 913 480 867 -1
1 291719821 652 444 633 -1
2 291941791 114 854
3 293406460 156
2 293503187 740 798
1 295526737 646 444 970 1
2 296710208 100 740
3 297038576 827
2 298223369 155 791
2 299635786 197 314
2 302115824 2 55
1 303541776 226 575 819 1
1 305333043 511 325 665 1
1 305800810 391 826 937 1
2 305945442 118 368
1 308396743 542 40 644 1
1 308676764 682 461 855 -1
1 309522655 500 405 696 -1
2 311030071 509 533
1 312174573 799 405 650 -1
1 313056468 19 382 775 1
1 314889981 321 322 857 -1
1 315488490 909 44 937 1
1 316268889 92 399 869 -1
2 318683398 958 979
2 319435145 181 431
2 321971544 834 994
2 322901707 109 152
3 323550685 946
2 323624010 62 889
2 323820779 7 601
2 324428251 713 714
2 324545014 435 441
1 324616344 711 373 435 -1
1 325351058 11 157 220 1
1 327181677 877 399 682 -1
2 327927466 482 725
2 331670659 603 754
3 333388190 569
2 333776764 403 851
1 334126018 404 538 611 -1
3 334568835 238
2 334592145 556 842
1 337158014 851 156 806 1
1 338113516 824 210 655 -1
1 339757034 423 45 419 -1
2 341024795 161 570
1 341666656 157 381 446 1
2 341808628 334 831
1 341855167 258 139 509 1
3 341868620 909
2 342513091 68 837
2 344890066 375 861
2 346668678 647 831
3 347327771 11
2 347511487 80 850
1 348241082 571 300 834 1
2 348539167 152 566
1 349005274 911 76 455 -1
2 349497461 199 328
2 349769805 127 224
1 350991764 818 250 413 1
1 351114738 486 224 540 -1
3 351596462 325
1 352330965 541 543 805 1
1 354983898 306 81 156 -1
1 355965251 703 176 359 1
1 356023030 189 158 330 1
2 356027816 757 987
2 357120364 395 820
1 357608913 681 894 925 -1
1 357719147 170 108 394 -1
2 359302978 901 934
2 362583938 568 946
2 364726719 447 571
1 365732554 724 156 461 -1
2 366097633 158 624
2 366293105 275 412
2 367101479 373 735
1 367862874 414 568 638 1
2 368043828 483 603
2 372885302 549 803
1 373031666 882 61 413 -1
2 373673430 93 652
2 374877138 549 995
2 376816342 239 365
3 377157765 877
3 377211209 860
1 382831316 104 143 818 -1
2 383294129 151 298
3 383425029 729
2 383918165 829 878
2 384306368 505 921
2 384648882 533 843
1 384771856 266 615 723 1
1 385252671 921 400 726 -1
2 386624922 10 497
2 386704503 860 865
2 389618849 282 389
1 390364812 923 174 769 1
2 391022737 48 602
2 391621216 652 830
1 391676914 57 412 545 1
2 393019554 18 814
1 395778059 284 738 850 1
2 397453243 825 890
1 398729517 631 733 836 1
1 398786166 951 11 315 1
1 399056678 209 324 994 -1
2 399204787 306 516
3 399648382 571
2 400211611 461 631
1 400304375 397 42 459 1
2 402469418 286 705
1 402593836 675 175 963 -1
1 403754401 666 764 881 1
2 405056398 223 423
1 407442250 109 567 927 -1
2 407871339 284 700
1 408954217 698 92 699 1
3 409094813 698
1 411536407 219 62 852 1
1 411765667 560 851 940 -1
1 411856201 782 269 568 1
2 414522122 342 442
2 415292165 181 860
1 415388309 200 541 606 -1
2 417880865 395 781
1 417925740 492 107 514 1
2 418147329 535 618
2 418366257 448 526
2 419068481 92 640
2 419755931 20 72
1 420899289 112 254 894 1
1 421882036 836 106 521 -1
1 422468798 985 389 810 -1
2 427418154 207 450
2 428066239 171 254
2 428090293 389 870
1 429181923 26 257 264 -1
2 429653392 151 896
2 431460096 420 706
3 432846647 594
1 435540629 633 387 642 1
1 436367302 150 340 708 1
2 437449410 102 130
2 437819579 226 459
2 438906957 65 466
2 439978505 605 863
2 441026936 40 626
2 441772836 650 920
1 442511441 357 14 669 1
1 444213944 939 53 771 1
1 444593003 977 95 142 -1
1 445376789 929 45 167 -1
1 445662424 558 0 526 -1
1 447768131 790 487 745 1
1 451605029 257 819 887 -1
1 451775877 85 631 939 -1
1 452178423 848 163 642 1
2 452973222 291 485
1 453336589 730 59 517 1
2 454024532 495 766
1 454954202 606 893 953 -1
1 457322422 693 476 966 1
2 458048516 697 865
1 458503540 371 318 666 1
1 460981444 122 878 880 1
1 461674391 426 516 623 1
1 461964438 350 284 557 -1
2 465878553 15 263
2 466269601 553 894
2 467270813 421 888
2 467488311 186 569
1 468286732 808 795 834 1
2 471259492 333 502
1 474408063 50 517 621 1
1 477605920 759 73 205 -1
1 478713493 996 96 193 1
3 480256785 939
2 482795762 50 790
2 483746276 346 966
2 484660542 483 862
2 485129247 29 246
3 486169978 137
3 486920767 894
1 487390786 710 109 868 -1
2 489497507 277 636
1 489796566 8 631 838 1
2 490662262 758 882
1 490905286 246 639 915 -1
2 492569257 261 737
2 492832002 89 795
2 493169192 452 745
3 493287158 547
2 494363856 675 775
2 496071388 293 509
1 496318303 554 234 289 1
2 496724294 154 444
2 497132857 300 512
2 497786496 90 700
2 499033584 135 882
3 499434314 45
2 499722072 137 714
2 501519606 439 936
3 501633595 808
2 502280567 269 887
1 502534601 23 350 640 -1
1 503644516 860 133 510 -1
1 503942196 301 52 319 -1
2 504014820 113 458
1 506531480 502 547 603 1
1 507858663 819 46 603 -1
1 508870749 602 93 482 -1
2 509923799 195 572
1 510937505 936 199 994 1
2 512515175 135 570
2 513515316 384 436
2 515541531 447 905
1 517690106 126 510 512 1
2 517993126 25 364
1 520521679 406 596 836 -1
2 520908143 121 621
2 521002530 36 932
1 522224503 311 334 588 1
2 522621173 276 899
1 523733048 163 389 782 1
2 524271953 144 638
2 525182388 380 557
1 525446257 878 860 939 -1
2 526587050 315 491
1 527092795 706 528 767 -1
1 528090449 164 604 795 1
2 528837261 55 829
1 530162372 886 664 952 1
2 531403146 163 539
2 532005055 269 536
2 533259929 17 23
1 533748760 843 97 956 1
1 534154865 957 182 243 1
3 534493464 675
2 536787527 28 148
1 537667211 188 468 575 -1
1 538564108 178 127 407 1
2 539740643 201 739
1 541771382 32 96 491 -1
2 541811517 844 934
1 541811722 410 439 519 -1
2 542012839 224 649
1 542223325 36 31 991 1
2 542387799 269 672
1 542715964 394 181 915 -1
2 543162481 55 478
2 543223661 769 884
2 544038628 2 537
1 545017564 532 599 679 -1
1 546593559 867 267 426 -1
1 547002028 521 78 789 1
2 547680731 153 164
1 548029336 994 57 788 -1
1 548082167 946 139 372 -1
2 549417426 126 951
3 549714779 950
3 551753275 266
2 551898696 199 936
1 553835030 430 193 742 1
1 554369095 100 314 409 1
1 555647731 481 14 838 -1
2 560018603 730 956
1 560891610 517 131 618 -1
2 561006334 226 824
1 564111278 89 303 837 1
1 564408225 405 735 754 -1
2 566756386 435 919
3 568540663 959
1 568732732 330 252 647 1
2 572545997 237 605
2 572993968 439 612
2 573376998 58 492
2 574745974 31 359
2 577081579 4 836
1 577939359 143 260 321 1
2 578503570 762 880
2 583695284 186 295
2 584652180 275 372
2 584778333 445 746
3 585806442 867
1 585970674 212 408 467 -1
2 586719825 196 833
1 587630201 88 18 298 -1
1 588286130 621 542 575 1
1 588423608 688 159 849 -1
2 589708501 306 550
2 590151496 448 489
1 590474476 701 39 991 1
2 590967539 480 911
1 593312153 148 252 502 1
2 593615085 167 190
1 594321996 224 284 907 -1
1 594516364 367 366 590 -1
1 594924348 111 71 808 -1
1 596159118 37 662 899 1
2 596177895 5 633
2 598479838 802 850
2 598846034 310 358
2 599086115 424 793
3 600907515 112
1 604389255 2 553 764 1
1 604735014 12 380 591 -1
3 605101240 946
1 608632444 368 153 933 -1
2 608730494 537 684
1 609627758 991 446 938 -1
3 609687246 432
2 611905193 18 129
1 612441015 87 218 900 1
1 613847384 450 120 829 1
1 613921488 565 242 947 1
2 616689409 508 804
2 619769000 345 580
2 619819091 59 409
1 621881345 562 188 389 1
3 624856937 702
2 625310189 246 909
3 625785425 12
2 625866288 503 716
1 626459191 815 60 908 -1
1 628520723 694 658 985 1
1 633319345 966 124 992 -1
2 633696307 205 663
3 634554786 104
1 634648659 139 190 578 1
2 634946569 247 396
2 635630696 137 588
1 636546007 242 130 505 1
3 637476322 157
1 637559580 674 121 372 1
1 637840289 550 229 818 -1
1 640637709 373 409 919 -1
1 640813979 548 428 696 -1
2 641958471 131 996
1 642287120 225 449 567 -1
1 646905511 73 29 319 -1
3 646907241 848
1 646981431 292 460 652 1
3 649331117 985
2 649765153 824 997
1 650018201 826 244 765 -1
2 651060279 503 638
2 651898437 491 838
2 652056914 280 868
2 652425088 48 520
1 653406384 377 499 599 -1
2 654849845 242 749
3 655692705 242
2 655698596 470 529
2 660866687 269 548
1 662841460 317 1 247 -1
1 665503084 20 556 835 -1
2 667223566 64 893
2 667948476 422 965
1 668477984 713 116 626 1
1 668648596 208 925 939 1
1 669541225 10 778 947 1
2 670868179 385 897
2 671594550 642 959
1 671703892 964 686 699 -1
1 673073888 984 562 941 1
2 674252285 579 822
1 674316074 625 434 916 -1
1 676920104 792 264 869 1
1 677470772 667 205 690 -1
2 679285463 169 909
2 680705293 80 137
1 680897033 840 612 997 -1
3 688049022 836
1 689334816 207 112 197 1
1 692058158 875 411 804 1
2 692108660 529 834
2 692285668 452 696
2 693040366 116 645
2 694205929 341 668
2 698130590 209 387
2 701532422 530 767
2 702006182 801 942
1 702158646 489 403 591 1
2 702623095 150 611
2 703797922 12 967
1 703933860 614 32 735 1
1 704422913 932 28 79 -1
3 704445654 141
1 704996385 736 150 976 1
2 705373954 51 671
3 706039655 799
2 707246365 520 705
2 710579372 16 907
2 710757582 159 529
2 710888086 511 765
2 711546269 579 918
2 711846231 517 732
2 713143394 440 496
3 716900545 126
1 717008646 194 591 887 1
1 718665964 259 142 439 -1
1 719154842 64 21 101 -1
2 719561142 474 776
2 719637959 257 579
1 720087946 766 651 945 1
1 721430580 965 273 675 1
2 721497057 11 161
1 726312255 228 644 881 1
2 727996669 370 701
2 728176097 613 903
2 730216056 54 715
3 730318019 108
2 731006276 599 854
2 733058079 5 55
3 733225580 500
1 734095953 564 245 855 1
1 735205826 605 504 977 -1
2 735753539 700 745
2 736467955 919 981
2 736815253 165 686
3 737584765 394
2 737602952 703 775
1 740105550 283 550 590 -1
1 740590143 205 151 255 -1
2 740866709 107 556
1 741166296 580 838 917 1
1 741768991 905 212 260 1
1 741916911 335 193 620 -1
2 742086420 398 602
3 745248523 916
1 746328551 695 430 504 1
3 747731091 148
2 750090769 300 637
1 750568379 692 154 418 -1
1 750812462 852 213 516 -1
2 751678719 118 278
2 753354567 682 896
1 754563324 84 153 268 -1
1 756575068 446 476 905 1
1 757057926 833 211 385 1
3 759734713 554
2 760908801 342 465
2 761382270 282 617
2 761737437 658 839
2 763620781 379 604
2 766576679 38 990
1 766617836 510 53 374 1
2 767044156 171 772
2 767737928 293 504
2 767879862 581 772
2 768195342 3 646
2 768232526 610 992
2 769061738 21 958
1 770301370 654 0 135 -1
2 770880690 449 601
3 774857469 490
1 777154206 538 421 881 1
2 777317725 298 332
2 777900120 250 556
2 778920991 202 374
1 779319385 128 305 545 1
2 779550263 250 766
2 780093956 50 870
1 782356524 810 47 461 1
1 782385140 535 261 468 1
1 784314881 630 458 791 1
2 784470627 149 412
2 784784072 304 427
2 785261957 767 775
2 785885669 236 986
3 788670192 851
1 790864190 698 340 383 1
3 792375555 10
1 792582098 774 169 986 1
3 792928432 128
1 793860664 121 87 367 1
1 794738204 388 34 436 -1
2 794778973 84 651
3 795846070 405
1 795912128 581 393 973 1
1 797916880 789 104 536 -1
1 799664078 953 238 517 1
1 801217120 835 381 894 1
1 802762049 718 507 682 1
2 802915947 56 578
1 803387466 823 750 971 -1
1 805645015 493 193 427 1
2 807125389 50 838
1 807657865 942 824 835 1
2 808249535 31 343
2 808875976 702 813
2 813237737 409 810
1 813972800 731 521 891 -1
1 818129714 780 168 668 -1
1 818518720 299 237 334 -1
2 819750404 114 316
3 820055174 858
1 821464569 805 468 840 1
2 821467581 146 785
2 822303266 850 975
1 823877054 607 13 591 -1
2 825434173 112 264
2 825798897 914 955
1 827092724 361 494 637 -1
3 827658402 219
1 828464999 676 381 530 1
1 830669249 498 94 405 -1
2 830785496 36 359
1 831016736 463 58 735 1
1 831461185 513 2 642 1
2 835648900 50 328
2 836978371 321 597
2 837195730 568 601
1 837315904 266 299 765 1
3 837621604 143
1 838122805 672 694 864 -1
2 838660474 449 900
1 838715330 876 568 845 1
1 840472336 340 234 747 -1
1 840841150 507 310 490 -1
2 843665996 171 794
2 843796938 793 864
2 844505111 108 917
2 846713788 104 978
1 846878880 195 69 189 1
1 847250221 797 860 936 1
1 849831328 86 277 938 1
1 850330196 793 436 961 1
1 852001137 324 85 498 1
1 853038290 254 164 962 1
1 853984028 715 261 640 1
1 854784429 931 632 887 1
2 855391852 255 924
1 855450669 762 357 602 1
3 855473783 797
1 856048754 721 866 997 -1
2 857127111 387 442
1 857565185 691 330 381 -1
1 858775322 303 784 971 1
2 859058225 235 369
1 859104777 555 0 938 1
2 859283437 117 164
1 859680735 841 435 672 -1
3 859991162 602
1 860733868 640 336 962 -1
1 861370787 975 279 809 1
1 862141048 696 241 541 1
1 862227121 653 70 544 -1
2 863318661 111 420
2 863805666 429 624
1 865703410 233 755 758 1
2 866187101 322 401
3 866562383 900
1 869457096 578 141 159 1
2 869755649 255 407
2 870780760 100 579
2 872157188 641 792
2 873813209 448 662
2 876828326 137 683
2 878855982 59 86
2 879379993 19 151
2 879827957 231 620
3 880892930 510
1 885003403 796 179 947 1
2 886482588 465 705
2 887441516 179 900
1 888401100 808 618 680 -1
1 888441124 261 105 862 1
2 888513581 393 571
1 888690855 312 546 876 -1
1 888834196 474 428 898 -1
1 891509764 177 401 924 1
2 891915029 531 625
2 892796436 183 208
1 892892433 960 323 605 -1
2 894104985 194 846
1 895503274 394 380 554 -1
2 896188754 505 914
2 897403149 584 706
1 898512698 46 886 994 -1
1 899974640 728 452 571 1
2 901093367 927 982
3 907841412 255
2 909349224 368 962
2 911385018 745 981
1 913394950 25 141 437 -1
2 914261143 141 762
1 915397381 868 154 911 -1
2 918623014 274 526
2 918924755 146 250
2 922765995 31 274
1 922981913 745 70 351 1
2 923421036 24 362
1 923799900 962 7 940 -1
2 924056586 27 495
1 924106335 94 349 994 -1
2 925008374 48 575
2 926623650 515 876
3 926859360 84
1 927620797 479 149 270 1
2 927865634 434 867
1 928189673 575 515 728 -1
1 929202965 853 446 949 1
2 929573248 637 707
1 929636568 153 53 751 -1
2 929796026 22 261
2 930410551 684 932
2 931001717 575 578
2 931058315 150 292
2 932684276 611 664
2 933044717 193 873
3 933361839 350
2 935696671 246 744
1 937408681 992 363 615 1
2 938547137 115 838
3 939116552 164
1 942068037 647 66 695 1
1 943351712 870 52 764 1
1 944166511 943 154 644 1
1 946294916 369 42 362 1
2 949376923 117 364
1 956260704 651 387 740 1
3 957034206 936
2 958257555 593 596
1 959734074 658 652 873 1
3 960495973 517
1 962673557 417 228 414 -1
1 963856191 990 557 636 -1
2 965536005 381 896
1 966624640 779 507 545 1
2 966911410 188 891
2 967064541 471 827
2 967618219 276 400
2 971351044 397 789
1 971448957 449 383 546 1
1 972018467 461 690 940 -1
2 972302666 73 635
2 972745745 117 858
2 972840336 597 930
2 973033724 7 116
1 973554836 398 176 742 1
2 973588559 247 533
1 974486529 813 750 988 -1
2 977342747 406 758
2 977684834 742 881
2 981315959 233 568
2 982350119 762 771
2 983787183 569 724
1 985388235 342 558 780 1
3 986025424 335
3 986254873 169
1 987629116 609 239 700 -1
2 989224202 105 237
3 989291606 397
2 990830188 602 761
2 992152315 67 625
2 992265812 323 564
3 995838854 330
1 996238518 378 714 718 1
2 997972883 402 860
1 1003464716 569 178 974 1
2 1004712023 212 335
2 1005274673 110 152
2 1005933855 335 623
1 1007175900 961 39 937 -1
1 1007904520 587 197 389 -1
2 1008018818 165 903
3 1008164903 792
1 1009209774 980 729 842 -1
3 1009984655 841
1 1011435062 900 85 649 -1
2 1011561878 157 354
3 1011665603 207
2 1013889386 84 649
2 1014082342 103 155
1 1015111370 220 607 950 1
2 1015865368 394 550
1 1016766719 118 203 661 -1
2 1018055223 696 857
2 1019701220 790 845
2 1021375070 139 329
2 1022731705 914 981
1 1022916941 68 68 546 -1
2 1024245895 243 436
1 1024353327 983 522 761 -1
3 1024582460 520
3 1025247003 379
2 1026283021 48 195
1 1026337198 543 373 976 -1
1 1027495708 739 287 378 1
2 1029669394 359 775
1 1030621604 758 171 749 -1
2 1031109005 233 697
2 1035356528 335 991
1 1035633334 899 160 645 -1
1 1037946365 255 56 672 1
2 1038364790 54 441
2 1040201807 91 417
3 1040692059 923
2 1041320120 137 763
2 1042145666 599 620
3 1042315598 319
1 1045304291 18 67 910 -1
1 1045350380 197 95 230 1
2 1045508911 378 584
3 1046156678 111
2 1046489727 480 649
1 1048500272 844 97 828 1
3 1049074290 758
3 1049181007 964
2 1051577196 137 420
2 1051850924 410 758
2 1053031259 37 883
2 1053947509 869 950
3 1054967776 492
1 1055042909 545 104 525 1
2 1055088935 678 977
1 1056538898 152 534 836 1
2 1058378235 266 525
1 1058804175 90 70 801 -1
2 1060448612 628 736
1 1061348178 145 191 675 1
1 1061891882 665 753 972 -1
1 1063328628 75 61 646 -1
2 1064444467 626 985
1 1064745416 821 256 505 -1
2 1065137240 404 928
1 1065684621 350 213 386 -1
1 1066616205 567 199 642 -1
1 1066761300 392 144 784 -1
2 1067911018 422 471
1 1068912080 872 456 880 -1
2 1070251121 196 856
2 1074576958 286 619
1 1075254872 81 183 854 1
2 1075537870 571 882
2 1077495169 428 992
1 1077618558 447 480 674 -1
2 1079843546 659 734
2 1081453107 141 817
3 1082423012 732
2 1082960609 383 778
2 1083601635 305 331
2 1083939604 24 255
2 1084094857 34 754
3 1084657638 844
2 1085418553 181 919
1 1086221749 956 120 217 1
2 1086411275 720 852
2 1086618554 578 886
1 1087499801 309 50 190 -1
2 1089513470 127 497
2 1090484952 203 843
2 1090628370 226 831
1 1091222053 247 567 990 1
2 1092590392 255 289
2 1093801589 83 963
2 1093946357 110 822
1 1094193318 288 249 521 -1
2 1095449634 66 860
2 1097091381 860 872
1 1097223817 613 798 941 -1
1 1097645926 700 224 890 -1
2 1097826346 263 939
3 1098481725 587
2 1101286416 102 607
2 1101349927 122 352
1 1101887029 829 364 976 -1
3 1102120321 739
1 1103419869 11 248 909 -1
1 1104411221 44 7 194 -1
1 1105071536 832 376 641 -1
1 1107438575 323 449 704 -1
2 1107943059 683 936
3 1109744530 564
2 1110308033 334 442
1 1110382550 232 286 778 1
2 1111544265 447 612
1 1112036731 452 394 585 1
1 1112037658 512 432 805 1
1 1112969203 14 799 946 1
2 1114309990 161 630
3 1114433147 189
2 1115632639 612 874
1 1117338589 442 491 585 -1
3 1119925080 474
1 1120237035 863 181 239 1
2 1121147105 811 974
1 1122385110 571 484 989 1
2 1123370340 213 870
1 1124529331 938 579 600 1
2 1124927827 880 971
3 1125798919 153
2 1127469089 50 935
2 1129458733 257 620
1 1130654204 70 350 439 1
2 1130731175 28 323
2 1131340819 3 582
1 1131476550 518 279 461 -1
1 1132313949 128 195 249 -1
1 1133583335 10 169 965 1
1 1133678451 817 64 179 -1
1 1135538205 595 768 999 1
2 1137291098 477 515
2 1140001352 280 705
1 1141151452 470 80 129 -1
1 1143362528 914 88 514 -1
1 1143955939 923 424 561 1
2 1147776152 459 960
2 1148622833 304 942
2 1148779370 153 869
2 1151008897 432 607
2 1152563980 835 956
2 1154194769 203 987
2 1155971932 317 776
1 1156114775 199 597 731 -1
2 1156925396 231 471
2 1157515396 696 999
2 1157999419 455 840
2 1159072613 222 655
1 1162340214 971 715 728 1
2 1162363810 86 99
2 1162499889 202 576
2 1162826309 180 768
1 1166128459 483 190 494 1
2 1168750728 198 926
2 1170588203 206 219
2 1171082172 448 548
2 1173340309 24 181
2 1173583008 621 665
2 1174386888 614 800
1 1176299882 5 126 232 -1
2 1176311680 73 504
1 1177312465 218 145 248 1
1 1179247405 456 230 596 1
2 1181076646 484 594
1 1181877100 495 657 892 1
1 1182050068 265 548 952 -1
3 1182554456 87
2 1183803815 163 315
2 1184246139 480 699
2 1185144986 553 955
2 1185372181 844 856
1 1185660957 544 898 932 1
2 1185705988 619 682
2 1187041787 35 239
3 1187516336 580
1 1188281254 629 326 949 -1
2 1189072701 18 960
2 1189084473 475 846
1 1189114974 133 248 932 1
1 1189175599 49 228 961 -1
2 1189981447 141 306
1 1190009681 918 107 465 -1
3 1190561977 37
2 1190652656 818 959
2 1190983563 3 28
1 1191155252 316 242 986 1
2 1192208762 738 915
1 1193146132 476 109 702 1
1 1193906877 505 90 915 -1
1 1195074088 801 638 670 1
2 1196216758 544 705
1 1196999380 326 16 36 -1
1 1197557832 930 551 713 1
1 1197880226 421 322 371 1
1 1199166789 401 309 410 -1
2 1199593686 189 222
3 1201826818 960
1 1202394327 604 94 324 1
1 1203117041 271 281 694 1
1 1203971195 773 640 840 1
2 1204121736 299 840
2 1204256791 204 689
1 1204970891 234 543 705 1
2 1205468039 674 923
1 1205675675 334 79 629 1
2 1206695359 360 781
1 1207569348 842 141 367 1
2 1208941002 810 957
1 1209444883 945 54 674 -1
1 1211722701 33 1 485 -1
1 1212456395 376 291 989 -1
2 1214641965 311 700
2 1215191561 297 686
3 1215209525 212
3 1215496053 85
2 1216541186 374 703
2 1217576277 334 400
2 1217731116 560 757
2 1218043232 112 583
2 1219435427 115 362
2 1220233309 4 37
1 1221317262 593 618 984 1
2 1221447548 398 457
2 1221744141 133 770
1 1223389255 359 340 964 -1
2 1224870425 538 935
2 1225347805 795 939
2 1225950566 492 871
1 1226770950 240 139 969 1
1 1227560934 488 29 315 -1
2 1227608957 302 703
1 1227696401 186 414 660 1
1 1228820490 348 4 37 1
1 1230046112 986 301 852 -1
2 1230546138 161 721
1 1231273739 272 38 103 -1
1 1232301442 385 810 824 1
2 1232841678 36 70
1 1232884248 972 3 984 -1
1 1232970897 976 696 962 1
1 1233308954 490 197 530 -1
2 1233486560 101 690
2 1234063897 117 957
2 1234505373 818 836
1 1234627834 389 759 778 -1
1 1234945997 888 275 818 -1
3 1235679969 606
2 1236321918 284 410
1 1237503967 192 96 392 -1
1 1237570435 428 535 914 1
2 1240776648 29 333
1 1241138543 725 305 576 -1
1 1244357528 379 40 774 1
2 1247042739 230 316
2 1248190461 281 636
1 1248543325 664 498 670 -1
1 1248692391 339 365 588 -1
2 1248764766 420 584
3 1250376956 558
3 1250439732 869
2 1250710976 169 320
2 1252063925 515 641
2 1252169157 881 950
2 1252476212 374 729
1 1253072665 277 10 502 -1
1 1253535211 794 87 581 -1
2 1254471829 653 922
2 1255788748 404 816
2 1256521068 609 689
1 1257505847 12 625 701 1
2 1259178491 48 68
1 1259223163 471 225 837 -1
1 1259785169 636 753 933 -1
2 1260406318 29 823
1 1260781452 290 282 752 1
2 1260916833 664 999
2 1260990571 469 487
3 1262002732 446
1 1263376752 806 371 634 1
2 1263549525 63 995
3 1264522353 2
2 1264627403 172 780
2 1264842417 291 505
2 1264869237 517 991
1 1265127966 305 42 450 1
1 1266933025 96 189 701 -1
1 1267221199 245 513 597 -1
2 1267979779 272 416
1 1268890440 663 344 683 -1
2 1269703084 355 955
2 1270499018 248 691
1 1271301575 457 243 522 1
2 1274599538 136 498
1 1274648306 765 70 623 1
1 1274818469 985 97 954 1
2 1275530339 205 788
1 1276119944 530 62 709 -1
1 1276766829 239 361 930 1
1 1278264302 952 506 808 -1
2 1281770361 469 582
1 1282019693 80 35 566 -1
2 1282486821 290 359
2 1283422661 538 882
1 1284182024 345 544 586 1
1 1285370180 137 71 901 -1
1 1287584697 355 432 815 1
3 1288286687 103
1 1288695871 236 146 397 1
2 1290258327 257 924
2 1294212608 43 616
1 1295406383 673 94 670 1
3 1295892496 42
1 1296469876 235 85 968 1
2 1296507098 349 913
1 1298686365 924 527 797 -1
1 1299148672 204 959 961 -1
1 1299418733 500 229 772 1
1 1300649312 802 895 972 -1
2 1300945861 162 884
2 1301348199 117 641
2 1305234634 208 970
2 1305867997 492 773
2 1307120260 247 994
1 1308520070 462 673 844 -1
1 1313046185 61 41 738 -1
1 1313093194 501 315 360 -1
2 1313134344 302 558
3 1313167966 808
2 1315015446 58 483
1 1316001819 769 661 733 1
3 1316998634 868
2 1317026672 168 393
2 1320692908 371 561
2 1320737994 261 585
2 1324130314 734 794
1 1326194451 42 33 436 1
1 1327411535 812 465 955 -1
2 1330294445 720 769
3 1330342927 363
2 1334544779 215 690
2 1334775340 136 872
2 1334836646 1 25
1 1335218695 248 510 715 -1
1 1335290627 297 136 850 1
2 1337706598 412 855
1 1339747471 939 389 798 1
1 1341010567 757 82 575 -1
2 1342925304 588 853
1 1342992055 55 263 887 1
2 1345989003 278 864
2 1346278910 5 678
3 1347042227 486
1 1349421363 43 33 909 1
2 1351193672 394 788
1 1351480979 587 719 754 1
2 1351706220 39 803
3 1352484096 548
2 1354623601 198 732
2 1354754210 30 544
1 1356296314 438 154 613 -1
2 1359836501 714 727
1 1361476268 148 832 997 1
1 1361627563 441 382 593 -1
2 1361780951 137 617
2 1362704743 244 654
1 1363024151 959 94 942 -1
3 1364983729 666
2 1370688500 690 992
3 1371666911 636
3 1371669108 298
1 1372110763 940 671 955 1
2 1373465880 443 999
1 1374840805 861 578 939 -1
2 1374976579 27 894
2 1375517424 52 333
2 1377121382 242 521
1 1379154682 680 278 797 1
1 1382832301 993 160 766 1
3 1383145923 340
1 1387424001 482 84 362 1
3 1387995167 247
1 1388822735 506 326 675 1
1 1389842936 577 115 713 -1
1 1390576490 564 99 312 1
2 1391172362 106 937
2 1392125281 32 564
1 1394062294 687 95 215 1
2 1394829304 325 675
2 1396888250 74 143
1 1397016350 66 441 872 -1
2 1397066716 339 710
2 1398082179 512 832
3 1398602929 693
1 1400089113 278 178 709 1
1 1400608716 126 26 569 1
1 1401202378 547 22 60 -1
1 1401750566 141 417 904 -1
1 1404158605 72 225 753 -1
2 1404792886 640 877
2 1405280156 574 911
2 1408429902 451 666
2 1410401284 682 803
1 1412127595 820 162 529 1
1 1413797449 431 58 300 1
2 1414336787 265 936
2 1414409892 129 976
2 1416649881 32 752
1 1417018934 920 418 558 -1
1 1418945795 573 187 486 1
2 1419736354 239 315
2 1420575001 253 317
2 1420795652 157 427
1 1420806396 660 190 776 1
1 1420923020 134 191 963 1
2 1420961135 297 981
3 1422041487 80
1 1422845492 563 303 689 1
1 1423948657 799 458 881 1
2 1424395958 699 868
1 1424842927 503 680 710 1
2 1426135639 430 793
1 1427829572 105 663 821 1
1 1428737469 444 85 448 -1
2 1428740827 81 116
1 1429187569 883 497 661 -1
3 1429504863 129
1 1429646827 17 97 968 1
1 1430847974 285 165 918 1
1 1431933955 37 590 790 -1
2 1432320460 481 586
2 1432589992 389 609
1 1433437127 87 247 614 -1
2 1434097387 401 855
2 1434224954 114 578
1 1434404506 747 599 953 1
2 1435390125 453 673
1 1435486594 308 32 599 -1
2 1436889825 36 705
1 1437767990 387 186 558 -1
3 1438304429 731
2 1438448359 771 858
1 1442551618 132 181 921 -1
1 1443947814 904 784 859 1
2 1445077847 161 684
2 1445167690 401 646
3 1448094468 701
2 1448919754 124 428
2 1449119431 58 365
2 1450141121 43 820
2 1451536334 476 929
2 1453996598 381 860
1 1455989320 557 383 976 1
2 1457481642 49 870
2 1458952829 427 437
2 1459880325 292 892
3 1460301659 819
1 1460707302 84 629 750 -1
2 1460809348 205 477
2 1462649881 809 949
3 1462753766 776
1 1463106713 848 228 823 1
3 1463798127 66
1 1465395557 807 94 569 -1
2 1467945462 435 887
2 1468192537 83 523
2 1468992455 202 912
2 1469548108 199 975
2 1469901152 401 858
2 1469963769 309 519
2 1470141374 151 235
1 1472355325 275 241 783 1
2 1473218515 77 518
2 1474817192 191 829
2 1475498070 535 881
2 1476161017 515 983
2 1476246014 329 854
1 1476938273 62 9 163 -1
2 1477719586 223 349
2 1478787196 98 229
3 1479309758 530
2 1480932732 150 733
2 1482230681 157 451
2 1484114890 296 871
1 1484886542 433 354 649 -1
2 1485242383 310 374
2 1485470140 431 874
1 1486578937 723 232 348 1
1 1487994575 947 91 436 1
2 1489037155 635 975
1 1496678628 282 325 392 1
1 1497068549 637 303 887 1
2 1500222756 358 798
1 1501102360 910 736 993 1
2 1501447434 185 842
1 1502162761 809 90 456 1
1 1502856772 717 684 807 1
2 1503274533 385 436
2 1504404319 249 709
2 1506742914 287 377
2 1508068328 120 627
2 1509512721 622 691
1 1510054020 922 2 748 1
2 1512281258 114 570
1 1512732749 363 27 122 1
2 1513300120 189 593
1 1514057382 448 620 803 1
2 1515514945 323 587
1 1516976984 755 813 856 1
2 1520788584 213 636
3 1522300379 688
1 1523773305 253 129 731 -1
2 1524403482 408 512
1 1524423037 804 314 594 -1
1 1524452315 196 329 515 1
2 1526461683 381 576
2 1528675083 395 573
2 1528771478 180 868
2 1529714681 439 711
2 1531001322 718 897
2 1531092606 506 814
1 1531096962 519 190 558 -1
2 1531375248 340 679
1 1534029743 638 137 822 -1
2 1534828855 320 652
2 1535417601 276 486
3 1536563155 875
2 1536767757 138 975
3 1536885905 200
1 1539193609 751 90 381 1
1 1539376671 902 945 949 1
2 1540022341 317 758
1 1540234083 949 193 454 -1
3 1541684948 490
1 1542308950 71 283 953 -1
1 1543273074 107 720 800 -1
2 1543874979 667 705
1 1548744121 146 274 890 1
1 1551129797 530 808 938 -1
3 1552076823 209
3 1555387844 547
1 1556603636 167 87 293 1
2 1557181895 80 911
2 1557184140 56 499
3 1557528595 430
3 1557873106 387
1 1558110819 546 51 576 -1
2 1559252253 81 970
2 1561453289 106 492
1 1563035223 333 24 325 1
2 1564203508 501 705
2 1564600564 382 516
2 1565650236 234 693
2 1565989606 867 945
2 1566055130 709 795
3 1566664913 441
3 1568948387 725
1 1569456014 854 209 294 1
2 1570576766 167 302
1 1570723078 746 347 545 -1
1 1570928814 515 683 991 -1
2 1570942677 14 54
2 1571909900 199 364
1 1573002795 978 325 505 -1
2 1574782629 111 802
3 1575615323 766
3 1576872451 218
2 1577508542 547 954
2 1578353575 166 971
2 1579399772 258 816
3 1579404316 469
2 1579623968 268 428
2 1579938015 28 517
2 1582313526 528 887
2 1583801949 371 672
1 1584155100 830 584 893 -1
1 1585669232 300 76 421 1
1 1587797062 101 86 618 -1
3 1588636615 718
3 1589864104 23
1 1592202513 583 459 712 -1
2 1592251556 439 508
2 1592834535 81 822
2 1592928805 200 931
1 1593069770 808 628 827 1
2 1594117584 488 567
3 1594174542 862
2 1594928242 446 645
1 1595199681 701 635 767 -1
1 1595225512 365 762 879 -1
1 1596557069 52 217 663 -1
2 1597903541 14 751
1 1598029371 117 531 671 -1
2 1598105267 354 520
1 1598615739 576 327 950 -1
1 1599271874 227 284 342 1
2 1599903171 785 839
1 1599941560 187 92 538 -1
2 1602041093 462 467
2 1603131004 626 899
1 1603391300 531 107 434 1
2 1603397962 152 416
1 1604569399 517 110 741 -1
2 1605727548 307 859
2 1605964287 19 971
3 1606777920 806
1 1610031310 758 71 926 1
2 1611222858 441 977
2 1611967333 89 510
2 1612188444 281 653
3 1612660922 863
1 1612808990 153 300 338 1
1 1613311150 343 512 843 1
3 1613876670 506
3 1614646701 305
1 1615512620 504 101 663 1
1 1616268962 928 404 568 1
2 1617784193 114 760
1 1620112028 552 239 697 1
3 1620538903 275
1 1620974729 30 288 555 1
2 1622283157 230 327
2 1623191500 46 568
1 1623457172 508 15 50 -1
2 1624971822 68 907
2 1625407596 713 892
1 1625669483 857 215 705 -1
1 1625841141 116 265 529 1
2 1626617616 111 728
1 1626689522 690 134 487 -1
1 1627499092 180 195 838 -1
1 1630693196 800 59 446 1
2 1631036153 583 631
2 1631746413 267 600
1 1632707975 468 744 747 1
1 1633895206 919 378 429 -1
2 1636262750 291 683
2 1636342778 309 697
2 1640706310 641 995
1 1642031959 732 645 849 -1
1 1643347497 475 99 418 -1
1 1643742040 191 278 889 -1
2 1644135238 536 741
1 1644318045 969 323 665 1
2 1644791938 9 445
2 1645805858 353 428
1 1646417929 65 25 869 1
2 1646432806 861 892
2 1649002218 93 295
1 1649197447 383 332 644 -1
1 1649556710 412 20 615 -1
2 1650748973 82 865
1 1650862431 950 531 932 -1
2 1651469122 35 829
1 1651913924 705 446 448 1
2 1653360482 628 903
2 1654021149 161 891
3 1654758814 284
1 1655122326 574 68 768 -1
1 1655619455 768 122 469 1
1 1659040195 184 447 969 1
1 1661061779 753 639 689 -1
1 1661197107 193 268 803 1
3 1661289754 456
1 1662225763 906 340 958 1
2 1663172137 389 588
3 1663224547 68
2 1663225326 699 860
1 1664329366 889 512 612 1
1 1664334510 926 680 725 1
2 1665349543 99 881
2 1665794953 246 776
2 1665893436 710 809
2 1666265092 572 659
1 1667350049 704 269 485 -1
1 1667351637 836 101 271 1
2 1667546507 32 486
2 1668354608 12 220
1 1668368309 816 761 842 -1
2 1669548202 84 401
2 1669594008 157 966
2 1675778110 326 529
2 1676677810 431 819
2 1678652334 406 684
2 1680263803 245 530
3 1680406429 888
2 1680863337 23 512
2 1681278585 223 553
2 1681452242 374 783
2 1681671976 587 812
2 1682611269 522 561
2 1682804376 318 446
1 1683409802 702 252 715 1
2 1683926553 260 970
2 1684896260 16 670
2 1685689142 252 399
2 1687966417 259 870
2 1690235385 333 535
1 1692190576 528 217 867 1
1 1692925911 864 61 580 -1
2 1694154244 733 915
3 1694451651 653
1 1695023275 53 240 313 1
2 1696555646 532 957
2 1696577440 316 923
1 1697919115 874 182 237 -1
2 1698478428 224 597
1 1703111592 619 408 729 -1
2 1704250800 101 931
2 1704525107 91 176
2 1705284842 531 554
2 1705313731 70 494
2 1705974520 133 414
1 1707174451 699 530 902 1
2 1707984934 331 370
1 1709920792 979 236 378 -1
2 1710515484 574 969
1 1711231971 831 318 507 -1
2 1714314387 384 469
2 1716467307 78 333
1 1718799574 473 105 404 -1
2 1720262651 25 770
2 1720434196 284 448
2 1720816116 426 585
3 1726164130 450
1 1726240816 464 683 867 -1
1 1726560241 734 739 896 1
1 1727685533 242 97 897 1
1 1728174467 456 557 927 1
1 1729702291 964 193 536 1
2 1731442133 322 682
1 1732286342 798 79 893 -1
2 1732449558 166 988
2 1734027447 861 935
2 1734458413 19 307
3 1735421189 768
1 1737962675 175 332 669 -1
1 1738661455 298 90 235 1
3 1738688862 44
1 1739274787 29 499 888 -1
1 1740381238 708 216 909 -1
1 1741114104 455 688 893 -1
1 1741198732 269 332 874 -1
1 1742417310 472 91 227 1
2 1742941913 500 724
1 1745394213 387 241 459 -1
1 1748960772 598 214 731 -1
2 1749301442 572 743
1 1749796902 341 176 787 1
2 1751076469 185 782
2 1753179229 594 866
1 1753711987 221 245 846 -1
1 1753712681 916 880 992 -1
2 1754155848 115 585
2 1754367186 273 416
1 1754946542 125 116 238 -1
2 1755821507 610 757
2 1755869567 39 185
1 1756598132 915 390 512 -1
1 1756990472 925 446 839 1
1 1757211830 666 286 877 -1
1 1757370562 678 316 847 -1
2 1757725211 226 559
2 1758328443 122 438
2 1758879938 848 941
2 1760146499 8 414
2 1763909630 91 834
3 1764002507 699
2 1764420030 290 896
2 1765106703 704 714
3 1765176600 555
2 1766019263 175 833
2 1766029916 166 268
2 1766185442 779 933
2 1767153202 135 296
2 1767315505 166 258
1 1769751034 120 614 962 -1
2 1770512671 194 432
1 1770880965 198 375 651 1
2 1770911276 520 905
2 1771366979 524 940
1 1771558361 44 396 523 1
2 1772070757 262 455
2 1773145504 478 775
1 1773659397 497 367 674 -1
1 1773659978 450 104 818 -1
2 1775393737 65 665
2 1776203247 639 786
3 1778747333 391
2 1780112872 433 786
1 1780751972 459 24 98 1
2 1782605058 67 229
2 1782648179 97 954
2 1783536512 124 310
1 1783994537 649 334 504 -1
1 1786204406 356 786 849 1
2 1786254651 45 916
1 1788804249 40 384 424 -1
1 1790221056 315 134 838 -1
2 1792096932 706 726
2 1792765226 584 873
2 1793301436 656 742
2 1793534244 344 677
2 1793585680 91 467
2 1794382704 21 435
2 1794486992 89 933
1 1794508863 742 92 893 -1
1 1794578121 429 244 774 1
1 1794828474 158 846 974 -1
2 1795526930 217 347
3 1795858583 495
2 1795934683 295 618
2 1798039189 318 886
3 1798640721 986
2 1798977149 182 371
1 1799386662 149 170 725 1
2 1799527670 62 186
2 1799700661 15 844
2 1800675665 474 527
1 1801279527 838 482 977 -1
2 1801838688 52 186
3 1805277963 136
2 1805341165 289 351
1 1806147069 707 393 798 -1
2 1808079712 826 957
1 1809207543 797 92 362 1
3 1809228611 309
1 1810156776 28 288 537 1
1 1810287370 291 44 211 -1
2 1812088074 172 556
1 1813217702 45 22 675 -1
2 1814467086 278 321
2 1815406114 1 602
2 1815410570 733 741
1 1816090356 165 181 757 1
2 1817460311 186 644
1 1818519907 580 263 839 -1
2 1819486595 18 747
1 1819616214 203 184 309 -1
3 1820358212 451
1 1821048664 877 108 202 1
1 1823192440 641 423 769 1
1 1823524903 400 500 658 1
1 1827886848 212 325 381 1
2 1828323662 14 506
2 1830982427 129 638
1 1832370782 263 255 928 1
2 1835512941 885 982
2 1836321418 271 706
1 1839104027 858 585 743 -1
1 1842305655 887 231 868 -1
2 1842897310 541 817
1 1843014786 95 801 968 1
1 1843419636 176 295 786 -1
1 1843600516 944 364 558 1
2 1843966809 538 883
1 1845028368 686 295 741 1
1 1845720106 219 17 287 -1
2 1848449811 618 771
2 1848464865 511 704
2 1850672359 19 515
2 1851656296 256 267
1 1851869571 659 315 400 1
2 1852561646 615 639
3 1853851999 595
2 1853871786 177 839
2 1854018038 76 404
1 1854375052 418 152 867 -1
2 1854600936 265 948
2 1855093116 513 564
3 1855176738 883
1 1855709226 974 60 116 1
2 1856197227 262 296
1 1857143510 156 320 525 1
3 1857367075 442
2 1857408170 21 183
1 1860212667 568 5 665 -1
3 1861018981 37
2 1862173091 779 964
1 1862302394 241 150 418 1
2 1862414983 493 511
2 1862461248 240 721
2 1864486188 794 849
2 1865398324 591 963
2 1865653998 103 222
2 1866277368 578 868
2 1868816846 229 713
1 1869027182 82 32 308 1
2 1869249275 391 846
1 1870189543 960 260 377 1
1 1870430545 933 618 720 1
2 1870582366 37 222
1 1871649315 981 348 729 -1
1 1872084367 268 601 694 -1
2 1873003444 342 937
2 1875315756 72 908
1 1875516493 138 144 363 -1
1 1877029832 173 56 64 1
3 1877877234 960
2 1878419284 98 163
2 1878966507 179 253
2 1880567489 343 913
2 1882025975 522 600
1 1882453833 912 401 414 1
2 1882923936 55 360
2 1885462382 502 564
1 1885631081 784 363 403 -1
2 1887349067 714 954
1 1889637493 131 413 814 1
3 1891257513 177
1 1893320634 677 458 625 -1
2 1894281205 450 782
1 1894408685 786 31 404 -1
1 1895780899 788 400 423 1
1 1897009156 238 130 388 -1
1 1897267257 506 161 225 -1
2 1898379626 66 218
2 1899364362 210 352
1 1900822004 231 467 823 1
3 1904085315 577
1 1906717149 844 744 985 -1
2 1907590738 330 906
1 1908358793 209 310 952 1
2 1909487362 166 973
1 1909600197 595 160 756 1
2 1909950908 348 513
1 1910090534 260 51 819 -1
2 1911093638 446 892
2 1911416626 576 674
1 1912740867 814 459 466 -1
2 1913134081 56 138
2 1914006495 439 551
1 1914441367 903 615 955 1
1 1915063653 110 540 774 1
3 1918358541 734
2 1918737633 319 555
2 1918932233 727 869
2 1919070676 619 764
1 1919553506 328 660 775 1
2 1921997060 89 299
1 1922932400 13 291 498 1
2 1923381825 94 853
1 1924980639 127 731 979 1
1 1925501398 645 927 952 -1
1 1926390956 855 296 627 -1
1 1927895207 185 188 797 -1
2 1931523635 84 867
2 1932081971 309 637
3 1932457679 713
2 1933457338 245 591
1 1934511495 104 489 632 -1
1 1934528662 750 591 863 -1
2 1937898794 98 326
2 1938144444 103 342
2 1938802067 275 352
1 1940751831 322 135 671 -1
2 1942462012 250 385
2 1943730067 209 583
1 1944699808 536 329 667 -1
1 1948164942 868 656 996 1
1 1948575024 251 380 772 1
2 1948747251 43 54
1 1949300725 967 38 856 1
3 1949460646 808
2 1950812010 369 533
1 1950956369 909 140 226 1
1 1951008289 171 133 257 1
1 1951757913 579 281 724 1
1 1951986406 792 546 705 1
2 1952117030 4 557
1 1954955108 589 288 438 -1
2 1955013391 120 230
2 1955424225 513 804
2 1956366686 632 885
2 1957907369 212 754
1 1960252436 588 104 591 1
2 1961292496 638 893
2 1961587959 431 918
2 1962265128 110 321
2 1963649164 336 350
1 1963733564 907 360 653 1
2 1964582327 53 531
1 1967743710 213 168 761 -1
1 1969436687 129 117 598 1
2 1970635967 162 659
1 1973310493 102 134 667 -1
2 1974239921 823 840
1 1974829283 551 352 841 1
1 1974879883 22 915 929 1
1 1977634006 514 683 896 1
1 1979755132 559 79 724 1
1 1980098008 124 98 753 -1
1 1981907943 671 26 747 1
2 1983373073 700 717
1 1984124553 734 34 88 1
1 1984585336 130 799 933 -1
3 1985751382 462
2 1986031221 22 829
2 1988616765 259 753
2 1989235335 329 440
1 1990924571 338 694 883 1
2 1991218264 140 306
1 1992469341 891 220 548 -1
2 1993195048 200 551
2 1997875024 263 461
