20 20 1000
374 94 46 27 38 227 332 268 311 386 247 393 398 328 244 192 248 62 127 100
331 14 384 156 208 218 238 389 2 346 15 69 221 377 51 198 130 133 315 191
259 190 13 86 3 300 48 66 352 378 189 338 6 206 83 369 182 96 275 303
11 175 43 196 58 383 71 10 116 330 104 382 135 79 220 373 297 88 314 279
150 291 102 308 108 129 284 134 201 145 176 184 325 92 224 78 44 324 271 322
9 80 31 394 103 294 101 33 124 7 26 348 158 293 269 177 316 70 327 243
157 74 358 242 194 304 167 222 98 225 16 341 270 335 267 385 333 233 126 170
370 193 76 180 320 273 216 45 379 241 168 217 131 246 148 395 164 197 142 125
165 25 18 30 232 252 97 159 336 337 47 119 5 349 372 392 19 36 187 228
368 140 85 153 137 113 249 93 261 210 347 306 299 226 351 229 181 185 81 367
4 28 56 213 22 344 280 123 121 0 205 339 207 67 319 239 353 264 118 345
169 305 152 42 122 257 32 263 262 132 144 258 40 138 230 254 245 203 292 73
105 236 154 290 277 117 391 323 334 136 64 360 110 388 312 396 186 204 111 375
342 49 53 115 266 199 317 214 178 380 34 141 57 188 59 54 313 215 24 202
77 195 139 340 65 155 354 161 298 200 276 253 309 212 60 162 295 171 173 174
172 361 95 231 307 363 329 272 376 90 61 355 321 109 282 397 87 223 41 296
260 128 286 55 301 381 255 219 52 265 371 399 362 143 21 318 23 234 288 357
50 302 250 350 240 356 359 63 274 91 364 256 147 343 106 37 289 8 278 160
151 163 285 281 82 84 166 183 365 112 179 366 390 17 114 75 12 251 107 39
235 120 35 20 68 146 287 29 283 211 326 89 209 387 72 1 149 99 310 237
