345
31 464458 465342
65 457791 458366
30 452949 453639
65 450246 450344
2 429942 430454
31 400895 401397
3 363034 363337
31 362026 362380
49 330303 330656
22 325517 326405
72 310753 311332
65 291557 292501
58 264724 265368
15 253583 254126
2 227596 228379
31 226027 226169
68 225335 225873
59 202800 203543
71 194421 195273
2 178007 178557
47 157539 158443
65 150470 151068
17 143530 144473
65 133660 133731
37 120571 121552
23 102015 102648
30 87074 87397
15 67894 68020
29 50630 51276
30 47722 48545
15 45753 46178
72 36942 37427
8 22870 23842
20 18457 19092
57 14993 15714
15 8 512
