491
22 95823 96329
30 86497 87087
4 82361 82408
16 81196 81754
30 79342 79390
30 78033 78097
22 76718 77570
9 73763 73925
9 73193 73538
26 71265 72147
26 70537 70688
36 67489 68469
6 65559 65698
9 62513 63058
30 61208 61265
3 59487 60226
6 57870 58477
11 56062 56350
30 55297 55998
11 53987 54513
6 52477 52772
22 50967 51362
9 48965 49788
4 47586 47660
22 47345 47386
12 46642 47247
22 45191 45879
6 43537 44119
36 40826 41465
36 38401 39321
8 38136 38283
8 36131 36960
17 33489 34297
22 31341 32311
6 29242 29606
6 28276 28971
30 25782 26640
23 23496 24402
22 22119 22523
30 19371 20289
6 18160 18809
30 16816 17033
22 15898 16073
6 14180 14959
23 12201 12448
22 10199 10608
9 9122 9515
30 8381 8479
30 6064 6894
6 4583 5019
22 3084 3325
36 519 1345
6 24 385
