540
00000000000000000000
00000000000000000000
00000000000000000000
00000000000000000000
00000000000000000000
00000000000000000000
00000000000000000000
00000000000000000000
00000000000000000000
00000000000000000000
00000000000000000000
00000000000000000000
00000000000000000000
00000000000000000000
00000000000000000000
00000000000000000000
00000000000000000000
00000000000000000000
00000000000000000000
00000000000000000000
00000000000000000000
00000000000000000000
00000011111110000000
00000011111110000000
00000011111111000000
00000011111111000000
00000000001001100000
00000000001001100000
00000000001000110000
00000000001000110000
00000000001001100000
00000000001001100000
00000011111111000000
00000011111111000000
00000011111110000000
00000011111110000000
00000000000000000000
00000000000000000000
00000000000000000000
00000000000000000000
00000000000000000000
00000000000000000000
00000010000000010000
00000010000000010000
00000011111111110000
00000011111111110000
00000011111111110000
00000011111111110000
00000010000100010000
00000010000100010000
00000010000100010000
00000010000100010000
00000011111111110000
00000011111111110000
00000001111011100000
00000001111011100000
00000000000000000000
00000000000000000000
00000000000000000000
00000000000000000000
00000000000000000000
00000000000000000000
00000000111111000000
00000000111111000000
00000001111111100000
00000001111111100000
00000011000000110000
00000011000000110000
00000010000000010000
00000010000000010000
00000010000000010000
00000010000000010000
00000011000000110000
00000011000000110000
00000001100001100000
00000001100001100000
00000000000000000000
00000000000000000000
00000000000000000000
00000000000000000000
00000000000000000000
00000000000000000000
00000010000000010000
00000010000000010000
00000011111111110000
00000011111111110000
00000011111111110000
00000011111111110000
00000010000000010000
00000010000000010000
00000011000000110000
00000011000000110000
00000001111111100000
00000001111111100000
00000000111111000000
00000000111111000000
00000000000000000000
00000000000000000000
00000000000000000000
00000000000000000000
00000000000000000000
00000000000000000000
00000010000000010000
00000010000000010000
00000011111111110000
00000011111111110000
00000011111111110000
00000011111111110000
00000010000100010000
00000010000100010000
00000010001110010000
00000010001110010000
00000011000000110000
00000011000000110000
00000011100001110000
00000011100001110000
00000000000000000000
00000000000000000000
00000000000000000000
00000000000000000000
00000000000000000000
00000000000000000000
00000010000000010000
00000010000000010000
00000011111111110000
00000011111111110000
00000011111111110000
00000011111111110000
00000010000100010000
00000010000100010000
00000000001110010000
00000000001110010000
00000000000000110000
00000000000000110000
00000000000001110000
00000000000001110000
00000000000000000000
00000000000000000000
00000000000000000000
00000000000000000000
00000000000000000000
00000000000000000000
00000000111111000000
00000000111111000000
00000001111111100000
00000001111111100000
00000011000000110000
00000011000000110000
00000010001000010000
00000010001000010000
00000010001000010000
00000010001000010000
00000001111000110000
00000001111000110000
00000011111001100000
00000011111001100000
00000000000000000000
00000000000000000000
00000000000000000000
00000000000000000000
00000000000000000000
00000000000000000000
00000011111111110000
00000011111111110000
00000011111111110000
00000011111111110000
00000000000100000000
00000000000100000000
00000000000100000000
00000000000100000000
00000000000100000000
00000000000100000000
00000011111111110000
00000011111111110000
00000011111111110000
00000011111111110000
00000000000000000000
00000000000000000000
00000000000000000000
00000000000000000000
00000000000000000000
00000000000000000000
00000000000000000000
00000000000000000000
00000000000000000000
00000000000000000000
00000010000000010000
00000010000000010000
00000011111111110000
00000011111111110000
00000011111111110000
00000011111111110000
00000010000000010000
00000010000000010000
00000000000000000000
00000000000000000000
00000000000000000000
00000000000000000000
00000000000000000000
00000000000000000000
00000000000000000000
00000000000000000000
00000001110000000000
00000001110000000000
00000011110000000000
00000011110000000000
00000010000000000000
00000010000000000000
00000010000000010000
00000010000000010000
00000011111111110000
00000011111111110000
00000001111111110000
00000001111111110000
00000000000000010000
00000000000000010000
00000000000000000000
00000000000000000000
00000000000000000000
00000000000000000000
00000000000000000000
00000000000000000000
00000010000000010000
00000010000000010000
00000011111111110000
00000011111111110000
00000011111111110000
00000011111111110000
00000000001100000000
00000000001100000000
00000000011110000000
00000000011110000000
00000011110011110000
00000011110011110000
00000011100001110000
00000011100001110000
00000000000000000000
00000000000000000000
00000000000000000000
00000000000000000000
00000000000000000000
00000000000000000000
00000010000000010000
00000010000000010000
00000011111111110000
00000011111111110000
00000011111111110000
00000011111111110000
00000010000000010000
00000010000000010000
00000010000000000000
00000010000000000000
00000011000000000000
00000011000000000000
00000011100000000000
00000011100000000000
00000000000000000000
00000000000000000000
00000000000000000000
00000000000000000000
00000000000000000000
00000000000000000000
00000011111111110000
00000011111111110000
00000011111111110000
00000011111111110000
00000000000011100000
00000000000011100000
00000000000111000000
00000000000111000000
00000000000011100000
00000000000011100000
00000011111111110000
00000011111111110000
00000011111111110000
00000011111111110000
00000000000000000000
00000000000000000000
00000000000000000000
00000000000000000000
00000000000000000000
00000000000000000000
00000011111111110000
00000011111111110000
00000011111111110000
00000011111111110000
00000000000011100000
00000000000011100000
00000000000111000000
00000000000111000000
00000000001110000000
00000000001110000000
00000011111111110000
00000011111111110000
00000011111111110000
00000011111111110000
00000000000000000000
00000000000000000000
00000000000000000000
00000000000000000000
00000000000000000000
00000000000000000000
00000001111111100000
00000001111111100000
00000011111111110000
00000011111111110000
00000010000000010000
00000010000000010000
00000010000000010000
00000010000000010000
00000010000000010000
00000010000000010000
00000011111111110000
00000011111111110000
00000001111111100000
00000001111111100000
00000000000000000000
00000000000000000000
00000000000000000000
00000000000000000000
00000000000000000000
00000000000000000000
00000010000000010000
00000010000000010000
00000011111111110000
00000011111111110000
00000011111111110000
00000011111111110000
00000010000100010000
00000010000100010000
00000000000100010000
00000000000100010000
00000000000111110000
00000000000111110000
00000000000011100000
00000000000011100000
00000000000000000000
00000000000000000000
00000000000000000000
00000000000000000000
00000000000000000000
00000000000000000000
00000001111111100000
00000001111111100000
00000011111111110000
00000011111111110000
00000010000000010000
00000010000000010000
00000011100000010000
00000011100000010000
00001111000000010000
00001111000000010000
00001111111111110000
00001111111111110000
00001001111111100000
00001001111111100000
00000000000000000000
00000000000000000000
00000000000000000000
00000000000000000000
00000000000000000000
00000000000000000000
00000010000000010000
00000010000000010000
00000011111111110000
00000011111111110000
00000011111111110000
00000011111111110000
00000000000100010000
00000000000100010000
00000000001100010000
00000000001100010000
00000011111111110000
00000011111111110000
00000011110011100000
00000011110011100000
00000000000000000000
00000000000000000000
00000000000000000000
00000000000000000000
00000000000000000000
00000000000000000000
00000001100001100000
00000001100001100000
00000011100011110000
00000011100011110000
00000010000110010000
00000010000110010000
00000010000100010000
00000010000100010000
00000010001100010000
00000010001100010000
00000011111001110000
00000011111001110000
00000001110001100000
00000001110001100000
00000000000000000000
00000000000000000000
00000000000000000000
00000000000000000000
00000000000000000000
00000000000000000000
00000000000000000000
00000000000000000000
00000000000001110000
00000000000001110000
00000010000000110000
00000010000000110000
00000011111111110000
00000011111111110000
00000011111111110000
00000011111111110000
00000010000000110000
00000010000000110000
00000000000001110000
00000000000001110000
00000000000000000000
00000000000000000000
00000000000000000000
00000000000000000000
00000000000000000000
00000000000000000000
00000001111111110000
00000001111111110000
00000011111111110000
00000011111111110000
00000010000000000000
00000010000000000000
00000010000000000000
00000010000000000000
00000010000000000000
00000010000000000000
00000011111111110000
00000011111111110000
00000001111111110000
00000001111111110000
00000000000000000000
00000000000000000000
00000000000000000000
00000000000000000000
00000000000000000000
00000000000000000000
00000000011111110000
00000000011111110000
00000000111111110000
00000000111111110000
00000001100000000000
00000001100000000000
00000011000000000000
00000011000000000000
00000001100000000000
00000001100000000000
00000000111111110000
00000000111111110000
00000000011111110000
00000000011111110000
00000000000000000000
00000000000000000000
00000000000000000000
00000000000000000000
00000000000000000000
00000000000000000000
00000001111111110000
00000001111111110000
00000011111111110000
00000011111111110000
00000011100000000000
00000011100000000000
00000000111100000000
00000000111100000000
00000011100000000000
00000011100000000000
00000011111111110000
00000011111111110000
00000001111111110000
00000001111111110000
00000000000000000000
00000000000000000000
00000000000000000000
00000000000000000000
00000000000000000000
00000000000000000000
00000011000000110000
00000011000000110000
00000011110011110000
00000011110011110000
00000000111111000000
00000000111111000000
00000000011110000000
00000000011110000000
00000000111111000000
00000000111111000000
00000011110011110000
00000011110011110000
00000011000000110000
00000011000000110000
00000000000000000000
00000000000000000000
00000000000000000000
00000000000000000000
00000000000000000000
00000000000000000000
00000000000000000000
00000000000000000000
00000000000011110000
00000000000011110000
00000010000111110000
00000010000111110000
00000011111100000000
00000011111100000000
00000011111100000000
00000011111100000000
00000010000111110000
00000010000111110000
00000000000011110000
00000000000011110000
00000000000000000000
00000000000000000000
00000000000000000000
00000000000000000000
00000000000000000000
00000000000000000000
00000011100001110000
00000011100001110000
00000011110000110000
00000011110000110000
00000010011000010000
00000010011000010000
00000010001100010000
00000010001100010000
00000010000110010000
00000010000110010000
00000011000011110000
00000011000011110000
00000011100001110000
00000011100001110000
00000000000000000000
00000000000000000000
00000000000000000000
00000000000000000000
