540
00000000000000000000
00000000000000000000
00000000000000000000
00000000000000000000
00000000000000000000
00000000000000000000
00000000000000000000
00000000000000000000
00000000000000000000
00000000000000000000
00000000000000000000
00000000000000000000
00000000000000000000
00000000000000000000
00000000000000000000
00000000000000000000
00000000000000000000
00000000000000000000
00000000000000000000
00000000000000000000
00000000000000000000
00000000000000000000
00000000000000000000
00000000000000000000
00000000110000000000
00000011111100000000
00001111001111000000
00111100000011110000
00111100000011110000
00111111111111110000
00111100000011110000
00111100000011110000
00111100000011110000
00111100000011110000
00000000000000000000
00000000000000000000
00000000000000000000
00000000000000000000
00000000000000000000
00000000000000000000
00000000000000000000
00000000000000000000
00000000000000000000
00000000000000000000
00111111111111000000
00001111000011110000
00001111000011110000
00001111000011110000
00001111111111000000
00001111000011110000
00001111000011110000
00001111000011110000
00001111000011110000
00111111111111000000
00000000000000000000
00000000000000000000
00000000000000000000
00000000000000000000
00000000000000000000
00000000000000000000
00000000000000000000
00000000000000000000
00000000000000000000
00000000000000000000
00000011111111000000
00001111000011110000
00111100000000110000
00111100000000000000
00111100000000000000
00111100000000000000
00111100000000000000
00111100000000110000
00001111000011110000
00000011111111000000
00000000000000000000
00000000000000000000
00000000000000000000
00000000000000000000
00000000000000000000
00000000000000000000
00000000000000000000
00000000000000000000
00000000000000000000
00000000000000000000
00111111111100000000
00001111001111000000
00001111000011110000
00001111000011110000
00001111000011110000
00001111000011110000
00001111000011110000
00001111000011110000
00001111001111000000
00111111111100000000
00000000000000000000
00000000000000000000
00000000000000000000
00000000000000000000
00000000000000000000
00000000000000000000
00000000000000000000
00000000000000000000
00000000000000000000
00000000000000000000
00111111111111110000
00001111000011110000
00001111000000110000
00001111001100000000
00001111111100000000
00001111001100000000
00001111000000000000
00001111000000110000
00001111000011110000
00111111111111110000
00000000000000000000
00000000000000000000
00000000000000000000
00000000000000000000
00000000000000000000
00000000000000000000
00000000000000000000
00000000000000000000
00000000000000000000
00000000000000000000
00111111111111110000
00001111000011110000
00001111000000110000
00001111001100000000
00001111111100000000
00001111001100000000
00001111000000000000
00001111000000000000
00001111000000000000
00111111110000000000
00000000000000000000
00000000000000000000
00000000000000000000
00000000000000000000
00000000000000000000
00000000000000000000
00000000000000000000
00000000000000000000
00000000000000000000
00000000000000000000
00000011111111000000
00001111000011110000
00111100000000110000
00111100000000000000
00111100000000000000
00111100111111110000
00111100000011110000
00111100000011110000
00001111000011110000
00000011111100110000
00000000000000000000
00000000000000000000
00000000000000000000
00000000000000000000
00000000000000000000
00000000000000000000
00000000000000000000
00000000000000000000
00000000000000000000
00000000000000000000
00111100000011110000
00111100000011110000
00111100000011110000
00111100000011110000
00111111111111110000
00111100000011110000
00111100000011110000
00111100000011110000
00111100000011110000
00111100000011110000
00000000000000000000
00000000000000000000
00000000000000000000
00000000000000000000
00000000000000000000
00000000000000000000
00000000000000000000
00000000000000000000
00000000000000000000
00000000000000000000
00000011111111000000
00000000111100000000
00000000111100000000
00000000111100000000
00000000111100000000
00000000111100000000
00000000111100000000
00000000111100000000
00000000111100000000
00000011111111000000
00000000000000000000
00000000000000000000
00000000000000000000
00000000000000000000
00000000000000000000
00000000000000000000
00000000000000000000
00000000000000000000
00000000000000000000
00000000000000000000
00000000111111110000
00000000001111000000
00000000001111000000
00000000001111000000
00000000001111000000
00000000001111000000
00111100001111000000
00111100001111000000
00111100001111000000
00001111111100000000
00000000000000000000
00000000000000000000
00000000000000000000
00000000000000000000
00000000000000000000
00000000000000000000
00000000000000000000
00000000000000000000
00000000000000000000
00000000000000000000
00111111000011110000
00001111000011110000
00001111000011110000
00001111001111000000
00001111111100000000
00001111111100000000
00001111001111000000
00001111000011110000
00001111000011110000
00111111000011110000
00000000000000000000
00000000000000000000
00000000000000000000
00000000000000000000
00000000000000000000
00000000000000000000
00000000000000000000
00000000000000000000
00000000000000000000
00000000000000000000
00111111110000000000
00001111000000000000
00001111000000000000
00001111000000000000
00001111000000000000
00001111000000000000
00001111000000000000
00001111000000110000
00001111000011110000
00111111111111110000
00000000000000000000
00000000000000000000
00000000000000000000
00000000000000000000
00000000000000000000
00000000000000000000
00000000000000000000
00000000000000000000
00000000000000000000
00000000000000000000
00111100000011110000
00111111001111110000
00111111111111110000
00111111111111110000
00111100110011110000
00111100000011110000
00111100000011110000
00111100000011110000
00111100000011110000
00111100000011110000
00000000000000000000
00000000000000000000
00000000000000000000
00000000000000000000
00000000000000000000
00000000000000000000
00000000000000000000
00000000000000000000
00000000000000000000
00000000000000000000
00111100000011110000
00111111000011110000
00111111110011110000
00111111111111110000
00111100111111110000
00111100001111110000
00111100000011110000
00111100000011110000
00111100000011110000
00111100000011110000
00000000000000000000
00000000000000000000
00000000000000000000
00000000000000000000
00000000000000000000
00000000000000000000
00000000000000000000
00000000000000000000
00000000000000000000
00000000000000000000
00001111111111000000
00111100000011110000
00111100000011110000
00111100000011110000
00111100000011110000
00111100000011110000
00111100000011110000
00111100000011110000
00111100000011110000
00001111111111000000
00000000000000000000
00000000000000000000
00000000000000000000
00000000000000000000
00000000000000000000
00000000000000000000
00000000000000000000
00000000000000000000
00000000000000000000
00000000000000000000
00111111111111000000
00001111000011110000
00001111000011110000
00001111000011110000
00001111111111000000
00001111000000000000
00001111000000000000
00001111000000000000
00001111000000000000
00111111110000000000
00000000000000000000
00000000000000000000
00000000000000000000
00000000000000000000
00000000000000000000
00000000000000000000
00000000000000000000
00000000000000000000
00000000000000000000
00000000000000000000
00001111111111000000
00111100000011110000
00111100000011110000
00111100000011110000
00111100000011110000
00111100000011110000
00111100000011110000
00111100110011110000
00111100111111110000
00001111111111000000
00000000001111000000
00000000001111110000
00000000000000000000
00000000000000000000
00000000000000000000
00000000000000000000
00000000000000000000
00000000000000000000
00000000000000000000
00000000000000000000
00111111111111000000
00001111000011110000
00001111000011110000
00001111000011110000
00001111111111000000
00001111001111000000
00001111000011110000
00001111000011110000
00001111000011110000
00111111000011110000
00000000000000000000
00000000000000000000
00000000000000000000
00000000000000000000
00000000000000000000
00000000000000000000
00000000000000000000
00000000000000000000
00000000000000000000
00000000000000000000
00001111111111000000
00111100000011110000
00111100000011110000
00001111000000000000
00000011111100000000
00000000001111000000
00000000000011110000
00111100000011110000
00111100000011110000
00001111111111000000
00000000000000000000
00000000000000000000
00000000000000000000
00000000000000000000
00000000000000000000
00000000000000000000
00000000000000000000
00000000000000000000
00000000000000000000
00000000000000000000
00001111111111110000
00001111111111110000
00001100111100110000
00000000111100000000
00000000111100000000
00000000111100000000
00000000111100000000
00000000111100000000
00000000111100000000
00000011111111000000
00000000000000000000
00000000000000000000
00000000000000000000
00000000000000000000
00000000000000000000
00000000000000000000
00000000000000000000
00000000000000000000
00000000000000000000
00000000000000000000
00111100000011110000
00111100000011110000
00111100000011110000
00111100000011110000
00111100000011110000
00111100000011110000
00111100000011110000
00111100000011110000
00111100000011110000
00001111111111000000
00000000000000000000
00000000000000000000
00000000000000000000
00000000000000000000
00000000000000000000
00000000000000000000
00000000000000000000
00000000000000000000
00000000000000000000
00000000000000000000
00111100000011110000
00111100000011110000
00111100000011110000
00111100000011110000
00111100000011110000
00111100000011110000
00111100000011110000
00001111001111000000
00000011111100000000
00000000110000000000
00000000000000000000
00000000000000000000
00000000000000000000
00000000000000000000
00000000000000000000
00000000000000000000
00000000000000000000
00000000000000000000
00000000000000000000
00000000000000000000
00111100000011110000
00111100000011110000
00111100000011110000
00111100000011110000
00111100110011110000
00111100110011110000
00111100110011110000
00111111111111110000
00111111001111110000
00001111001111000000
00000000000000000000
00000000000000000000
00000000000000000000
00000000000000000000
00000000000000000000
00000000000000000000
00000000000000000000
00000000000000000000
00000000000000000000
00000000000000000000
00111100000011110000
00111100000011110000
00001111001111000000
00001111111111000000
00000011111100000000
00000011111100000000
00001111111111000000
00001111001111000000
00111100000011110000
00111100000011110000
00000000000000000000
00000000000000000000
00000000000000000000
00000000000000000000
00000000000000000000
00000000000000000000
00000000000000000000
00000000000000000000
00000000000000000000
00000000000000000000
00001111000011110000
00001111000011110000
00001111000011110000
00001111000011110000
00000011111111000000
00000000111100000000
00000000111100000000
00000000111100000000
00000000111100000000
00000011111111000000
00000000000000000000
00000000000000000000
00000000000000000000
00000000000000000000
00000000000000000000
00000000000000000000
00000000000000000000
00000000000000000000
00000000000000000000
00000000000000000000
00111111111111110000
00111100000011110000
00110000000011110000
00000000001111000000
00000000111100000000
00000011110000000000
00001111000000000000
00111100000000110000
00111100000011110000
00111111111111110000
00000000000000000000
00000000000000000000
00000000000000000000
00000000000000000000
00000000000000000000
00000000000000000000
