600
00000000010000000100
00000000000000000000
00000000000000000000
00000000000000000000
01000000000000000000
00000000000000000000
00000100000100000000
00000010000010001000
00000000000000000000
00000100000000001010
00010000000000000000
00000000000000000000
00000000010000000000
00010000000000000000
01000000000000000000
00000000000000000100
00000100000000000000
00000000000000000000
00010000000000000000
10000000100000000000
00000000000000000000
00000000000000000000
00000010000000010000
00000011111111110000
00000011111111100000
00000011111111110000
00000011111111110000
00000010000000010000
00000010000000010000
00000011000000110000
00000010000000110000
00000001111111100000
00000001111111100000
00000000111111000000
00000000111111000000
00000000000000000000
00000000000000100000
00000000000000000000
00000000000000000100
00000000000000000000
00000000000000000000
00000000000100000000
00000000000000000000
00000000000000000000
00000000000000000000
00000010000000110000
00000010000000010000
00000011111111110000
00000011111111110000
01000011111111110000
00000011111111110000
00000010000000010000
00000000000000000000
00000000000000000000
00000000000000000000
00000000000000000000
00000000000000000000
10000000000000000000
00000000000000000010
00000010000000010000
00000010000000010000
00000011111111110000
00000011111111110000
00000011111110110000
00000011111111110000
00000010000100010000
00000010000100000000
00000010001110010000
00000010001110010000
00000011000000110000
00000011000000110000
00000011100001110000
00000011100001110000
00000000000000000000
00000000000000000000
00000000000000000000
00000000000000000100
00000000000000000000
00000000000000000000
00000000000000000000
00000000000000000000
00000000000000000000
00000000000100000000
00000000000000000000
00000000000001000000
00000000000000000000
00000000000000000000
00000000000000000000
00000000000000000000
00000000000000000000
00000000000000000000
00000000000000000000
00000000100000000000
00000000000000000000
00000000000000000000
10000000000000000000
00000000000000000000
00000000000001000000
00000010000000010000
00000011111111110000
00000011111111110000
00000011111111110000
00000011111111110000
00000010000100010000
00010010000100010000
00000000001110010000
00000000001110010000
00000000000000110000
00000000000000110000
01000000000001110000
00000000000001110000
00000000000000000100
00000000000000000000
00000000000000000000
00000000000000000000
00000000000000000000
00000000000000000000
00000000000100000000
00000000000100000000
00000000000000000000
00000000000000000000
00000010000000010000
00000010000000010000
00000011111111110000
00000001111111110000
00000011111111110000
00000010000000010000
00000010000000110000
00000000000000000000
00000000000000000000
00000000000000000000
00000000000000000000
00000000000000000000
00000000000000000000
00000000000000000000
00000000000000000000
00000011111111110000
00000011111111110000
00000011111111110100
00000011111111110000
00001000000011100000
00000000010011110001
00110000000100000000
00100010100111000000
00000000001000000000
00000000001110000000
00000011110111110000
00000010111111110001
00000011111111110000
00000011111101111000
00000000010000100000
00010000000000000000
00000000001000000000
00000000000000100000
00000000000010000000
00000000000000000000
00000011111110000000
00000011111110000000
00000011111111000000
00000011111111000000
00000000001001100000
00000000001001100000
00000000001000110000
00000000001001100000
00000000001001100000
00000011111111000000
00000011111111100000
01000011111110000000
00000011111110000000
00000000000000000001
00000000000000000000
00000000000000000000
00000000000000000000
00000001000000000000
00000000000000000000
00000010000000010000
00000010000000010000
00000011111111110000
00000011111111110000
00000011111111110000
00000011111111111000
00000010000000010000
00000010000000010000
00000010000000000000
00000010000000000000
00000011000000000000
00001011000000000000
00000011100000000000
00000011100000000000
00100000000000000000
00000000000000000000
00000000000000000000
00000000000010000000
00000000000000000000
00000010000000010000
00000010000000010000
00001011111111110000
00000111111111110000
00000011111111110000
00000011111111110000
00000010000100010000
00000010000100010000
00000010001110010000
00000011000000110000
00000011000000110000
00000011100001110000
00000011100001110000
00000000000000010000
00000000000000000000
00000000000000000000
00000000000000000000
00000000010000000000
00000000000000000000
00000000000000000000
00000000000000000000
00000000000000000000
00000000000000000000
00000000000000000000
00000000000000000000
00000000000100000000
00000000000000000000
00000000000001000000
00000000000000000000
00000000000000000000
00000000000000000000
00000000000000000000
00000000000000000000
00000000000000000000
00000000000000000000
00000000000000000001
00000000100000001100
00000100000000000000
00000001001000000000
00000000000000000000
00000000000001110100
00010000000001110000
00000010000000110000
00000011000000110000
00000111111110110000
00000011111111110000
00000011111111110000
00000011111111110000
00000010000010110000
00000010000000110011
00000000000001110000
00000000010001110000
00000000000010000000
00000000000001001000
00000000000000010000
00010000001100000000
10000000100000000000
00000000000000000000
00000001111111100000
00000001111111100000
00000011111111110000
00000011111111110000
00000010000000010000
00000010100000010000
00000010000000010000
00000010000000010000
00000010000000010000
00000010000000010000
00000011111111110000
00000011111111110000
00000001111111100000
00000000000010000000
00000000000000000000
00000000000000000000
00000000000000000000
00000000000000000000
00000000000010000000
00000010011001011001
00000010000000010100
00000011111111110000
00000011111111100000
00000011111111110100
00000011110111110000
00000000000100010000
00000010010100010000
00000010001110010000
00100010001110010000
00000011000000110000
00000011000000110001
00000011000001110000
10011011100001110001
00000000000000000000
00000000000000100000
00000001001000000110
00000000000000000000
00000000000000000000
00000000000000000000
00000000000000000000
00000000100000000000
00000000000001110000
00000000000001110000
00000011000000110000
00000011111111110000
00000011111111110000
00000011111111110000
00000011111111010000
00000010000000110000
00000010000000110000
10000000000001110000
00000000000001110000
00000000000000000000
00000000000000000000
00000000000000000000
00000000000000000000
00000000000010010000
00000000000001000000
10000001100101100000
00000101100001100000
00000011100011110000
00000011101011110000
00000010000100110000
01000010010010010000
00000010000101011000
00000010000100010000
00000010001100110000
00000010001100010000
00000011111001110001
00001011111001110000
00000001110001100000
00000001110001100000
00000000000000000000
00000000001000000000
10000001000000000000
00000010000001000000
00000000000000100000
00000000000000000000
00000000000000000000
00000000000000000010
00000000101000100000
00000000010000010010
00000000000000100001
00000000000000000000
00001000000000100000
00000000000000100000
00000000001100000000
00000001000000000000
00011000000000000000
00010000000010000000
00100000000000000001
00000000000000000000
00000000000000000000
00000000000000000001
00000000000000000000
00000000010000000000
00001001000000100000
00000000000000000000
10100000011111100000
00000100011111110000
00010000111101110000
00000000111111110000
00000001100000010000
00000001100000000011
00100011000000000010
00000011100000000100
00000001000000000000
00000001100000001000
00000000111111110000
00000100111111110000
00000001011111110000
00000000011111110000
10000000000000000000
00000000000000000000
00100000000000000000
00000000000000000000
00000000000000000000
00000000000000000000
00000000000000000000
01000000000000001000
00000000000000000000
00000010100000010000
00000010000000010000
00000011111111110000
00000011111111110000
00000011111111110000
00000011111111110000
00000010000000010000
00000010000000010000
00000000000000000000
00000000000000000000
00000000000000000000
00000000000000000000
00000000000000000000
00000000000000000010
00000000000000000000
00001010000000000000
00000010000000010000
00000010000000010000
00000011111111110000
00000011111111110000
00000011111111110000
00000011111111110000
00000000000100010000
00000000000100010000
00000000001100010000
00000000001100010000
00000011111101110000
00000011111111110000
00000011110011100000
00000011110011100000
00000000000000000000
00000000000000010000
00000000000000000000
00000000000000000000
00000000000000000000
00000010100010000110
00000000000000000000
01000000000100000000
00000000100100000000
01100000000000000000
00000000000000000000
00000000000010000000
00000000000000000000
00000000000000001001
00000000000000000100
10100000000000000000
00000000000000000000
00000000000100010000
00001001010000000000
00000000000000000000
00000000000000100000
00000000000001000000
00000000000000000000
00000000000000000000
00000000000000000000
00000010000000010000
00000010000000010000
00000011111111110010
00000011111111110000
00000011111110110000
00000011111101110000
00000010000000010000
00000010000000010000
00000011000000110000
00000011000000110000
00000001111111100100
00000001111111100000
00000000111111000000
00000000111111000000
00000000000000000000
00000000000000000000
00000000000000000000
00000000000000000000
00000000000000000000
00000000000000000000
00000000000000000000
00000000000000000000
00000000000000000000
00000010000000010000
00000010000000010000
00000011111111110000
00000011111111110000
00000011111111110000
00000010000000010000
00000010000000010000
00000000000000000000
00000000000000000000
00000000000000000000
00000000000000001000
00000000000000000000
00000000000001000000
00000000000000000000
00000000000000000000
00000010000000010000
00000010000000010000
00000011111111110000
00000111111111100000
00000011111111111000
00000011111011110000
00000010000100010000
00000010000100010000
00000010001110010000
00000011000000110000
00000011000000110000
00000011100001110000
00000011100001110000
00000000000000000000
00000000000000000000
00000000000000000000
00000000000000000000
00000000000000000000
00000000000000000100
00000000000000000000
00000000000000000000
00000000101000100000
00000000000000000000
00011000000000100100
00000100000000000000
00000000000000000000
00000000000000000010
00000000000000001000
00100000000000001000
00000000010000000000
10000000000000000010
00000000000000000000
00000000000000000000
00000000000001000100
00000010000000000100
00000000000000000000
00000000000100100000
00000000000100000000
00000000000000000000
00000010000000110000
00000010000000010000
10000011111110110000
00000011110111110000
00001011111111110000
00000111111111110000
00000010000110010000
00010010000101010000
00000000000100110000
00011000000100010000
00000000000111110010
00000000000010110000
00010000000011100000
00000000100011100000
00000000000000000001
00001000000000000000
00000000000000000000
10000000000000000010
00000000000000000000
00000000000000000000
10000000000000000000
00000000000000000000
00000000000000000000
00000000000100000000
00000000001001000000
00000000000000000000
00000000000000000000
00000000000000000000
00000000000000000000
00000000000000000000
00000000000000000000
00000000000000000000
00000000000000000000
00000000000000000000
00000000000000000000
00000000000000000000
00000000000000000000
00000000001000000000
00000000000000000000
10100010000010010000
00000010000000010000
00000011111111100000
00000011111111110000
10000011111111111000
10000011111111110000
00000000010110010010
00000000000100010000
00000010001100010000
00000010001100010000
00000011111111110000
00000011111111010000
00100011110011100000
00000011100011100100
00100000001000001000
00000000000000000000
00000000000000000000
00001000000000001011
00000000010010000000
00000000000000000000
00000000000001000000
00000000000000000000
00000000000000000000
00000000000000000000
00000000000000000000
00000000000000000000
00000000000000000000
00000000000000000000
00000000000000000000
00000000000000000000
00000000000000000000
00000000000000000000
00000000000000000000
00000000000001000000
00000000000000000000
00000000000000000000
00000000000000000000
00000000000000000000
00000000000000000000
00000001111111100000
00000001111111100000
00000011111111110000
00000011111111110000
00000010000000010000
00000010000000010000
01000010000000010000
00000000000010010000
00000010000000010000
00000010000000010000
00000011111111110000
00000011111111110000
00000001111111100000
00000001111111100000
00100000000000000000
00000000000000000000
00000000000000000000
