379
11111111111111111111
11101111111111111110
11110101111010010110
11111111111111111111
10110011111100111111
11111111111101101111
10111011110111111111
10011100000111110011
11111011111011001101
11110101110111111111
01111111110111110111
11101011011111110100
11111101111111111101
11111011111111111111
11011111111101101101
11111111111111111111
11111101110011111111
01111111111111011110
11111111111011110111
01111111111111111111
11111111101111111111
00000000000000000000
00000011110001100000
00001001100001100000
00000011101011110001
00100011100101110000
00000100100110111100
00010110000110011000
00001011000001000101
00100000000100010100
00010010100100001000
00000110001100010100
00100111111001110000
00000111111001110000
00000011110001001000
00010001110101101000
00000000000000100001
00000100101000010110
00000001000100000000
10000001000011100000
01111011001110111101
10111111110011011110
11111111111111111111
11111111011110000111
00111111101111111111
00111110110111111111
01101011101111101111
10001111010111111111
11100110111111111101
11111011111110111111
11111111011111111101
11111111101111111111
01001101111110111111
11111101111101111110
11111111111111101101
11101101011111111111
11111111101011110111
10111111111101111111
11111101111111111110
00000010000000000010
10010000001000000010
01000010000001010101
00011010001000000001
00010111111111110001
00100011110011110011
00000011101111111001
00000010101111111000
01000011010100010000
01011010000100000000
00100000010100010100
00001000000000010000
10100000100110110000
00010000000100010001
00000000011001100000
01000000000011100000
00011000000011101000
00100000001000010000
01100000000000001100
00000000000100000000
00010000010000000001
11111001111101111111
11101111010111111111
10110011110110111111
11011111010111111111
11111000111111111111
10111110111111111111
11101111111111111111
10111110011010111101
11111010111111011111
11010111110011111111
10111111001110101011
11011111111111110111
11011111111111110111
11111101111110111111
10111011111111111101
11100111011101101011
11011111011111111110
10110111110011110101
11111111111011111010
00000001001000010000
10001000000001000101
10000011111010000000
10000001011111000000
00000001111111000000
00000000000001110100
01001000001000101000
00010000101010110000
00100001010001110011
00000100011001100000
00001000001011101100
11000011011111000000
00000011111100010000
00000011010110100001
10001011111111100001
01000000001000000000
00010000101000000000
00001100000000000000
00100101000000010110
10111111101011111110
11011110110110111111
11011111011111111101
11111111111111111011
11101111011111111101
11111011111111111111
11111111111111111100
01111111111111111101
11111111111011010011
01111011111001111111
11111011110110111111
00011111111111110111
11101110111110101111
11011111110001011001
11101011111101011111
11111010111101111111
11011000111111001111
01101111110110110111
11101011101111111110
00100100110001001001
00000010011001010010
01001000100001110110
10000101100001100001
00000011110011110000
10010011100111100000
00000010000110010100
00000010000110010000
00010010000100000000
00100010000110010000
00000101001110011110
01001110101000000100
00000011111001110000
00000111111001100001
00100001110001100100
01001001011001100000
00000101111001100000
01001011000000000000
10000100000100000000
00000100000100010001
00010000001000000000
11111111101111111111
11100111011111011111
11111111110101111111
11101111101111111110
11111010111101111111
11011111111111010111
01111111110111011110
11111011100111101011
11111111111110111011
10011110101111111111
10111111111111111110
11111111111111110111
11111111111101111111
11101111100111011111
11111001011111111111
10111011111101111111
11110101111111111111
11001011111111101110
10111111011110111110
11110011111011111110
11111011011011011111
11000000011000000010
00000101000000000001
00001010101011100100
00000000000001000001
00000001100000000000
00000100000000000100
00000100100000010000
00000001010010000000
10000001111110110000
01000111111111110000
00000011111111110000
01100011111111010000
10001011010010010000
00010010000000111000
00000000100000000000
00000010010000000100
00000000000100010100
10000100000000000001
00000000000000000000
11111011101101001111
10111111111111111111
11111011111111101111
11111110110111111011
01001110111111101111
11111111111111101110
11100111111111111111
11101110111111011111
11111111111111101011
01111111111011111010
11111111111111011111
11111010011011111101
11101111111111111101
11111110111110111111
11111111111110101010
11101110111111111110
11111111111111111111
11101111111111010010
11001111011001110110
00000100000000010100
00010010000000000000
10010000000000000000
00000011000100110000
00000011100001010000
00000011110111010100
00110011110101110000
10000011110111100000
00000001111111111100
00000110010000110000
00000010000100010000
00000010000110011000
00000011001110000001
01000001001000110000
10000011000001111100
00000011100011110001
01000011110000010000
00010000000101101000
01000010010001000000
00000001000010000000
01001010000000000000
11111111111111111111
11110010111101001111
11001111111110101110
01111111111011111111
11001011111111010111
10101010111011111111
01111101110111111111
11111111110011101111
01110100111110101111
10111110111011110110
10101111101111111110
11110111111111111101
11101111101111111011
11111111011011110011
11011111101001011111
11101111110101111011
11111110111111110111
11111011011111111111
11001110111101111111
01000010000000000000
00000001000010000000
10000001100101100101
00001001101001100000
00000011100010110000
00000011100011110010
00000111100011101000
00000110000110010000
10001110010110010000
01100010000100000001
01000010110100010000
00001011101000000001
01000110001100010000
10001000111001110000
00001111101101111000
00000001110001101010
00000000000001110000
01001100000000000001
00110000000000000000
00110100000000000000
01000000001100100100
11111111110111111101
11111111101111111010
10111110111111111110
11011111111110111011
11111111111011111111
11011011111111101111
01011110101111110111
11010110110101101110
11111111111111111101
10111101111011111110
01111110100111101111
11111111110111111101
11111111111110111111
11101101111101111111
10111110111110100111
11111101111101111111
11101111111011101010
11111111111111110100
11111111111110111111
11111000101111111110
11111011111001101111
01000001100000000000
00000010000000000000
00000001101100110010
01100010111111111000
00001011101101110100
01000011111111010000
00000011101001000011
00000011100000010100
00000000111100001000
10000000111100010000
10000111100000000000
00001010111100000000
00000000111111100000
11000011111101110000
00000011111111110000
00100000111011000000
00000011011110100000
00000000000000010000
01010000110000000000
10000000000100000000
00000000001000000000
01000000000000001100
00001000000110000000
00000010000100010000
10000010100000100000
00001001111111110000
01000011111111100010
00000111111111110100
01100010101111110100
10000010010110010000
00000010000001010010
01100010101110010101
00000010000101010000
10010011000010110100
00000011100001110001
00010011000001110000
10110000000100000011
00000001000000100000
00000000101000010001
01000001110000010001
00000100001010000000
00001000000010100100
01000110100010010100
01000000000000010010
10000011111011010000
00000011101110100010
00000101100101110010
11001011011111010000
01001000110100010000
01000010000100110001
00111010001101010000
01111011001100000000
00000010111101111000
00000011110110111010
00010011110011000000
01000011111001100000
01000000000000000010
00000010001000000000
00010000000000000000
00000000000110000000
10011100000101000010
00000100010000000100
01000011000000111000
00000010000001010000
00000010111101100000
00000011100110110100
00000011111001011001
00100011111110110000
00000001011100010010
00000000001100000000
00000100011111001010
00000000011010010000
10000110100011110000
01000001010011110000
11000010100000011000
10000001100001010001
01000000000000000000
01000000010000000000
00000000101001001000
00000000000111000000
