534
00000001000010000001
01100000010001010110
00010001111111100001
00000111011101100000
00000011111110111000
00000011011111110101
00100011111001110000
00000110100001011001
00000011000000010000
10001001100000000010
01001001010000010000
00001001100000001000
00001111000000010010
00101011111011110000
00001110110111110100
11101001011111100010
00011001010111101000
00011010010000010000
00001010110100000000
10100000000000000100
00000000010000010000
00000010000010000000
00000100000110001000
00000010101111010000
00100001111010110001
00101011100111100000
11001001111010110001
00100010100010010010
00010100100001000000
01000000110100011000
10011000100110100010
00100011100110000100
01010011101000011000
00100011111111111000
00000011111001010000
00000001111110110000
10010101110111100010
00100110110000010010
00010101001000110010
01010000000000000001
10001110000100100000
00000000000101000100
00000000000010000100
00100010000111010000
01000010000000100101
10000001110111110001
01100010111011110001
10000011111101110011
00010011111011100000
00011001011111110000
00010011000100000100
00101010100110011000
00001010000110111000
01000010011110010110
00001011001001110000
00001011000000110000
00011011100011100000
00000111101010110000
01000010100010100000
11000000000000010010
00110001110001000000
00000000000100000100
00110000000010000010
00010000010001100000
00000110001010010000
01010010001000010000
00000011111110110100
00000010011111100000
00100000101111010000
00010000011110110000
11000010000100010000
10100000000000110000
00000010001100011000
01100101101100010000
01000011101101101001
01001100111111100010
01010011110001101000
10000011110001101000
00000000000010010110
00101100000000001100
00100110010100000011
00000000000000100011
00110000001000001000
10011001100000000100
00000100000000000010
00000000010000000000
01010100000000100000
00000001000000110100
00000001100001111001
01001010000000110000
00000011011001110001
00000011010011010000
01010011110110100001
00000101111110111011
00000010110111110001
01011010000001111000
01000110000100101000
00010000000000111000
00001001000111110100
00100000001001110000
00010010010000101000
00100000001000000000
00000010000000000011
01000000000100011000
00000101010000000000
00001000000100000000
01000001001000000000
00000100000000100000
10000000000001100000
00001100001011110011
10000011100111011101
00001001000011100100
00000001011110010000
00001011110100000000
00001011111000100101
00010011110100000000
00001000000111111010
00000010000010110000
00000100100011100000
00011000000111111000
00000000010111010001
10000000000101100100
00000010001111011010
01000000000001000000
11001010000100100000
00000010000001011000
11000000000000101110
00000101101110100100
00110101111111100000
00000011101111110000
10000111111111010000
00101000001000100011
01010010001001101000
01000010100000110010
00100010000111000000
00010110000000000100
00000010000000100100
00001110000000100000
00001111011111110000
01001011110101110100
01110001011111101100
00100001011111110100
01000100000011000000
01000000000100011000
00010000010000010000
00010001000010010000
00000100000000000100
00000100100100000100
00001001010000110000
01000100000000001000
00000000001000101100
10000010010001011000
00000010000011010000
00000111010111010001
10110010111101010000
10000011011111010100
00000011111101010010
01000111111111010100
00000000000000010000
00000011000101000010
00011000010000001000
00110000001100000001
00001100000000000000
00010000000001001101
00111010000100000000
00000000000000001100
00000110001010000001
01100000010000100100
00001100010000001000
00000010101111110011
01100001111111100010
10010011100111110100
00000111111111110000
01000010010000110011
01000000010111010000
00000010001001010000
00001010011000111000
00010010100010010000
00010011000010110000
10000011110111011100
00111011110111100110
10010011111100100001
10101010011001100100
10000010000101101000
00000000001111000100
10000110110100010001
00100001000010000000
00100000000001101011
00001000110000000100
00000100000001011100
00000010010000010000
00000010100101110010
00000011111101110000
00000011111111010000
00100111011111110010
00100011010111100100
00000000001000010101
11000010101100010000
11010010000100010100
00001100000100010000
10000000000111110000
00000000000111110001
00000101000011100000
00010100100111101011
00000100100101100000
00001000000010000000
01000000000000000000
00000100000000110000
00000000000010010011
00101000100001000010
00000011101110100000
00000010011100000100
00001011111100000000
01010000111111011000
00000010010111110001
00110000001001100001
00001001001000010000
10100100011010111110
00000100001000100000
00100011110110010000
00010011111111010000
10010001111110010000
10000001110110000000
00001000000000000000
11010010000010000000
00000001000000010000
01001000001011010011
01000110000000001001
11000000000000010110
00000000100011100001
00010101000101100000
00000000110010100011
00010011101011110000
00000010000010000000
00011010100011011100
11100010000100010100
00110100101100010000
00000010011100001100
10000000001100111101
00010011101001110110
10000000101010010000
00000001100011110000
00000001110001101000
10000000010000010001
10101000000010110000
00000000011001000101
01101010010000101000
00000000000101101001
00000011010010000011
00001010000000010100
10000011000000011000
00010001010111110011
00001011110111111101
01100001111110111110
00100111111111111100
00110011000001111000
00101010010010010010
00000010111010110100
00000011000000110001
00000001111111100000
00000001011110100010
00000111110011000010
10000001111111001000
01001100111111000001
00011001001000000000
01000000000100000010
01000000100010000000
00000000011101000011
10000110000010110000
00000001100100000001
00000110001010010100
00011010000011011100
01010001111101100101
10000010011010110101
00001011111111110000
00001000011011110010
00010010010001110100
00000000110100010100
00011000110000110100
00000000001110110100
00000100010000111000
01001000000100101000
01000000000001110100
01010100100000111000
00011000001000000000
00000000000000000000
00000000010001100100
00000000100000010001
10101000000010100010
00010000001000100001
00101000101111100100
00000010101101000000
10000101011010100010
11000100111111000001
01001010000000010110
00000101000000110001
01000000001000010101
10000010001000010100
10000010011100010000
10010010001001010100
00000001101010100001
10010000011110100010
10000011011001011000
01100110110101100000
00100010000000000000
00000000000010000100
00011000000000000101
00000000101000110100
10000000001000000000
00000000000000011000
00000010111110111010
01000011111111111000
01111011111111100100
00000011011111110100
00100000000000010000
01000010000000000001
00010000000100001000
01000100000100000000
11000000001010000001
00010100000100000010
00100001000101000000
00100011111011111000
00000000010111110010
10010011101011010000
00000010111111100000
00001011100100000100
00000000000101110000
00010000100000100100
00000000010100101110
00010000110011000100
00000110010000000000
00111001111000101000
00000000110000010101
00000011010000110001
01000001110110000000
00000010001100100000
00000010000010000000
00000010000100010000
11000011010000010000
10001011101111110000
00010010110111110000
00100001111011110010
00000001001111110001
00100010100001000000
00011010011001000001
00110010000000000000
01000001010100000110
00100111000011000000
00000000000000000011
10010000000000000100
00100010101000001000
00000011000001110001
00010010001100010000
10000011110110100000
10000011011110110000
10000111111111111010
01000011111111111001
10100000000100000000
00100000001101000000
00100011011110000000
00100010011100001111
10000011110011110010
00000011110001110001
00101111100001111000
10000011100001110011
00000100010000001010
00011000000000001000
10100000000000000001
00000000011000000001
00001001000001100010
10000100101000110000
11000000000000010111
00010010100000010000
10000011101111110100
00100011100110110010
00000001010011110000
00000011111010010100
10000101100010110000
10000010010000011000
00000010101000000001
00010010000000101011
00010001100010000000
00010011001010100000
10000011100000000010
01001001101100001000
00001001010001010000
00000000001000001001
01000000000000000000
00100000000000000000
00000011001010010000
01000111110000010000
01010000000100000000
10000111011100110100
00100111000001101000
00000011110010110000
00000001111110101100
10000010011000111010
00000010001001000101
10000010011100000000
10001011011110010011
01001100001110010000
00000110000010011000
00010001001011010001
00101010000111111100
00000011101101110000
00001011000101100000
00001010000001100000
00000010000100000000
01000000100000010100
10000110000000000011
00000000110111000001
01000100011000000000
00010011100000110100
00100011110010110010
01011011010100110100
00100011110011110100
00100000001110000000
00001001101111000000
00011000010110010100
10001010000110000001
00001001111111000000
01010010111100000000
00000001100000110100
00000001110110010000
10000011000000010011
01000010100000101100
00000000000001010010
00010000011000000011
00000001000000011000
01000000010010100010
10001100000001000000
01001000010000000000
00010000111011100001
00000000111111000000
00000001110111000000
00110011110101100101
00000010010001111001
01000001001100110100
10110010000000010001
01100110001000110000
00101010000000011000
10001000000000010000
10001011100010110100
01100011000000100000
01000001100011101000
00000001100001000001
00000001100001100000
00000000000001000110
00000100010000010000
10000000000010000010
00000000000100000000
01000101101000000000
00000100100000010001
00111000111111100100
10100000011010110100
01000010101111110001
11010010110001010000
10000011100000010000
01111001100001000000
00000011001000101001
00000111010000000001
00100011100000010000
10011000100101000001
00000001111101111010
00010010101111110100
00000000011101110000
01010000011111100110
00000001000100100101
01100100000010100010
00000010101000010000
00000111010000000000
01010000010000000000
00010000000001000000
00000011010000000011
00000010100000010000
00001010100000010000
00000011111111110000
11000011101111110000
10000001100001110010
10000011110111010110
10100110100100011001
00000010010100011000
00000010101010110000
10000010000010010101
00010011111101100000
00000011001111110100
00001001110001100110
00000001111011111100
00000000110000001000
01000000000000000000
10000001001011000010
00001010000000000000
10010000000100010000
00000011000000000000
01000011111101110010
11000011011011100000
01010011111111110000
00000011111111100110
10000000000001100000
00001000000010100000
00010100110001000010
00000000000001000001
00100000001110000001
00010000001011001010
00001011111111110000
00100001111110001000
10010111111011101100
01000011111110110000
10010001111100110010
01100100000010101001
00000000100000000000
00000000000000001001
10000001101000000000
00000001011000101000
10000000010010000000
00000001010111111000
10010011111111110101
01001011111110110000
00100010111101110001
00110000000000100000
10000000000011100001
01000001010101000100
00100000000010010000
01000101000001000000
00000110000011100000
00000010011111010001
00000001111001111110
00000001111111100000
00000011111101110100
11000011111101000001
00000010000000010010
00000000000100000010
00000010000110000000
10000010010000000000
