1020
10000010000100000000
00100110000101000000
00000000001010001000
00110000000000000001
00111111101100010010
00001101001011000000
00001110000011110100
00001011100011110000
00001111100011110000
00001111001001110000
00001110000011110000
00001111000011110001
00001101001111000000
00100111111100000000
00100000000000010010
00010000000000000000
00000000000000000000
01000000000000000000
00000000001000000000
10000000000000000000
00000000000000000000
00000010000000000001
00000000000000000000
01000000000000000000
00111100001011111000
00111100010011110000
00111100000011010001
00111100000011110000
00111100000011110000
00110100010111110001
00111100000011110000
00111100000011110001
00111110000111110010
00001110111111011001
00000000000000000000
01010010000010000000
00000000000000000000
00000000000000001000
00100001000010000000
00000000010010000000
00001000010000000000
00000100000000000000
00000100000000010000
00000000000000000001
00111100000011110000
00111111000011110000
00111111110011110000
10111101111111010001
10111100111111110000
00111100101111100000
00110100000010100001
00111100000011110010
00101101000011110000
00111000010011110010
00000000000010010010
00000000100000001100
00000000000101000000
00000000000000111000
00000000000000000000
00000000000000000000
00000000000000000000
00000000000000000000
00000000000000010001
00000010000010000000
00111111110000000000
00001111000000000101
00001111001000000000
00001111000000000001
00001010000000000000
00001111000000010000
00001111000001000000
00001011000000110000
00001111000011110000
00000000000000000000
00001000001000000000
00000000000000000000
00000100000000000000
00000000000000000100
00001000000000000000
00100001000000000000
00000000010010000100
10010011000000001000
00001011000010000000
00011111111111000010
00110100000011110000
00111100000011110010
00110100000011110000
00111100000001110000
00110100000011110000
00011111000001110000
00111101001011110011
00111100000011010100
00001111111111000000
00000010000000000000
00000100000001010000
00000000000010000000
00000000000000000000
00000010100000000000
00000000000000000000
00000000000010000000
00000000000000000000
00000010010000000000
00100000000000000100
00111111111111000000
00001111000011110000
01001111000011111000
00001111000011110000
00001111111111000000
00001011000000000100
00001111000000000000
00000101000000000000
01001111001000000000
00101111110000000000
00000000000100000000
00001000000000000000
00000100000000010000
00000000000000000000
00000000000000000000
00000000000000000000
00000001000000001000
00010000000000000000
00000000000010000000
00001000110000000000
11000100010000000001
00000000000010000100
00100000000000000000
00010100000010000000
00001000000000000000
00000001010000000000
01010000000000000100
00000000000000100000
10010000000001000000
10000000000000000000
00000000010000000000
00000000001000000000
00100000000000100000
10100000000000000100
00000000000000000000
00000000000100001010
00000000000000000000
00000000000000000000
00001000000000000000
00111110111110110000
00001111000011110000
00001111000000110000
00000111100100000000
01001101111100000000
00001110001100000000
00001111000000000000
00001111000000000000
00001111000000000000
00111111110000000001
00000000000000000000
00100100000000010000
00000000000000000000
00000000001010000000
00000100000000000000
00000000000000000010
00000000000000000000
00000000000000000000
10000100000010000000
00000000000000000000
00000100100100000000
01000011111111000000
00000000111100000000
01001000111100000100
00000000111100000000
00000000110100000000
00000000101101000000
00001000111100000000
00000000011100001000
00000000111100000000
00000011111101000000
00000000000100010000
00010000000011000010
00001000000110001000
00000000000000000010
00100000000000000000
00000000000001000000
00000001000001000010
10000000010000000000
00000001000001000100
10000000010000000010
00111111111111000000
00001110000011100000
00101111000001110000
01111111000011110000
10001111111111000010
00001111001111000010
00001111000111110000
00001111001011110001
00001111000011110000
00111111010010110000
00000000000000000000
00000100000000000000
00000010000000001000
00010010000000000000
00000100000000010001
00100000100000000000
10000000010000000000
10000000000000000010
10000000000000000000
00000000100000000000
00101111111111111000
01001111010011110000
00001011000010110000
00001011001000001000
00001011101100000000
00001110001100000000
00001111000001010100
00001101000000110000
00001111000011110000
00111011111111110000
01000000000000000100
00000101000000100001
00000000000000000000
00000010010001000000
10000001000000000000
00000100000000001000
00000000000000000000
00000000000000010000
00000000000000000100
00001111111001000000
00111100000111110000
00111100000011110000
00001111100000000000
00000011111100000000
00000000001101000000
00000000000001110000
00111100000011110000
00101100000011110000
00001111011111010000
01001000000000000000
00000000000000000010
00100010100000000000
00000000000000000000
00000000010000000000
00000000000000000000
00000000000000000000
00000100000010000000
00001000000000000000
10000000000010000000
00001111111111110000
00001110111111110000
00101100111100110000
00000000111100001000
00010000111100000000
00000000111100000000
00000000111100000000
00000000111100000000
00000000111100000000
00000010111111100000
00100000000001000000
00000000000000000000
00100010000000000010
00000000000000000000
00000000000000000001
00001000000010000100
00000000000000000000
10000001000000000000
00000000000000000000
00000000000000000000
00001111111111000000
00111100000011110000
00111100010011111000
00111100000011110000
00111100000011110000
00111100000001110000
00111000000011110010
10111100000011110000
00011100000111110000
00001011111011000000
00000000000000000000
00100000000001000000
00000000000000000001
00000000000000000001
00000000000000000000
10000000000100000000
00000000100100010000
00000000000001000001
00000000100000100000
00000010000000001000
00110100000011100000
00110110000011110000
00111101110011110010
00111111111110110100
00111100111010010000
00110000011111110000
00111100000011110000
00111110000001110000
00111000000011110000
00111100000011110001
00000000000000000000
00000000100001000000
00000000000000000000
00001000000111000000
00000000000000010000
00000000100000100000
00000000000010000000
00000000000000000100
00000001000000001000
10000000000000100000
10111111111111110100
00011111000010110000
00000111000010010010
00001111001100000000
00011110101100001000
00000111001100000000
00001011000000010000
00001111010000110000
00001111000011110000
00111011110111110000
00000000000000000000
00100000010000000000
00100000000000010000
10010101000000100000
00010000000100001000
00000000000000000000
00000100010100001000
00000000010000000000
10000100000000100100
00000000000101000000
00101000000001010000
00000010000100000000
00101000000000010000
00000000000000000000
00000000000100000000
00000100000000000000
00001000000000000001
00000000000000000000
00000000000000000000
00000000000000010001
00000000000000010001
10100000000000000000
00000000000000000000
00000000000010000000
00000000000010010000
00000000000000000100
00000000000000000000
00000010001100000000
00000000000000000000
00000000000000010100
00001110111101000100
00000110000011110000
00111100110011101000
00001111000000000000
01000011011100000000
00000000001100100000
00000000000011110100
00111101000011110000
00111100000010110100
00001111111111000000
00000000000100000000
01000000000000000000
00000000000001000010
00001000000000110000
01000001000000000000
00000000000000000000
00000000000000000000
00010000000000000000
00000000000000000000
00000000000000001100
00011111110001000000
00001111000000100000
00001111000000000000
00000111000000001000
00001111000000100000
00001101000000000000
10001111000100000110
00001111000000110000
00000110000011110000
00111010111111110000
00000000000000000000
00001000000000000000
00000000000000000000
00000000000000000000
00000000000000000000
00000000010000000000
00000000000000000000
00000100000000000000
00000100000000000000
00000000000000000000
00000000010000000000
10001010110001000000
00000111001100001000
00001111001101000001
10111100000011010000
10111010010011110000
00010111101111110000
00111100110010110000
00011100000111110000
00111100000001110000
00111100000011110000
00000000000000010001
00100001000011000001
00000000000000000000
00000000000000000000
10000001000000000000
00000000001000000000
00000000100010000000
10000100000000100010
10000010000000001000
00000000000001000000
00111111111111110110
00011100000011111000
00100000000011110100
00000000011110000100
00000000110100000100
01000011110010000000
01011110000000000000
00111100000001010000
10101100000011100000
00111111111101110000
00000000000000000110
00000000000000000000
00000000000000000000
00000001000000000000
10010000000000001000
00000000000000000011
00100000000010000000
00000000000000000000
00011000000000100000
00000010000000000000
00011111111101110100
00000110000011110000
00001101000000110000
00001111111100000000
10001110111100000000
00101110001100000000
00001111000000000000
00001111000000110100
00001111000011110000
00101111111111110000
00000000100000001001
00000010001000000001
00000000000000000000
00011000000000000011
10100000100000000000
00000000100000101000
00000000000001000000
00000000000000000000
00011000001010000000
00000100000000001000
10111100000011110000
00101111000011110000
01111111110001010000
00111111111101110000
00111100111101110010
00111100000111110000
10111100000011010000
00111100000011110010
00110100000111110000
00111100000101110000
10000100000000000000
00010010000000000000
10000000100000000000
00000000000000000000
00000000000000001000
00000000000000000000
00000000010000000000
00000000000001000010
00000100001100001000
00000000000010000000
00000011111111000000
00100111000011111000
00111101000000110000
00111100000000000100
00111100000010000101
00111110111101110001
01111100100011110000
10111100000011110010
00001111000011110010
00000011111010110000
00000000000000001001
00000000000000000000
00000000000000000000
00000000000000011000
01000001000001000000
00000000001000000000
00000000000100000101
00000000000000000000
00000000000001000000
00000000110000000000
00111111110111110000
00001111000011110010
00001110000000110000
10001110001100000000
01001111101100000000
00011111010100000000
10001011000000000000
00001111001000110000
00010111000011110000
00111111111111110100
00000000000100001000
00001000000000100000
00000010000000000000
00010000100010000000
00000100000100000000
00000100010000100001
00000000000000000000
10000000000010000000
00100000000000000000
00111111101111000000
01001111000011110000
00001111000011110000
00001101000011110000
00001111111111000000
00001111001111000000
00101111000011110000
00001111000010110000
00000110000011110000
00101011000011110000
00010000000010000000
00000000000000001000
00001000000100000000
00000000000000000100
00000000000000000000
00000000000000000000
00100000000000000000
00000000000000000000
00000000000000000000
00000000000010000000
00000000000000000100
00000000000000000000
00000000000000000000
00000000000000000000
00000000000000000000
00000000000000000000
10000000000000000100
00000000000000000100
00000000000000001000
00000000000000001000
00000100010000000000
01000001000000100000
00000000001000000000
00101000000000000010
10000000000000000000
00000000000000000000
00000000000000000000
00000000000000000100
00100000000000000000
00100000001000000000
10000000000000000001
00111100000011110000
00111111011011110010
00111111111101110000
00110111111111010000
00111000111011110001
00111000000010110000
00011100000011111000
00011100000011110000
00111100000001111000
00111000000011110001
00000000000000000000
00000000110001000000
00110000100000000000
00000100000000000000
00100000010010000000
00000100000000000001
00000000000000000000
00000000000100000000
10000000000000000010
00000001000000000010
00010000111000010000
00101011111100010000
00001111001110000000
00111000000011110010
10111100000011110010
00011111111111110000
00110100000011110000
00111000000011011000
10111100000011110000
00110100000011110000
10000000000000000100
00000000000000000000
00000001000000000000
00000000000011101000
00010000000000001000
00000010100000000000
00000000000000000000
00000000000000000000
00001000000000000000
00000000000000000000
00111111111111000001
00001111000011110000
00011111000011110000
00001111000011110000
00001101111111001000
10000111010111000000
00001111000011110000
00001111000001110100
00011111000011110000
00111111000011110000
00000000000000100010
00000000000000000000
00000001000000000100
00000000100000000000
00000000000000000000
00001000000000000000
00000000000000000000
00000000010010000010
00000010000000000000
00000000000000000000
00100000000010000000
00111001110000000010
00001111000000010000
00001111010000000000
00001111000000000011
10001111001001010000
00001111000000100000
00001111000000001000
00011111100100110000
00001011000011110000
00111010111111110101
00000000000000000000
00000000000000000000
00000010000001000000
00110010011000100000
00000000000000100000
00000000000000000000
00001011000010000000
00000000001000000010
00000100000000000000
00000010000000010000
00011111101110000000
00001111000011110000
00001111000011110000
00011111000010110000
00001111111011000000
00001111000011110000
00001111000011110010
00001011001011110000
00001111010011110000
00111111111111110000
01100000000000000000
00000000000000000000
00000010001010011000
00000000000000100000
00010000000000100000
00000100000000000000
10000100000100000000
00000000000000000000
00000000100000000000
00000000000000000000
10000001000000000000
00001101111111000000
00111100000011110000
00111100000011110000
00111100000011110000
00111000100011110000
00110100101011110000
00111100000011110000
00111100000011110000
00111100000011110000
00011111111111000000
00000000001000000000
00000000001100000000
00000000000000000000
00000000000000000000
00000000000000000000
01000000001000000000
00001000000010000010
00100000000000000100
00010000000000000000
00000000000010000000
00111111011111000000
00011111000011110010
01001110000011010000
00001111001010100000
10001111111111000000
00001110001111000000
00001111000011111010
01000011000011100000
00001111001011110000
00111111000111110000
00000000000000000000
00100000000000000010
00000100000000000001
10000000000000000000
00000000000000000000
00000000000100000000
00000100000001000000
00000000000000000000
01000100000000000000
00000000000000110000
01110111111111000100
00111100000011110000
00111100010011110000
00111101000011110000
10111100000101110010
00111100100011110000
00111101000011110000
00111110000011110000
00111100000011110000
01101111111111000000
10001000001000000000
00000000000000000100
10000000000000001000
00000000000000000000
00000100010000000001
11000000100010000100
00000000000110000000
00000010100000000000
00000000000001000100
00001000000000100000
00000000000000000000
01010000000000011000
00000100000010000000
00000001100001000000
00000010010000000100
00000100000000000001
00000000000000010000
00001100000000000000
00001000100000000000
00000100000000000000
00000001000000000100
01100000000000000000
00000000000100000000
00000100110000000000
00000000010000000100
00000000000000000000
01000000000100001000
00010000000000000000
00000000001000000000
01000000000100000000
00000011111111000000
01000111000011110000
00111100000000010001
01110100000010100000
00111100000000001010
01111101010000000000
00111100000000000000
00110100000000110000
01001111000011110000
00000011111111001001
00000001100010000010
00010000000000000000
10010001000001100000
00000000000000000000
00000100010100000100
00000000000000000000
00000000000000000000
00000010000000000101
00000000010000000000
00000111111011000000
00111100000011110000
00111100000111110000
00111100000011110000
00111100000011110000
00111100000011110000
00111100010011110100
00011100000011110100
00111100000011110010
00001111111111000010
00000000000000001000
00000000000001000000
00001000000000000000
00000000000000100000
00000000000000000010
00000000000001000100
00000000000000000000
00100001000000000000
10000000000000100000
11000000000000000000
00000011110111000001
00001111001111110000
00111100000000100000
01011100000000000000
10001100000000010000
00011100001100010000
00111100000000000001
00101100001000110000
00001111000010110000
00000011111111000000
00000010010000001000
10000000000000000000
00000000000000000000
00000000001000000000
00000000000010000000
00100000000010001000
00000010001010000000
00000100000000000010
00000000010000000000
00000100110000000000
00000011111000000000
00011011000111000000
00111100000011111000
00101100000011110000
00101111111111110000
00111001100011110000
00111110000011110000
00111100000011110000
00111100000011110000
00000000000000000000
00000000001000000100
00000000000000000000
00000000000000000000
00000000000000000000
00000000000000000000
00011000100010000001
00000000010000000000
00000010000000100010
00000000000000000010
00000000100000000000
00010000000010000000
11100000000000000000
00010000000000000110
00000000000000000000
00000000000000100001
00000000000010001010
00100001000000001000
00000000000000000000
00000000010000000000
00001000000000000000
10000001000000000000
00000000000000000000
00001010000000000100
00000010000000000000
00010000000000000000
00000110010000000000
00000000000000000000
00000000000000000000
00000000000000000000
00000111001111000000
00001111000011110001
00111110000000110000
00111000000100100000
00111100000001000000
00111100001100000000
10101110000000001000
00111000100101110000
00001111010011110001
00000111111111100000
00000100010010000000
00000000010000000010
00000000000000010000
00000000000000000010
00010001000000000001
00000000000000000000
00000000000000000000
00000000000000000000
00000000000000000000
00001000000000000000
00000000000010000000
00001111111111000000
01111100000011010001
00111100000011110000
00111110000011110000
00101110000011110000
00111100000010110000
00011000000011100000
00111100001011100000
00111100000011110000
00001111111111000000
00000000000000000000
00000000000000010000
00000000000010000000
00000010000000000000
00000000000000000000
00000000000000100000
01000000000000000001
00000000000000000000
00001000100000000001
01010000010000000000
00111111110000000000
01001111010000000000
00001111000000100000
00001111000000000100
00101011100000000000
10001111000010100010
10000101000000000000
00000111100000110000
00001111000011110000
10111110111111110000
01000000000000000000
00000000001000000000
01000000000000000000
00000000000100000000
00000000000010011010
00000000000000000000
00000001000001000000
00000000001000000000
00000000000100000000
00000000000000000000
00010000111000000000
01000011111100000010
00000111001110100000
00111100000011100010
00111100000010100000
00111111111111110101
00110100010001110000
00111100000011110100
00110100000010110000
00011100000011110000
00000001000100000000
00000000000001000000
00110110000001001000
00010000000000010010
00000000000000010000
00000000000000100000
00000000000000000000
00001000011000000000
00001000000001000000
00000000000000001001
00010100000000100000
00000000000000000000
00000000000000010010
00000000000000000000
00001010000000000000
00010000000000000000
00000001100010000000
00001000011010000000
00000010000000000000
00001000000000000100
00000000001000010000
00000000000100000000
00000010100000000000
00000000000100000010
00000001010000001000
10000000000000000000
00001000000000000000
01000000000000000000
00000000100001000000
00000000000000000000
00111111001111000100
00001111000011110000
10001111100010110001
10001111000011010000
00001101101111100000
00001111011000000000
00001101000000000000
00001111010000000110
00000111000000000000
00111110010000100000
00010000000000000000
00000000000000000001
00001000000000010000
01100000010001000000
00000000100000000000
00000100000000000000
00000100000000100000
01010000000000000000
00010100010001000000
00000000000000100000
00111111110000000000
00001111010000001000
00001111000100000000
00001111000000010000
01100111000000000000
00001111000000000000
10001111000000000000
00001111100000110001
00101111000011110010
00111111111111110000
00000110000010001000
00000000100000000000
00000000000000000000
00000100000000001000
00000000000100000000
10000010000000000001
00100011000000000000
00000000000100000000
00000000100100000010
00000000000100000000
10111000000001100000
00111100000011110000
10110100000001110000
00111100000011110000
01111100010111110000
00111100011011110000
00111100100011110000
01111100001011010010
00111100000011110000
00101111111111100101
00000000000000100001
00000000000000001000
00000000000000000000
00000000001000000000
00000000000000000000
00000001000000000101
00000000100000000000
00000000000000000000
01001000000010100000
00010000000000000100
10101101110111110000
00101011111111111010
10000100111100110000
00000000111100010000
00000110111100000000
10100000111100000100
00000000111100000000
00000000111100000000
00000000111100000000
00001011111111001000
00000010000000100100
00001000000100000000
00000000000000000000
00000000000000000000
00000110000000000000
00000001000100000000
00000000000000000000
00110000000000100000
00000010010000000000
00100000000100100000
00001111111111000000
00111100000011110000
00111100010011110010
10111100000011111010
11111100000011110000
00111100000011100010
01111000000011111000
00111100000011110000
00111100001011110000
10001111111111001000
00000000000001000000
00000000000000000000
00000000100000001000
00000000100000000000
00001010001000010000
00100001000000000100
