400
5 8
6 6
13 1
1 12
16 16
12 7
19 15
5 19
4 16
11 15
4 17
2 19
9 19
15 16
14 18
7 19
5 12
4 18
13 4
9 8
20 1
15 19
17 19
15 8
14 19
4 15
17 13
13 11
8 7
8 15
5 13
7 8
10 19
12 19
7 12
20 2
10 14
20 6
12 15
14 5
13 17
20 9
10 12
20 17
18 7
12 3
20 18
10 10
17 2
8 3
13 8
4 3
1 4
9 13
18 2
18 10
19 17
18 8
8 18
5 6
9 3
12 10
20 20
12 13
7 16
19 4
20 16
5 17
6 3
14 4
11 1
1 15
7 5
7 4
13 19
13 13
19 5
13 18
3 13
14 8
10 20
11 3
3 1
4 4
16 10
8 6
9 17
14 2
9 12
6 14
18 5
13 10
3 15
3 17
2 12
16 13
2 8
7 9
14 11
3 2
7 17
8 9
9 5
14 1
15 17
16 17
9 9
9 2
7 2
19 9
10 5
17 3
15 20
4 2
16 8
17 4
17 5
9 11
5 3
7 20
17 8
10 15
8 8
13 20
19 8
20 3
9 15
10 6
18 6
10 7
16 15
15 9
5 5
1 6
14 6
1 3
1 10
8 19
16 18
13 14
2 16
6 17
2 10
17 1
20 4
19 14
10 4
8 5
1 13
17 14
6 10
1 7
6 20
3 11
16 5
1 16
19 18
2 15
12 11
15 7
11 8
8 11
4 5
11 20
4 14
18 12
15 11
6 7
1 20
3 4
13 9
18 19
6 16
10 1
9 18
10 18
11 5
1 2
12 18
11 16
5 20
11 13
15 3
4 19
6 11
9 16
19 11
16 4
15 6
9 6
4 9
7 13
18 16
9 4
15 13
19 1
11 6
20 7
12 5
4 1
10 8
15 15
10 13
11 18
5 11
16 19
11 14
20 5
6 2
19 3
14 20
16 2
12 14
7 10
11 17
14 15
14 17
10 9
3 20
3 9
20 15
1 8
14 10
19 2
15 2
2 6
9 7
1 5
12 6
7 18
10 17
9 14
12 4
1 17
12 17
18 13
14 13
3 5
18 9
3 8
6 1
11 19
14 3
2 9
8 12
12 8
6 5
1 9
17 11
3 3
5 15
5 1
4 13
17 10
17 17
11 7
13 15
16 6
19 12
5 9
1 18
19 13
2 5
19 7
10 3
3 10
5 14
14 9
18 1
1 14
7 3
3 16
19 19
3 18
8 20
2 2
9 1
17 7
2 7
4 6
9 10
15 12
8 10
13 2
6 4
7 6
7 11
4 8
13 7
15 5
19 10
14 7
12 16
15 14
19 6
15 4
2 4
8 17
13 12
7 1
5 18
16 11
8 16
17 15
14 14
20 13
8 1
8 4
19 16
20 14
12 12
17 20
17 12
18 11
16 7
4 10
5 4
18 14
16 3
6 19
10 11
11 11
20 19
2 17
7 7
17 9
8 13
1 11
7 14
11 12
6 12
1 19
5 2
3 6
3 7
18 3
17 6
17 16
6 8
4 7
7 15
8 2
13 6
20 11
6 13
11 2
2 13
20 8
2 14
16 14
2 11
6 18
13 5
19 20
12 9
12 20
5 16
15 18
9 20
11 9
20 12
5 7
18 4
15 1
6 9
15 10
16 9
13 3
4 11
18 15
3 12
2 3
14 12
18 18
10 16
3 14
17 18
11 10
18 20
4 20
18 17
12 2
16 1
13 16
20 10
10 2
14 16
16 20
6 15
5 10
8 14
12 1
16 12
1 1
2 1
2 20
3 19
2 18
11 4
4 12
