350
1922 227
1901 1513
554 1452
754 1687
893 699
1676 563
450 136
1058 1274
1919 397
1855 1398
239 647
1625 93
1436 1300
635 1033
71 941
1344 1205
1088 16
1577 637
890 857
707 1107
1452 600
1146 912
278 560
475 1742
17 626
503 732
560 238
591 1759
1409 508
1538 1024
1156 1049
1344 1018
1865 70
1167 1896
1180 1311
783 350
1965 363
1863 1028
294 1953
379 564
1603 741
450 1296
1809 1207
944 703
1219 1176
1144 1662
36 555
792 1555
1271 1834
833 1305
1887 1923
151 407
1964 1887
628 1000
728 127
1831 1058
1225 1593
1642 1756
480 569
137 1072
932 1610
1035 695
1971 180
30 288
1387 1566
301 187
1536 1617
545 578
47 1884
1808 232
1871 710
455 853
496 848
1584 94
1131 1153
182 1323
1675 926
360 1181
285 454
1962 1004
1356 337
859 1180
718 1127
261 476
1872 1877
1331 1440
77 1138
437 1890
89 982
1345 1604
380 1601
1657 226
1637 1054
1829 1491
363 1723
56 1802
1384 31
1356 233
81 1000
155 29
160 202
687 650
1763 662
526 425
1743 1285
1556 891
911 365
1701 863
72 739
1712 1311
1652 143
342 1090
737 1343
206 608
340 1597
1649 1475
696 10
931 1203
1408 345
32 1023
255 1858
412 1873
1467 1713
16 630
1295 1535
1845 1636
1663 1683
1411 1593
1748 1782
1382 881
271 1090
726 1365
324 1260
677 1753
1553 1062
829 565
1487 1617
1669 1783
857 1721
865 1234
682 1809
1624 776
1968 125
420 346
1809 1668
423 938
711 1463
1930 563
955 728
104 263
802 1502
1353 242
365 289
645 1163
1948 283
1076 695
673 742
9 352
203 1063
1084 698
1375 135
430 1980
562 514
370 245
1558 1999
952 13
1822 165
603 1558
875 413
222 1869
1675 1101
38 1346
772 326
1522 1298
65 1904
1684 309
1966 1129
63 518
788 1853
1716 1900
168 1473
526 1593
1341 1364
139 331
66 1341
844 1070
1030 1691
1702 1831
1543 1367
247 1862
1315 1867
1062 1152
160 1407
1550 377
413 902
201 1330
1882 360
1690 904
152 1225
85 690
50 1237
517 1246
1072 1383
582 1108
613 1482
1832 1601
1775 1985
624 1513
1602 541
676 694
526 896
621 647
856 685
872 1164
1108 1684
1128 1077
1 1079
809 192
920 1316
1755 447
673 1101
1485 1388
1331 1100
335 1989
997 913
793 1919
279 882
333 279
314 1284
64 899
1126 494
515 246
156 656
853 1012
1757 445
861 1431
1474 1467
1979 1406
1930 1870
726 1492
112 1721
813 1815
885 1721
1258 964
538 1807
819 1950
1185 1217
58 1265
1815 571
1343 127
825 1537
101 1955
1832 636
1648 1152
1583 764
890 1245
1780 971
1211 1455
1619 84
1878 1753
875 714
252 1469
325 1228
131 1511
1339 238
533 1265
1434 1168
238 226
1625 1475
390 1436
363 64
480 784
1892 1486
24 1228
1820 457
1240 11
1733 1279
1042 1922
1653 1715
1669 678
153 1883
244 1472
952 1731
601 764
1792 1664
1663 379
404 1864
1715 1956
1404 897
853 832
888 1136
950 1412
584 1590
1429 1088
332 1680
170 770
743 547
1857 1102
812 1430
1077 402
335 1695
490 1414
1905 71
1374 922
334 1651
860 1281
288 233
1180 1947
1961 544
1217 55
1594 1934
1697 104
658 81
315 1825
509 280
119 284
320 875
1455 1289
1125 404
799 155
1763 1007
771 898
1545 1668
662 1917
1460 1853
1771 1228
729 1104
872 1309
512 1151
125 621
1598 109
740 1869
1874 1320
705 63
388 395
1895 442
1834 1035
873 1321
247 1177
692 1934
1741 42
20 321
1091 1627
881 1326
1977 1232
1356 1783
1701 560
518 926
186 1961
1950 1107
