300
291 202
202 279
268 218
221 221
288 211
253 237
205 293
210 242
262 235
216 217
242 234
257 229
228 268
218 240
258 223
244 228
268 215
230 225
201 250
262 234
235 210
267 213
212 268
286 211
268 201
292 201
259 220
275 222
242 254
234 266
246 242
249 207
223 260
249 212
228 207
212 255
224 260
201 235
255 239
208 221
287 213
232 231
248 204
232 261
300 201
289 205
242 222
258 228
215 205
288 206
216 284
204 238
279 201
275 209
289 209
257 233
281 217
221 223
295 203
218 278
217 206
239 236
244 254
224 245
202 211
201 217
211 203
256 240
207 228
223 274
212 270
271 227
268 230
221 249
244 222
257 226
245 252
219 272
291 204
247 250
253 222
210 257
250 233
253 227
296 204
252 204
255 210
213 218
284 209
258 217
217 203
234 223
291 203
277 209
217 225
284 205
293 203
292 204
289 210
220 233
294 205
262 236
295 204
213 268
231 249
218 239
274 214
283 211
276 215
201 292
219 265
217 209
225 205
298 201
246 250
218 207
284 202
283 217
268 203
261 216
259 218
204 233
202 205
227 265
269 202
256 241
212 247
237 237
244 230
265 210
266 217
225 242
261 236
264 208
232 215
264 213
256 229
241 249
254 214
228 216
235 254
214 240
236 232
204 277
204 266
207 265
216 227
225 258
223 268
298 202
211 255
290 207
226 222
249 241
259 231
202 291
259 207
239 258
265 215
274 218
210 273
238 216
202 234
251 249
288 208
260 231
227 263
208 269
266 223
250 234
259 204
282 218
203 245
239 247
215 242
256 223
214 265
201 263
274 223
224 226
220 259
225 264
239 246
251 248
283 206
294 206
278 208
281 203
244 231
283 210
231 258
220 204
272 213
238 224
294 204
211 216
241 229
292 208
245 241
223 230
659 641
671 606
692 605
634 623
607 616
691 604
700 601
641 642
655 636
609 644
635 612
665 627
667 619
667 604
630 662
651 644
689 603
607 674
673 611
614 669
657 602
617 647
616 648
627 652
636 623
618 658
654 638
645 612
639 607
633 646
657 638
604 660
667 626
603 679
656 626
686 611
615 601
630 629
671 619
676 622
634 620
671 623
650 605
690 609
678 620
665 613
677 616
697 602
645 655
624 601
658 604
673 620
610 602
613 671
667 630
669 601
618 633
679 615
650 635
650 614
658 607
662 613
683 610
678 606
657 601
627 611
611 689
686 603
602 696
602 667
687 610
668 602
610 642
672 617
616 619
637 630
607 618
606 680
645 635
677 623
672 618
617 660
661 607
640 628
688 601
651 648
655 610
656 631
644 624
642 647
689 606
698 602
633 629
657 608
615 628
615 673
696 602
658 624
650 649
602 637
