400
988 269
779 312
672 758
352 472
552 63
555 662
102 474
868 905
390 889
794 586
57 496
945 841
281 496
998 311
644 147
680 794
283 915
454 839
261 3
39 790
538 55
439 332
462 299
627 62
193 927
548 112
941 971
585 366
456 490
158 290
650 309
607 920
771 126
6 21
34 245
85 972
112 734
894 382
396 266
379 992
421 456
525 877
385 943
213 488
145 24
461 565
609 98
192 446
924 731
198 814
374 584
445 399
383 30
381 681
545 698
401 115
63 758
131 914
537 213
678 917
470 979
506 582
429 43
102 622
249 464
77 330
196 524
858 109
488 780
642 255
82 326
751 507
142 20
53 412
79 987
606 18
584 147
176 945
547 76
788 352
281 967
970 835
948 974
842 795
595 726
699 285
712 287
267 902
708 337
258 719
223 880
408 814
673 222
634 415
935 538
477 196
589 786
487 756
607 251
697 807
906 518
857 110
670 124
570 688
845 709
996 336
712 911
274 982
952 805
325 907
93 176
182 372
772 375
516 671
683 79
504 151
653 708
700 225
724 787
61 910
668 43
797 921
821 506
176 856
668 406
974 494
54 141
693 753
458 93
229 317
215 587
127 490
97 760
95 279
171 632
924 269
321 150
472 289
356 497
867 426
101 438
589 405
382 993
586 868
311 207
78 588
774 309
208 142
533 40
189 80
840 420
123 124
983 751
116 412
654 123
882 341
560 223
458 25
171 697
214 904
21 888
798 532
465 188
173 81
287 823
413 592
93 320
402 488
861 469
103 416
583 29
536 901
386 985
150 895
47 624
714 701
315 215
402 354
920 572
228 941
715 287
475 932
821 907
289 32
195 838
87 584
543 266
927 68
951 860
517 712
169 552
3 760
945 172
188 416
305 214
360 6
206 519
367 377
446 160
92 81
256 294
5 357
465 291
931 456
659 886
691 331
225 665
779 233
699 651
731 237
317 275
340 221
178 512
362 359
925 466
898 619
346 182
76 331
812 968
210 336
946 8
84 761
435 552
521 933
395 448
892 489
183 322
715 187
83 165
14 466
741 620
580 285
797 752
799 257
575 565
203 638
276 79
391 168
550 210
492 325
881 267
810 4
663 327
819 158
400 281
159 443
913 821
788 372
975 160
955 44
281 761
133 945
147 857
589 876
852 42
733 534
37 717
906 767
47 670
763 48
645 573
911 189
987 674
956 834
275 468
604 757
985 635
2 497
88 5
934 362
156 856
68 338
775 314
883 922
155 136
441 425
360 658
671 762
44 190
296 278
124 647
91 617
274 678
595 192
658 94
965 263
806 867
102 174
37 481
723 769
342 917
528 513
121 59
115 375
694 790
806 967
981 572
39 1
267 784
478 582
449 602
501 369
678 698
219 134
798 546
693 761
491 611
481 195
535 207
205 398
78 296
261 822
334 23
354 442
613 254
998 877
84 911
642 627
181 375
589 966
62 742
337 511
17 221
537 6
240 437
182 355
871 940
220 419
706 688
223 630
493 795
282 941
214 311
772 141
252 332
158 74
866 213
485 786
867 159
715 142
905 992
568 929
275 358
20 990
646 162
114 411
620 521
241 298
526 997
554 172
362 410
658 519
277 3
243 511
518 240
814 451
230 21
168 959
28 594
784 426
740 945
775 787
236 951
564 124
735 70
931 136
511 854
598 19
395 67
3 766
981 689
417 440
948 579
67 437
395 97
412 270
602 443
238 917
117 12
724 254
589 540
130 605
233 318
272 946
349 265
435 787
794 133
886 272
821 627
631 516
175 723
587 725
876 969
815 116
568 36
975 179
867 320
658 308
591 859
752 330
