500
18 219
5 230
309 41
498 243
192 441
218 148
324 402
89 296
25 84
27 4
397 272
154 228
368 58
317 314
488 268
363 483
51 406
381 422
375 119
359 134
322 463
451 431
377 477
324 215
366 328
278 435
153 51
90 362
373 146
290 69
51 41
325 266
172 203
301 368
26 390
276 446
429 336
287 446
116 353
77 324
411 152
224 478
486 367
116 122
299 64
488 500
27 247
467 63
82 132
321 21
30 186
385 391
500 225
349 446
406 65
364 199
54 492
180 312
481 87
253 74
78 143
44 338
350 213
439 53
374 43
14 288
292 411
91 385
411 127
278 138
248 228
468 118
83 114
476 70
364 158
287 485
31 42
103 268
92 340
154 116
29 117
469 27
358 53
60 49
429 365
228 182
288 34
435 65
175 110
460 338
3 106
269 326
372 250
329 424
469 112
295 337
419 359
291 53
415 175
228 204
212 91
368 192
310 255
79 225
399 401
493 156
405 31
17 271
203 82
400 399
336 87
305 2
309 105
98 130
292 418
295 377
309 283
387 235
239 238
478 486
212 236
452 16
217 115
112 197
18 180
10 234
188 404
398 102
351 18
26 477
456 2
225 294
157 250
484 330
142 412
477 442
464 193
230 362
229 118
404 183
202 18
368 426
162 279
50 331
91 89
226 267
17 226
250 390
89 127
379 450
225 279
186 387
395 178
238 95
370 375
5 14
29 395
201 424
35 5
3 85
464 138
365 124
224 465
366 297
322 379
303 21
336 425
480 318
135 422
398 65
209 303
296 176
166 439
248 131
224 454
267 463
296 313
125 127
467 173
337 354
470 298
5 421
462 10
500 438
205 489
151 77
458 395
422 359
168 106
266 402
288 78
115 269
302 88
204 307
278 384
189 103
32 3
251 484
232 273
154 151
18 268
453 390
468 221
293 454
482 181
27 46
425 404
87 9
91 268
316 148
328 207
217 288
402 444
318 493
415 33
115 64
375 476
275 213
230 431
86 58
447 275
319 324
475 39
488 392
159 486
189 89
429 331
479 356
361 396
4 189
421 184
319 488
470 161
104 212
377 254
242 471
289 330
445 453
418 168
390 330
395 200
68 19
33 23
301 457
85 465
119 261
300 200
471 437
386 195
442 4
181 495
470 193
128 115
225 99
375 54
128 438
78 199
214 284
235 127
272 445
136 83
491 356
244 134
40 128
98 282
308 159
57 38
243 430
474 225
492 385
107 37
305 35
378 100
402 179
268 67
250 378
470 11
460 70
84 115
261 480
469 452
236 201
59 344
300 91
226 86
97 384
17 36
289 142
354 346
425 455
7 344
355 14
431 337
387 454
292 351
135 117
257 62
275 106
382 454
145 287
174 452
407 124
146 50
214 485
458 211
90 316
467 36
476 317
256 480
143 13
481 129
428 366
106 301
489 305
362 487
48 333
1 402
301 85
177 152
477 490
30 296
218 417
304 302
264 453
71 184
119 204
405 313
172 255
54 182
460 179
474 138
45 245
278 347
178 202
436 497
244 290
304 28
150 368
314 377
139 291
394 23
219 437
458 346
164 17
27 49
285 66
335 183
437 246
468 24
451 360
386 316
446 217
401 165
239 231
435 73
285 404
133 398
364 75
175 247
467 88
345 72
74 255
204 474
292 259
423 498
46 401
132 419
277 310
336 293
354 24
244 284
151 67
85 39
490 435
230 117
411 107
216 251
456 487
477 441
443 410
388 163
410 117
420 193
201 309
11 324
382 213
460 479
453 259
440 3
49 287
441 131
89 416
238 412
73 458
194 94
486 31
497 241
500 254
137 105
443 157
221 499
223 222
442 205
173 161
277 176
9 353
264 46
362 58
402 213
85 316
34 19
287 155
275 282
293 11
309 199
496 1
153 389
293 425
189 90
56 159
68 273
351 309
296 193
355 284
88 135
167 165
317 383
474 18
137 164
278 42
104 96
120 190
380 390
26 151
341 336
115 340
173 335
75 285
275 484
459 44
68 490
7 57
4 427
444 59
390 93
464 452
330 498
338 278
371 229
369 181
181 228
129 496
343 234
196 361
80 409
332 492
2 419
311 2
195 474
356 422
231 104
371 298
437 182
439 20
481 458
285 249
128 124
140 120
220 166
243 75
229 35
395 486
444 389
302 460
133 423
137 451
248 58
37 95
13 5
480 375
459 461
253 43
245 464
458 411
339 158
261 414
383 8
337 87
337 196
216 345
199 251
480 197
418 146
16 305
289 402
281 6
443 448
269 205
236 264
158 269
