400
38 4681
1356 1857
4254 1438
1045 3389
1421 3952
3536 4577
599 2029
957 1897
1268 3003
1488 2775
2756 1576
452 433
316 4719
1260 4185
4884 514
4490 311
1051 2366
887 1203
281 2481
1553 2905
3899 1015
1118 3721
2892 4806
2175 4047
4042 2092
1754 77
4434 2118
3112 1543
3860 1052
3634 1143
2154 3090
2117 820
997 3187
1220 2533
2206 297
3357 3696
2054 2542
827 4928
3652 3207
3445 272
1903 3974
4470 2541
3096 4296
3103 3952
3630 3324
4335 4693
4936 3283
4441 4590
4100 717
2876 524
2240 4494
3877 4758
150 1990
3540 1824
3256 2351
661 4138
406 3241
2112 3987
3534 4986
1045 2047
2719 3508
3692 98
3684 977
3061 3077
2241 564
287 3138
2755 4215
1936 866
108 4849
4037 1313
2238 1887
1123 4993
2758 1516
1063 1516
694 594
3966 996
1876 610
939 905
4009 588
980 3519
4958 366
1788 1615
1275 3133
2765 2580
1502 3640
1006 3582
1287 996
3540 2964
4825 2451
1613 509
4681 2060
301 1746
4504 665
4217 3941
1681 1061
2610 3934
4444 4793
4622 478
481 4452
3002 1237
1567 2914
2042 2099
1250 3391
3024 3960
130 1731
2956 4630
755 4854
4888 1028
1665 1742
573 4315
2623 876
3766 3123
549 543
4937 2531
3214 908
690 3958
191 4256
3645 3615
3128 2315
1095 4674
4849 2073
3195 824
4332 3977
3976 1352
2076 3939
961 417
2914 3040
1671 666
779 1350
2789 3859
2466 4769
277 3646
4919 1279
1220 3158
3080 542
680 2575
2818 3223
4338 4316
984 3962
215 1011
2109 4387
240 3917
3793 94
4956 1927
297 2977
2139 3830
1388 2831
2621 3982
952 4629
4082 4041
2421 378
1110 918
527 1961
2298 3614
1440 3871
2665 4078
795 2246
2176 4769
1651 4109
3654 3048
1921 3216
854 89
3288 1423
4982 4431
1149 1983
448 2857
2621 3661
3124 3738
2122 2096
1898 505
1586 2300
1791 408
4819 3710
4441 1205
3038 1689
4208 956
1126 1894
707 3567
1628 1409
1028 238
1024 3050
2444 4480
308 1759
3868 848
4407 4469
1863 60
2463 2376
4465 637
3523 2003
3614 4741
4659 3968
4466 3357
1042 868
2379 3474
27 3177
836 2431
3745 4569
1102 2065
2265 572
1891 2848
1840 1953
4827 629
267 1756
3964 1182
3906 2379
178 173
3375 1610
3682 3737
2459 4025
456 2301
2262 1652
884 2816
140 311
1358 2050
433 530
2152 1114
1537 4450
2328 3845
1353 2628
4971 4242
622 2124
3526 578
1205 4812
2516 1366
3818 2285
3431 821
2265 1289
4061 3982
3692 1078
2059 4153
1906 1595
1013 2806
3271 3897
4813 4620
2231 1712
3577 2796
982 558
1954 2315
322 3302
3035 1294
1220 3597
3701 3088
4122 1072
4658 4301
539 4702
952 1372
3937 3262
1246 865
4468 4259
1632 1149
4567 261
2279 605
4953 4027
2665 24
3057 1339
3712 4353
3421 2945
2573 1436
2080 4519
3377 2924
4477 1049
4696 4989
3935 4555
2024 4013
214 1533
1045 4909
184 4055
4978 2212
158 913
1770 1626
1897 2714
4425 2153
1834 2340
256 1483
538 4677
2322 4784
1957 2015
3853 4564
4465 4029
3932 1753
3248 3747
216 655
1060 3409
1984 2940
1876 1627
4283 3323
4484 747
1461 2091
526 827
869 2126
4053 4126
5 594
2086 1525
2891 2942
3246 4772
3957 4369
3967 963
215 1427
4330 3169
12 3894
3045 3612
4128 4600
3616 3292
2511 2340
1223 4481
2435 544
2339 4977
1345 1850
1629 540
186 1245
3157 4403
493 2928
425 270
1019 3544
2286 2709
2183 1959
4255 1340
4132 3220
2251 2733
1673 1857
3306 1409
1885 2198
264 3871
2666 829
5 2047
3020 3881
2230 70
3344 4275
3330 791
1510 1607
2375 938
3024 4804
3754 1319
1029 230
3499 984
4451 379
3813 1749
53 828
2855 1982
1699 589
4292 1068
2580 3535
3656 3455
3714 1039
1048 3680
4479 3498
2201 1294
3470 876
2448 2083
462 4957
627 4493
2755 3426
2436 2670
1684 3457
293 13
2581 4968
4221 4655
3960 1175
781 770
4219 1631
4601 2121
1621 379
4524 1747
861 4405
3898 4201
1978 11
2061 4237
4903 2296
1525 3373
425 390
2917 3201
854 3588
2182 1890
1161 1052
2106 2758
3877 239
2667 1331
3537 1697
2259 4799
3942 403
4320 271
4028 1280
1380 726
616 4073
1088 89
3831 212
1221 1312
3469 1849
3220 3890
2089 695
1291 4694
3116 1836
1580 3556
4736 177
3481 2482
2867 4661
2587 4923
3974 2937
2321 3999
1024 1617
