400
304 426
264 471
338 401
228 456
309 410
348 401
312 404
346 401
232 454
253 441
343 401
255 486
208 407
329 402
292 403
350 401
291 425
219 469
269 425
347 401
280 468
233 433
207 427
271 420
297 444
301 430
329 401
275 469
212 449
349 401
260 489
261 411
278 462
264 443
206 538
268 421
235 457
267 459
311 404
278 430
302 418
266 415
243 456
279 420
232 509
240 423
338 408
248 444
279 453
338 407
305 417
322 426
329 406
295 433
251 415
278 432
229 497
343 406
212 422
296 419
254 453
201 501
348 402
263 479
213 416
240 499
206 418
222 486
307 421
323 420
275 425
221 489
221 412
260 419
237 404
282 442
288 434
243 461
211 497
271 412
322 421
207 522
328 405
278 441
301 417
241 418
300 421
328 418
274 419
201 511
243 459
252 486
215 485
266 414
249 492
247 414
296 420
347 402
282 434
208 431
323 409
257 445
242 424
272 422
344 405
325 408
295 451
340 401
213 435
346 402
258 457
313 414
216 440
329 404
277 450
272 470
224 425
218 457
263 452
307 417
253 453
302 448
269 449
208 477
341 403
296 438
292 443
334 408
221 447
259 427
285 433
309 441
215 459
253 444
266 436
295 427
277 467
310 406
290 421
333 410
321 423
213 529
221 461
236 480
347 403
302 404
260 403
279 426
208 536
320 421
267 464
225 520
301 444
215 437
236 512
313 435
262 419
288 424
227 432
269 447
242 507
342 406
201 458
274 413
251 417
210 461
265 426
262 426
234 437
208 491
279 445
204 503
241 419
270 417
274 431
341 405
319 414
300 407
289 445
284 402
203 543
246 437
221 469
300 410
225 424
323 405
334 412
300 409
331 403
255 435
281 421
328 408
310 421
267 427
236 401
251 426
346 403
291 407
226 434
244 436
670 409
678 426
721 406
677 449
648 490
605 523
627 509
626 513
660 456
634 474
693 432
733 410
631 459
704 418
715 435
707 410
613 432
687 456
662 408
684 448
745 403
687 410
671 459
608 523
654 427
675 473
726 410
684 403
732 405
662 457
635 415
730 407
653 443
629 493
679 453
674 437
650 407
695 444
722 420
700 409
744 401
621 503
681 449
725 411
743 402
608 425
655 487
673 456
653 466
672 468
663 485
654 472
606 542
682 458
700 411
603 492
655 415
662 480
728 406
648 482
673 429
747 403
642 450
685 441
620 406
675 441
603 525
644 406
726 421
735 408
607 531
619 454
611 475
647 495
717 421
708 411
749 401
617 436
622 487
734 405
708 417
723 420
636 413
718 403
742 406
686 464
690 442
660 460
635 481
688 401
650 431
640 435
750 401
687 409
607 468
663 467
729 405
675 407
652 428
624 437
746 403
642 462
664 459
635 475
657 476
698 437
618 521
603 417
643 465
639 436
611 493
613 527
736 409
602 436
730 404
680 458
735 413
660 429
673 449
746 404
666 453
686 436
680 442
701 440
629 512
621 434
689 414
627 461
711 426
654 426
674 420
612 522
687 436
677 440
664 482
625 524
676 452
687 412
677 456
616 487
603 503
731 404
629 481
659 485
650 475
629 500
601 440
706 426
725 406
620 433
624 438
637 476
727 412
688 459
623 477
696 402
721 424
704 409
713 401
741 409
726 423
632 464
680 403
713 425
644 497
743 404
687 460
652 442
668 477
655 458
680 401
694 419
725 408
679 442
649 447
679 412
661 466
706 441
716 416
689 404
655 452
674 471
655 490
729 416
682 427
710 407
708 424
671 419
622 502
705 430
605 424
617 482
633 457
624 501
664 456
709 433
688 436
678 410
745 402
644 472
