350
476 148
35 263
372 51
82 255
285 275
138 76
345 44
418 157
287 328
255 31
164 249
183 141
245 457
120 373
228 64
395 17
153 437
152 120
180 465
400 416
91 88
199 306
178 204
283 70
405 251
105 288
471 66
88 149
189 330
89 118
293 194
349 160
87 397
433 469
68 472
438 411
404 354
481 134
429 474
223 38
26 167
459 79
47 473
36 88
161 153
99 67
271 11
460 174
385 334
77 334
89 38
424 188
5 353
267 337
389 107
107 73
233 456
307 60
45 132
166 163
169 28
471 380
305 213
262 82
104 198
363 5
498 22
410 211
130 8
418 461
52 244
136 207
61 137
214 153
324 95
447 96
175 196
103 485
240 388
117 421
257 79
147 37
255 170
278 457
465 379
371 313
116 419
334 484
499 369
328 47
444 306
175 124
93 40
475 72
126 13
216 245
309 206
365 250
22 120
240 423
151 170
144 469
481 55
56 465
488 453
372 196
168 98
473 499
290 82
142 100
214 457
77 123
177 450
29 232
165 403
332 119
282 224
332 269
250 466
486 228
422 329
147 318
465 194
294 490
86 488
238 292
461 479
47 138
234 323
229 335
252 436
421 70
406 26
107 318
231 356
134 365
150 80
34 399
3 211
419 380
256 60
474 137
23 230
301 392
302 477
136 176
54 31
202 318
22 199
221 490
434 321
340 484
472 429
491 190
156 153
455 469
25 244
142 389
263 250
343 1
160 204
496 139
46 389
197 421
83 9
3 421
71 348
269 209
143 236
54 206
1 417
340 72
74 126
108 68
245 471
3 95
39 437
134 372
407 100
257 451
496 362
360 14
58 312
418 178
369 7
337 229
316 290
339 20
35 431
320 461
236 214
441 322
121 251
455 291
16 146
61 496
121 305
277 438
16 481
110 47
311 386
34 308
85 448
43 159
495 27
303 118
209 191
143 344
45 359
438 76
459 402
115 162
269 25
319 127
265 12
496 486
82 157
414 255
493 460
375 350
492 421
158 357
335 7
427 341
399 117
146 173
22 128
256 67
208 348
127 280
332 454
56 182
249 245
326 148
428 284
84 472
20 261
67 260
494 155
434 5
227 21
214 293
196 481
145 348
155 245
420 364
446 247
98 336
332 217
198 333
483 269
245 417
23 335
289 176
264 19
138 47
26 207
359 414
174 4
275 154
282 323
498 109
38 220
258 166
302 280
34 418
452 157
266 95
400 73
160 218
430 374
338 191
244 452
375 277
353 132
464 153
215 333
235 11
242 92
499 404
87 280
417 281
334 76
380 430
3 46
96 265
477 386
162 179
283 173
135 393
333 191
361 27
33 164
87 334
398 476
113 300
64 206
9 62
331 48
148 361
136 462
90 464
95 111
66 267
1 429
88 34
416 398
441 474
265 348
85 106
46 373
222 117
67 186
49 167
346 486
459 346
58 175
213 225
178 496
335 227
204 419
263 241
109 360
7 207
398 56
340 119
430 175
273 135
381 489
355 270
487 190
33 354
479 175
115 224
320 379
81 347
156 482
266 318
120 74
193 456
368 100
40 433
499 164
42 151
243 25
321 308
65 354
415 373
64 95
24 404
