300
272 627
263 629
251 623
203 640
254 605
285 614
211 638
249 612
299 601
228 657
283 601
203 690
239 630
247 603
288 610
227 644
277 621
237 618
235 626
269 628
250 627
276 615
296 601
282 617
241 606
272 607
211 667
215 643
224 647
256 605
242 648
271 606
271 603
246 603
246 608
294 606
268 622
255 628
293 603
257 614
246 616
255 626
203 668
207 624
231 643
237 646
243 605
290 602
215 630
219 649
249 607
256 607
281 602
278 617
247 618
206 687
262 623
249 633
229 639
290 606
216 623
232 640
234 614
273 614
256 641
209 605
204 661
221 667
274 626
257 609
233 642
213 682
222 648
259 621
216 641
211 628
275 611
290 601
262 624
257 608
254 630
223 644
229 631
241 602
241 658
222 657
260 614
267 627
295 602
232 607
273 612
241 628
283 606
256 620
292 601
263 617
277 620
202 606
228 631
208 663
240 618
241 659
263 603
280 612
232 608
267 602
254 604
252 618
237 605
282 606
219 636
274 625
229 654
202 655
218 607
225 643
238 641
255 601
273 610
258 602
246 614
209 690
232 641
235 645
268 606
298 602
260 629
282 616
247 645
245 635
292 606
221 623
234 650
230 604
210 678
210 650
211 617
254 620
279 619
211 641
205 607
232 644
279 603
253 612
297 603
288 611
265 603
217 682
283 608
204 689
233 609
248 623
231 601
286 602
290 610
255 643
203 684
259 634
300 601
206 690
208 686
284 612
202 698
271 625
246 641
277 618
288 603
222 614
225 605
227 611
202 680
286 610
279 620
262 633
285 607
260 635
245 617
270 628
205 644
269 629
270 627
210 685
297 602
218 615
203 683
252 631
280 603
250 632
259 604
250 602
239 612
294 603
265 622
234 623
253 621
230 634
280 608
247 652
256 622
282 608
637 221
604 216
646 229
680 201
662 211
607 293
648 201
643 208
663 229
648 208
620 261
664 236
614 208
696 203
658 233
610 285
610 212
611 249
666 231
659 211
619 253
627 249
666 224
679 206
646 214
644 237
602 207
664 206
616 249
685 211
635 262
668 215
607 273
699 201
668 219
623 220
653 242
695 202
617 233
657 226
605 256
667 223
675 221
626 244
655 228
653 211
605 257
700 201
632 247
661 212
655 238
656 204
671 215
639 254
689 211
648 249
654 207
660 211
695 205
686 207
646 221
672 214
653 215
640 208
660 238
696 201
601 266
665 214
654 225
633 201
646 247
615 205
691 209
659 215
639 219
687 205
602 239
667 214
653 213
634 232
642 220
672 220
659 202
670 202
691 208
610 204
694 206
603 250
637 226
682 205
678 219
662 217
623 211
670 217
662 204
690 208
616 252
645 241
666 205
678 213
