300
87 40
60 55
71 74
6 56
8 66
32 95
33 65
2 23
27 85
45 81
19 19
81 48
19 53
59 24
21 73
74 8
38 62
50 46
15 84
60 100
86 18
64 27
8 73
47 99
50 36
26 70
59 73
15 22
96 51
18 73
53 94
26 10
35 38
14 12
46 3
87 21
37 45
84 46
65 8
89 36
23 36
55 24
79 65
95 72
7 55
35 10
21 90
99 17
10 92
4 20
85 86
47 71
30 66
62 70
74 84
16 99
75 25
42 36
22 91
59 3
65 49
88 32
68 62
12 97
88 76
89 91
97 68
62 3
23 29
82 70
47 91
81 57
26 68
14 54
73 25
16 21
76 43
69 85
74 90
51 19
84 70
52 99
86 60
22 78
68 8
44 70
36 98
100 81
86 59
12 77
56 17
35 36
34 76
85 71
62 33
65 57
3 83
93 70
98 52
80 56
5 6
64 49
33 54
57 46
57 22
93 58
36 96
56 62
26 16
61 44
95 26
71 88
41 51
26 83
16 13
56 2
65 54
74 36
72 82
1 30
28 6
31 5
19 69
79 14
28 57
36 10
77 85
51 90
85 40
83 72
69 90
38 83
70 12
21 16
26 87
48 14
83 92
13 77
52 23
75 11
7 23
64 31
51 100
53 45
13 43
10 23
22 6
75 71
32 67
67 24
10 50
77 82
94 85
44 86
21 21
77 77
22 65
16 19
3 44
89 41
92 79
69 75
84 64
86 39
55 35
91 52
79 31
33 21
25 21
43 98
55 4
85 36
21 63
79 41
57 65
38 65
81 99
37 21
1 46
52 65
33 59
87 42
29 68
30 22
28 63
47 32
22 93
65 17
42 25
54 16
80 90
45 9
29 80
7 5
64 10
22 28
49 12
64 90
96 76
43 77
50 2
5 60
31 85
48 52
16 87
58 18
79 23
20 69
76 27
89 26
100 93
10 13
79 92
48 46
57 49
16 85
25 58
85 7
31 56
30 75
63 12
25 73
1 49
37 43
54 73
7 37
81 10
95 4
89 29
79 13
30 61
58 43
78 79
69 51
14 61
73 26
93 93
4 59
33 27
39 31
81 81
100 41
16 55
23 93
35 78
14 45
73 60
41 56
27 40
54 23
9 33
6 45
9 49
57 8
4 99
32 39
72 39
25 97
57 99
4 71
63 23
25 52
84 76
6 30
78 44
55 9
88 80
23 75
3 30
67 7
84 80
90 74
27 67
53 16
96 91
14 35
12 78
100 95
4 15
58 72
29 25
100 46
63 93
82 66
57 12
27 92
83 67
40 9
70 62
65 59
96 83
9 82
42 89
12 62
69 96
69 42
35 24
88 37
45 100
49 56
