100
18 19
11 17
14 11
15 14
9 5
10 18
14 20
7 15
13 4
10 14
20 14
16 20
12 15
17 13
11 19
11 10
10 3
12 18
20 5
14 8
15 2
7 20
20 15
3 12
17 4
16 19
17 16
6 10
20 16
7 7
4 4
10 7
18 6
13 18
8 2
3 2
12 2
14 16
2 5
9 1
1 10
13 15
9 10
4 6
1 4
17 2
11 5
15 11
6 5
17 5
2 4
16 16
12 16
15 3
4 14
5 9
8 7
3 17
11 16
2 12
10 10
15 16
2 16
17 8
4 16
2 7
7 11
8 11
4 10
2 6
4 15
16 3
13 13
20 19
10 11
16 15
2 18
3 11
20 1
9 4
19 18
8 13
15 13
18 8
19 20
10 15
8 12
10 4
20 10
10 5
2 17
20 6
8 18
7 8
13 2
3 13
11 12
9 14
18 10
16 6
