180
36 348
64 76
445 884
83 924
568 712
42 39
323 429
64 92
23 639
542 465
101 823
904 224
869 206
224 719
173 247
836 208
595 900
284 41
784 366
965 353
79 8
391 402
436 454
493 459
94 36
923 194
858 827
418 728
34 642
447 206
888 284
413 484
184 697
525 967
63 490
320 142
497 711
543 933
166 37
392 259
72 315
452 930
143 870
658 177
512 105
382 400
388 795
884 572
492 409
539 555
899 858
697 396
569 240
329 735
277 721
993 348
36 446
278 179
316 936
355 827
41 737
228 429
532 113
1 25
521 539
580 421
398 277
816 967
517 146
702 793
866 696
142 902
142 420
82 457
356 436
285 397
173 512
825 705
624 826
729 146
366 309
566 763
586 383
731 103
529 434
896 396
130 38
299 272
457 380
729 813
815 14
210 988
526 36
693 151
861 423
297 227
732 863
990 318
247 722
421 775
156 317
172 286
354 470
558 811
849 287
625 665
301 834
654 827
870 348
978 731
770 275
958 503
139 949
820 385
672 242
161 828
558 332
114 911
801 672
723 651
958 348
317 260
183 970
87 53
318 65
784 89
340 743
591 478
692 412
862 364
653 23
192 211
355 306
123 157
977 846
807 936
194 124
196 377
95 282
429 412
347 213
500 686
955 92
165 648
503 28
13 157
50 205
368 405
510 491
561 488
337 368
424 531
492 620
907 586
902 337
998 249
550 498
935 506
590 101
154 94
128 167
251 178
371 618
582 881
109 143
369 446
511 793
977 3
413 884
589 315
222 587
563 771
86 499
278 675
599 431
769 726
598 20
903 968
638 486
849 746
