170
190 187
322 946
916 553
498 816
30 6
889 204
456 429
907 392
166 635
925 137
828 111
596 297
543 973
973 429
731 853
792 921
40 114
867 955
667 366
772 696
371 662
900 826
91 808
219 257
443 144
394 272
254 990
568 796
963 541
225 695
394 17
616 434
131 484
390 798
849 163
494 220
824 394
47 915
203 265
172 646
408 565
917 661
555 485
458 519
26 682
214 420
699 829
853 830
313 244
628 162
406 123
382 231
517 428
146 719
693 317
365 101
882 282
762 437
767 220
956 792
902 170
212 602
999 66
432 313
310 61
475 715
183 856
945 699
285 92
419 977
408 784
79 290
66 841
727 832
61 683
625 963
853 837
565 853
903 997
166 213
59 640
928 241
497 874
940 781
965 360
759 374
144 838
663 209
679 391
42 740
75 667
703 927
504 269
780 408
267 946
620 325
587 549
566 84
423 506
865 389
865 624
762 9
462 426
218 142
817 260
881 891
926 584
819 431
853 600
838 120
546 459
444 133
8 11
217 431
516 82
819 382
706 582
391 168
8 609
310 825
868 191
716 795
774 536
227 628
136 65
747 682
523 192
814 531
202 31
961 718
113 781
101 818
363 491
986 371
101 296
196 968
486 912
764 261
448 990
888 583
56 636
265 579
828 80
110 30
111 72
748 223
853 848
42 216
340 28
587 440
323 783
409 809
695 173
70 144
164 958
726 219
595 991
798 423
72 907
453 183
979 201
405 832
50 446
49 389
474 635
828 797
418 238
606 114
411 676
257 574
