300 3 200
1 2 5510
1 3 354
1 4 5741
3 5 9409
5 6 8743
4 7 9781
2 8 2141
5 9 9105
5 10 401
1 11 375
5 12 4859
12 13 7880
2 14 5923
12 15 1248
13 16 9031
7 17 3352
16 18 7738
5 19 2331
1 20 2646
20 21 4966
5 22 9803
3 23 2688
5 24 9042
12 25 8869
21 26 2025
15 27 5575
25 28 5889
27 29 5828
13 30 9097
29 31 8224
4 32 1531
19 33 8387
16 34 7056
26 35 3219
12 36 6374
18 37 2335
17 38 8843
13 39 2459
2 40 9516
7 41 7981
13 42 9664
14 43 7770
18 44 3186
4 45 3197
42 46 8075
33 47 3455
11 48 5736
45 49 7437
3 50 1150
14 51 6650
45 52 9311
51 53 9385
12 54 2001
52 55 7801
6 56 3817
49 57 7013
27 58 7072
31 59 4362
25 60 5856
33 61 9721
61 62 7174
23 63 7897
14 64 2155
39 65 6278
9 66 5628
42 67 829
65 68 7728
68 69 4683
53 70 7071
64 71 1972
25 72 5702
36 73 3517
71 74 4949
19 75 3007
27 76 7387
26 77 558
63 78 4716
59 79 1061
2 80 1507
23 81 3149
12 82 6115
59 83 1984
64 84 23
37 85 4503
4 86 9841
47 87 2895
58 88 2182
58 89 1903
80 90 7451
3 91 3660
32 92 7149
67 93 5793
37 94 890
51 95 9103
44 96 2165
47 97 5193
2 98 9414
76 99 2772
32 100 3690
74 101 9783
4 102 7864
56 103 9830
23 104 8549
24 105 8710
23 106 9174
70 107 5333
73 108 9197
20 109 4914
32 110 7860
21 111 4258
75 112 8154
25 113 129
47 114 508
100 115 4668
71 116 1890
68 117 4915
67 118 6380
111 119 3928
4 120 5752
101 121 8816
38 122 6587
68 123 7904
25 124 4571
42 125 4855
62 126 9827
60 127 1171
86 128 6423
90 129 3071
88 130 2917
61 131 9721
10 132 2632
4 133 8484
131 134 7973
126 135 4552
121 136 3191
105 137 5900
100 138 8839
24 139 5856
115 140 1361
28 141 6140
29 142 8431
18 143 7230
75 144 6808
3 145 5659
142 146 5183
49 147 6726
141 148 1361
72 149 8825
1 150 6761
45 151 5880
85 152 1888
45 153 6010
83 154 4112
29 155 120
35 156 9301
121 157 9959
127 158 2323
81 159 4237
124 160 5194
27 161 4109
93 162 1091
131 163 2680
56 164 6501
93 165 1043
148 166 4055
112 167 2580
109 168 5528
84 169 7443
143 170 8790
86 171 8781
116 172 3382
13 173 9184
7 174 5953
133 175 4059
6 176 323
150 177 2909
12 178 2384
65 179 607
37 180 9988
45 181 2794
37 182 5933
148 183 5511
100 184 4295
130 185 9344
169 186 2780
59 187 5539
155 188 2890
181 189 2281
9 190 8982
48 191 3102
160 192 5987
187 193 5196
77 194 5465
164 195 5414
91 196 9999
110 197 688
180 198 6291
178 199 7365
16 200 8591
192 201 4792
89 202 310
173 203 3716
133 204 6245
13 205 4586
193 206 6527
131 207 9561
175 208 2717
14 209 3095
88 210 963
169 211 5314
32 212 8573
140 213 9964
56 214 2255
26 215 6609
44 216 5499
82 217 4715
64 218 6420
217 219 134
170 220 7133
178 221 8415
180 222 8348
15 223 6539
119 224 9274
13 225 5521
93 226 3367
13 227 5552
101 228 2189
133 229 4100
93 230 5255
209 231 3288
34 232 7429
103 233 4632
88 234 1929
134 235 757
207 236 3034
152 237 5401
215 238 756
28 239 5345
210 240 555
157 241 6690
168 242 8762
199 243 1603
198 244 1761
47 245 6371
244 246 206
192 247 6941
51 248 1714
43 249 1699
13 250 1754
16 251 7224
80 252 9990
163 253 1467
156 254 3141
55 255 7144
164 256 1276
222 257 8236
38 258 4210
86 259 6656
202 260 2317
245 261 9956
92 262 2058
145 263 493
161 264 2568
183 265 9842
98 266 9299
4 267 386
141 268 2164
249 269 8815
60 270 9410
216 271 3437
180 272 3339
106 273 4333
228 274 1252
117 275 1453
226 276 1216
137 277 4537
213 278 1836
140 279 4063
269 280 4391
88 281 9494
54 282 6543
224 283 6707
145 284 9910
246 285 1899
74 286 792
222 287 5041
98 288 9996
49 289 7337
153 290 9918
260 291 8566
236 292 1050
200 293 78
61 294 7012
65 295 4723
137 296 4875
149 297 8391
165 298 1225
187 299 2452
55 300 2672
