200 5 170
1 2 86667
1 3 8697
3 4 91017
3 5 83975
1 6 90233
5 7 52218
3 8 84702
8 9 30846
5 10 32613
5 11 42537
11 12 72272
9 13 76255
12 14 42689
14 15 3316
15 16 15504
7 17 33375
14 18 46538
11 19 21311
2 20 27460
17 21 59275
12 22 53718
9 23 9538
3 24 83396
1 25 39331
10 26 70416
17 27 53600
16 28 69149
13 29 44326
7 30 94547
19 31 49853
3 32 1997
17 33 79137
13 34 38128
1 35 53024
15 36 94182
15 37 21312
15 38 1625
10 39 24750
11 40 43801
7 41 30887
3 42 19881
14 43 66392
11 44 24087
9 45 53366
5 46 35082
6 47 9119
14 48 24122
12 49 65650
17 50 31012
9 51 89763
12 52 38554
1 53 10050
3 54 59509
14 55 85147
3 56 64444
17 57 17194
7 58 86969
11 59 31093
13 60 42322
5 61 73038
8 62 75055
17 63 41341
19 64 62524
6 65 50099
6 66 51683
7 67 95309
19 68 21573
20 69 32293
18 70 45116
9 71 88095
20 72 59799
4 73 96967
17 74 85125
14 75 16557
16 76 37037
6 77 73482
19 78 94574
4 79 74836
17 80 86516
15 81 76248
15 82 68743
19 83 72017
2 84 81941
12 85 33816
17 86 51668
15 87 14356
18 88 47791
12 89 98035
7 90 61173
14 91 69504
2 92 86303
1 93 35712
1 94 38326
9 95 66012
20 96 40553
4 97 11162
6 98 12233
15 99 76070
2 100 78826
10 101 75607
9 102 49294
16 103 85234
8 104 30840
3 105 83860
13 106 90614
7 107 39272
5 108 30284
15 109 40745
20 110 15575
5 111 8921
17 112 33648
7 113 77138
15 114 279
17 115 5622
12 116 93029
2 117 7538
14 118 51041
14 119 83437
15 120 64894
16 121 54581
14 122 50036
9 123 57758
1 124 35216
9 125 86002
10 126 75454
19 127 99563
6 128 28988
10 129 6446
4 130 23333
14 131 85695
18 132 16736
10 133 28115
13 134 57464
15 135 40242
11 136 1720
14 137 32395
5 138 42496
8 139 61276
6 140 98163
3 141 49358
1 142 55605
19 143 39048
18 144 30842
1 145 85396
12 146 8651
4 147 32270
12 148 55094
18 149 93769
9 150 22890
14 151 92104
1 152 61589
10 153 1429
1 154 81771
9 155 25578
6 156 92147
1 157 10589
12 158 80709
3 159 14759
17 160 44093
16 161 75093
10 162 19774
8 163 15546
17 164 57257
1 165 16851
15 166 84384
17 167 89083
18 168 14037
18 169 42203
8 170 90736
16 171 25020
7 172 21072
13 173 70504
15 174 6326
8 175 1898
2 176 75130
20 177 5772
20 178 67784
3 179 81318
7 180 75165
3 181 12352
12 182 90997
7 183 41179
2 184 34961
18 185 73535
10 186 9584
12 187 26555
8 188 91292
18 189 15875
8 190 24583
10 191 59353
6 192 83450
3 193 38935
9 194 76219
19 195 82383
12 196 59689
3 197 72907
6 198 7055
1 199 81550
20 200 73896
