150 10 135
1 2 8182
2 3 3811
2 4 6338
2 5 6062
2 6 8941
4 7 8845
3 8 1420
5 9 1656
8 10 533
6 11 502
2 12 7344
2 13 8937
10 14 315
6 15 6338
3 16 1191
7 17 6596
4 18 3984
10 19 635
9 20 4012
3 21 7207
6 22 4264
3 23 3600
2 24 8288
5 25 5419
5 26 3276
2 27 8358
7 28 9310
1 29 2421
7 30 6733
2 31 6385
9 32 4770
6 33 4913
3 34 4046
8 35 7653
4 36 6412
1 37 2865
10 38 526
9 39 3810
9 40 46
4 41 2490
6 42 5052
4 43 2762
8 44 9401
5 45 1394
4 46 4296
4 47 3033
2 48 8585
6 49 2136
1 50 9035
9 51 4044
5 52 6435
8 53 7223
9 54 6798
6 55 1231
8 56 4534
6 57 7884
7 58 9612
2 59 2232
9 60 6105
5 61 2657
8 62 5172
8 63 3437
2 64 3356
7 65 1167
2 66 7927
6 67 1617
9 68 3876
7 69 1490
6 70 2024
8 71 2593
7 72 9439
1 73 7925
9 74 8220
8 75 4847
4 76 6557
8 77 2445
9 78 9908
2 79 6783
6 80 6176
2 81 6435
2 82 9612
9 83 1545
2 84 3164
8 85 6072
7 86 2505
9 87 9763
7 88 1851
4 89 3686
8 90 5861
2 91 7182
3 92 9549
8 93 3303
1 94 8436
8 95 6904
5 96 7596
2 97 4319
7 98 7632
2 99 625
2 100 1936
3 101 5355
8 102 299
5 103 1641
9 104 3967
7 105 1922
4 106 5232
7 107 6379
10 108 3631
5 109 5977
1 110 6773
3 111 4555
8 112 7143
3 113 5572
1 114 8882
10 115 410
2 116 9897
8 117 9304
4 118 3182
4 119 9508
3 120 7854
10 121 986
7 122 4086
2 123 7289
4 124 9253
3 125 7827
7 126 1744
10 127 552
6 128 4706
10 129 979
10 130 7139
10 131 5177
4 132 7610
3 133 9256
4 134 4316
6 135 3643
2 136 9191
4 137 4793
8 138 2044
1 139 8613
6 140 7808
3 141 3509
7 142 3676
9 143 4161
5 144 7269
9 145 9208
6 146 4186
6 147 4218
9 148 4086
7 149 9998
7 150 7523
