200 2 100
1 2 1071
1 3 1040
1 4 1096
1 5 1067
1 6 1081
1 7 1084
1 8 1039
1 9 1106
1 10 1064
1 11 1075
1 12 1017
1 13 1102
1 14 1038
1 15 1059
3 16 1079
4 17 1080
4 18 1041
4 19 1056
4 20 1074
4 21 1018
4 22 1038
4 23 1107
4 24 1028
4 25 1105
4 26 1059
4 27 1084
4 28 1077
10 29 1010
10 30 1028
10 31 1109
10 32 1110
10 33 1079
11 34 1035
11 35 84
11 36 1063
11 37 1010
11 38 1084
11 39 1092
11 40 1085
11 41 1046
11 42 1021
11 43 1026
11 44 1099
11 45 1076
11 46 1030
11 47 92
11 48 1105
12 49 1086
12 50 1057
12 51 1034
12 52 71
13 53 1062
13 54 85
13 55 1051
17 56 1054
17 57 1076
17 58 1011
17 59 1066
17 60 94
17 61 1024
17 62 1053
17 63 1022
17 64 1011
17 65 27
18 66 1071
18 67 1041
18 68 1020
19 69 1070
19 70 1109
20 71 1058
24 72 1081
25 73 1045
25 74 1048
25 75 73
25 76 1072
30 77 1110
31 78 1046
33 79 1094
33 80 1052
34 81 1068
36 82 1015
36 83 77
37 84 1077
37 85 1010
37 86 1065
37 87 1052
37 88 48
37 89 1071
37 90 1052
37 91 1103
38 92 1106
38 93 1065
38 94 1036
38 95 1103
42 96 1088
42 97 1027
42 98 1077
46 99 1044
46 100 1013
46 101 1052
46 102 15
46 103 1110
46 104 1084
46 105 22
46 106 1108
46 107 1106
46 108 1029
46 109 62
46 110 1079
46 111 1030
46 112 1015
46 113 1045
46 114 1099
46 115 1105
46 116 40
46 117 1096
46 118 1064
47 119 1020
48 120 1058
49 121 1011
50 122 1088
50 123 1094
53 124 1076
53 125 1012
53 126 1012
53 127 1109
53 128 1053
53 129 53
53 130 1048
53 131 1022
53 132 1079
53 133 1012
53 134 1085
53 135 72
54 136 1025
62 137 1088
66 138 1020
66 139 1071
66 140 1093
66 141 1049
68 142 1026
68 143 1078
70 144 1042
70 145 1101
70 146 1038
74 147 1022
74 148 1049
74 149 1091
76 150 1046
77 151 1062
77 152 1069
81 153 1082
84 154 1078
86 155 87
86 156 1042
91 157 1103
94 158 1034
95 159 1051
100 160 1040
103 161 1058
103 162 1032
103 163 1017
108 164 1078
108 165 6
108 166 1061
108 167 1028
108 168 1026
110 169 1080
110 170 1038
110 171 1035
110 172 1040
111 173 1046
111 174 1021
115 175 1035
115 176 86
116 177 1013
118 178 1013
118 179 1036
119 180 1029
123 181 1049
127 182 1040
128 183 1087
130 184 1097
130 185 1049
145 186 1087
145 187 1059
145 188 1048
149 189 1065
152 190 1106
156 191 1103
157 192 1110
157 193 1109
166 194 1038
166 195 1028
167 196 1040
170 197 1094
172 198 1091
172 199 1070
172 200 1012
