80 10 64
1 2 47830
2 3 52569
1 4 51350
4 5 70556
5 6 86975
6 7 61942
6 8 44195
1 9 38029
1 10 46149
10 11 23988
2 12 95922
5 13 85580
5 14 84454
3 15 70152
4 16 85109
1 17 75428
7 18 73133
10 19 51914
3 20 56743
3 21 42386
9 22 23912
7 23 63280
2 24 45637
7 25 9441
5 26 58991
1 27 26959
8 28 77412
9 29 19624
1 30 33415
10 31 74798
3 32 59326
5 33 94572
10 34 19367
9 35 3669
7 36 82802
7 37 5351
3 38 97240
1 39 27225
6 40 2011
8 41 75642
6 42 63729
6 43 86954
2 44 62305
5 45 7491
10 46 58028
5 47 26670
6 48 34739
3 49 35981
3 50 69630
7 51 69074
1 52 22196
2 53 68872
9 54 73495
2 55 2317
6 56 23635
1 57 75866
4 58 92101
1 59 97942
8 60 24982
1 61 78575
8 62 78235
9 63 20262
3 64 26354
10 65 9615
8 66 85790
5 67 21696
9 68 15513
2 69 2752
9 70 9980
6 71 33453
6 72 28178
5 73 31808
8 74 12439
8 75 10565
3 76 25903
7 77 60568
6 78 97527
3 79 39319
6 80 64444
