200 3 163
1 2 53059
2 3 78720
1 4 72436
1 5 63865
3 6 93467
4 7 76306
6 8 85716
8 9 63442
5 10 60004
10 11 84963
9 12 56213
8 13 644
5 14 30316
5 15 87965
4 16 23320
7 17 3062
12 18 55685
6 19 79627
1 20 99144
15 21 28437
6 22 60814
19 23 21778
5 24 51529
1 25 65403
16 26 56710
18 27 43629
26 28 22806
25 29 11709
29 30 79129
5 31 90720
18 32 15936
21 33 1802
17 34 17290
12 35 85795
19 36 71770
21 37 38166
23 38 94428
8 39 29682
37 40 71381
12 41 59856
23 42 65621
15 43 70248
14 44 70357
25 45 68128
29 46 65871
13 47 8879
31 48 1725
38 49 50714
48 50 69618
50 51 15832
3 52 52031
40 53 12192
37 54 95785
29 55 32361
18 56 94416
34 57 72817
50 58 24724
31 59 8657
48 60 67909
50 61 33610
29 62 94739
58 63 27364
57 64 92717
28 65 31101
61 66 31824
29 67 71859
60 68 36327
16 69 20921
65 70 21597
65 71 11522
57 72 66828
53 73 88462
31 74 18085
50 75 89666
23 76 42081
71 77 28487
5 78 3837
44 79 43857
35 80 19374
52 81 78304
44 82 13475
66 83 43642
11 84 19591
49 85 86126
33 86 5026
65 87 11309
11 88 29939
10 89 75008
32 90 32010
34 91 91212
88 92 40006
35 93 91745
85 94 34273
88 95 65510
83 96 69227
50 97 85585
74 98 33255
45 99 5165
49 100 95337
33 101 16892
42 102 40715
51 103 45077
80 104 42569
27 105 66069
7 106 99657
33 107 57074
10 108 37020
59 109 45111
98 110 6345
4 111 48950
107 112 76662
24 113 71426
24 114 76097
111 115 33219
62 116 19232
57 117 76905
102 118 28868
43 119 93625
25 120 67620
69 121 61090
27 122 59869
96 123 96098
71 124 20860
105 125 4832
92 126 8731
123 127 76929
98 128 54050
42 129 92269
58 130 77403
16 131 90988
65 132 8644
104 133 642
69 134 37552
99 135 73841
129 136 33085
19 137 29805
74 138 19936
40 139 63723
121 140 67574
101 141 88953
85 142 24921
94 143 29248
74 144 5073
122 145 11424
116 146 13498
84 147 46152
105 148 49362
44 149 95036
46 150 63542
35 151 46465
34 152 25916
103 153 82978
127 154 33706
139 155 73223
47 156 61813
37 157 65419
20 158 73524
118 159 40633
8 160 78740
118 161 39674
116 162 88266
90 163 58699
72 164 84069
23 165 5949
100 166 24706
80 167 24848
12 168 84420
50 169 81189
38 170 64674
168 171 18499
28 172 47750
139 173 85085
128 174 35628
57 175 59849
22 176 93830
98 177 73289
74 178 55730
21 179 93758
90 180 49693
114 181 56135
31 182 38663
66 183 17090
179 184 13878
43 185 90552
46 186 16296
44 187 79050
126 188 95823
77 189 67455
93 190 29325
11 191 26382
186 192 49415
127 193 4220
75 194 98912
119 195 12014
140 196 55115
142 197 17492
66 198 5550
178 199 81700
66 200 66509
