100 99
100 1 2 3 4 5 6 7 8 9 10 11 12 13 14 15 16 17 18 19 20 21 22 23 24 25 26 27 28 29 30 31 32 33 34 35 36 37 38 39 40 41 42 43 44 45 46 47 48 49 50 51 52 53 54 55 56 57 58 59 60 61 62 63 64 65 66 67 68 69 70 71 72 73 74 75 76 77 78 79 80 81 82 83 84 85 86 87 88 89 90 91 92 93 94 95 96 97 98 99 100
98 1 2 3 4 5 6 7 8 9 10 11 12 13 14 15 16 17 18 19 20 21 22 23 24 25 26 27 28 30 31 32 33 34 35 36 37 38 39 40 41 42 43 44 45 46 47 48 49 50 51 52 53 54 55 56 57 58 59 60 61 62 63 65 66 67 68 69 70 71 72 73 74 75 76 77 78 79 80 81 82 83 84 85 86 87 88 89 90 91 92 93 94 95 96 97 98 99 100
96 1 2 3 4 5 6 7 8 9 10 11 12 13 14 15 16 17 18 19 20 21 22 23 24 25 26 27 28 30 31 32 33 34 35 36 37 39 40 41 42 43 44 45 46 47 48 49 50 51 52 53 55 56 57 58 59 60 61 62 63 65 66 67 68 69 70 71 72 73 74 75 76 77 78 79 80 81 82 83 84 85 86 87 88 89 90 91 92 93 94 95 96 97 98 99 100
96 1 2 3 4 5 6 7 8 9 10 11 12 13 14 15 16 17 18 19 20 21 22 23 24 25 26 27 28 30 31 32 33 34 35 36 37 39 40 41 42 43 44 45 46 47 48 49 50 51 52 53 55 56 57 58 59 60 61 62 63 65 66 67 68 69 70 71 72 73 74 75 76 77 78 79 80 81 82 83 84 85 86 87 88 89 90 91 92 93 94 95 96 97 98 99 100
94 1 2 3 5 6 7 8 9 10 11 12 13 14 15 16 17 18 19 20 21 22 23 24 25 26 27 28 30 31 32 33 34 35 36 37 39 40 41 42 43 44 45 46 47 48 49 50 51 52 53 55 56 57 58 59 60 61 62 63 65 66 67 68 69 70 71 72 73 74 75 76 77 78 79 80 81 82 83 84 85 86 87 88 89 90 91 92 93 94 95 96 98 99 100
94 1 2 3 5 6 7 8 9 10 11 12 13 14 15 16 17 18 19 20 21 22 23 24 25 26 27 28 30 31 32 33 34 35 36 37 39 40 41 42 43 44 45 46 47 48 49 50 51 52 53 55 56 57 58 59 60 61 62 63 65 66 67 68 69 70 71 72 73 74 75 76 77 78 79 80 81 82 83 84 85 86 87 88 89 90 91 92 93 94 95 96 98 99 100
93 1 2 3 5 6 7 8 9 10 11 12 13 14 15 16 17 18 19 20 21 22 23 24 25 26 27 28 30 31 32 33 34 35 36 37 39 40 41 42 43 44 45 46 47 48 49 50 51 52 53 55 56 57 58 59 60 61 62 63 65 66 67 68 69 70 71 72 73 74 75 76 77 79 80 81 82 83 84 85 86 87 88 89 90 91 92 93 94 95 96 98 99 100
93 1 2 3 5 6 7 8 9 10 11 12 13 14 15 16 17 18 19 20 21 22 23 24 25 26 27 28 30 31 32 33 34 35 36 37 39 40 41 42 43 44 45 46 47 48 49 50 51 52 53 55 56 57 58 59 60 61 62 63 65 66 67 68 69 70 71 72 73 74 75 76 77 79 80 81 82 83 84 85 86 87 88 89 90 91 92 93 94 95 96 98 99 100
93 1 2 3 5 6 7 8 9 10 11 12 13 14 15 16 17 18 19 20 21 22 23 24 25 26 27 28 30 31 32 33 34 35 36 37 39 40 41 42 43 44 45 46 47 48 49 50 51 52 53 55 56 57 58 59 60 61 62 63 65 66 67 68 69 70 71 72 73 74 75 76 77 79 80 81 82 83 84 85 86 87 88 89 90 91 92 93 94 95 96 98 99 100
92 1 2 3 5 6 7 8 9 10 11 12 13 14 15 16 17 18 19 20 21 22 23 24 25 26 27 28 30 31 32 33 34 35 36 37 39 40 41 42 43 44 45 46 47 48 49 50 51 52 53 55 56 57 58 59 60 61 62 63 65 66 67 68 69 70 71 72 73 74 75 76 77 79 80 82 83 84 85 86 87 88 89 90 91 92 93 94 95 96 98 99 100
92 1 2 3 5 6 7 8 9 10 11 12 13 14 15 16 17 18 19 20 21 22 23 24 25 26 27 28 30 31 32 33 34 35 36 37 39 40 41 42 43 44 45 46 47 48 49 50 51 52 53 55 56 57 58 59 60 61 62 63 65 66 67 68 69 70 71 72 73 74 75 76 77 79 80 82 83 84 85 86 87 88 89 90 91 92 93 94 95 96 98 99 100
91 1 2 3 5 6 7 8 9 10 11 12 13 14 15 16 17 18 19 20 21 22 23 24 25 26 27 28 30 31 32 33 34 35 36 37 39 40 41 42 43 44 45 46 47 48 49 50 51 52 53 55 56 57 58 59 60 61 62 63 65 66 67 68 69 70 71 72 73 74 75 76 79 80 82 83 84 85 86 87 88 89 90 91 92 93 94 95 96 98 99 100
91 1 2 3 5 6 7 8 9 10 11 12 13 14 15 16 17 18 19 20 21 22 23 24 25 26 27 28 30 31 32 33 34 35 36 37 39 40 41 42 43 44 45 46 47 48 49 50 51 52 53 55 56 57 58 59 60 61 62 63 65 66 67 68 69 70 71 72 73 74 75 76 79 80 82 83 84 85 86 87 88 89 90 91 92 93 94 95 96 98 99 100
90 1 2 3 5 6 7 8 9 10 11 12 13 14 15 16 17 18 19 20 21 22 23 24 25 26 27 28 30 31 32 33 34 35 36 37 39 40 41 42 43 44 45 46 47 48 49 50 51 52 53 55 56 57 58 59 60 61 62 63 65 66 67 68 69 70 71 72 73 74 75 76 79 80 82 83 84 85 86 87 88 89 90 91 93 94 95 96 98 99 100
89 1 2 3 5 6 7 8 9 10 11 12 13 14 15 16 17 18 19 20 21 22 23 24 25 26 27 28 30 31 32 33 34 35 36 37 39 40 41 42 43 44 45 46 47 48 49 50 51 52 53 55 56 57 58 59 60 61 62 63 65 66 67 68 69 70 71 72 73 74 75 76 79 80 82 83 84 85 86 87 89 90 91 93 94 95 96 98 99 100
88 1 2 3 5 6 7 8 9 10 11 12 13 14 15 16 17 18 19 20 21 22 23 24 25 26 27 28 30 31 32 33 34 35 36 37 40 41 42 43 44 45 46 47 48 49 50 51 52 53 55 56 57 58 59 60 61 62 63 65 66 67 68 69 70 71 72 73 74 75 76 79 80 82 83 84 85 86 87 89 90 91 93 94 95 96 98 99 100
88 1 2 3 5 6 7 8 9 10 11 12 13 14 15 16 17 18 19 20 21 22 23 24 25 26 27 28 30 31 32 33 34 35 36 37 40 41 42 43 44 45 46 47 48 49 50 51 52 53 55 56 57 58 59 60 61 62 63 65 66 67 68 69 70 71 72 73 74 75 76 79 80 82 83 84 85 86 87 89 90 91 93 94 95 96 98 99 100
88 1 2 3 5 6 7 8 9 10 11 12 13 14 15 16 17 18 19 20 21 22 23 24 25 26 27 28 30 31 32 33 34 35 36 37 40 41 42 43 44 45 46 47 48 49 50 51 52 53 55 56 57 58 59 60 61 62 63 65 66 67 68 69 70 71 72 73 74 75 76 79 80 82 83 84 85 86 87 89 90 91 93 94 95 96 98 99 100
88 1 2 3 5 6 7 8 9 10 11 12 13 14 15 16 17 18 19 20 21 22 23 24 25 26 27 28 30 31 32 33 34 35 36 37 40 41 42 43 44 45 46 47 48 49 50 51 52 53 55 56 57 58 59 60 61 62 63 65 66 67 68 69 70 71 72 73 74 75 76 79 80 82 83 84 85 86 87 89 90 91 93 94 95 96 98 99 100
88 1 2 3 5 6 7 8 9 10 11 12 13 14 15 16 17 18 19 20 21 22 23 24 25 26 27 28 30 31 32 33 34 35 36 37 40 41 42 43 44 45 46 47 48 49 50 51 52 53 55 56 57 58 59 60 61 62 63 65 66 67 68 69 70 71 72 73 74 75 76 79 80 82 83 84 85 86 87 89 90 91 93 94 95 96 98 99 100
88 1 2 3 5 6 7 8 9 10 11 12 13 14 15 16 17 18 19 20 21 22 23 24 25 26 27 28 30 31 32 33 34 35 36 37 40 41 42 43 44 45 46 47 48 49 50 51 52 53 55 56 57 58 59 60 61 62 63 65 66 67 68 69 70 71 72 73 74 75 76 79 80 82 83 84 85 86 87 89 90 91 93 94 95 96 98 99 100
86 1 2 3 5 6 7 8 9 11 12 13 14 15 16 17 18 19 20 21 22 23 24 25 26 27 28 30 31 32 33 34 35 36 37 40 41 42 43 44 45 46 47 48 49 50 51 52 53 55 56 57 58 59 60 61 62 63 65 66 68 69 70 71 72 73 74 75 76 79 80 82 83 84 85 86 87 89 90 91 93 94 95 96 98 99 100
86 1 2 3 5 6 7 8 9 11 12 13 14 15 16 17 18 19 20 21 22 23 24 25 26 27 28 30 31 32 33 34 35 36 37 40 41 42 43 44 45 46 47 48 49 50 51 52 53 55 56 57 58 59 60 61 62 63 65 66 68 69 70 71 72 73 74 75 76 79 80 82 83 84 85 86 87 89 90 91 93 94 95 96 98 99 100
86 1 2 3 5 6 7 8 9 11 12 13 14 15 16 17 18 19 20 21 22 23 24 25 26 27 28 30 31 32 33 34 35 36 37 40 41 42 43 44 45 46 47 48 49 50 51 52 53 55 56 57 58 59 60 61 62 63 65 66 68 69 70 71 72 73 74 75 76 79 80 82 83 84 85 86 87 89 90 91 93 94 95 96 98 99 100
86 1 2 3 5 6 7 8 9 11 12 13 14 15 16 17 18 19 20 21 22 23 24 25 26 27 28 30 31 32 33 34 35 36 37 40 41 42 43 44 45 46 47 48 49 50 51 52 53 55 56 57 58 59 60 61 62 63 65 66 68 69 70 71 72 73 74 75 76 79 80 82 83 84 85 86 87 89 90 91 93 94 95 96 98 99 100
83 1 2 3 5 6 7 8 9 11 12 13 14 15 16 17 18 19 20 21 22 23 24 25 26 27 28 30 31 32 33 34 35 36 37 40 41 42 43 44 45 46 48 49 50 51 52 53 55 56 57 58 59 60 62 63 65 66 68 69 70 71 72 73 74 75 76 79 82 83 84 85 86 87 89 90 91 93 94 95 96 98 99 100
83 1 2 3 5 6 7 8 9 11 12 13 14 15 16 17 18 19 20 21 22 23 24 25 26 27 28 30 31 32 33 34 35 36 37 40 41 42 43 44 45 46 48 49 50 51 52 53 55 56 57 58 59 60 62 63 65 66 68 69 70 71 72 73 74 75 76 79 82 83 84 85 86 87 89 90 91 93 94 95 96 98 99 100
81 1 2 3 5 6 7 8 9 11 12 13 14 15 16 17 18 19 21 22 23 24 25 26 27 28 30 31 32 33 34 35 36 37 40 41 42 43 44 45 46 48 49 50 51 52 53 55 56 57 58 59 60 62 63 65 66 68 69 70 71 72 73 74 75 76 79 82 83 84 85 86 87 89 90 91 93 94 95 96 99 100
78 1 2 3 5 6 7 8 11 12 13 14 15 16 17 18 19 21 22 23 24 25 26 27 28 30 31 32 33 34 35 36 37 40 41 42 43 44 45 46 48 49 50 51 52 53 55 56 57 58 59 60 62 63 65 66 68 69 70 71 72 73 74 75 79 82 84 85 86 87 89 90 91 93 94 95 96 99 100
77 1 2 3 5 6 7 8 11 12 13 14 15 16 17 18 19 21 22 23 24 25 26 27 28 30 31 32 33 34 35 36 37 40 41 42 43 44 45 46 48 49 50 51 52 53 55 56 57 58 59 60 62 63 65 66 68 69 70 72 73 74 75 79 82 84 85 86 87 89 90 91 93 94 95 96 99 100
76 1 2 3 5 6 7 8 11 12 13 14 15 16 17 18 19 21 22 23 24 25 26 27 28 30 31 32 33 34 35 36 37 40 41 42 43 44 45 46 48 49 50 52 53 55 56 57 58 59 60 62 63 65 66 68 69 70 72 73 74 75 79 82 84 85 86 87 89 90 91 93 94 95 96 99 100
75 1 2 3 5 6 7 8 11 12 13 14 15 16 17 18 19 21 22 23 24 25 26 27 28 30 31 32 33 34 35 36 37 40 41 42 43 44 45 46 48 49 50 52 53 55 56 57 58 59 60 62 63 65 66 68 69 70 73 74 75 79 82 84 85 86 87 89 90 91 93 94 95 96 99 100
75 1 2 3 5 6 7 8 11 12 13 14 15 16 17 18 19 21 22 23 24 25 26 27 28 30 31 32 33 34 35 36 37 40 41 42 43 44 45 46 48 49 50 52 53 55 56 57 58 59 60 62 63 65 66 68 69 70 73 74 75 79 82 84 85 86 87 89 90 91 93 94 95 96 99 100
71 1 2 3 5 6 8 11 13 14 15 16 17 18 19 21 22 23 24 25 26 27 28 30 31 32 33 34 36 37 40 41 42 43 44 46 48 49 50 52 53 55 56 57 58 59 60 62 63 65 66 68 69 70 73 74 75 79 82 84 85 86 87 89 90 91 93 94 95 96 99 100
71 1 2 3 5 6 8 11 13 14 15 16 17 18 19 21 22 23 24 25 26 27 28 30 31 32 33 34 36 37 40 41 42 43 44 46 48 49 50 52 53 55 56 57 58 59 60 62 63 65 66 68 69 70 73 74 75 79 82 84 85 86 87 89 90 91 93 94 95 96 99 100
70 1 2 3 5 6 8 11 13 15 16 17 18 19 21 22 23 24 25 26 27 28 30 31 32 33 34 36 37 40 41 42 43 44 46 48 49 50 52 53 55 56 57 58 59 60 62 63 65 66 68 69 70 73 74 75 79 82 84 85 86 87 89 90 91 93 94 95 96 99 100
65 1 3 5 6 8 11 13 15 16 17 18 19 21 22 23 24 25 26 27 28 30 31 33 34 36 37 40 41 42 43 44 46 48 49 50 53 55 56 57 58 60 62 63 65 66 69 70 73 74 75 79 82 84 85 86 87 89 90 91 93 94 95 96 99 100
65 1 3 5 6 8 11 13 15 16 17 18 19 21 22 23 24 25 26 27 28 30 31 33 34 36 37 40 41 42 43 44 46 48 49 50 53 55 56 57 58 60 62 63 65 66 69 70 73 74 75 79 82 84 85 86 87 89 90 91 93 94 95 96 99 100
65 1 3 5 6 8 11 13 15 16 17 18 19 21 22 23 24 25 26 27 28 30 31 33 34 36 37 40 41 42 43 44 46 48 49 50 53 55 56 57 58 60 62 63 65 66 69 70 73 74 75 79 82 84 85 86 87 89 90 91 93 94 95 96 99 100
64 1 3 5 6 8 11 13 15 16 17 18 19 21 22 23 24 25 26 27 28 30 31 33 34 36 40 41 42 43 44 46 48 49 50 53 55 56 57 58 60 62 63 65 66 69 70 73 74 75 79 82 84 85 86 87 89 90 91 93 94 95 96 99 100
64 1 3 5 6 8 11 13 15 16 17 18 19 21 22 23 24 25 26 27 28 30 31 33 34 36 40 41 42 43 44 46 48 49 50 53 55 56 57 58 60 62 63 65 66 69 70 73 74 75 79 82 84 85 86 87 89 90 91 93 94 95 96 99 100
64 1 3 5 6 8 11 13 15 16 17 18 19 21 22 23 24 25 26 27 28 30 31 33 34 36 40 41 42 43 44 46 48 49 50 53 55 56 57 58 60 62 63 65 66 69 70 73 74 75 79 82 84 85 86 87 89 90 91 93 94 95 96 99 100
63 1 3 5 6 8 11 13 15 16 17 18 21 22 23 24 25 26 27 28 30 31 33 34 36 40 41 42 43 44 46 48 49 50 53 55 56 57 58 60 62 63 65 66 69 70 73 74 75 79 82 84 85 86 87 89 90 91 93 94 95 96 99 100
63 1 3 5 6 8 11 13 15 16 17 18 21 22 23 24 25 26 27 28 30 31 33 34 36 40 41 42 43 44 46 48 49 50 53 55 56 57 58 60 62 63 65 66 69 70 73 74 75 79 82 84 85 86 87 89 90 91 93 94 95 96 99 100
62 1 3 5 6 8 11 13 15 16 17 18 21 22 24 25 26 27 28 30 31 33 34 36 40 41 42 43 44 46 48 49 50 53 55 56 57 58 60 62 63 65 66 69 70 73 74 75 79 82 84 85 86 87 89 90 91 93 94 95 96 99 100
60 1 3 5 6 8 13 15 16 17 18 21 22 24 25 26 27 30 31 33 34 36 40 41 42 43 44 46 48 49 50 53 55 56 57 58 60 62 63 65 66 69 70 73 74 75 79 82 84 85 86 87 89 90 91 93 94 95 96 99 100
57 1 3 5 6 8 13 15 17 18 21 22 24 25 26 27 30 31 33 34 36 40 41 42 43 44 46 48 49 50 55 56 57 58 60 62 63 65 66 69 70 73 74 75 79 82 84 85 87 89 90 91 93 94 95 96 99 100
57 1 3 5 6 8 13 15 17 18 21 22 24 25 26 27 30 31 33 34 36 40 41 42 43 44 46 48 49 50 55 56 57 58 60 62 63 65 66 69 70 73 74 75 79 82 84 85 87 89 90 91 93 94 95 96 99 100
56 1 3 5 6 8 13 15 17 18 21 22 24 25 26 27 30 31 33 34 36 40 41 42 43 44 46 48 49 50 55 56 57 58 60 62 63 65 66 69 70 73 74 75 79 82 84 85 87 89 91 93 94 95 96 99 100
54 1 5 6 8 13 15 17 18 21 22 24 25 26 27 30 31 33 34 36 40 41 42 43 44 46 48 49 50 55 56 57 58 60 62 63 65 66 69 70 73 74 75 79 82 84 87 89 91 93 94 95 96 99 100
51 1 5 6 13 15 17 18 21 22 24 25 26 27 30 31 33 34 36 41 43 44 46 48 49 50 55 56 57 58 60 62 63 65 66 69 70 73 74 75 79 82 84 87 89 91 93 94 95 96 99 100
51 1 5 6 13 15 17 18 21 22 24 25 26 27 30 31 33 34 36 41 43 44 46 48 49 50 55 56 57 58 60 62 63 65 66 69 70 73 74 75 79 82 84 87 89 91 93 94 95 96 99 100
51 1 5 6 13 15 17 18 21 22 24 25 26 27 30 31 33 34 36 41 43 44 46 48 49 50 55 56 57 58 60 62 63 65 66 69 70 73 74 75 79 82 84 87 89 91 93 94 95 96 99 100
51 1 5 6 13 15 17 18 21 22 24 25 26 27 30 31 33 34 36 41 43 44 46 48 49 50 55 56 57 58 60 62 63 65 66 69 70 73 74 75 79 82 84 87 89 91 93 94 95 96 99 100
50 1 5 6 13 15 17 18 21 22 24 25 26 27 30 31 33 34 36 41 43 44 46 48 49 50 55 56 57 58 60 62 63 65 66 69 70 73 74 75 79 82 84 89 91 93 94 95 96 99 100
49 1 5 6 13 15 17 18 21 22 24 25 26 27 31 33 34 36 41 43 44 46 48 49 50 55 56 57 58 60 62 63 65 66 69 70 73 74 75 79 82 84 89 91 93 94 95 96 99 100
49 1 5 6 13 15 17 18 21 22 24 25 26 27 31 33 34 36 41 43 44 46 48 49 50 55 56 57 58 60 62 63 65 66 69 70 73 74 75 79 82 84 89 91 93 94 95 96 99 100
48 1 5 6 13 15 17 18 21 22 24 25 26 27 31 33 34 36 41 43 44 46 48 49 50 55 56 57 58 60 62 63 65 66 69 70 73 74 75 79 82 84 89 91 93 94 96 99 100
47 1 5 6 13 15 17 18 21 22 25 26 27 31 33 34 36 41 43 44 46 48 49 50 55 56 57 58 60 62 63 65 66 69 70 73 74 75 79 82 84 89 91 93 94 96 99 100
47 1 5 6 13 15 17 18 21 22 25 26 27 31 33 34 36 41 43 44 46 48 49 50 55 56 57 58 60 62 63 65 66 69 70 73 74 75 79 82 84 89 91 93 94 96 99 100
43 1 5 6 15 17 18 21 22 25 26 27 31 33 34 36 41 44 46 48 49 50 55 56 57 58 60 62 63 65 66 70 73 74 79 82 84 89 91 93 94 96 99 100
43 1 5 6 15 17 18 21 22 25 26 27 31 33 34 36 41 44 46 48 49 50 55 56 57 58 60 62 63 65 66 70 73 74 79 82 84 89 91 93 94 96 99 100
43 1 5 6 15 17 18 21 22 25 26 27 31 33 34 36 41 44 46 48 49 50 55 56 57 58 60 62 63 65 66 70 73 74 79 82 84 89 91 93 94 96 99 100
42 1 5 6 15 17 18 21 22 25 26 27 31 33 34 36 41 44 48 49 50 55 56 57 58 60 62 63 65 66 70 73 74 79 82 84 89 91 93 94 96 99 100
41 1 5 6 15 17 18 22 25 26 27 31 33 34 36 41 44 48 49 50 55 56 57 58 60 62 63 65 66 70 73 74 79 82 84 89 91 93 94 96 99 100
39 1 5 6 15 17 18 22 25 26 27 31 33 34 36 44 48 49 50 55 56 57 58 60 62 63 65 66 70 74 79 82 84 89 91 93 94 96 99 100
37 1 5 6 15 17 18 25 26 27 31 33 34 44 48 49 50 55 56 57 58 60 62 63 65 66 70 74 79 82 84 89 91 93 94 96 99 100
37 1 5 6 15 17 18 25 26 27 31 33 34 44 48 49 50 55 56 57 58 60 62 63 65 66 70 74 79 82 84 89 91 93 94 96 99 100
37 1 5 6 15 17 18 25 26 27 31 33 34 44 48 49 50 55 56 57 58 60 62 63 65 66 70 74 79 82 84 89 91 93 94 96 99 100
36 1 5 6 15 17 18 25 26 27 31 33 34 44 48 49 50 55 56 57 58 60 62 63 65 66 70 74 79 82 84 89 91 93 94 96 99
33 1 5 6 15 17 18 26 27 31 33 34 44 48 50 55 56 57 58 60 62 63 65 66 70 74 79 82 84 89 91 94 96 99
33 1 5 6 15 17 18 26 27 31 33 34 44 48 50 55 56 57 58 60 62 63 65 66 70 74 79 82 84 89 91 94 96 99
32 1 5 6 17 18 26 27 31 33 34 44 48 50 55 56 57 58 60 62 63 65 66 70 74 79 82 84 89 91 94 96 99
32 1 5 6 17 18 26 27 31 33 34 44 48 50 55 56 57 58 60 62 63 65 66 70 74 79 82 84 89 91 94 96 99
30 1 6 17 18 26 27 31 34 44 48 50 55 56 57 58 60 62 63 65 66 70 74 79 82 84 89 91 94 96 99
28 1 6 17 18 26 27 31 34 44 48 50 55 56 57 58 60 62 63 65 66 70 74 82 84 91 94 96 99
26 1 6 17 18 26 27 31 34 44 48 50 55 56 57 58 60 62 65 66 70 82 84 91 94 96 99
26 1 6 17 18 26 27 31 34 44 48 50 55 56 57 58 60 62 65 66 70 82 84 91 94 96 99
23 1 6 17 18 26 27 31 44 50 56 57 58 60 62 65 66 70 82 84 91 94 96 99
23 1 6 17 18 26 27 31 44 50 56 57 58 60 62 65 66 70 82 84 91 94 96 99
21 1 6 17 18 26 27 31 44 50 57 58 62 65 66 70 82 84 91 94 96 99
20 1 6 17 18 26 27 31 44 50 58 62 65 66 70 82 84 91 94 96 99
19 1 6 17 18 26 27 31 50 58 62 65 66 70 82 84 91 94 96 99
17 6 17 18 26 27 31 50 58 62 65 66 70 82 91 94 96 99
17 6 17 18 26 27 31 50 58 62 65 66 70 82 91 94 96 99
16 6 17 18 26 27 31 50 58 62 65 66 70 91 94 96 99
16 6 17 18 26 27 31 50 58 62 65 66 70 91 94 96 99
16 6 17 18 26 27 31 50 58 62 65 66 70 91 94 96 99
15 6 17 18 26 27 31 50 58 62 65 66 91 94 96 99
14 6 17 18 26 31 50 58 62 65 66 91 94 96 99
12 17 18 26 31 50 58 62 65 66 91 94 96
12 17 18 26 31 50 58 62 65 66 91 94 96
10 18 26 31 50 58 62 66 91 94 96
10 18 26 31 50 58 62 66 91 94 96
7 26 31 50 58 66 94 96
6 31 50 58 66 94 96
6 31 50 58 66 94 96
6 31 50 58 66 94 96
4 31 50 66 96
