100 99
2 1 100
2 2 100
2 3 100
2 4 100
2 5 100
2 6 100
2 7 100
2 8 100
2 9 100
2 10 100
2 11 100
2 12 100
2 13 100
2 14 100
2 15 100
2 16 100
2 17 100
2 18 100
2 19 100
2 20 100
2 21 100
2 22 100
2 23 100
2 24 100
2 25 100
2 26 100
2 27 100
2 28 100
2 29 100
2 30 100
2 31 100
2 32 100
2 33 100
2 34 100
2 35 100
2 36 100
2 37 100
2 38 100
2 39 100
2 40 100
2 41 100
2 42 100
2 43 100
2 44 100
2 45 100
2 46 100
2 47 100
2 48 100
2 49 100
2 50 100
2 51 100
2 52 100
2 53 100
2 54 100
2 55 100
2 56 100
2 57 100
2 58 100
2 59 100
2 60 100
2 61 100
2 62 100
2 63 100
2 64 100
2 65 100
2 66 100
2 67 100
2 68 100
2 69 100
2 70 100
2 71 100
2 72 100
2 73 100
2 74 100
2 75 100
2 76 100
2 77 100
2 78 100
2 79 100
2 80 100
2 81 100
2 82 100
2 83 100
2 84 100
2 85 100
2 86 100
2 87 100
2 88 100
2 89 100
2 90 100
2 91 100
2 92 100
2 93 100
7 94 95 96 97 98 99 100
6 95 96 97 98 99 100
5 96 97 98 99 100
4 97 98 99 100
3 98 99 100
2 99 100
