100 100
20 28 39 42 47 48 49 50 54 55 56 57 58 59 61 64 68 69 72 73 75
49 46 47 48 49 50 51 52 53 54 55 56 57 58 59 60 61 62 63 64 65 66 67 68 69 70 71 72 73 74 75 76 77 78 79 80 81 82 83 84 85 86 87 88 89 90 91 92 93 94
2 16 18
56 44 45 46 47 48 49 50 51 52 53 54 55 56 57 58 59 60 61 62 63 64 65 66 67 68 69 70 71 72 73 74 75 76 77 78 79 80 81 82 83 84 85 86 87 88 89 90 91 92 93 94 95 96 97 98 99
44 45 46 47 48 49 50 51 52 53 54 55 56 57 58 59 60 61 62 63 64 65 66 67 68 69 70 71 72 73 74 75 76 77 78 79 80 81 82 83 84 85 86 87 88
55 21 22 23 24 26 27 28 31 32 33 34 38 39 40 41 42 44 46 47 48 49 50 51 53 54 55 56 57 58 59 60 61 62 63 64 65 67 68 69 71 72 73 74 75 76 77 78 80 81 83 84 85 86 89 90
23 30 31 32 33 34 38 39 40 41 42 44 45 46 47 48 49 50 51 52 53 54 55 56
11 11 13 15 16 17 18 19 20 21 22 24
20 4 5 6 7 9 11 12 13 14 15 16 17 18 19 20 21 22 23 24 26
9 18 19 20 21 22 23 24 26 27
9 78 80 81 83 84 85 86 89 91
22 4 5 6 7 9 11 12 13 14 15 16 17 18 19 20 21 22 23 24 26 27 28
49 9 10 11 12 13 14 15 16 17 18 19 20 21 22 23 24 26 27 28 30 31 32 33 34 38 39 40 41 42 44 45 46 47 48 49 50 51 52 53 54 55 56 57 58 59 60 61 62 63
58 8 9 10 11 12 13 14 15 16 17 18 19 20 21 22 23 24 26 27 28 29 30 31 32 33 34 35 36 37 38 39 40 41 42 43 44 45 46 47 48 49 50 51 52 53 54 55 56 57 58 59 60 61 62 63 64 65 66
43 32 33 34 38 39 40 41 42 44 45 46 47 48 49 50 51 53 54 55 56 57 58 59 60 61 62 63 64 65 66 67 68 69 70 71 72 73 74 75 76 77 78 80
54 33 34 38 39 40 41 42 44 45 46 47 48 49 50 51 53 54 55 56 57 58 59 60 61 62 63 64 65 66 67 68 69 70 71 72 73 74 75 76 77 78 80 81 83 84 85 86 87 89 90 91 93 95 96
55 3 4 5 6 7 9 10 11 12 13 14 15 16 17 18 19 20 21 22 23 24 26 27 28 30 31 32 33 34 38 39 40 41 42 44 46 47 48 49 50 51 53 54 55 56 57 58 59 60 61 62 63 64 65 66
37 46 47 48 49 50 51 52 53 54 55 56 57 58 59 60 61 62 63 64 65 66 67 68 69 70 71 72 73 74 75 76 77 78 79 80 81 82
9 42 44 46 47 48 49 50 51 53
47 23 24 26 27 28 31 32 33 34 38 39 41 42 44 46 47 48 49 50 51 53 54 55 56 57 58 59 60 61 62 63 64 65 67 68 69 71 72 73 74 75 76 77 78 80 81 83
7 57 58 59 60 61 62 63
54 26 27 28 29 30 31 32 33 34 35 36 37 38 39 40 41 42 43 44 45 46 47 48 49 50 51 52 53 54 55 56 57 58 59 60 61 62 63 64 65 66 67 68 69 70 71 72 73 74 75 76 77 78 79
54 41 42 43 44 45 46 47 48 49 50 51 52 53 54 55 56 57 58 59 60 61 62 63 64 65 66 67 68 69 70 71 72 73 74 75 76 77 78 79 80 81 83 84 85 86 87 89 90 91 92 93 95 96 97
4 73 75 78 81
79 7 8 9 10 11 12 13 14 15 16 17 18 19 20 21 22 23 24 25 26 27 28 29 30 31 32 33 34 35 36 37 38 39 40 41 42 43 44 45 46 47 48 49 50 51 52 53 54 55 56 57 58 59 60 61 62 63 64 65 66 67 68 69 70 71 72 73 74 75 76 77 78 79 80 81 82 83 84 85
5 84 85 86 87 88
25 64 65 66 67 68 69 70 71 72 73 74 75 76 77 78 79 80 81 82 83 84 85 86 87 88
17 5 6 7 9 11 12 13 14 15 16 17 18 19 20 21 22 23
58 33 34 35 36 37 38 39 40 41 42 43 44 45 46 47 48 49 50 51 52 53 54 55 56 57 58 59 60 61 62 63 64 65 66 67 68 69 70 71 72 73 74 75 76 77 78 79 80 81 83 84 85 86 87 89 90 91 92
15 19 20 21 22 24 26 27 28 39 42 46 47 48 49 50
46 49 50 51 52 53 54 55 56 57 58 59 60 61 62 63 64 65 66 67 68 69 70 71 72 73 74 75 76 77 78 79 80 81 82 83 84 85 86 87 88 89 90 91 92 93 94
4 71 72 73 74
22 71 72 73 74 75 76 77 78 80 81 83 84 85 86 89 90 91 93 95 96 97 98
48 8 9 10 11 12 13 14 15 16 17 18 19 20 21 22 23 24 26 27 28 29 30 31 32 33 34 35 36 37 38 39 40 41 42 43 44 45 46 47 48 49 50 51 52 53 54 55 56
17 35 36 37 38 39 40 41 42 43 44 45 46 47 48 49 50 51
5 93 95 96 97 98
49 34 35 36 37 38 39 40 41 42 43 44 45 46 47 48 49 50 51 52 53 54 55 56 57 58 59 60 61 62 63 64 65 66 67 68 69 70 71 72 73 74 75 76 77 78 79 80 81 82
68 11 12 13 14 15 16 17 18 19 20 21 22 23 24 26 27 28 29 30 31 32 33 34 35 36 37 38 39 40 41 42 43 44 45 46 47 48 49 50 51 52 53 54 55 56 57 58 59 60 61 62 63 64 65 66 67 68 69 70 71 72 73 74 75 76 77 78 79
25 28 30 31 32 33 34 38 39 40 41 42 44 45 46 47 48 49 50 51 52 53 54 55 56 57
8 67 68 69 71 72 73 74 75
10 28 29 30 31 32 33 34 35 36 37
5 59 61 64 68 69
41 8 9 10 11 12 13 14 15 16 17 18 19 20 21 22 23 24 25 26 27 28 29 30 31 32 33 34 35 36 37 38 39 40 41 42 43 44 45 46 47 48
12 63 64 65 67 68 69 71 72 73 74 75 76
25 49 50 51 53 54 55 56 57 58 59 60 61 62 63 64 65 67 68 69 71 72 73 74 75 76
17 3 4 5 6 7 9 10 11 12 13 14 15 16 17 18 19 20
21 65 66 67 68 69 70 71 72 73 74 75 76 77 78 79 80 81 83 84 85 86
31 58 59 60 61 62 63 64 65 66 67 68 69 70 71 72 73 74 75 76 77 78 79 80 81 82 83 84 85 86 87 88
24 13 14 15 16 17 18 19 20 21 22 23 24 26 27 28 30 31 32 33 34 38 39 40 41
76 8 9 10 11 12 13 14 15 16 17 18 19 20 21 22 23 24 26 27 28 29 30 31 32 33 34 35 36 37 38 39 40 41 42 43 44 45 46 47 48 49 50 51 52 53 54 55 56 57 58 59 60 61 62 63 64 65 66 67 68 69 70 71 72 73 74 75 76 77 78 79 80 81 82 83 84
35 23 24 26 27 28 29 30 31 32 33 34 35 36 37 38 39 40 41 42 43 44 45 46 47 48 49 50 51 52 53 54 55 56 57 58
16 71 72 73 74 75 76 77 78 79 80 81 82 83 84 85 86
25 22 23 24 26 27 28 30 31 32 33 34 38 39 40 41 42 44 45 46 47 48 49 50 51 52
15 24 26 27 28 39 42 46 47 48 49 50 51 54 55 56
31 31 32 33 34 35 36 37 38 39 40 41 42 43 44 45 46 47 48 49 50 51 52 53 54 55 56 57 58 59 60 61
48 33 34 36 37 38 39 40 41 42 43 44 45 46 47 48 49 50 51 52 53 54 55 56 57 58 59 60 61 62 63 64 65 66 67 68 69 70 71 72 73 74 75 76 77 78 79 80 81
60 25 26 27 28 29 30 31 32 33 34 35 36 37 38 39 40 41 42 43 44 45 46 47 48 49 50 51 52 53 54 55 56 57 58 59 60 61 62 63 64 65 66 67 68 69 70 71 72 73 74 75 76 77 78 79 80 81 82 83 84
7 21 22 23 24 26 27 28
7 92 93 94 95 96 97 98
27 13 16 18 20 21 22 24 27 28 39 42 47 48 49 50 54 55 57 58 59 61 64 68 69 72 73 75
20 48 49 50 51 52 53 54 55 56 57 58 59 60 61 62 63 64 65 66 67
29 58 59 60 61 62 63 64 65 67 68 69 71 72 73 74 75 76 77 78 80 81 83 84 85 86 89 90 91 93
93 2 3 4 5 6 7 8 9 10 11 12 13 14 15 16 17 18 19 20 21 22 23 24 26 27 28 29 30 31 32 33 34 35 36 37 38 39 40 41 42 43 44 45 46 47 48 49 50 51 52 53 54 55 56 57 58 59 60 61 62 63 64 65 66 67 68 69 70 71 72 73 74 75 76 77 78 79 80 81 82 83 84 85 86 87 89 90 91 92 93 95 96 97
22 33 39 41 42 46 47 48 49 50 51 53 54 55 56 57 58 59 61 64 65 68 69
25 20 21 22 23 24 26 27 28 29 30 31 32 33 34 35 36 37 38 39 40 41 42 43 44 45
12 68 69 70 71 72 73 74 75 76 77 78 79
39 12 13 14 15 16 17 18 19 20 21 22 24 26 27 28 31 32 33 39 41 42 46 47 48 49 50 51 53 54 55 56 57 58 59 61 64 65 68 69
65 17 18 19 20 21 22 23 24 26 27 28 29 30 31 32 33 34 35 36 37 38 39 40 41 42 43 44 45 46 47 48 49 50 51 52 53 54 55 56 57 58 59 60 61 62 63 64 65 66 67 68 69 70 71 72 73 74 75 76 77 78 79 80 81 82
18 16 17 18 19 20 21 22 23 24 26 27 28 29 30 31 32 33 34
66 23 24 25 26 27 28 29 30 31 32 33 34 35 36 37 38 39 40 41 42 43 44 45 46 47 48 49 50 51 52 53 54 55 56 57 58 59 60 61 62 63 64 65 66 67 68 69 70 71 72 73 74 75 76 77 78 79 80 81 82 83 84 85 86 87 88
15 16 17 18 20 21 22 24 26 27 28 39 42 46 47 48
13 52 53 54 55 56 57 58 59 60 61 62 63 64
21 67 68 69 70 71 72 73 74 75 76 77 78 79 80 81 82 83 84 85 86 87
25 7 9 11 12 13 14 15 16 17 18 19 20 21 22 23 24 26 27 28 31 32 33 34 39 41
34 32 33 34 35 36 37 38 39 40 41 42 43 44 45 46 47 48 49 50 51 52 53 54 55 56 57 58 59 60 61 62 63 64 65
44 23 24 26 27 28 31 32 33 34 39 41 42 46 47 48 49 50 51 53 54 55 56 57 58 59 60 61 62 63 64 65 67 68 69 71 72 73 74 75 76 77 78 80 81
17 12 13 14 15 16 17 18 19 20 21 22 23 24 26 27 28 29
48 9 11 12 13 14 15 16 17 18 19 20 21 22 23 24 26 27 28 31 32 33 34 39 41 42 46 47 48 49 50 51 53 54 55 56 57 58 59 60 61 62 63 64 65 67 68 69 71
14 75 76 77 78 79 80 81 82 83 84 85 86 87 88
35 16 17 18 19 20 21 22 23 24 26 27 28 29 30 31 32 33 34 35 36 37 38 39 40 41 42 43 44 45 46 47 48 49 50 51
3 28 31 32
50 34 35 36 37 38 39 40 41 42 43 44 45 46 47 48 49 50 51 52 53 54 55 56 57 58 59 60 61 62 63 64 65 66 67 68 69 70 71 72 73 74 75 76 77 78 79 80 81 82 83
66 2 3 4 5 6 7 8 9 10 11 12 13 14 15 16 17 18 19 20 21 22 23 24 26 27 28 29 30 31 32 33 34 35 36 37 38 39 40 41 42 43 44 45 46 47 48 49 50 51 52 53 54 55 56 57 58 59 60 61 62 63 64 65 66 67 68
20 50 51 53 54 55 56 57 58 59 60 61 62 63 64 65 66 67 68 69 70
45 26 27 28 29 30 31 32 33 34 35 36 37 38 39 40 41 42 43 44 45 46 47 48 49 50 51 52 53 54 55 56 57 58 59 60 61 62 63 64 65 66 67 68 69 70
10 22 23 24 26 27 28 29 30 31 32
28 6 7 9 10 11 12 13 14 15 16 17 18 19 20 21 22 23 24 26 27 28 29 30 31 32 33 34 35
35 5 6 11 13 15 16 17 18 20 21 22 24 26 27 28 39 42 46 47 48 49 50 54 55 56 57 58 59 61 64 68 69 72 73 75
29 7 8 9 10 11 12 13 14 15 16 17 18 19 20 21 22 23 24 26 27 28 29 30 31 32 33 34 35 36
54 37 38 39 40 41 42 43 44 45 46 47 48 49 50 51 52 53 54 55 56 57 58 59 60 61 62 63 64 65 66 67 68 69 70 71 72 73 74 75 76 77 78 79 80 81 82 83 84 85 86 87 89 90 91
12 4 5 6 7 9 11 13 14 15 16 17 18
12 22 23 24 26 27 28 29 30 31 32 33 34
36 20 21 22 24 26 27 28 31 32 33 39 41 42 46 47 48 49 50 51 53 54 55 56 57 58 59 61 64 65 68 69 72 73 74 75 76
21 33 34 38 39 41 42 44 46 47 48 49 50 51 53 54 55 56 57 58 59 60
59 29 30 31 32 33 34 35 36 37 38 39 40 41 42 43 44 45 46 47 48 49 50 51 52 53 54 55 56 57 58 59 60 61 62 63 64 65 66 67 68 69 70 71 72 73 74 75 76 77 78 79 80 81 83 84 85 86 87 89
43 38 39 40 41 42 43 44 45 46 47 48 49 50 51 52 53 54 55 56 57 58 59 60 61 62 63 64 65 66 67 68 69 70 71 72 73 74 75 76 77 78 79 80
11 35 36 37 38 39 40 41 42 43 44 45
49 4 5 6 7 8 9 10 11 12 13 14 15 16 17 18 19 20 21 22 23 24 25 26 27 28 29 30 31 32 33 34 35 36 37 38 39 40 41 42 43 44 45 46 47 48 49 50 51 52
29 9 11 13 14 15 16 17 18 19 20 21 22 24 26 27 28 33 39 41 42 46 47 48 49 50 51 54 55 56
67 28 29 30 31 32 33 34 35 36 37 38 39 40 41 42 43 44 45 46 47 48 49 50 51 52 53 54 55 56 57 58 59 60 61 62 63 64 65 66 67 68 69 70 71 72 73 74 75 76 77 78 79 80 81 82 83 84 85 86 87 88 89 90 91 92 93 94
