100
63 
65 27 
23 9 54 
95 38 84 14 
63 34 68 99 23 
41 1 67 81 1 2 
3 61 94 3 0 29 38 
21 86 44 59 8 14 99 81 
80 54 23 33 60 16 14 65 34 
43 84 49 84 80 7 58 46 81 6 
49 78 50 4 34 39 56 73 10 49 62 
92 31 56 65 92 50 10 4 87 45 8 80 
27 70 71 97 5 86 21 18 15 50 89 81 82 
59 83 30 24 62 20 54 37 51 11 34 80 81 25 
45 84 62 22 30 4 58 54 18 84 85 62 17 20 57 
6 66 91 74 66 73 48 49 3 45 88 67 45 62 76 86 
10 84 55 16 5 72 39 70 67 18 40 43 34 11 25 63 36 
21 43 54 94 45 39 80 89 63 83 22 48 8 32 21 80 40 42 
59 12 7 91 59 92 77 52 25 92 88 70 90 68 65 70 90 6 25 
91 88 83 78 47 7 14 57 39 11 63 2 3 55 59 98 58 43 89 88 
26 13 24 91 62 95 1 27 23 92 30 85 1 75 64 64 24 96 91 49 59 
78 95 69 50 88 59 26 70 8 92 11 80 40 78 25 83 2 79 42 11 47 95 
91 5 11 92 5 46 12 89 47 22 43 29 51 49 22 83 2 96 36 19 17 23 18 
31 49 79 64 90 55 58 27 20 92 71 95 72 94 32 59 86 39 29 95 92 21 86 70 
35 55 43 13 29 51 83 12 86 80 71 99 3 13 8 87 54 3 75 90 86 58 51 25 13 
75 84 84 89 5 31 58 75 45 53 50 27 64 40 32 75 58 78 29 61 77 61 97 39 53 24 
62 29 7 27 46 3 52 58 64 38 63 10 0 64 47 36 31 95 81 29 40 27 50 62 68 56 10 
0 8 49 73 67 10 70 50 72 6 79 69 65 17 70 30 99 54 85 34 41 0 64 69 4 42 61 76 
49 38 89 86 30 89 84 9 21 26 63 41 50 41 25 7 47 61 22 15 32 98 19 1 20 69 3 69 3 
36 97 17 4 50 39 82 76 90 34 33 3 74 67 8 77 99 57 9 89 11 48 34 92 19 9 65 93 82 30 
93 87 25 44 77 27 87 30 52 47 8 61 78 4 78 90 19 20 80 84 73 43 47 79 78 82 60 23 69 52 83 
76 64 3 32 9 83 90 31 99 92 10 59 44 64 83 34 49 80 40 64 77 23 65 49 87 11 27 43 61 78 88 80 
77 11 17 31 92 20 1 25 93 2 80 40 0 2 67 98 39 10 77 16 32 5 46 28 28 38 3 39 16 52 34 49 90 
1 15 77 57 96 67 49 36 56 60 29 32 29 57 95 36 63 27 78 78 56 83 30 31 39 42 36 7 70 58 94 74 47 70 
38 61 77 5 47 1 73 7 55 44 36 21 47 57 36 73 16 2 38 40 98 8 65 23 34 86 36 60 56 5 64 6 34 23 22 
63 95 99 39 65 95 64 8 63 75 1 68 85 36 52 3 53 9 9 45 88 21 62 47 16 37 36 77 71 33 56 41 29 33 94 54 
62 76 53 53 90 68 76 35 49 32 9 95 58 1 36 78 87 61 74 55 1 10 98 18 61 51 35 43 91 38 86 56 49 37 62 34 16 
44 67 91 42 78 76 76 31 83 32 73 33 6 90 3 60 76 67 26 95 88 64 19 8 48 96 54 60 4 72 39 87 57 41 62 92 0 21 
9 15 95 18 46 22 21 71 60 77 37 27 81 11 61 39 58 78 0 15 71 85 84 93 17 20 89 38 12 79 69 73 72 59 6 60 52 33 84 
71 50 4 27 15 36 35 96 21 35 31 3 16 96 33 97 28 36 2 58 15 86 38 5 22 70 11 54 4 87 72 28 13 20 97 77 71 87 76 74 
97 51 36 55 50 0 64 46 10 23 91 79 2 27 58 48 19 66 27 77 74 57 89 30 6 10 80 87 17 2 65 92 83 97 32 62 77 53 61 21 65 
31 82 99 45 28 79 50 77 12 63 41 69 71 97 84 92 85 48 52 19 19 88 92 56 54 29 22 5 39 58 21 48 68 34 0 0 17 93 11 6 22 78 
80 33 84 88 0 74 97 66 38 56 61 47 68 55 62 69 5 87 47 77 67 75 65 84 93 98 97 84 51 5 26 69 28 94 17 9 5 49 57 70 72 16 46 
99 95 44 16 1 42 50 73 59 89 58 78 32 22 19 77 15 34 75 16 36 83 17 9 98 70 7 2 96 14 68 6 20 28 88 5 9 96 2 20 64 36 70 24 
85 99 51 76 8 44 38 77 47 44 85 62 5 89 70 55 19 92 55 14 42 45 42 4 81 33 96 65 40 8 79 71 53 64 31 87 1 46 84 81 42 71 54 92 71 
33 86 1 49 30 2 82 12 65 90 50 41 48 31 27 86 18 11 82 46 61 2 6 55 50 93 23 97 96 61 88 92 90 98 80 0 53 43 61 68 60 44 66 48 37 79 
63 24 28 92 42 49 31 24 8 50 53 75 23 87 11 20 14 12 28 10 55 89 83 60 80 64 82 45 37 99 92 28 41 92 15 41 94 78 44 98 73 81 68 36 30 65 44 
26 69 66 3 54 15 36 45 76 3 77 67 96 35 30 73 79 0 51 76 3 71 89 73 71 55 6 53 76 76 47 19 80 98 40 15 58 39 64 24 60 41 3 35 94 91 41 72 
39 52 12 50 20 32 5 23 35 15 59 18 85 21 53 96 32 21 72 80 79 63 67 42 95 6 21 18 30 93 40 14 97 22 45 96 95 91 56 28 27 24 33 54 57 16 10 31 9 
92 55 34 65 81 71 16 37 23 69 64 56 54 34 21 52 2 64 24 93 53 72 58 94 87 40 1 40 65 44 81 84 46 37 89 94 75 13 67 59 20 33 42 88 74 5 82 80 95 79 
21 72 80 54 47 64 59 11 82 80 69 53 64 3 21 13 10 8 21 25 78 76 36 22 94 35 49 67 18 5 46 12 27 19 60 38 97 5 94 64 3 83 16 38 38 33 98 5 11 74 52 
15 96 12 80 96 85 68 61 73 15 96 2 43 94 50 36 99 3 70 24 37 83 52 85 67 53 75 64 15 85 89 56 90 71 7 71 71 60 19 85 42 59 60 56 38 93 10 77 15 33 82 22 
19 58 16 77 15 95 83 11 36 45 76 80 96 18 46 2 46 13 49 51 36 0 58 40 12 11 2 74 96 46 18 0 90 48 65 55 60 46 52 13 80 17 87 60 47 81 20 4 74 22 13 83 81 
24 56 57 72 13 58 76 59 76 57 45 78 53 54 36 12 60 22 8 11 11 70 26 60 40 38 86 32 9 27 95 43 77 0 56 75 84 43 23 60 14 95 82 66 89 28 59 56 48 78 80 12 82 34 
59 59 71 14 28 9 84 4 88 88 9 50 56 65 88 76 46 51 56 40 14 92 89 97 93 76 25 51 86 20 5 14 74 31 18 79 17 88 2 15 25 20 35 4 50 5 41 77 98 59 26 41 82 46 67 
32 94 96 73 49 26 95 2 11 65 6 57 6 50 0 35 96 23 81 31 48 41 81 8 22 26 81 17 29 70 69 84 29 73 39 35 25 35 45 12 15 92 14 28 81 62 64 39 7 57 81 77 37 70 27 31 
88 63 82 51 44 65 25 57 85 34 70 23 10 93 34 55 48 36 88 71 31 62 21 50 9 61 34 49 76 20 68 7 42 36 95 53 7 31 29 8 19 43 54 81 80 22 78 99 94 33 32 59 0 69 63 20 17 
91 54 91 80 80 80 81 81 30 59 43 77 42 51 19 79 45 56 17 55 11 80 64 63 14 17 30 40 40 34 49 16 60 29 79 41 82 27 76 28 84 85 42 34 71 45 12 46 23 83 72 68 99 29 82 93 32 89 
86 48 74 34 57 9 8 49 85 32 97 89 35 39 31 12 4 95 9 52 97 91 71 10 20 62 24 69 70 51 94 26 97 68 77 14 40 36 62 41 50 99 2 37 16 58 59 93 79 59 77 36 65 14 17 12 34 94 70 
96 94 66 5 9 65 18 94 11 14 93 43 32 12 41 16 92 26 98 47 8 54 2 46 76 20 44 6 6 18 27 58 89 99 61 52 94 56 32 79 17 12 41 58 55 8 27 0 30 17 26 32 13 76 44 54 42 17 3 46 
40 77 9 20 86 49 88 20 33 36 85 28 44 76 99 76 78 43 75 21 47 29 10 73 32 95 86 49 52 94 46 96 2 45 28 91 73 25 92 81 85 4 34 40 56 3 51 20 41 51 80 52 91 14 75 91 24 26 71 88 83 
38 82 45 16 92 85 52 95 85 47 30 80 24 10 60 69 70 74 7 51 2 14 77 61 8 44 25 18 49 56 99 27 17 89 36 41 85 59 18 76 7 24 24 48 92 57 36 54 72 71 9 53 27 98 15 14 95 33 44 50 75 3 
17 64 48 2 70 7 55 74 50 68 50 84 70 58 35 99 91 0 80 78 53 64 57 27 30 91 75 87 68 20 82 63 23 29 97 50 38 12 4 99 47 34 85 21 73 45 83 37 57 19 88 56 96 30 62 73 60 17 96 77 44 68 49 
21 64 8 81 27 89 60 27 13 18 63 74 22 56 87 28 82 71 7 35 60 13 75 1 93 14 75 58 39 12 37 85 15 69 7 28 19 63 57 88 8 75 32 20 99 4 26 28 90 45 79 77 42 41 57 6 14 79 32 74 34 66 73 96 
88 34 51 87 42 23 78 15 89 41 62 11 65 25 76 8 66 66 73 49 14 3 34 69 12 77 39 6 52 23 22 23 32 66 56 20 38 89 34 4 67 45 72 83 23 46 87 24 53 27 43 9 17 84 72 54 8 76 5 32 48 30 5 74 84 
45 49 36 45 75 74 47 70 22 25 24 5 59 11 32 11 96 98 88 86 56 1 17 1 49 90 78 31 17 10 86 55 93 88 0 99 46 50 36 34 85 8 2 40 73 42 21 9 11 2 74 86 82 93 86 99 76 38 22 11 8 60 61 5 3 75 
83 90 65 50 63 44 81 94 33 83 28 35 9 94 91 66 68 40 18 54 17 90 80 16 54 59 20 52 73 70 14 35 44 76 46 97 84 91 3 75 49 82 47 89 18 58 22 64 48 68 78 27 67 75 85 10 16 3 25 15 88 99 63 80 25 41 97 
21 24 48 50 31 34 18 15 1 62 6 69 46 15 86 27 91 90 97 33 26 63 4 50 51 40 52 73 41 13 63 83 84 1 30 63 94 85 30 76 75 95 52 35 89 49 3 28 59 75 45 61 21 35 49 16 28 63 31 98 4 16 48 92 87 4 1 86 
15 80 18 25 14 64 91 65 21 15 90 95 87 75 53 24 75 84 55 2 56 55 54 34 71 18 99 35 34 54 97 74 99 16 14 18 96 52 60 10 53 87 11 72 95 8 99 76 19 82 28 73 9 83 12 90 35 91 13 17 64 65 39 56 38 70 7 4 99 
73 9 95 23 63 95 56 6 60 75 17 71 13 10 56 37 7 14 78 72 19 12 65 55 59 54 99 44 68 84 87 36 6 65 87 49 49 29 3 85 14 80 20 69 45 33 0 54 23 74 17 78 2 51 96 85 15 82 12 81 20 58 58 27 95 68 27 4 39 97 
92 61 17 94 97 38 62 91 45 13 95 22 0 4 24 75 17 39 84 44 78 64 49 4 6 92 20 35 27 84 8 12 27 36 19 41 99 54 28 74 86 37 15 98 62 88 17 94 29 33 12 35 90 35 63 26 70 55 21 29 10 33 11 77 70 46 67 25 91 81 59 
65 79 52 7 85 12 84 29 79 88 59 14 63 76 48 49 88 19 75 10 23 37 19 54 96 70 33 73 59 4 70 52 45 70 52 99 79 98 69 57 62 73 8 34 17 43 12 49 51 9 53 60 67 11 25 24 29 38 7 49 3 83 59 17 53 60 70 47 20 11 39 11 
68 21 42 16 24 68 26 46 2 19 85 9 59 9 60 93 37 72 82 71 91 76 2 20 57 8 42 39 97 79 9 21 20 95 59 4 96 6 8 44 89 58 79 98 75 14 48 77 35 96 72 51 41 38 44 67 53 32 72 0 36 76 48 29 66 12 60 74 86 82 56 95 25 
17 71 31 65 19 1 80 72 23 34 61 44 1 13 52 2 72 67 80 84 11 81 61 19 83 84 34 60 31 31 31 81 84 4 13 95 87 19 50 55 93 87 77 41 70 92 17 55 93 41 69 22 71 78 60 82 73 73 57 29 62 73 5 57 37 60 10 40 91 85 56 88 33 61 
40 43 89 18 88 61 83 72 49 52 13 4 81 23 73 1 81 46 23 78 79 50 42 53 60 21 79 72 76 35 96 14 84 82 77 80 68 26 57 45 74 81 40 6 98 7 32 53 79 13 69 62 2 46 23 68 62 37 70 36 75 57 57 15 18 94 95 84 13 56 15 48 90 66 58 
18 98 52 54 77 56 73 64 92 34 0 97 28 47 96 25 57 34 73 53 32 43 64 43 95 95 51 87 36 51 70 47 94 53 49 34 61 78 50 13 25 92 89 36 59 49 54 11 99 79 99 72 37 29 55 28 24 98 1 23 39 0 73 32 43 47 39 93 93 83 45 60 2 66 23 3 
55 31 12 73 9 56 12 97 69 42 71 30 77 94 32 31 51 53 27 73 25 52 32 42 36 37 37 56 16 2 1 50 13 89 45 27 29 55 19 0 10 84 33 74 72 31 24 12 5 54 1 41 52 48 99 46 84 6 14 94 50 23 24 59 37 51 78 60 13 22 84 10 38 53 68 88 18 
45 55 53 5 83 74 45 59 71 69 32 3 89 49 74 71 72 14 27 63 13 78 4 38 11 4 83 38 48 52 75 75 16 99 4 91 48 67 72 32 1 0 49 30 18 85 3 66 71 93 17 99 99 21 32 0 64 34 26 65 65 70 80 91 76 24 34 2 61 82 11 77 39 46 69 36 52 82 
29 76 27 9 43 88 69 67 56 50 36 58 44 77 0 53 54 65 6 56 5 87 94 65 30 55 27 91 55 99 25 9 5 93 28 36 45 11 15 17 27 21 63 88 60 32 81 9 90 18 0 21 69 26 55 8 0 9 31 9 96 29 28 49 31 33 10 48 88 52 25 50 6 74 1 1 59 64 36 
27 19 90 72 70 37 71 85 45 69 41 25 6 35 7 89 58 38 59 25 45 96 31 56 58 60 47 50 64 13 35 57 70 14 9 80 16 74 46 86 22 90 1 7 82 9 53 1 9 7 60 77 17 76 4 62 78 30 36 30 74 85 50 4 14 91 51 2 1 40 39 31 35 27 31 83 63 41 87 54 
17 53 9 14 22 69 30 97 21 64 91 73 22 64 48 65 15 69 52 28 96 14 45 57 82 79 85 79 39 84 68 37 42 1 96 4 44 98 6 11 83 53 78 63 28 29 7 32 38 45 27 32 30 68 97 98 81 59 76 34 94 77 22 74 56 19 69 27 93 16 64 26 32 58 55 97 40 49 37 94 94 
86 53 5 29 0 27 88 23 47 3 39 6 53 47 54 76 10 26 48 11 30 40 88 17 50 60 21 35 83 55 37 8 69 18 19 80 27 7 94 49 2 84 64 49 32 44 63 29 54 17 81 65 5 74 51 33 73 90 0 16 16 13 15 43 45 70 58 99 96 9 47 38 88 21 64 90 93 17 87 87 41 52 
19 84 33 38 94 17 13 56 79 15 87 67 46 79 71 73 30 63 40 12 13 18 78 7 75 62 73 37 44 71 96 17 75 59 89 79 97 52 28 96 84 61 97 72 16 72 47 10 83 11 18 93 55 61 16 86 49 51 99 50 20 40 90 93 8 10 82 78 7 98 18 60 25 41 66 26 39 59 8 55 53 7 12 
4 1 52 57 86 86 48 88 34 61 71 28 43 25 81 35 87 2 95 56 89 61 39 9 59 1 51 70 30 56 48 94 97 47 50 94 58 71 98 15 38 53 78 33 53 88 85 37 94 61 28 90 79 31 32 95 4 49 40 19 47 60 21 97 96 53 64 94 7 66 43 81 82 7 63 23 25 0 57 27 54 60 92 75 
74 61 95 51 1 95 27 48 36 9 46 41 56 11 76 34 54 20 54 6 90 71 98 98 16 84 94 74 97 40 59 71 73 54 60 30 89 19 95 28 48 4 99 37 11 45 52 62 9 97 95 5 17 57 1 64 38 14 90 34 85 75 82 84 30 34 91 39 46 33 0 97 86 87 57 54 23 47 96 1 0 10 95 47 29 
41 74 30 87 41 99 22 19 6 92 20 51 1 45 11 50 81 46 39 39 56 87 51 29 74 62 79 13 85 73 63 88 3 56 86 46 1 5 6 3 5 61 99 93 43 41 37 54 71 18 79 19 53 18 13 64 12 80 37 46 0 45 2 63 15 36 24 85 14 82 19 8 45 78 78 4 60 92 99 42 47 72 13 54 4 77 
48 74 82 57 19 57 13 92 75 25 53 81 44 26 44 72 13 80 92 38 56 15 36 73 98 37 81 14 44 59 83 80 51 33 73 50 8 20 66 49 15 84 25 31 20 78 12 42 63 29 52 17 38 76 3 88 32 1 81 94 53 72 84 11 46 91 0 54 1 95 50 52 45 82 36 10 71 37 12 85 38 4 23 4 4 61 77 
33 53 60 20 71 23 79 10 79 46 30 82 45 94 0 37 62 14 1 24 51 51 18 25 92 62 93 43 62 41 59 55 37 36 47 32 17 83 25 17 19 87 38 37 80 30 2 15 69 94 23 27 65 89 59 84 15 50 84 43 3 78 82 15 19 50 98 23 53 64 38 77 99 96 73 12 22 89 52 87 60 12 68 79 9 56 78 63 
99 42 0 86 79 14 94 87 27 19 85 59 70 43 98 42 12 26 93 54 15 28 27 75 12 57 62 50 49 65 84 27 50 67 7 38 27 26 46 13 74 90 15 46 77 67 72 80 77 17 64 45 83 75 55 46 35 4 63 6 99 99 41 85 75 45 31 94 22 98 8 23 63 35 2 46 24 58 85 43 14 68 84 64 91 65 80 85 64 
22 69 49 83 51 92 60 99 23 45 18 53 85 70 87 62 87 24 61 41 45 41 31 32 35 90 55 18 79 37 22 96 35 78 42 67 88 43 95 52 66 17 34 54 83 9 67 32 30 34 54 4 98 4 60 38 67 85 94 88 64 79 42 57 25 59 16 1 51 44 48 17 69 54 38 39 1 20 34 28 75 52 57 63 29 86 26 32 68 15 
25 34 81 47 9 33 99 83 1 9 20 36 90 78 81 2 54 32 15 89 44 70 59 1 29 16 89 86 46 11 33 58 88 35 62 99 36 76 87 96 60 25 50 15 41 44 42 7 6 63 44 82 0 2 38 11 4 39 3 62 46 29 79 95 92 83 78 79 85 24 42 40 53 99 69 93 41 86 83 54 19 18 17 24 24 33 63 76 37 86 71 
48 72 41 17 78 75 15 45 57 34 51 11 32 8 90 83 69 6 36 25 27 47 85 97 55 19 98 6 97 93 87 64 41 50 92 80 63 10 74 48 15 41 25 27 56 49 35 33 97 40 55 47 85 79 66 97 7 34 26 32 10 58 53 98 53 58 92 60 5 66 88 19 26 20 36 49 0 69 17 38 15 59 66 85 86 0 11 29 92 3 75 29 
54 93 5 27 83 86 8 4 70 81 26 57 83 57 10 30 88 22 28 88 84 95 85 33 60 64 11 48 45 43 68 76 7 86 41 12 17 8 72 84 52 89 71 39 63 30 31 42 15 33 8 15 16 32 57 9 72 57 71 18 24 18 82 74 47 94 8 56 93 15 77 29 52 24 79 49 97 58 41 48 78 90 6 92 74 99 89 53 26 26 70 13 67 
8 63 50 55 35 59 68 4 11 42 27 42 88 59 42 3 49 50 72 77 46 17 35 80 10 49 30 26 22 4 70 3 10 14 89 19 66 96 67 62 16 52 21 93 44 21 18 87 55 57 91 16 87 14 27 4 27 65 64 47 27 78 48 11 2 67 98 59 4 30 75 30 2 13 12 19 91 32 50 71 80 27 45 35 31 47 65 71 92 30 34 3 88 6 
1 29 46 83 74 66 0 85 24 30 53 67 59 30 59 25 82 32 8 50 57 77 97 46 84 25 67 63 76 72 85 50 97 7 48 17 41 70 69 62 87 28 69 14 11 11 43 54 33 33 7 81 80 23 0 19 25 98 94 9 88 75 62 18 9 86 70 53 78 1 65 40 44 53 2 44 76 46 39 78 32 28 93 97 22 53 22 16 7 41 31 79 51 63 31 
25 85 26 19 68 90 60 31 11 46 13 16 51 81 26 39 5 46 83 66 76 82 23 10 67 51 23 17 41 44 98 0 67 80 75 51 0 68 51 50 44 90 72 27 82 83 77 3 20 84 55 39 21 48 53 44 16 25 36 7 95 97 70 13 84 54 64 69 88 33 81 68 86 75 81 32 54 25 93 56 18 94 88 42 64 69 34 4 13 64 24 43 66 2 45 10 
61 45 47 99 57 92 96 28 61 10 77 41 70 12 7 88 39 67 78 20 98 81 32 66 92 81 15 8 9 40 21 63 29 62 94 40 33 78 6 42 42 79 17 52 66 67 87 56 36 31 73 70 10 79 9 42 60 63 61 38 72 15 70 81 28 56 34 80 35 83 96 86 76 37 74 39 6 75 5 80 40 59 8 98 52 16 66 4 6 3 97 21 68 90 98 66 11 
53 11 87 76 18 54 37 23 48 83 64 15 11 69 49 91 95 40 34 33 99 43 64 61 68 12 21 68 18 16 56 77 81 88 9 62 23 99 65 19 17 23 33 12 72 90 49 78 58 9 85 92 97 79 94 1 67 82 23 72 74 99 85 66 49 87 83 68 60 61 11 49 24 29 72 78 14 81 98 64 73 11 38 97 66 88 99 51 15 71 57 8 27 68 23 98 69 10 
19 87 46 66 15 40 84 26 20 55 16 94 14 93 76 94 3 77 21 80 85 41 69 27 4 33 68 71 68 42 28 50 82 81 60 15 82 65 94 54 65 81 15 17 47 17 38 57 67 54 66 8 21 17 25 17 61 67 78 0 90 5 87 51 53 37 0 76 46 6 53 77 43 56 70 6 12 5 75 26 34 15 98 60 12 3 86 30 6 52 65 78 84 76 81 9 26 3 26 
21 77 26 34 75 10 70 34 88 57 32 76 3 56 5 69 23 24 66 97 42 1 66 24 34 14 22 19 43 79 24 19 57 9 30 53 47 34 13 14 24 61 55 37 17 1 98 90 59 59 82 45 81 88 8 8 0 43 19 16 22 70 71 51 98 44 72 33 87 31 37 79 18 38 73 93 15 89 97 62 62 16 79 87 27 61 79 96 44 69 23 97 71 9 12 17 22 13 47 35 
