30
30 
47 1 
35 65 21 
0 74 94 58 
71 29 34 28 60 
97 6 29 19 26 68 
37 1 48 98 57 89 64 
60 38 33 23 49 57 19 50 
4 83 52 47 84 60 16 56 90 
19 59 6 10 97 47 96 93 59 50 
76 36 20 31 9 48 76 64 26 36 81 
34 64 8 7 97 26 1 39 81 64 76 66 
1 9 43 64 5 16 49 43 65 83 89 13 53 
54 78 98 75 73 77 45 36 36 43 1 75 62 24 
95 82 57 92 10 26 57 97 18 77 42 85 97 61 55 
1 10 51 84 89 28 61 35 38 27 73 19 42 41 42 84 
95 48 64 98 14 21 23 76 84 91 79 23 89 65 98 25 0 
9 82 38 55 19 98 25 9 53 23 88 45 3 63 91 32 98 98 
72 49 37 54 62 4 35 52 63 48 87 13 28 2 81 1 50 86 57 
7 58 96 29 60 44 91 60 49 92 80 29 52 22 78 92 62 56 40 82 
99 89 92 36 88 12 10 49 21 5 32 28 51 31 63 81 16 10 93 50 21 
3 35 37 87 17 17 88 0 38 65 13 85 22 79 50 86 95 45 23 16 17 75 
14 74 7 24 48 85 35 32 78 78 79 44 38 93 49 50 59 2 27 3 26 68 5 
78 66 12 2 51 90 61 26 35 1 28 63 82 50 61 23 90 17 32 84 77 61 89 29 
1 71 75 52 98 34 70 71 89 57 16 36 88 54 17 87 38 4 82 47 20 59 59 37 87 
65 7 88 20 84 20 33 61 23 44 80 14 98 75 12 52 21 25 3 40 67 14 89 10 3 79 
78 15 95 60 98 81 28 68 68 18 37 60 58 92 79 40 20 2 60 89 75 74 64 15 51 38 33 
71 39 81 77 8 21 95 58 39 13 99 5 30 79 63 26 12 56 24 98 39 55 0 18 54 32 1 81 
3 69 7 68 40 2 49 40 99 11 72 32 64 19 36 95 49 10 70 13 73 38 26 14 33 42 62 43 70 
48 79 7 52 53 51 72 97 70 51 71 35 93 13 53 99 39 57 64 94 64 9 37 1 41 70 18 55 13 1 
