60
46 
6 64 
13 53 38 
98 56 23 52 
51 81 51 63 42 
53 3 98 34 14 51 
70 15 71 85 78 9 1 
40 28 22 57 44 69 93 0 
58 85 88 24 56 88 81 76 12 
15 55 27 13 39 27 61 69 54 78 
63 73 35 18 71 94 16 52 34 76 38 
47 97 32 20 94 38 6 71 50 20 8 57 
64 89 73 81 5 51 69 46 74 33 73 47 18 
7 30 30 65 67 15 99 87 10 27 84 77 6 75 
86 83 25 7 70 15 91 59 84 64 48 74 7 75 56 
38 22 21 95 78 51 5 92 71 86 80 93 43 52 93 35 
68 0 76 23 93 97 81 89 76 20 10 99 27 88 12 10 18 
81 13 12 8 82 2 53 49 74 3 55 96 56 81 6 90 53 4 
65 30 6 89 10 98 6 52 78 54 38 41 9 35 23 52 86 46 91 
15 57 89 20 4 92 87 93 10 35 71 65 11 89 3 61 60 84 98 1 
13 35 58 63 75 38 71 88 6 65 31 7 26 53 64 22 70 87 26 49 40 
74 49 37 18 53 38 91 1 73 45 46 82 15 63 38 18 48 12 33 48 48 19 
52 40 93 8 26 65 74 10 79 50 11 87 45 21 2 16 47 49 82 77 56 62 78 
4 92 61 33 37 88 25 92 78 81 84 29 27 88 63 75 88 28 80 6 85 75 88 99 
2 13 59 82 64 59 27 7 71 19 93 52 29 67 62 37 96 3 78 85 19 43 5 31 50 
70 95 86 38 29 25 30 2 34 48 15 4 31 57 72 63 74 86 32 34 22 87 43 9 28 36 
20 22 67 78 38 42 40 47 16 12 50 51 29 78 13 88 91 99 21 9 23 1 73 39 10 31 88 
35 90 65 91 88 31 66 20 39 75 55 71 47 32 66 94 56 89 5 50 74 27 48 60 79 37 15 28 
76 54 64 77 51 45 32 25 94 18 17 71 23 80 96 17 64 70 96 30 36 18 6 74 27 71 82 56 70 
42 54 12 78 35 45 77 86 30 26 52 3 49 74 31 4 35 91 36 57 37 62 69 96 80 55 8 58 47 99 
94 59 50 18 93 81 31 82 25 65 47 44 94 87 64 97 60 62 85 43 8 43 79 20 68 16 58 43 36 68 43 
26 37 97 28 20 97 48 20 51 64 88 93 32 35 77 39 18 27 86 22 8 8 62 42 31 93 15 22 70 38 16 54 
27 61 45 66 54 18 32 51 57 54 58 44 19 81 93 49 29 78 4 58 22 76 77 43 17 62 18 26 60 87 51 9 62 
54 67 66 1 71 40 8 42 96 59 67 50 38 48 47 58 44 87 60 5 76 77 2 99 62 61 79 13 18 81 76 23 81 70 
57 86 73 41 47 75 37 77 48 51 42 42 49 97 90 44 50 25 68 41 74 66 98 51 45 13 96 69 23 2 17 66 18 52 94 
58 91 29 69 5 93 0 15 35 43 2 2 27 98 34 77 5 89 4 17 68 71 96 12 3 26 24 51 80 83 58 9 41 38 38 29 
50 91 20 83 78 52 33 39 26 65 28 19 95 5 34 11 37 27 10 86 28 24 43 82 4 2 10 79 91 82 40 64 49 22 51 98 43 
74 79 74 40 95 91 4 97 91 73 17 54 31 88 98 80 99 16 54 41 49 99 30 42 92 1 34 57 17 16 34 95 3 26 53 43 87 56 
74 83 83 4 18 22 28 40 93 87 97 32 23 68 82 97 49 46 72 87 11 28 62 53 1 90 40 96 75 48 95 97 28 54 85 10 6 18 10 
31 6 63 39 41 22 68 45 56 20 78 61 65 76 26 91 17 34 39 57 39 45 74 21 47 99 98 4 73 53 29 25 74 37 51 12 65 30 34 72 
47 84 43 5 99 24 60 65 76 62 47 25 45 45 49 58 83 74 94 22 40 76 12 8 27 15 49 10 86 4 94 46 57 48 96 14 84 60 74 60 50 
7 73 22 92 74 11 18 63 41 14 17 91 2 66 44 36 59 13 91 22 78 23 6 51 44 54 73 18 35 87 72 71 60 2 94 2 36 66 65 65 12 20 
10 38 4 0 42 23 53 57 57 55 98 66 41 14 1 25 2 60 41 60 84 91 98 41 58 86 52 66 14 12 32 93 53 57 64 62 27 98 10 14 38 67 24 
10 63 10 6 4 89 6 86 28 2 75 31 23 98 59 85 0 6 43 68 80 37 92 81 3 46 16 69 83 74 37 22 48 3 55 79 80 25 48 23 32 80 69 30 
4 38 3 43 0 29 16 53 79 24 19 92 88 66 17 30 45 39 13 42 83 11 14 96 96 75 43 79 88 27 70 91 99 69 61 79 69 95 2 45 46 76 10 51 52 
6 21 89 11 75 39 7 56 57 29 34 57 4 49 62 19 75 59 11 8 20 13 56 55 0 53 34 62 62 41 21 72 3 32 71 47 64 91 22 50 30 97 60 54 45 55 
25 21 35 62 41 65 24 99 86 44 60 5 36 67 18 85 74 31 53 2 27 41 88 45 2 54 42 95 71 4 5 49 31 68 49 89 33 83 46 31 53 61 78 78 93 88 15 
76 98 22 32 99 38 42 99 45 7 0 53 50 58 14 59 20 88 33 99 66 64 41 93 50 26 77 43 72 79 78 99 20 58 40 72 39 79 22 23 31 74 91 15 1 73 17 82 
18 17 39 98 35 5 5 40 94 80 62 99 36 25 80 80 19 62 63 92 90 86 40 19 76 85 8 95 74 32 69 23 33 49 43 6 19 92 31 62 4 4 68 74 68 64 31 43 7 
64 32 97 64 23 85 46 50 3 66 50 8 76 13 34 12 60 48 70 58 86 36 76 84 65 84 83 81 47 18 72 86 62 69 11 62 19 32 5 26 65 94 88 91 44 54 35 38 38 24 
60 71 9 24 30 71 39 74 96 7 62 26 23 54 67 70 78 26 57 82 32 41 89 59 37 95 0 87 82 29 48 55 94 0 48 22 12 35 18 5 67 59 22 27 19 10 0 2 98 53 89 
58 99 61 70 34 13 72 37 61 2 64 1 30 49 60 16 87 46 46 67 26 37 27 33 16 26 18 60 74 19 88 60 9 45 24 48 3 15 58 78 51 92 91 86 9 17 23 87 58 91 35 1 
20 2 57 98 82 6 74 59 2 44 90 5 43 51 29 8 85 68 37 39 26 84 21 69 31 46 38 96 40 77 1 76 12 42 8 14 68 60 5 53 77 98 98 92 19 98 39 45 44 77 9 65 74 
50 0 97 5 35 3 8 56 2 46 93 37 24 19 7 11 27 73 75 27 25 6 50 26 68 56 35 18 3 22 95 74 26 71 23 82 38 3 81 55 70 65 67 68 37 84 96 34 81 6 4 61 21 21 
2 75 49 75 31 16 93 76 61 30 23 11 17 55 61 34 37 45 87 22 22 53 54 38 29 22 64 94 64 55 33 63 64 35 35 92 28 25 82 84 96 8 87 26 26 56 97 77 24 53 28 13 95 47 0 
37 51 15 26 62 24 28 35 35 16 61 48 35 70 67 89 8 86 89 32 25 38 24 58 94 84 67 4 30 1 11 26 85 97 44 49 66 63 41 45 95 99 6 90 32 42 10 55 58 54 52 11 80 90 39 43 
94 23 1 64 69 96 16 95 2 35 29 85 62 5 62 8 42 16 10 23 43 11 27 72 96 9 95 44 96 29 23 6 74 73 20 60 54 20 39 94 88 58 51 60 71 87 29 52 28 96 68 51 24 85 98 52 32 
61 10 22 43 47 69 17 41 28 55 80 77 90 95 28 27 89 78 33 47 24 61 92 22 30 36 16 67 20 46 30 56 81 78 42 59 80 48 1 18 78 84 47 62 29 45 93 19 44 37 31 76 40 12 30 2 6 60 
25 97 81 95 56 10 97 39 1 78 45 33 70 83 7 83 59 98 46 20 65 12 36 45 55 76 72 11 20 69 4 41 25 0 79 87 4 17 38 20 97 2 98 79 23 55 25 49 74 71 88 93 44 39 36 46 73 29 70 
97 71 71 69 6 97 97 71 59 99 13 55 10 70 29 45 72 10 42 42 74 65 70 51 44 13 10 48 35 24 54 61 79 43 69 36 73 29 77 55 66 53 22 65 52 26 93 36 12 1 28 57 65 32 16 7 60 13 54 32 
